4.376000000000000000e+03
4.386000000000000000e+03
4.506000000000000000e+03
4.508000000000000000e+03
4.639000000000000000e+03
4.641000000000000000e+03
5.033000000000000000e+03
5.035000000000000000e+03
5.306000000000000000e+03
5.308000000000000000e+03
5.714000000000000000e+03
5.716000000000000000e+03
6.005000000000000000e+03
1.646100000000000000e+04
1.646300000000000000e+04
1.655800000000000000e+04
1.656000000000000000e+04
1.676400000000000000e+04
1.676600000000000000e+04
1.696900000000000000e+04
1.697100000000000000e+04
1.716400000000000000e+04
1.716600000000000000e+04
1.735700000000000000e+04
1.735900000000000000e+04
1.765300000000000000e+04
6.003000000000000000e+03
6.301000000000000000e+03
6.303000000000000000e+03
6.602000000000000000e+03
6.604000000000000000e+03
6.913000000000000000e+03
6.915000000000000000e+03
7.228000000000000000e+03
7.230000000000000000e+03
7.548000000000000000e+03
7.550000000000000000e+03
7.875000000000000000e+03
7.877000000000000000e+03
8.191000000000000000e+03
8.193000000000000000e+03
8.490000000000000000e+03
8.492000000000000000e+03
8.790000000000000000e+03
8.792000000000000000e+03
9.094000000000000000e+03
9.096000000000000000e+03
9.409000000000000000e+03
9.411000000000000000e+03
9.718000000000000000e+03
9.720000000000000000e+03
1.002900000000000000e+04
1.003100000000000000e+04
1.033000000000000000e+04
1.033200000000000000e+04
1.062800000000000000e+04
1.063000000000000000e+04
1.092100000000000000e+04
1.092300000000000000e+04
1.121400000000000000e+04
1.121600000000000000e+04
1.152100000000000000e+04
1.152300000000000000e+04
1.181900000000000000e+04
1.182100000000000000e+04
1.211500000000000000e+04
1.211700000000000000e+04
1.241000000000000000e+04
1.241200000000000000e+04
1.266800000000000000e+04
1.267000000000000000e+04
1.285800000000000000e+04
1.286000000000000000e+04
1.304000000000000000e+04
1.304200000000000000e+04
1.322200000000000000e+04
1.322400000000000000e+04
1.340800000000000000e+04
1.341000000000000000e+04
1.360300000000000000e+04
1.360500000000000000e+04
1.380200000000000000e+04
1.380400000000000000e+04
1.399900000000000000e+04
1.400100000000000000e+04
1.420300000000000000e+04
1.420500000000000000e+04
1.441300000000000000e+04
1.441500000000000000e+04
1.462900000000000000e+04
1.463100000000000000e+04
1.485600000000000000e+04
1.485800000000000000e+04
1.508100000000000000e+04
1.508300000000000000e+04
1.531700000000000000e+04
1.531900000000000000e+04
1.555300000000000000e+04
1.555500000000000000e+04
1.579300000000000000e+04
1.579500000000000000e+04
1.603000000000000000e+04
1.603200000000000000e+04
1.624500000000000000e+04
1.624700000000000000e+04
3.140000000000000000e+03
3.305000000000000000e+03
3.306000000000000000e+03
3.308000000000000000e+03
3.461000000000000000e+03
3.463000000000000000e+03
3.465000000000000000e+03
3.487000000000000000e+03
3.619000000000000000e+03
3.620000000000000000e+03
3.635000000000000000e+03
3.638000000000000000e+03
3.785000000000000000e+03
3.788000000000000000e+03
3.836000000000000000e+03
3.839000000000000000e+03
3.929000000000000000e+03
3.932000000000000000e+03
3.933000000000000000e+03
3.964000000000000000e+03
3.967000000000000000e+03
3.968000000000000000e+03
3.969000000000000000e+03
3.970000000000000000e+03
3.973000000000000000e+03
4.087000000000000000e+03
4.088000000000000000e+03
4.110000000000000000e+03
4.113000000000000000e+03
4.117000000000000000e+03
4.132000000000000000e+03
4.133000000000000000e+03
4.238000000000000000e+03
4.248000000000000000e+03
4.249000000000000000e+03
4.250000000000000000e+03
4.251000000000000000e+03
4.254000000000000000e+03
3.137000000000000000e+03
3.298000000000000000e+03
3.304000000000000000e+03
3.456000000000000000e+03
3.459000000000000000e+03
3.763000000000000000e+03
3.764000000000000000e+03
4.064000000000000000e+03
4.065000000000000000e+03
4.349000000000000000e+03
4.350000000000000000e+03
4.744000000000000000e+03
4.745000000000000000e+03
5.004000000000000000e+03
1.117400000000000000e+04
1.117500000000000000e+04
1.148200000000000000e+04
1.148300000000000000e+04
1.178200000000000000e+04
1.178300000000000000e+04
1.207400000000000000e+04
1.207500000000000000e+04
1.236900000000000000e+04
1.237000000000000000e+04
1.254000000000000000e+04
1.254400000000000000e+04
1.264100000000000000e+04
1.232400000000000000e+04
1.233500000000000000e+04
1.247100000000000000e+04
1.247200000000000000e+04
1.247400000000000000e+04
1.249000000000000000e+04
1.272300000000000000e+04
1.272400000000000000e+04
1.291000000000000000e+04
1.291100000000000000e+04
1.318300000000000000e+04
1.318400000000000000e+04
1.336600000000000000e+04
1.713900000000000000e+04
1.714000000000000000e+04
1.733300000000000000e+04
1.733400000000000000e+04
1.761900000000000000e+04
1.762000000000000000e+04
1.781300000000000000e+04
1.781400000000000000e+04
1.800900000000000000e+04
1.801000000000000000e+04
1.820800000000000000e+04
1.820900000000000000e+04
1.841000000000000000e+04
5.003000000000000000e+03
5.274000000000000000e+03
5.275000000000000000e+03
5.548000000000000000e+03
5.549000000000000000e+03
5.827000000000000000e+03
5.828000000000000000e+03
6.119000000000000000e+03
6.120000000000000000e+03
6.416000000000000000e+03
6.417000000000000000e+03
6.719000000000000000e+03
6.720000000000000000e+03
7.034000000000000000e+03
7.035000000000000000e+03
7.354000000000000000e+03
7.355000000000000000e+03
7.681000000000000000e+03
7.682000000000000000e+03
8.153000000000000000e+03
8.154000000000000000e+03
8.453000000000000000e+03
8.454000000000000000e+03
8.753000000000000000e+03
8.754000000000000000e+03
9.057000000000000000e+03
9.058000000000000000e+03
9.367000000000000000e+03
9.368000000000000000e+03
9.678000000000000000e+03
9.679000000000000000e+03
9.986000000000000000e+03
9.987000000000000000e+03
1.028900000000000000e+04
1.029000000000000000e+04
1.058700000000000000e+04
1.058800000000000000e+04
1.087800000000000000e+04
1.087900000000000000e+04
1.225800000000000000e+04
1.226100000000000000e+04
1.236300000000000000e+04
1.236600000000000000e+04
1.238200000000000000e+04
1.238600000000000000e+04
1.238700000000000000e+04
1.238800000000000000e+04
1.239000000000000000e+04
1.248700000000000000e+04
1.249100000000000000e+04
1.249400000000000000e+04
1.252600000000000000e+04
1.252900000000000000e+04
1.253200000000000000e+04
1.253300000000000000e+04
1.253700000000000000e+04
1.254300000000000000e+04
1.254700000000000000e+04
1.261000000000000000e+04
1.261100000000000000e+04
1.261200000000000000e+04
1.261400000000000000e+04
1.263600000000000000e+04
1.263900000000000000e+04
1.264000000000000000e+04
1.264200000000000000e+04
1.264500000000000000e+04
1.264600000000000000e+04
1.264700000000000000e+04
1.265000000000000000e+04
1.265100000000000000e+04
1.265400000000000000e+04
1.274100000000000000e+04
1.274400000000000000e+04
1.276800000000000000e+04
1.276900000000000000e+04
1.277000000000000000e+04
1.277100000000000000e+04
1.336500000000000000e+04
1.355300000000000000e+04
1.355400000000000000e+04
1.375100000000000000e+04
1.375200000000000000e+04
1.395200000000000000e+04
1.395300000000000000e+04
1.415500000000000000e+04
1.415600000000000000e+04
1.436300000000000000e+04
1.436600000000000000e+04
1.446500000000000000e+04
1.446600000000000000e+04
1.468600000000000000e+04
1.468700000000000000e+04
1.491000000000000000e+04
1.491100000000000000e+04
1.512900000000000000e+04
1.513300000000000000e+04
1.525800000000000000e+04
1.525900000000000000e+04
1.549200000000000000e+04
1.549300000000000000e+04
1.573400000000000000e+04
1.573500000000000000e+04
1.597400000000000000e+04
1.597500000000000000e+04
1.620000000000000000e+04
1.620100000000000000e+04
1.641900000000000000e+04
1.642000000000000000e+04
1.651300000000000000e+04
1.651400000000000000e+04
1.672200000000000000e+04
1.672300000000000000e+04
1.692700000000000000e+04
1.692800000000000000e+04
1.704700000000000000e+04
1.705000000000000000e+04
1.765100000000000000e+04
1.784400000000000000e+04
1.784600000000000000e+04
1.804100000000000000e+04
1.804300000000000000e+04
1.824000000000000000e+04
1.824200000000000000e+04
1.840900000000000000e+04
1.844200000000000000e+04
1.844400000000000000e+04
1.862000000000000000e+04
1.862100000000000000e+04
1.865100000000000000e+04
1.865300000000000000e+04
1.883700000000000000e+04
1.883800000000000000e+04
1.886700000000000000e+04
1.886900000000000000e+04
1.906000000000000000e+04
1.906100000000000000e+04
1.909200000000000000e+04
1.909400000000000000e+04
1.927900000000000000e+04
1.928000000000000000e+04
1.931600000000000000e+04
1.931800000000000000e+04
1.950300000000000000e+04
1.950400000000000000e+04
1.964400000000000000e+04
1.964600000000000000e+04
1.971200000000000000e+04
1.971300000000000000e+04
1.985500000000000000e+04
1.985700000000000000e+04
1.992700000000000000e+04
1.992800000000000000e+04
2.005800000000000000e+04
2.006000000000000000e+04
2.012600000000000000e+04
2.012700000000000000e+04
2.025800000000000000e+04
2.026000000000000000e+04
2.032700000000000000e+04
2.032800000000000000e+04
2.045300000000000000e+04
2.045500000000000000e+04
2.052200000000000000e+04
2.052300000000000000e+04
2.064900000000000000e+04
2.065100000000000000e+04
2.071600000000000000e+04
2.071700000000000000e+04
2.084000000000000000e+04
2.084200000000000000e+04
2.091100000000000000e+04
2.091200000000000000e+04
2.102600000000000000e+04
2.102800000000000000e+04
2.110200000000000000e+04
2.110300000000000000e+04
2.121600000000000000e+04
2.121800000000000000e+04
2.128500000000000000e+04
2.128600000000000000e+04
2.140100000000000000e+04
2.140300000000000000e+04
2.147500000000000000e+04
2.147600000000000000e+04
2.158900000000000000e+04
2.159100000000000000e+04
2.166300000000000000e+04
2.166400000000000000e+04
2.176600000000000000e+04
2.176800000000000000e+04
2.183600000000000000e+04
2.183700000000000000e+04
2.194700000000000000e+04
2.194900000000000000e+04
2.200100000000000000e+04
