-2.225209339563155586e-01 9.749279121818232863e-01
-1.112604669781580569e-01 9.874639560909115321e-01
-4.338837391175598412e-01 9.009688679024174807e-01
-3.282023365369379775e-01 9.379483900421192732e-01
-6.234898018587359259e-01 7.818314824680283603e-01
-5.286867704881481611e-01 8.414001751852218103e-01
-7.818314824680305808e-01 6.234898018587320401e-01
-7.026606421633829758e-01 7.026606421633807553e-01
-9.009688679024197011e-01 4.338837391175565106e-01
-8.414001751852251410e-01 5.286867704881437202e-01
-9.749279121818238414e-01 2.225209339563138933e-01
-9.379483900421214937e-01 3.282023365369346468e-01
-9.874639560909115321e-01 1.112604669781569466e-01
-9.749279121818238414e-01 -2.225209339563138933e-01
-9.874639560909115321e-01 -1.112604669781570854e-01
-9.009688679024185909e-01 -4.338837391175575098e-01
-9.379483900421209386e-01 -3.282023365369357570e-01
-7.818314824680305808e-01 -6.234898018587323731e-01
-8.414001751852245858e-01 -5.286867704881449415e-01
-6.234898018587337054e-01 -7.818314824680291375e-01
-7.026606421633818655e-01 -7.026606421633807553e-01
-4.338837391175576208e-01 -9.009688679024189240e-01
-5.286867704881459407e-01 -8.414001751852240307e-01
-2.225209339563150035e-01 -9.749279121818236193e-01
-3.282023365369363122e-01 -9.379483900421212716e-01
-1.112604669781575017e-01 -9.874639560909117542e-01
-1.000000000000000000e+00 0.000000000000000000e+00
-1.000000000000000000e+00 0.000000000000000000e+00
-1.000000000000000000e+00 0.000000000000000000e+00
-1.000000000000000000e+00 0.000000000000000000e+00
-1.000000000000000000e+00 0.000000000000000000e+00
-1.000000000000000000e+00 0.000000000000000000e+00
-1.000000000000000000e+00 0.000000000000000000e+00
-1.000000000000000000e+00 0.000000000000000000e+00
-1.000000000000000000e+00 0.000000000000000000e+00
-1.000000000000000000e+00 0.000000000000000000e+00
-1.000000000000000000e+00 0.000000000000000000e+00
-1.000000000000000000e+00 0.000000000000000000e+00
-1.000000000000000000e+00 0.000000000000000000e+00
-1.000000000000000000e+00 0.000000000000000000e+00
-1.000000000000000000e+00 0.000000000000000000e+00
-1.000000000000000000e+00 0.000000000000000000e+00
-1.000000000000000000e+00 0.000000000000000000e+00
-1.000000000000000000e+00 0.000000000000000000e+00
-1.000000000000000000e+00 0.000000000000000000e+00
-1.000000000000000000e+00 0.000000000000000000e+00
-1.000000000000000000e+00 0.000000000000000000e+00
-1.000000000000000000e+00 0.000000000000000000e+00
-1.000000000000000000e+00 0.000000000000000000e+00
-1.000000000000000000e+00 0.000000000000000000e+00
-1.000000000000000000e+00 0.000000000000000000e+00
-1.000000000000000000e+00 0.000000000000000000e+00
-1.000000000000000000e+00 0.000000000000000000e+00
-1.000000000000000000e+00 0.000000000000000000e+00
-1.000000000000000000e+00 0.000000000000000000e+00
-1.000000000000000000e+00 0.000000000000000000e+00
-1.000000000000000000e+00 0.000000000000000000e+00
-1.000000000000000000e+00 0.000000000000000000e+00
-1.000000000000000000e+00 0.000000000000000000e+00
-1.000000000000000000e+00 0.000000000000000000e+00
-1.000000000000000000e+00 0.000000000000000000e+00
-1.000000000000000000e+00 0.000000000000000000e+00
-1.000000000000000000e+00 0.000000000000000000e+00
-1.000000000000000000e+00 0.000000000000000000e+00
-1.000000000000000000e+00 0.000000000000000000e+00
-1.000000000000000000e+00 0.000000000000000000e+00
-1.000000000000000000e+00 0.000000000000000000e+00
-1.000000000000000000e+00 0.000000000000000000e+00
-1.000000000000000000e+00 0.000000000000000000e+00
-1.000000000000000000e+00 0.000000000000000000e+00
-1.000000000000000000e+00 0.000000000000000000e+00
-1.000000000000000000e+00 0.000000000000000000e+00
-1.000000000000000000e+00 0.000000000000000000e+00
-1.000000000000000000e+00 0.000000000000000000e+00
-1.000000000000000000e+00 0.000000000000000000e+00
-1.000000000000000000e+00 0.000000000000000000e+00
-1.000000000000000000e+00 0.000000000000000000e+00
-1.000000000000000000e+00 0.000000000000000000e+00
-1.000000000000000000e+00 0.000000000000000000e+00
-1.000000000000000000e+00 0.000000000000000000e+00
-1.000000000000000000e+00 0.000000000000000000e+00
-1.000000000000000000e+00 0.000000000000000000e+00
-1.000000000000000000e+00 0.000000000000000000e+00
-1.000000000000000000e+00 0.000000000000000000e+00
-1.000000000000000000e+00 0.000000000000000000e+00
-1.000000000000000000e+00 0.000000000000000000e+00
-1.000000000000000000e+00 0.000000000000000000e+00
-1.000000000000000000e+00 0.000000000000000000e+00
-1.000000000000000000e+00 0.000000000000000000e+00
-1.000000000000000000e+00 0.000000000000000000e+00
-1.000000000000000000e+00 0.000000000000000000e+00
-1.000000000000000000e+00 0.000000000000000000e+00
-1.000000000000000000e+00 0.000000000000000000e+00
-1.000000000000000000e+00 0.000000000000000000e+00
-1.000000000000000000e+00 0.000000000000000000e+00
-1.000000000000000000e+00 0.000000000000000000e+00
-1.000000000000000000e+00 0.000000000000000000e+00
-1.000000000000000000e+00 0.000000000000000000e+00
-1.000000000000000000e+00 0.000000000000000000e+00
-1.000000000000000000e+00 0.000000000000000000e+00
-1.000000000000000000e+00 0.000000000000000000e+00
-1.000000000000000000e+00 0.000000000000000000e+00
-1.000000000000000000e+00 0.000000000000000000e+00
-1.000000000000000000e+00 0.000000000000000000e+00
-1.000000000000000000e+00 0.000000000000000000e+00
0.000000000000000000e+00 1.000000000000000000e+00
0.000000000000000000e+00 1.000000000000000000e+00
0.000000000000000000e+00 1.000000000000000000e+00
0.000000000000000000e+00 1.000000000000000000e+00
0.000000000000000000e+00 1.000000000000000000e+00
0.000000000000000000e+00 1.000000000000000000e+00
0.000000000000000000e+00 1.000000000000000000e+00
0.000000000000000000e+00 1.000000000000000000e+00
0.000000000000000000e+00 1.000000000000000000e+00
0.000000000000000000e+00 1.000000000000000000e+00
0.000000000000000000e+00 1.000000000000000000e+00
0.000000000000000000e+00 1.000000000000000000e+00
0.000000000000000000e+00 1.000000000000000000e+00
0.000000000000000000e+00 1.000000000000000000e+00
0.000000000000000000e+00 1.000000000000000000e+00
0.000000000000000000e+00 1.000000000000000000e+00
0.000000000000000000e+00 1.000000000000000000e+00
0.000000000000000000e+00 1.000000000000000000e+00
0.000000000000000000e+00 1.000000000000000000e+00
0.000000000000000000e+00 1.000000000000000000e+00
0.000000000000000000e+00 1.000000000000000000e+00
0.000000000000000000e+00 1.000000000000000000e+00
0.000000000000000000e+00 1.000000000000000000e+00
0.000000000000000000e+00 1.000000000000000000e+00
0.000000000000000000e+00 1.000000000000000000e+00
0.000000000000000000e+00 1.000000000000000000e+00
0.000000000000000000e+00 1.000000000000000000e+00
0.000000000000000000e+00 1.000000000000000000e+00
0.000000000000000000e+00 1.000000000000000000e+00
0.000000000000000000e+00 1.000000000000000000e+00
0.000000000000000000e+00 1.000000000000000000e+00
0.000000000000000000e+00 1.000000000000000000e+00
0.000000000000000000e+00 1.000000000000000000e+00
0.000000000000000000e+00 1.000000000000000000e+00
0.000000000000000000e+00 1.000000000000000000e+00
0.000000000000000000e+00 1.000000000000000000e+00
0.000000000000000000e+00 1.000000000000000000e+00
0.000000000000000000e+00 1.000000000000000000e+00
0.000000000000000000e+00 9.999999999999997780e-01
2.225209339563141708e-01 9.749279121818221761e-01
1.112604669781570854e-01 9.874639560909115321e-01
4.338837391175569547e-01 9.009688679024185909e-01
3.282023365369355905e-01 9.379483900421214937e-01
6.234898018587317070e-01 7.818314824680294706e-01
5.286867704881442753e-01 8.414001751852240307e-01
7.818314824680283603e-01 6.234898018587342605e-01
7.026606421633799782e-01 7.026606421633829758e-01
9.009688679024183688e-01 4.338837391175576208e-01
8.414001751852234756e-01 5.286867704881470509e-01
9.749279121818230642e-01 2.225209339563138933e-01
9.379483900421207165e-01 3.282023365369368673e-01
9.874639560909115321e-01 1.112604669781569466e-01
9.749279121818236193e-01 2.225209339563161137e-01
9.874639560909118652e-01 1.112604669781569466e-01
9.009688679024189240e-01 4.338837391175598412e-01
9.379483900421212716e-01 3.282023365369368673e-01
7.818314824680294706e-01 6.234898018587353707e-01
8.414001751852241417e-01 5.286867704881459407e-01
6.234898018587325952e-01 7.818314824680316910e-01
7.026606421633809774e-01 7.026606421633829758e-01
4.338837391175571767e-01 9.009688679024208113e-01
5.286867704881448304e-01 8.414001751852251410e-01
2.225209339563141708e-01 9.749279121818232863e-01
1.112604669781570854e-01 9.874639560909115321e-01
3.282023365369355905e-01 9.379483900421214937e-01
4.338837391175565106e-01 9.009688679024197011e-01
2.225209339563138933e-01 9.749279121818238414e-01
6.234898018587314850e-01 7.818314824680300257e-01
5.286867704881442753e-01 8.414001751852251410e-01
3.282023365369352019e-01 9.379483900421214937e-01
1.112604669781569466e-01 9.874639560909115321e-01
7.818314824680283603e-01 6.234898018587342605e-01
7.026606421633807553e-01 7.026606421633829758e-01
9.009688679024180358e-01 4.338837391175581759e-01
8.414001751852240307e-01 5.286867704881470509e-01
9.749279121818232863e-01 2.225209339563150035e-01
9.379483900421209386e-01 3.282023365369368673e-01
9.874639560909115321e-01 1.112604669781580569e-01
9.749279121818232863e-01 -2.225209339563148647e-01
9.874639560909115321e-01 -1.112604669781575017e-01
9.009688679024180358e-01 -4.338837391175587310e-01
9.379483900421209386e-01 -3.282023365369368673e-01
7.818314824680283603e-01 -6.234898018587342605e-01
8.414001751852240307e-01 -5.286867704881464958e-01
6.234898018587320401e-01 -7.818314824680306918e-01
7.026606421633807553e-01 -7.026606421633824207e-01
4.338837391175559555e-01 -9.009688679024197011e-01
5.286867704881448304e-01 -8.414001751852251410e-01
2.225209339563133382e-01 -9.749279121818236193e-01
3.282023365369352019e-01 -9.379483900421217157e-01
1.112604669781569466e-01 -9.874639560909117542e-01
1.000000000000000000e+00 0.000000000000000000e+00
1.000000000000000000e+00 0.000000000000000000e+00
1.000000000000000000e+00 0.000000000000000000e+00
1.000000000000000000e+00 0.000000000000000000e+00
1.000000000000000000e+00 0.000000000000000000e+00
1.000000000000000000e+00 0.000000000000000000e+00
1.000000000000000000e+00 0.000000000000000000e+00
1.000000000000000000e+00 0.000000000000000000e+00
1.000000000000000000e+00 0.000000000000000000e+00
1.000000000000000000e+00 0.000000000000000000e+00
1.000000000000000000e+00 0.000000000000000000e+00
1.000000000000000000e+00 0.000000000000000000e+00
1.000000000000000000e+00 0.000000000000000000e+00
1.000000000000000000e+00 0.000000000000000000e+00
1.000000000000000000e+00 0.000000000000000000e+00
1.000000000000000000e+00 0.000000000000000000e+00
1.000000000000000000e+00 0.000000000000000000e+00
1.000000000000000000e+00 0.000000000000000000e+00
1.000000000000000000e+00 0.000000000000000000e+00
1.000000000000000000e+00 0.000000000000000000e+00
1.000000000000000000e+00 0.000000000000000000e+00
1.000000000000000000e+00 0.000000000000000000e+00
1.000000000000000000e+00 0.000000000000000000e+00
1.000000000000000000e+00 0.000000000000000000e+00
1.000000000000000000e+00 0.000000000000000000e+00
1.000000000000000000e+00 0.000000000000000000e+00
1.000000000000000000e+00 0.000000000000000000e+00
1.000000000000000000e+00 0.000000000000000000e+00
1.000000000000000000e+00 0.000000000000000000e+00
1.000000000000000000e+00 0.000000000000000000e+00
1.000000000000000000e+00 0.000000000000000000e+00
1.000000000000000000e+00 0.000000000000000000e+00
1.000000000000000000e+00 0.000000000000000000e+00
1.000000000000000000e+00 0.000000000000000000e+00
1.000000000000000000e+00 0.000000000000000000e+00
1.000000000000000000e+00 0.000000000000000000e+00
1.000000000000000000e+00 0.000000000000000000e+00
1.000000000000000000e+00 0.000000000000000000e+00
1.000000000000000000e+00 0.000000000000000000e+00
0.000000000000000000e+00 1.000000000000000000e+00
0.000000000000000000e+00 1.000000000000000000e+00
0.000000000000000000e+00 1.000000000000000000e+00
0.000000000000000000e+00 1.000000000000000000e+00
0.000000000000000000e+00 1.000000000000000000e+00
0.000000000000000000e+00 1.000000000000000000e+00
0.000000000000000000e+00 1.000000000000000000e+00
0.000000000000000000e+00 1.000000000000000000e+00
0.000000000000000000e+00 1.000000000000000000e+00
0.000000000000000000e+00 1.000000000000000000e+00
0.000000000000000000e+00 1.000000000000000000e+00
0.000000000000000000e+00 1.000000000000000000e+00
0.000000000000000000e+00 1.000000000000000000e+00
0.000000000000000000e+00 1.000000000000000000e+00
0.000000000000000000e+00 1.000000000000000000e+00
0.000000000000000000e+00 1.000000000000000000e+00
0.000000000000000000e+00 1.000000000000000000e+00
0.000000000000000000e+00 1.000000000000000000e+00
0.000000000000000000e+00 1.000000000000000000e+00
0.000000000000000000e+00 1.000000000000000000e+00
0.000000000000000000e+00 1.000000000000000000e+00
0.000000000000000000e+00 1.000000000000000000e+00
0.000000000000000000e+00 1.000000000000000000e+00
0.000000000000000000e+00 1.000000000000000000e+00
0.000000000000000000e+00 1.000000000000000000e+00
0.000000000000000000e+00 1.000000000000000000e+00
0.000000000000000000e+00 1.000000000000000000e+00
0.000000000000000000e+00 1.000000000000000000e+00
0.000000000000000000e+00 1.000000000000000000e+00
0.000000000000000000e+00 1.000000000000000000e+00
0.000000000000000000e+00 1.000000000000000000e+00
0.000000000000000000e+00 1.000000000000000000e+00
0.000000000000000000e+00 1.000000000000000000e+00
0.000000000000000000e+00 1.000000000000000000e+00
0.000000000000000000e+00 1.000000000000000000e+00
0.000000000000000000e+00 1.000000000000000000e+00
0.000000000000000000e+00 1.000000000000000000e+00
0.000000000000000000e+00 1.000000000000000000e+00
0.000000000000000000e+00 1.000000000000000000e+00
1.000000000000000000e+00 0.000000000000000000e+00
1.000000000000000000e+00 0.000000000000000000e+00
1.000000000000000000e+00 0.000000000000000000e+00
1.000000000000000000e+00 0.000000000000000000e+00
1.000000000000000000e+00 0.000000000000000000e+00
1.000000000000000000e+00 0.000000000000000000e+00
1.000000000000000000e+00 0.000000000000000000e+00
1.000000000000000000e+00 0.000000000000000000e+00
1.000000000000000000e+00 0.000000000000000000e+00
1.000000000000000000e+00 0.000000000000000000e+00
1.000000000000000000e+00 0.000000000000000000e+00
1.000000000000000000e+00 0.000000000000000000e+00
1.000000000000000000e+00 0.000000000000000000e+00
1.000000000000000000e+00 0.000000000000000000e+00
1.000000000000000000e+00 0.000000000000000000e+00
1.000000000000000000e+00 0.000000000000000000e+00
1.000000000000000000e+00 0.000000000000000000e+00
1.000000000000000000e+00 0.000000000000000000e+00
1.000000000000000000e+00 0.000000000000000000e+00
1.000000000000000000e+00 0.000000000000000000e+00
1.000000000000000000e+00 0.000000000000000000e+00
1.000000000000000000e+00 0.000000000000000000e+00
1.000000000000000000e+00 0.000000000000000000e+00
1.000000000000000000e+00 0.000000000000000000e+00
1.000000000000000000e+00 0.000000000000000000e+00
1.000000000000000000e+00 0.000000000000000000e+00
1.000000000000000000e+00 0.000000000000000000e+00
1.000000000000000000e+00 0.000000000000000000e+00
1.000000000000000000e+00 0.000000000000000000e+00
1.000000000000000000e+00 0.000000000000000000e+00
1.000000000000000000e+00 0.000000000000000000e+00
1.000000000000000000e+00 0.000000000000000000e+00
1.000000000000000000e+00 0.000000000000000000e+00
1.000000000000000000e+00 0.000000000000000000e+00
1.000000000000000000e+00 0.000000000000000000e+00
1.000000000000000000e+00 0.000000000000000000e+00
1.000000000000000000e+00 0.000000000000000000e+00
1.000000000000000000e+00 0.000000000000000000e+00
1.000000000000000000e+00 0.000000000000000000e+00
0.000000000000000000e+00 -1.000000000000000000e+00
0.000000000000000000e+00 -1.000000000000000000e+00
0.000000000000000000e+00 -1.000000000000000000e+00
0.000000000000000000e+00 -1.000000000000000000e+00
0.000000000000000000e+00 -1.000000000000000000e+00
0.000000000000000000e+00 -1.000000000000000000e+00
0.000000000000000000e+00 -1.000000000000000000e+00
0.000000000000000000e+00 -1.000000000000000000e+00
0.000000000000000000e+00 -1.000000000000000000e+00
0.000000000000000000e+00 -1.000000000000000000e+00
0.000000000000000000e+00 -1.000000000000000000e+00
0.000000000000000000e+00 -1.000000000000000000e+00
0.000000000000000000e+00 -1.000000000000000000e+00
0.000000000000000000e+00 -1.000000000000000000e+00
0.000000000000000000e+00 -1.000000000000000000e+00
0.000000000000000000e+00 -1.000000000000000000e+00
0.000000000000000000e+00 -1.000000000000000000e+00
0.000000000000000000e+00 -1.000000000000000000e+00
0.000000000000000000e+00 -1.000000000000000000e+00
0.000000000000000000e+00 -1.000000000000000000e+00
0.000000000000000000e+00 -1.000000000000000000e+00
0.000000000000000000e+00 -1.000000000000000000e+00
0.000000000000000000e+00 -1.000000000000000000e+00
0.000000000000000000e+00 -1.000000000000000000e+00
0.000000000000000000e+00 -1.000000000000000000e+00
0.000000000000000000e+00 -1.000000000000000000e+00
0.000000000000000000e+00 -1.000000000000000000e+00
0.000000000000000000e+00 -1.000000000000000000e+00
0.000000000000000000e+00 -1.000000000000000000e+00
0.000000000000000000e+00 -1.000000000000000000e+00
0.000000000000000000e+00 -1.000000000000000000e+00
0.000000000000000000e+00 -1.000000000000000000e+00
0.000000000000000000e+00 -1.000000000000000000e+00
0.000000000000000000e+00 -1.000000000000000000e+00
0.000000000000000000e+00 -1.000000000000000000e+00
0.000000000000000000e+00 -1.000000000000000000e+00
0.000000000000000000e+00 -1.000000000000000000e+00
0.000000000000000000e+00 -1.000000000000000000e+00
0.000000000000000000e+00 -1.000000000000000000e+00
0.000000000000000000e+00 -1.000000000000000000e+00
0.000000000000000000e+00 -1.000000000000000000e+00
0.000000000000000000e+00 -1.000000000000000000e+00
0.000000000000000000e+00 -1.000000000000000000e+00
0.000000000000000000e+00 -1.000000000000000000e+00
0.000000000000000000e+00 -1.000000000000000000e+00
0.000000000000000000e+00 -1.000000000000000000e+00
0.000000000000000000e+00 -1.000000000000000000e+00
0.000000000000000000e+00 -1.000000000000000000e+00
0.000000000000000000e+00 -1.000000000000000000e+00
0.000000000000000000e+00 -1.000000000000000000e+00
0.000000000000000000e+00 -1.000000000000000000e+00
0.000000000000000000e+00 -1.000000000000000000e+00
0.000000000000000000e+00 -1.000000000000000000e+00
0.000000000000000000e+00 -1.000000000000000000e+00
0.000000000000000000e+00 -1.000000000000000000e+00
0.000000000000000000e+00 -1.000000000000000000e+00
0.000000000000000000e+00 -1.000000000000000000e+00
0.000000000000000000e+00 -1.000000000000000000e+00
0.000000000000000000e+00 -1.000000000000000000e+00
0.000000000000000000e+00 -1.000000000000000000e+00
0.000000000000000000e+00 -1.000000000000000000e+00
0.000000000000000000e+00 -1.000000000000000000e+00
0.000000000000000000e+00 -1.000000000000000000e+00
0.000000000000000000e+00 -1.000000000000000000e+00
0.000000000000000000e+00 -1.000000000000000000e+00
0.000000000000000000e+00 -1.000000000000000000e+00
0.000000000000000000e+00 -1.000000000000000000e+00
0.000000000000000000e+00 -1.000000000000000000e+00
0.000000000000000000e+00 -1.000000000000000000e+00
0.000000000000000000e+00 -1.000000000000000000e+00
0.000000000000000000e+00 -1.000000000000000000e+00
0.000000000000000000e+00 -1.000000000000000000e+00
0.000000000000000000e+00 -1.000000000000000000e+00
0.000000000000000000e+00 -1.000000000000000000e+00
0.000000000000000000e+00 -1.000000000000000000e+00
0.000000000000000000e+00 -1.000000000000000000e+00
0.000000000000000000e+00 -1.000000000000000000e+00
0.000000000000000000e+00 -1.000000000000000000e+00
0.000000000000000000e+00 -1.000000000000000000e+00
