4.839000403881072998e-01
2.619627416133880615e-01
1.675439029932022095e-01
1.332356333732604980e-01
9.053016453981399536e-02
7.284121960401535034e-02
5.196087807416915894e-02
4.138225689530372620e-02
3.025599941611289978e-02
2.376722730696201324e-02
1.763326115906238556e-02
1.370818540453910828e-02
1.026501785963773727e-02
7.923983037471771240e-03
5.969878286123275757e-03
4.587548784911632538e-03
3.469347255304455757e-03
2.657494042068719864e-03
2.014766912907361984e-03
1.540329190902411938e-03
1.169595634564757347e-03
8.929976029321551323e-04
