5.176415443420410156e-01
2.744130194187164307e-01
1.695081293582916260e-01
1.366976797580718994e-01
9.380693733692169189e-02
7.787713408470153809e-02
5.699906870722770691e-02
4.673055559396743774e-02
3.519134968519210815e-02
2.840263582766056061e-02
2.173061855137348175e-02
1.734636351466178894e-02
1.339796371757984161e-02
1.062068715691566467e-02
8.250383660197257996e-03
6.511833053082227707e-03
5.076261702924966812e-03
3.995773382484912872e-03
3.121468005701899529e-03
2.453130669891834259e-03
1.918847206979990005e-03
1.506476080976426601e-03
1.179374055936932564e-03
9.253466269001364708e-04
