4.508709311485290527e-01
2.489062547683715820e-01
1.630921065807342529e-01
1.263391077518463135e-01
8.404879271984100342e-02
6.527679413557052612e-02
4.502567648887634277e-02
3.472178429365158081e-02
2.446901984512805939e-02
1.864592172205448151e-02
1.332091633230447769e-02
1.005030330270528793e-02
7.247391156852245331e-03
5.428666714578866959e-03
3.940028138458728790e-03
2.936216304078698158e-03
2.140824450179934502e-03
1.589595922268927097e-03
1.162010827101767063e-03
8.604141185060143471e-04
