5.973505601286888123e-02
6.136914342641830444e-02
6.118865683674812317e-02
6.128124520182609558e-02
6.045736372470855713e-02
6.055252254009246826e-02
6.277644634246826172e-02
6.270731985569000244e-02
6.274442374706268311e-02
6.194875016808509827e-02
6.198648363351821899e-02
6.207279488444328308e-02
6.004028022289276123e-02
6.070140004158020020e-02
5.989969149231910706e-02
6.392106413841247559e-02
6.330330669879913330e-02
6.334194540977478027e-02
6.427068263292312622e-02
6.409890949726104736e-02
6.349381804466247559e-02
6.304629147052764893e-02
6.220788508653640747e-02
6.290712207555770874e-02
5.833764374256134033e-02
5.902510136365890503e-02
5.917708948254585266e-02
6.169588118791580200e-02
6.086543947458267212e-02
6.153485551476478577e-02
6.440162658691406250e-02
6.358741968870162964e-02
6.415580958127975464e-02
6.565190851688385010e-02
6.479308754205703735e-02
6.496614217758178711e-02
6.589925289154052734e-02
6.577433645725250244e-02
6.508535146713256836e-02
6.737104058265686035e-02
6.755716353654861450e-02
6.746185570955276489e-02
6.673330813646316528e-02
6.664976477622985840e-02
6.237100809812545776e-02
6.372430920600891113e-02
5.871160700917243958e-02
5.852719396352767944e-02
5.936915799975395203e-02
6.040545180439949036e-02
6.022053956985473633e-02
6.105430424213409424e-02
6.502385437488555908e-02
6.650532782077789307e-02
6.869709491729736328e-02
6.812506169080734253e-02
6.803230941295623779e-02
6.926478445529937744e-02
6.897522509098052979e-02
6.840537488460540771e-02
6.335340440273284912e-02
6.252658367156982422e-02
6.320522725582122803e-02
6.473755836486816406e-02
6.389769911766052246e-02
6.457116454839706421e-02
5.702058225870132446e-02
5.767422169446945190e-02
5.785307660698890686e-02
5.956128612160682678e-02
6.199468672275543213e-02
6.120054423809051514e-02
6.184375286102294922e-02
6.609117984771728516e-02
6.523911654949188232e-02
6.587652117013931274e-02
6.748127937316894531e-02
6.655977666378021240e-02
6.742255389690399170e-02
6.896328181028366089e-02
6.816153228282928467e-02
6.881783902645111084e-02
7.035197317600250244e-02
6.951782107353210449e-02
6.980576366186141968e-02
7.098001241683959961e-02
7.066138088703155518e-02
7.011684775352478027e-02
6.405359506607055664e-02
6.267773360013961792e-02
6.540770828723907471e-02
5.745568871498107910e-02
5.723485350608825684e-02
5.807273834943771362e-02
5.906911194324493408e-02
5.887986347079277039e-02
5.974178388714790344e-02
6.059983745217323303e-02
6.049761176109313965e-02
6.129937991499900818e-02
6.678621470928192139e-02
6.821656972169876099e-02
6.964507699012756348e-02
7.196760922670364380e-02
7.146686315536499023e-02
7.115545868873596191e-02
7.271542400121688843e-02
7.234181463718414307e-02
7.185445725917816162e-02
6.494580209255218506e-02
6.483803689479827881e-02
6.415537744760513306e-02
6.355672329664230347e-02
6.278315931558609009e-02
6.346204876899719238e-02
6.635152548551559448e-02
6.553108990192413330e-02
6.622081249952316284e-02
5.578991025686264038e-02
5.640359222888946533e-02
5.661796033382415771e-02
5.826859176158905029e-02
5.983049795031547546e-02
6.216271966695785522e-02
6.137880682945251465e-02
6.207947805523872375e-02
6.775270402431488037e-02
6.692008674144744873e-02
6.761375814676284790e-02
6.914272159337997437e-02
6.830867379903793335e-02
6.905004382133483887e-02
7.055919617414474487e-02
7.044045627117156982e-02
6.975384801626205444e-02
7.202154397964477539e-02
7.117836177349090576e-02
7.199501991271972656e-02
7.356924563646316528e-02
7.277036458253860474e-02
7.314007729291915894e-02
7.445554435253143311e-02
7.402413338422775269e-02
7.359053939580917358e-02
6.564151495695114136e-02
6.425141543149948120e-02
6.286961585283279419e-02
6.704051792621612549e-02
5.629273504018783569e-02
5.686547979712486267e-02
5.604186281561851501e-02
5.777183175086975098e-02
5.842065811157226562e-02
5.762216076254844666e-02
5.924331396818161011e-02
5.915678292512893677e-02
5.992709472775459290e-02
6.078425794839859009e-02
6.069201603531837463e-02
6.147623062133789062e-02
6.844647973775863647e-02
6.985767185688018799e-02
7.128838449716567993e-02
7.279079407453536987e-02
7.532552629709243774e-02
7.489074021577835083e-02
7.443838566541671753e-02
7.619868218898773193e-02
7.577130943536758423e-02
7.532641291618347168e-02
6.653821468353271484e-02
6.573946028947830200e-02
6.646002829074859619e-02
6.514360010623931885e-02
6.434943526983261108e-02
6.504413485527038574e-02
6.375150382518768311e-02
6.296515464782714844e-02
6.365624815225601196e-02
6.793399155139923096e-02
6.714924424886703491e-02
6.784608215093612671e-02
5.463838204741477966e-02
5.520341917872428894e-02
5.547470599412918091e-02
5.703431367874145508e-02
5.851013213396072388e-02
6.002247333526611328e-02
6.236891448497772217e-02
6.157732009887695312e-02
6.226746737957000732e-02
6.934191286563873291e-02
6.853897124528884888e-02
6.923715770244598389e-02
7.074596732854843140e-02
7.064100354909896851e-02
6.994486600160598755e-02
7.214081287384033203e-02
7.135319709777832031e-02
7.207319885492324829e-02
7.358598709106445312e-02
7.281260192394256592e-02
7.357083261013031006e-02
7.506462186574935913e-02
7.431814074516296387e-02
7.520376890897750854e-02
7.677210122346878052e-02
7.604333013296127319e-02
7.648236304521560669e-02
6.724651157855987549e-02
6.583677232265472412e-02
6.444782018661499023e-02
6.305698305368423462e-02
6.863652914762496948e-02
5.514920130372047424e-02
5.571683123707771301e-02
5.488644912838935852e-02
5.658894032239913940e-02
5.644223093986511230e-02
5.718179792165756226e-02
5.784749984741210938e-02
5.781484395265579224e-02
5.854730680584907532e-02
5.940834432840347290e-02
5.932208523154258728e-02
6.009409949183464050e-02
6.097596883773803711e-02
6.088540330529212952e-02
6.167684495449066162e-02
7.003243267536163330e-02
7.144149392843246460e-02
7.286310195922851562e-02
7.433864474296569824e-02
7.591407001018524170e-02
7.794597744941711426e-02
7.734902203083038330e-02
7.707031071186065674e-02
6.813493371009826660e-02
6.733456254005432129e-02
6.803300231695175171e-02
6.672737002372741699e-02
6.664042174816131592e-02
6.592969596385955811e-02
6.533560901880264282e-02
6.454548239707946777e-02
6.524273753166198730e-02
6.395630538463592529e-02
6.384749710559844971e-02
6.315797567367553711e-02
6.952923536300659180e-02
6.873099505901336670e-02
6.942977756261825562e-02
5.356427282094955444e-02
5.409432202577590942e-02
5.435777083039283752e-02
5.586650967597961426e-02
5.722416192293167114e-02
5.863229557871818542e-02
6.020420044660568237e-02
6.257075816392898560e-02
6.246468797326087952e-02
6.176664680242538452e-02
7.092472165822982788e-02
7.013638317584991455e-02
7.083009928464889526e-02
7.233807444572448730e-02
7.153499126434326172e-02
7.224300503730773926e-02
7.373121380805969238e-02
7.294331490993499756e-02
7.366256415843963623e-02
7.513611763715744019e-02
7.437208294868469238e-02
7.510770112276077271e-02
7.655227184295654297e-02
7.580694556236267090e-02
7.666878402233123779e-02
7.866169512271881104e-02
7.829962670803070068e-02
7.770733535289764404e-02
6.882134079933166504e-02
6.743296980857849121e-02
6.603132188320159912e-02
6.464160233736038208e-02
6.324910372495651245e-02
7.021798193454742432e-02
5.428199470043182373e-02
5.392713844776153564e-02
5.471302568912506104e-02
5.617049336433410645e-02
5.565612763166427612e-02
5.638592690229415894e-02
5.700442939996719360e-02
5.803444236516952515e-02
5.794646963477134705e-02
5.872054025530815125e-02
5.960835516452789307e-02
5.950293317437171936e-02
6.029252707958221436e-02
6.118418648838996887e-02
6.108991056680679321e-02
6.186165660619735718e-02
7.162882387638092041e-02
7.303518056869506836e-02
7.444559782743453979e-02
7.584873586893081665e-02
7.777283340692520142e-02
7.728186249732971191e-02
7.716718316078186035e-02
7.966221123933792114e-02
7.916509360074996948e-02
7.880388945341110229e-02
7.821528613567352295e-02
6.971285492181777954e-02
6.962599605321884155e-02
6.892915070056915283e-02
6.832344830036163330e-02
6.752010434865951538e-02
6.822297722101211548e-02
6.692234426736831665e-02
6.612945348024368286e-02
6.682048738002777100e-02
6.553440541028976440e-02
6.542766094207763672e-02
6.472767889499664307e-02
6.414414942264556885e-02
6.404145061969757080e-02
6.335875391960144043e-02
7.112245261669158936e-02
7.031473517417907715e-02
7.101999223232269287e-02
5.258508026599884033e-02
5.308634042739868164e-02
5.342923849821090698e-02
5.522371083498001099e-02
5.709869787096977234e-02
5.882378667593002319e-02
6.040224432945251465e-02
6.275630742311477661e-02
6.266582757234573364e-02
6.196916848421096802e-02
7.253055274486541748e-02
7.172975689172744751e-02
7.243040204048156738e-02
7.393295317888259888e-02
7.312937080860137939e-02
7.384128868579864502e-02
7.532515376806259155e-02
7.453833520412445068e-02
7.523608952760696411e-02
7.673285901546478271e-02
7.592760771512985229e-02
7.664304226636886597e-02
7.811336219310760498e-02
7.733486592769622803e-02
7.795067131519317627e-02
8.033248037099838257e-02
7.949364930391311646e-02
7.998767495155334473e-02
7.923859357833862305e-02
7.850340008735656738e-02
7.894723117351531982e-02
7.042040675878524780e-02
6.901344656944274902e-02
6.761768460273742676e-02
6.622517108917236328e-02
6.482575833797454834e-02
6.344492733478546143e-02
7.182255387306213379e-02
5.332940816879272461e-02
5.381049215793609619e-02
5.296074599027633667e-02
5.494623631238937378e-02
5.556391552090644836e-02
5.463077872991561890e-02
5.662568658590316772e-02
5.733329057693481445e-02
5.639149248600006104e-02
5.823924764990806580e-02
5.892021954059600830e-02
5.813736468553543091e-02
5.979836732149124146e-02
5.970513075590133667e-02
6.049588695168495178e-02
6.137913465499877930e-02
6.127650663256645203e-02
6.206385046243667603e-02
7.322070002555847168e-02
7.461795210838317871e-02
7.603034377098083496e-02
7.741712778806686401e-02
7.867710292339324951e-02
8.135642856359481812e-02
8.084216713905334473e-02
8.049315959215164185e-02
7.977883517742156982e-02
7.129577547311782837e-02
7.051169127225875854e-02
7.121412456035614014e-02
6.989824771881103516e-02
6.910692900419235229e-02
6.981623172760009766e-02
6.850814819335937500e-02
6.771422922611236572e-02
6.840499490499496460e-02
6.711240112781524658e-02
6.631930172443389893e-02
6.700950860977172852e-02
6.571570038795471191e-02
6.561341136693954468e-02
6.492576003074645996e-02
6.433238089084625244e-02
6.353891640901565552e-02
6.423812359571456909e-02
7.269825041294097900e-02
7.260256260633468628e-02
7.190319895744323730e-02
5.170306935906410217e-02
5.215144902467727661e-02
5.252280458807945251e-02
5.414290353655815125e-02
5.578364804387092590e-02
5.742475762963294983e-02
5.901801586151123047e-02
6.059490144252777100e-02
6.294581294059753418e-02
6.216992065310478210e-02
6.285191327333450317e-02
7.410008460283279419e-02
7.329997420310974121e-02
7.401338964700698853e-02
7.550361752510070801e-02
7.471401989459991455e-02
7.542237639427185059e-02
7.690767943859100342e-02
7.611924409866333008e-02
7.681387662887573242e-02
7.829606533050537109e-02
7.751612365245819092e-02
7.821706682443618774e-02
7.968509197235107422e-02
7.889936864376068115e-02
7.946996390819549561e-02
8.181701600551605225e-02
8.159826695919036865e-02
8.109116554260253906e-02
8.087185025215148926e-02
8.006413280963897705e-02
8.059445768594741821e-02
8.300769329071044922e-02
8.240973949432373047e-02
8.218033611774444580e-02
7.200220972299575806e-02
7.060058414936065674e-02
6.919720023870468140e-02
6.780835986137390137e-02
6.641087681055068970e-02
6.501734256744384766e-02
6.363959610462188721e-02
7.340421527624130249e-02
5.247539281845092773e-02
5.208785086870193481e-02
5.290126055479049683e-02
5.396080389618873596e-02
5.364670231938362122e-02
5.445649474859237671e-02
5.530878156423568726e-02
5.513311550021171570e-02
5.596627667546272278e-02
5.686264485120773315e-02
5.754667147994041443e-02
5.674573406577110291e-02
5.843558907508850098e-02
5.911949276924133301e-02
5.833338946104049683e-02
5.999740213155746460e-02
5.990579724311828613e-02
6.068809330463409424e-02
6.157622486352920532e-02
6.146449968218803406e-02
6.224985420703887939e-02
7.480932027101516724e-02
7.620786875486373901e-02
7.761159539222717285e-02
7.900282740592956543e-02
8.028436452150344849e-02
8.135919272899627686e-02
8.338777720928192139e-02
8.261345326900482178e-02
8.319460600614547729e-02
8.464664965867996216e-02
8.400990068912506104e-02
8.383480459451675415e-02
7.287527620792388916e-02
7.278959453105926514e-02
7.209434360265731812e-02
7.147352397441864014e-02
7.069180905818939209e-02
7.139559090137481689e-02
7.008454203605651855e-02
6.929141283035278320e-02
7.000476121902465820e-02
6.868442893028259277e-02
6.789708882570266724e-02
6.858797371387481689e-02
6.730202585458755493e-02
6.650215387344360352e-02
6.720248609781265259e-02
6.590104848146438599e-02
6.511649489402770996e-02
6.580895185470581055e-02
6.451272964477539062e-02
6.373760104179382324e-02
6.442725658416748047e-02
7.427798956632614136e-02
7.349719107151031494e-02
7.418760657310485840e-02
5.091581493616104126e-02
5.131994932889938354e-02
5.169511586427688599e-02
5.322255194187164307e-02
5.463140457868576050e-02
5.607543885707855225e-02
5.765288323163986206e-02
5.921655520796775818e-02
6.079062074422836304e-02
6.312969326972961426e-02
6.234813481569290161e-02
6.304284930229187012e-02
7.568985968828201294e-02
7.488357275724411011e-02
7.559791952371597290e-02
7.707780599594116211e-02
7.629144191741943359e-02
7.698089629411697388e-02
7.847821712493896484e-02
7.769478857517242432e-02
7.839412242174148560e-02
7.987952232360839844e-02
7.978151738643646240e-02
7.908631861209869385e-02
8.128270506858825684e-02
8.048953115940093994e-02
8.107511699199676514e-02
8.267496526241302490e-02
8.176997303962707520e-02
8.224403858184814453e-02
8.302997052669525146e-02
8.472361415624618530e-02
8.469316363334655762e-02
8.405165374279022217e-02
8.623039722442626953e-02
8.548460155725479126e-02
8.543470501899719238e-02
7.358207553625106812e-02
7.218401134014129639e-02
7.078023254871368408e-02
6.938730180263519287e-02
6.798619031906127930e-02
6.659402698278427124e-02
6.520436704158782959e-02
6.382171064615249634e-02
7.498984783887863159e-02
5.189754441380500793e-02
5.140360817313194275e-02
5.218574404716491699e-02
5.368329212069511414e-02
5.308369174599647522e-02
5.382024869322776794e-02
5.449109524488449097e-02
5.551023781299591064e-02
5.618010461330413818e-02
5.540508031845092773e-02
5.707046389579772949e-02
5.696766451001167297e-02
5.774712562561035156e-02
5.863694846630096436e-02
5.852691084146499634e-02
5.931039899587631226e-02
6.018290668725967407e-02
6.088483333587646484e-02
6.009599566459655762e-02
6.175026670098304749e-02
6.244927644729614258e-02
6.166206672787666321e-02
7.637944817543029785e-02
7.779210060834884644e-02
7.918274402618408203e-02
8.057184517383575439e-02
8.197744190692901611e-02
8.402879536151885986e-02
8.370816707611083984e-02
8.334355801343917847e-02
8.438491821289062500e-02
8.552866429090499878e-02
8.513993024826049805e-02
8.587938547134399414e-02
8.678707480430603027e-02
8.774701505899429321e-02
8.726963400840759277e-02
8.698847889900207520e-02
8.650977909564971924e-02
8.775743842124938965e-02
8.921124041080474854e-02
8.849869668483734131e-02
8.847276866436004639e-02
8.775119483470916748e-02
8.910959959030151367e-02
9.063091874122619629e-02
8.986786007881164551e-02
8.992253988981246948e-02
8.917561173439025879e-02
9.045255184173583984e-02
9.195640683174133301e-02
9.120878577232360840e-02
9.128626435995101929e-02
9.053051471710205078e-02
7.446470856666564941e-02
7.366944849491119385e-02
7.436923682689666748e-02
7.305778563022613525e-02
7.227789610624313354e-02
7.298100739717483521e-02
7.165968418121337891e-02
7.087759673595428467e-02
7.156340777873992920e-02
7.027174532413482666e-02
6.948256492614746094e-02
7.017625868320465088e-02
6.886913627386093140e-02
6.807847321033477783e-02
6.877043098211288452e-02
6.746765971183776855e-02
6.669053435325622559e-02
6.738869845867156982e-02
6.608812510967254639e-02
6.530148535966873169e-02
6.598385423421859741e-02
6.471354514360427856e-02
6.461272388696670532e-02
6.391406059265136719e-02
7.585429400205612183e-02
7.507382333278656006e-02
7.576534897089004517e-02
5.023676529526710510e-02
5.057595670223236084e-02
5.106370523571968079e-02
5.279216170310974121e-02
5.459153652191162109e-02
5.629497021436691284e-02
5.785158649086952209e-02
5.941542237997055054e-02
6.096884235739707947e-02
6.332308799028396606e-02
6.322049349546432495e-02
6.253968924283981323e-02
7.726616412401199341e-02
7.717043161392211914e-02
7.647462934255599976e-02
7.866203784942626953e-02
7.857738435268402100e-02
7.787530124187469482e-02
8.005142956972122192e-02
7.927504181861877441e-02
7.996699213981628418e-02
8.144277334213256836e-02
8.066456019878387451e-02
8.136595785617828369e-02
8.284908533096313477e-02
8.207221329212188721e-02
8.275108039379119873e-02
8.419620990753173828e-02
8.343954384326934814e-02
8.411534875631332397e-02
8.478410542011260986e-02
8.616170287132263184e-02
8.725899457931518555e-02
8.843827247619628906e-02
8.976925909519195557e-02
9.173682332038879395e-02
9.110048413276672363e-02
9.185987710952758789e-02
9.323953092098236084e-02
9.249398857355117798e-02
9.260649979114532471e-02
7.516106963157653809e-02
7.376771420240402222e-02
7.236576825380325317e-02
7.095953077077865601e-02
6.956549733877182007e-02
6.817816942930221558e-02
6.678919494152069092e-02
6.539454311132431030e-02
6.400004774332046509e-02
7.655251026153564453e-02
5.131171271204948425e-02
5.159841477870941162e-02
5.077087879180908203e-02
5.275642871856689453e-02
5.322577431797981262e-02
5.232897028326988220e-02
5.415937304496765137e-02
5.483547225594520569e-02
5.391334369778633118e-02
5.570589005947113037e-02
5.638891458511352539e-02
5.560947209596633911e-02
5.726618319749832153e-02
5.717113614082336426e-02
5.795029550790786743e-02
5.883304774761199951e-02
5.950634181499481201e-02
5.872020125389099121e-02
6.037874519824981689e-02
6.029398739337921143e-02
6.106844916939735413e-02
6.193292140960693359e-02
6.185596436262130737e-02
6.263056397438049316e-02
7.794937491416931152e-02
7.936236262321472168e-02
8.075895160436630249e-02
8.214676380157470703e-02
8.352069556713104248e-02
8.487502485513687134e-02
8.601485192775726318e-02
8.577974140644073486e-02
8.641092479228973389e-02
8.689291775226593018e-02
8.756151050329208374e-02
8.764621615409851074e-02
8.834456652402877808e-02
8.895415067672729492e-02
8.903350681066513062e-02
8.970639854669570923e-02
9.039612114429473877e-02
9.106432646512985229e-02
9.041994810104370117e-02
9.289545565843582153e-02
9.307745099067687988e-02
9.233111143112182617e-02
9.443404525518417358e-02
9.367056936025619507e-02
9.383241832256317139e-02
9.394653141498565674e-02
9.554104506969451904e-02
9.473840147256851196e-02
9.500306844711303711e-02
9.418649226427078247e-02
7.604284584522247314e-02
7.525251805782318115e-02
7.595335692167282104e-02
7.463312149047851562e-02
7.385019212961196899e-02
7.455439865589141846e-02
7.324796915054321289e-02
7.244538515806198120e-02
7.315145432949066162e-02
7.184421271085739136e-02
7.106111943721771240e-02
7.174372673034667969e-02
7.045446336269378662e-02
7.034935057163238525e-02
6.965371966361999512e-02
6.904623657464981079e-02
6.896793842315673828e-02
6.826311349868774414e-02
6.765918433666229248e-02
6.756565719842910767e-02
6.687104701995849609e-02
6.627003848552703857e-02
6.547562777996063232e-02
6.617979705333709717e-02
6.488823145627975464e-02
6.409777700901031494e-02
6.479251384735107422e-02
7.743315398693084717e-02
7.664398849010467529e-02
7.735021412372589111e-02
4.964493587613105774e-02
4.993771016597747803e-02
5.047155171632766724e-02
5.203344300389289856e-02
5.344961956143379211e-02
5.493711680173873901e-02
5.648898333311080933e-02
5.804419517517089844e-02
5.960465967655181885e-02
6.115452945232391357e-02
6.350131332874298096e-02
6.272136420011520386e-02
6.341458857059478760e-02
7.882745563983917236e-02
7.874578237533569336e-02
7.804712653160095215e-02
8.023366332054138184e-02
8.014522492885589600e-02
7.944716513156890869e-02
8.162555098533630371e-02
8.084104210138320923e-02
8.154119551181793213e-02
8.302077651023864746e-02
8.223185688257217407e-02
8.293670415878295898e-02
8.440385758876800537e-02
8.362145721912384033e-02
8.429847657680511475e-02
8.510809391736984253e-02
8.679807186126708984e-02
8.827187120914459229e-02
8.967989683151245117e-02
9.161059558391571045e-02
9.167513251304626465e-02
9.100051969289779663e-02
9.224998205900192261e-02
9.342773258686065674e-02
9.508183598518371582e-02
9.452138841152191162e-02
9.532285481691360474e-02
9.657840430736541748e-02
9.582712501287460327e-02
9.607616066932678223e-02
7.533652335405349731e-02
7.674127072095870972e-02
7.393352687358856201e-02
7.252810150384902954e-02
7.114865630865097046e-02
6.974644213914871216e-02
6.835245341062545776e-02
6.696522235870361328e-02
6.557385623455047607e-02
6.420055776834487915e-02
7.812603563070297241e-02
5.077308416366577148e-02
5.019298940896987915e-02
5.103350803256034851e-02
5.255443230271339417e-02
5.192839354276657104e-02
5.265341699123382568e-02
5.335264280438423157e-02
5.435948818922042847e-02
5.503494292497634888e-02
5.426344275474548340e-02
5.590595304965972900e-02
5.581048130989074707e-02
5.658976733684539795e-02
5.745076388120651245e-02
5.814862996339797974e-02
5.737162381410598755e-02
5.900922417640686035e-02
5.968847870826721191e-02
5.892132595181465149e-02
6.057037413120269775e-02
6.125789880752563477e-02
6.048367545008659363e-02
6.212075427174568176e-02
6.204438209533691406e-02
6.282520294189453125e-02
7.953003048896789551e-02
8.091790229082107544e-02
8.231073617935180664e-02
8.372484892606735229e-02
8.520874381065368652e-02
8.602982759475708008e-02
8.680416643619537354e-02
8.602080494165420532e-02
8.750846982002258301e-02
8.753949403762817383e-02
8.823809027671813965e-02
8.900932967662811279e-02
8.898282051086425781e-02
8.971155434846878052e-02
9.051382541656494141e-02
9.045728296041488647e-02
9.106288850307464600e-02
9.222683310508728027e-02
9.191770851612091064e-02
9.255435317754745483e-02
9.308013319969177246e-02
9.366992861032485962e-02
9.438630193471908569e-02
9.381560981273651123e-02
9.607966244220733643e-02
9.632534533739089966e-02
9.559226036071777344e-02
7.621666043996810913e-02
7.542523741722106934e-02
7.613295316696166992e-02
7.760187983512878418e-02
7.683287560939788818e-02
7.751265168190002441e-02
7.480459660291671753e-02
7.473494857549667358e-02
7.403115183115005493e-02
7.342064380645751953e-02
7.331784069538116455e-02
7.263436913490295410e-02
7.202325761318206787e-02
7.192850112915039062e-02
7.122693955898284912e-02
7.062252610921859741e-02
6.983213871717453003e-02
7.053759694099426270e-02
6.922884285449981689e-02
6.844484806060791016e-02
6.913181394338607788e-02
6.783620268106460571e-02
6.775240600109100342e-02
6.705605983734130859e-02
6.644582748413085938e-02
6.566952168941497803e-02
6.636551767587661743e-02
6.506288051605224609e-02
6.428822875022888184e-02
6.496713310480117798e-02
7.900631427764892578e-02
7.822223752737045288e-02
7.892487943172454834e-02
4.914907366037368774e-02
4.938927292823791504e-02
4.994218423962593079e-02
5.165121331810951233e-02
5.346251651644706726e-02
5.513255298137664795e-02
5.668967962265014648e-02
5.823975428938865662e-02
5.979511886835098267e-02
6.135250627994537354e-02
6.368273496627807617e-02
6.290234625339508057e-02
6.359654664993286133e-02
8.040142059326171875e-02
7.961533963680267334e-02
8.031421899795532227e-02
8.179520070552825928e-02
8.102081716060638428e-02
8.170673996210098267e-02
8.318135142326354980e-02
8.240935951471328735e-02
8.310768753290176392e-02
8.456811308860778809e-02
8.379803597927093506e-02
8.449278771877288818e-02
8.521505445241928101e-02
8.677305281162261963e-02
8.825565874576568604e-02
8.976441621780395508e-02
9.137347340583801270e-02
9.296418726444244385e-02
9.478673338890075684e-02
9.494955837726593018e-02
9.423886984586715698e-02
9.752614796161651611e-02
9.681370109319686890e-02
9.706297516822814941e-02
9.542908519506454468e-02
7.691168785095214844e-02
7.550828903913497925e-02
7.830672711133956909e-02
7.411996275186538696e-02
7.272064685821533203e-02
7.132616639137268066e-02
6.993459165096282959e-02
6.852985918521881104e-02
6.713707745075225830e-02
6.575249880552291870e-02
6.437924504280090332e-02
7.969820499420166016e-02
5.038883537054061890e-02
4.976357147097587585e-02
5.057392641901969910e-02
5.168940499424934387e-02
5.212088674306869507e-02
5.121627449989318848e-02
5.301110818982124329e-02
5.369004607200622559e-02
5.277767032384872437e-02
5.454805865883827209e-02
5.523196980357170105e-02
5.445712059736251831e-02
5.609571561217308044e-02
5.678233504295349121e-02
5.600542575120925903e-02
5.765105783939361572e-02
5.754804238677024841e-02
5.833283811807632446e-02
5.921246856451034546e-02
5.910051241517066956e-02
5.988083779811859131e-02
6.075827032327651978e-02
6.066372245550155640e-02
6.144469603896141052e-02
6.231014803051948547e-02
6.298495084047317505e-02
6.221256777644157410e-02
8.109195530414581299e-02
8.249299228191375732e-02
8.388071507215499878e-02
8.530706912279129028e-02
8.612862229347229004e-02
8.607388287782669067e-02
8.681263774633407593e-02
8.767005801200866699e-02
8.759016543626785278e-02
8.834599703550338745e-02
8.918787539005279541e-02
8.984881639480590820e-02
8.910351991653442383e-02
9.073484688997268677e-02
9.062539041042327881e-02
9.148420393466949463e-02
9.223642945289611816e-02
9.223566204309463501e-02
9.297160059213638306e-02
9.372931718826293945e-02
9.370220452547073364e-02
9.425856918096542358e-02
9.673658013343811035e-02
9.639953076839447021e-02
9.711735695600509644e-02
9.516023099422454834e-02
9.496781229972839355e-02
9.561779350042343140e-02
9.838323295116424561e-02
9.756094217300415039e-02
9.795713424682617188e-02
7.778832316398620605e-02
7.699537277221679688e-02
7.770156860351562500e-02
7.638965547084808350e-02
7.629866153001785278e-02
7.559643685817718506e-02
7.917149364948272705e-02
7.838612794876098633e-02
7.909335196018218994e-02
7.497813552618026733e-02
7.489775866270065308e-02
7.421479374170303345e-02
7.359379529953002930e-02
7.280740141868591309e-02
7.350634038448333740e-02
7.220723479986190796e-02
7.141660153865814209e-02
7.212262600660324097e-02
7.079792767763137817e-02
7.002015411853790283e-02
7.071094214916229248e-02
6.940799206495285034e-02
6.931566447019577026e-02
6.862398236989974976e-02
6.802588701248168945e-02
6.793025135993957520e-02
6.723532080650329590e-02
6.662845611572265625e-02
6.654152274131774902e-02
6.585571169853210449e-02
6.524062156677246094e-02
6.515394896268844604e-02
6.447621434926986694e-02
8.057326078414916992e-02
7.979628443717956543e-02
8.049020171165466309e-02
4.876100271940231323e-02
4.895618557929992676e-02
4.957067966461181641e-02
5.104389041662216187e-02
5.235026031732559204e-02
5.378900840878486633e-02
5.533685907721519470e-02
5.687312409281730652e-02
5.842126533389091492e-02
5.997354537248611450e-02
6.152492761611938477e-02
6.386158615350723267e-02
6.377235054969787598e-02
6.307478249073028564e-02
8.196640759706497192e-02
8.187598735094070435e-02
8.117867261171340942e-02
8.335044234991073608e-02
8.256146311759948730e-02
8.326721191406250000e-02
8.474565297365188599e-02
8.397179096937179565e-02
8.465708047151565552e-02
8.534779399633407593e-02
8.689432591199874878e-02
8.842304348945617676e-02
8.997533470392227173e-02
9.148076176643371582e-02
9.298080205917358398e-02
9.445220232009887695e-02
9.594668447971343994e-02
9.750045835971832275e-02
9.712286293506622314e-02
9.794479608535766602e-02
7.848200201988220215e-02
7.708024233579635620e-02
7.568264752626419067e-02
7.986459136009216309e-02
7.429359853267669678e-02
7.289321720600128174e-02
7.150547206401824951e-02
7.009276002645492554e-02
6.871243566274642944e-02
6.732857972383499146e-02
6.594394147396087646e-02
6.455136835575103760e-02
8.126211166381835938e-02
5.016476288437843323e-02
5.027187615633010864e-02
4.945494234561920166e-02
5.173123627901077271e-02
5.105293169617652893e-02
5.169751122593879700e-02
5.236791819334030151e-02
5.322587490081787109e-02
5.311411619186401367e-02
5.389905348420143127e-02
5.474602058529853821e-02
5.465734004974365234e-02
5.543187260627746582e-02
5.629495903849601746e-02
5.696755647659301758e-02
5.619549751281738281e-02
5.783936381340026855e-02
5.774520710110664368e-02
5.851652473211288452e-02
5.938690528273582458e-02
5.929608643054962158e-02
6.007177755236625671e-02
6.092875823378562927e-02
6.162520498037338257e-02
6.084002554416656494e-02
6.248703971505165100e-02
6.239352375268936157e-02
6.317545473575592041e-02
8.266485482454299927e-02
8.404459059238433838e-02
8.543124794960021973e-02
8.629103004932403564e-02
8.622127771377563477e-02
8.696658909320831299e-02
8.783594518899917603e-02
8.774819225072860718e-02
8.852145820856094360e-02
8.937296271324157715e-02
8.928531408309936523e-02
9.005208313465118408e-02
9.089000523090362549e-02
9.081442654132843018e-02
9.157622605562210083e-02
9.241880476474761963e-02
9.233152121305465698e-02
9.309206902980804443e-02
9.394511580467224121e-02
9.383836388587951660e-02
9.455914795398712158e-02
9.571895003318786621e-02
9.543199837207794189e-02
9.622800350189208984e-02
9.917479753494262695e-02
9.831809997558593750e-02
9.877438843250274658e-02
9.660493582487106323e-02
7.934521883726119995e-02
7.856650650501251221e-02
7.926526665687561035e-02
7.794851809740066528e-02
7.717257738113403320e-02
7.785929739475250244e-02
7.655166834592819214e-02
7.577867805957794189e-02
7.647562026977539062e-02
8.074782788753509521e-02
7.995238155126571655e-02
8.066056668758392334e-02
7.516336441040039062e-02
7.439127564430236816e-02
7.507668435573577881e-02
7.376217842102050781e-02
7.297629117965698242e-02
7.367364317178726196e-02
7.237397879362106323e-02
7.158671319484710693e-02
7.228560745716094971e-02
7.096847891807556152e-02
7.089350372552871704e-02
7.019014656543731689e-02
6.958144158124923706e-02
6.879811733961105347e-02
6.949877738952636719e-02
6.819848716259002686e-02
6.810697913169860840e-02
6.742163002490997314e-02
6.680868566036224365e-02
6.671890616416931152e-02
6.602032482624053955e-02
6.541886925697326660e-02
6.465809047222137451e-02
6.533120572566986084e-02
8.213970065116882324e-02
8.134774118661880493e-02
8.205883204936981201e-02
4.846627265214920044e-02
4.860960319638252258e-02
4.930503666400909424e-02
5.094318464398384094e-02
5.247864127159118652e-02
5.398658663034439087e-02
5.553090572357177734e-02
5.706883221864700317e-02
5.861380696296691895e-02
6.015345081686973572e-02
6.171546876430511475e-02
6.405163556337356567e-02
6.326500326395034790e-02
6.395471096038818359e-02
8.352755755186080933e-02
8.273492753505706787e-02
8.343800902366638184e-02
8.490118384361267090e-02
8.482580631971359253e-02
8.413429558277130127e-02
8.552141487598419189e-02
8.706378191709518433e-02
8.861684799194335938e-02
9.013804793357849121e-02
9.166555106639862061e-02
9.319926053285598755e-02
9.483380615711212158e-02
9.820300340652465820e-02
9.869677573442459106e-02
9.784333407878875732e-02
9.680891036987304688e-02
9.715067595243453979e-02
9.626944363117218018e-02
9.751504659652709961e-02
8.004739135503768921e-02
7.865738868713378906e-02
7.725707441568374634e-02
7.586112618446350098e-02
8.143933117389678955e-02
7.446748018264770508e-02
7.307653129100799561e-02
7.167468965053558350e-02
7.027125358581542969e-02
6.888698786497116089e-02
6.750380992889404297e-02
6.611071527004241943e-02
6.472958624362945557e-02
8.283156156539916992e-02
4.937193542718887329e-02
4.976069927215576172e-02
4.891395568847656250e-02
5.188343673944473267e-02
5.101554095745086670e-02
5.180542171001434326e-02
5.255024880170822144e-02
5.340426415205001831e-02
5.331406742334365845e-02
5.409197136759757996e-02
5.494654923677444458e-02
5.562249571084976196e-02
5.485695973038673401e-02
5.648426711559295654e-02
5.715678259730339050e-02
5.638394504785537720e-02
5.802714824676513672e-02
5.793648213148117065e-02
5.870314687490463257e-02
5.957682058215141296e-02
5.946816504001617432e-02
6.025455892086029053e-02
6.112560257315635681e-02
6.102192029356956482e-02
6.181116029620170593e-02
6.267356127500534058e-02
6.259187310934066772e-02
6.335535645484924316e-02
8.421583473682403564e-02
8.560588955879211426e-02
8.645732700824737549e-02
8.637388050556182861e-02
8.715680986642837524e-02
8.800944685935974121e-02
8.792738616466522217e-02
8.870399743318557739e-02
8.954263478517532349e-02
8.945772051811218262e-02
9.021306782960891724e-02
9.108053147792816162e-02
9.099372476339340210e-02
9.175106137990951538e-02
9.259396791458129883e-02
9.251107275485992432e-02
9.327074140310287476e-02
9.416427463293075562e-02
9.494727849960327148e-02
9.405055642127990723e-02
9.984304010868072510e-02
9.902415424585342407e-02
9.951521456241607666e-02
9.561432152986526489e-02
9.565258026123046875e-02
9.621788561344146729e-02
9.713338315486907959e-02
9.696233272552490234e-02
9.767971932888031006e-02
8.091988414525985718e-02
8.013238012790679932e-02
8.082779496908187866e-02
7.952769845724105835e-02
7.942850142717361450e-02
7.873261719942092896e-02
7.812689989805221558e-02
7.804117351770401001e-02
7.734102755784988403e-02
7.673744857311248779e-02
7.595615088939666748e-02
7.663402706384658813e-02
8.231143653392791748e-02
8.153304457664489746e-02
8.221979439258575439e-02
7.533564418554306030e-02
7.455144822597503662e-02
7.525551319122314453e-02
7.393659651279449463e-02
7.314817607402801514e-02
7.385375350713729858e-02
7.254841923713684082e-02
7.245986908674240112e-02
7.176122069358825684e-02
7.116080820560455322e-02
7.106843590736389160e-02
7.037395238876342773e-02
6.975470483303070068e-02
6.968262046575546265e-02
6.898306310176849365e-02
6.837149709463119507e-02
6.759481132030487061e-02
6.827908009290695190e-02
6.698587536811828613e-02
6.620253622531890869e-02
6.689179688692092896e-02
6.559243798255920410e-02
6.482294946908950806e-02
6.552448868751525879e-02
8.369550108909606934e-02
8.290958404541015625e-02
8.361127972602844238e-02
4.827728867530822754e-02
4.837020486593246460e-02
4.881202057003974915e-02
5.066753923892974854e-02
5.001712590456008911e-02
5.041357874870300293e-02
5.127200111746788025e-02
5.264068022370338440e-02
5.417886376380920410e-02
5.572244524955749512e-02
5.725219845771789551e-02
5.880213528871536255e-02
6.034115701913833618e-02
6.190025433897972107e-02
6.422106921672821045e-02
6.344847381114959717e-02
6.412772834300994873e-02
8.508020639419555664e-02
8.498740196228027344e-02
8.430638164281845093e-02
8.567592501640319824e-02
8.722385764122009277e-02
8.877503126859664917e-02
9.031535685062408447e-02
9.183065593242645264e-02
9.336759150028228760e-02
9.488013386726379395e-02
9.878811985254287720e-02
9.851005673408508301e-02
9.932267665863037109e-02
9.638821333646774292e-02
9.795959293842315674e-02
8.161643147468566895e-02
8.021062612533569336e-02
7.882176339626312256e-02
7.743064314126968384e-02
7.603257894515991211e-02
8.301410824060440063e-02
7.464355975389480591e-02
7.324950397014617920e-02
7.185563445091247559e-02
7.046592235565185547e-02
6.906108558177947998e-02
6.768283247947692871e-02
6.629591435194015503e-02
6.491978466510772705e-02
8.437976986169815063e-02
4.948257654905319214e-02
4.887851700186729431e-02
4.942226037383079529e-02
5.006811767816543579e-02
5.213141441345214844e-02
5.141095072031021118e-02
5.200757831335067749e-02
5.275904387235641479e-02
5.360017716884613037e-02
5.426456779241561890e-02
5.351346358656883240e-02
5.513484776020050049e-02
5.503737926483154297e-02
5.580596625804901123e-02
5.667002126574516296e-02
5.658092349767684937e-02
5.734881013631820679e-02
5.820933356881141663e-02
5.812194198369979858e-02
5.889146029949188232e-02
5.975207686424255371e-02
5.965872108936309814e-02
6.044333800673484802e-02
6.129606440663337708e-02
6.120529770851135254e-02
6.199385970830917358e-02
6.284329295158386230e-02
6.275338679552078247e-02
6.353101134300231934e-02
8.576279133558273315e-02
8.661960810422897339e-02
8.654560893774032593e-02
8.731848001480102539e-02
8.816409111022949219e-02
8.808845281600952148e-02
8.886162936687469482e-02
8.970601111650466919e-02
8.962225914001464844e-02
9.038099646568298340e-02
9.125332534313201904e-02
9.114569425582885742e-02
9.192250669002532959e-02
9.275946766138076782e-02
9.268773347139358521e-02
9.345531463623046875e-02
9.428457170724868774e-02
9.421859681606292725e-02
9.495597332715988159e-02
1.004398018121719360e-01
9.960748255252838135e-02
1.001440584659576416e-01
9.579932689666748047e-02
9.569597244262695312e-02
9.647586941719055176e-02
9.762292355298995972e-02
9.737741947174072266e-02
9.820207953453063965e-02
9.938666224479675293e-02
9.850206226110458374e-02
9.909810125827789307e-02
8.248049020767211914e-02
8.169151842594146729e-02
8.238784968852996826e-02
8.108304440975189209e-02
8.031038194894790649e-02
8.099573850631713867e-02
7.969269156455993652e-02
7.891552150249481201e-02
7.961117476224899292e-02
7.829928398132324219e-02
7.751565426588058472e-02
7.821047306060791016e-02
7.690874487161636353e-02
7.612287998199462891e-02
7.682354748249053955e-02
8.385670930147171021e-02
8.308583498001098633e-02
8.377829194068908691e-02
7.550991326570510864e-02
7.541806995868682861e-02
7.472361624240875244e-02
7.411933690309524536e-02
7.402964681386947632e-02
7.332253456115722656e-02
7.272484898567199707e-02
7.193516194820404053e-02
7.263906300067901611e-02
7.133448123931884766e-02
7.053956389427185059e-02
7.124882191419601440e-02
6.994105130434036255e-02
6.916256248950958252e-02
6.985540688037872314e-02
6.854967772960662842e-02
6.777091324329376221e-02
6.845715641975402832e-02
6.715396046638488770e-02
6.638279557228088379e-02
6.707158684730529785e-02
6.577279418706893921e-02
6.569270789623260498e-02
6.500019133090972900e-02
8.525426685810089111e-02
8.447219431400299072e-02
8.516511321067810059e-02
4.817964136600494385e-02
4.823354631662368774e-02
4.883519932627677917e-02
5.084301531314849854e-02
5.075743794441223145e-02
5.015657842159271240e-02
5.149389058351516724e-02
5.285614728927612305e-02
5.436873435974121094e-02
5.590268969535827637e-02
5.743747949600219727e-02
5.898438766598701477e-02
6.052584946155548096e-02
6.207337975502014160e-02
6.440403312444686890e-02
6.431008875370025635e-02
6.362951546907424927e-02
8.585533499717712402e-02
8.740066736936569214e-02
8.894369006156921387e-02
9.047068655490875244e-02
9.199954569339752197e-02
9.352877736091613770e-02
9.504912793636322021e-02
9.992250800132751465e-02
9.671755135059356689e-02
9.858566522598266602e-02
9.899282455444335938e-02
9.809492528438568115e-02
8.316273242235183716e-02
8.177129179239273071e-02
8.038234710693359375e-02
7.899700105190277100e-02
7.759841531515121460e-02
7.621481269598007202e-02
8.454906940460205078e-02
7.481984049081802368e-02
7.341905683279037476e-02
7.202057540416717529e-02
7.064159214496612549e-02
6.923876702785491943e-02
6.786853075027465820e-02
6.647355109453201294e-02
6.509631872177124023e-02
8.593569695949554443e-02
4.958292841911315918e-02
4.952775686979293823e-02
4.888295754790306091e-02
5.020626634359359741e-02
5.231714248657226562e-02
5.158685892820358276e-02
5.221876874566078186e-02
5.294531211256980896e-02
5.379505455493927002e-02
5.370315164327621460e-02
5.445706844329833984e-02
5.531710386276245117e-02
5.522263422608375549e-02
5.599533021450042725e-02
5.685571953654289246e-02
5.675869435071945190e-02
5.752934515476226807e-02
5.838742852210998535e-02
5.829544365406036377e-02
5.905907601118087769e-02
5.993574112653732300e-02
5.983954295516014099e-02
6.061172485351562500e-02
6.147287413477897644e-02
6.216681003570556641e-02
6.138251349329948425e-02
6.302828341722488403e-02
6.293413043022155762e-02
6.371471285820007324e-02
8.679024875164031982e-02
8.671945333480834961e-02
8.747180551290512085e-02
8.833418786525726318e-02
8.825860917568206787e-02
8.903010189533233643e-02
8.986121416091918945e-02
8.979945629835128784e-02
9.055244177579879761e-02
9.141370654106140137e-02
9.133005142211914062e-02
9.208764135837554932e-02
9.293299913406372070e-02
9.286345541477203369e-02
9.361864626407623291e-02
9.447239339351654053e-02
9.437468647956848145e-02
9.514088928699493408e-02
1.009395197033882141e-01
1.001769006252288818e-01
1.006904840469360352e-01
9.597904980182647705e-02
9.588436782360076904e-02
9.678587317466735840e-02
1.000380665063858032e-01
9.931923449039459229e-02
9.971348941326141357e-02
9.748825430870056152e-02
9.755341708660125732e-02
9.804035723209381104e-02
8.404205739498138428e-02
8.325924724340438843e-02
8.394087851047515869e-02
8.264574408531188965e-02
8.187284320592880249e-02
8.255615830421447754e-02
8.125454187393188477e-02
8.116067200899124146e-02
8.047452569007873535e-02
7.987159490585327148e-02
7.908979058265686035e-02
7.977788150310516357e-02
7.846620678901672363e-02
7.768189907073974609e-02
7.838717848062515259e-02
7.707661390304565430e-02
7.699242234230041504e-02
7.629720866680145264e-02
8.540599793195724487e-02
8.464534580707550049e-02
8.532744646072387695e-02
7.567984610795974731e-02
7.490034401416778564e-02
7.559656351804733276e-02
7.429162412881851196e-02
7.351142913103103638e-02
7.420869916677474976e-02
7.289312779903411865e-02
7.212172448635101318e-02
7.280761748552322388e-02
7.150603830814361572e-02
7.071833312511444092e-02
7.143054902553558350e-02
7.011491060256958008e-02
6.933419406414031982e-02
7.002164423465728760e-02
6.872266530990600586e-02
6.864146143198013306e-02
6.793851405382156372e-02
6.733915209770202637e-02
6.725580990314483643e-02
6.655400246381759644e-02
6.595644354820251465e-02
6.518210470676422119e-02
6.586959958076477051e-02
8.601722121238708496e-02
4.818598553538322449e-02
4.819130897521972656e-02
4.888068512082099915e-02
5.096470937132835388e-02
5.026949197053909302e-02
5.091304332017898560e-02
5.164364725351333618e-02
5.306020379066467285e-02
5.455542355775833130e-02
5.608326196670532227e-02
5.761566385626792908e-02
5.915832892060279846e-02
6.070943549275398254e-02
6.224834918975830078e-02
6.457863003015518188e-02
6.380237638950347900e-02
6.449002027511596680e-02
8.757377415895462036e-02
8.911819756031036377e-02
9.065236151218414307e-02
9.216417372226715088e-02
9.369461238384246826e-02
9.522192180156707764e-02
1.004886850714683533e-01
9.672688692808151245e-02
9.895126521587371826e-02
9.878084063529968262e-02
9.948374330997467041e-02
9.821691364049911499e-02
8.332905173301696777e-02
8.472299575805664062e-02
8.194390684366226196e-02
8.057341724634170532e-02
7.916821539402008057e-02
7.777705788612365723e-02
7.638991624116897583e-02
8.611118793487548828e-02
7.498746365308761597e-02
7.359680533409118652e-02
7.221195101737976074e-02
7.081381976604461670e-02
6.942158192396163940e-02
6.803268194198608398e-02
6.665726751089096069e-02
6.526299566030502319e-02
4.963534325361251831e-02
4.890406131744384766e-02
4.961851984262466431e-02
5.029124394059181213e-02
5.244871228933334351e-02
5.170293152332305908e-02
5.238629505038261414e-02
5.311545729637145996e-02
5.396825075149536133e-02
5.388418957591056824e-02
5.465179309248924255e-02
5.550254136323928833e-02
5.539726093411445618e-02
5.617862939834594727e-02
5.703628808259963989e-02
5.693489685654640198e-02
5.771512910723686218e-02
5.856137722730636597e-02
5.924537032842636108e-02
5.847587436437606812e-02
6.010781601071357727e-02
6.001755595207214355e-02
6.079840660095214844e-02
6.164751201868057251e-02
6.233435124158859253e-02
6.155858933925628662e-02
6.320735067129135132e-02
6.311614811420440674e-02
6.388007104396820068e-02
8.695274591445922852e-02
8.765845000743865967e-02
8.687797188758850098e-02
8.849921822547912598e-02
8.919011056423187256e-02
8.842483162879943848e-02
9.004532545804977417e-02
8.996070921421051025e-02
9.072738140821456909e-02
9.158688038587570190e-02
9.150208532810211182e-02
9.225436300039291382e-02
9.310813248157501221e-02
9.378541260957717896e-02
9.301321208477020264e-02
9.463444352149963379e-02
9.453657269477844238e-02
9.530325233936309814e-02
1.013376340270042419e-01
1.006829589605331421e-01
1.011433452367782593e-01
9.614782035350799561e-02
9.604807198047637939e-02
9.681534767150878906e-02
1.002924367785453796e-01
9.963985532522201538e-02
1.001741737127304077e-01
9.766368567943572998e-02
9.756049513816833496e-02
9.831173717975616455e-02
8.420209586620330811e-02
8.342772722244262695e-02
8.411612361669540405e-02
8.558438718318939209e-02
8.550038933753967285e-02
8.480323106050491333e-02
8.281023055315017700e-02
8.203712850809097290e-02
8.273191750049591064e-02
8.142028003931045532e-02
8.065450191497802734e-02
8.133822679519653320e-02
8.003556728363037109e-02
7.994955033063888550e-02
7.925017923116683960e-02
7.864618301391601562e-02
7.856673002243041992e-02
7.786507904529571533e-02
7.724983990192413330e-02
7.715601474046707153e-02
7.646757364273071289e-02
8.617914468050003052e-02
7.585497945547103882e-02
7.507266104221343994e-02
7.577303051948547363e-02
7.447265833616256714e-02
7.367303222417831421e-02
7.437587529420852661e-02
7.307289540767669678e-02
7.229115068912506104e-02
7.297867536544799805e-02
7.168569415807723999e-02
7.159712910652160645e-02
7.089124619960784912e-02
7.028056681156158447e-02
7.020497322082519531e-02
6.951382756233215332e-02
6.890804320573806763e-02
6.811919808387756348e-02
6.881581246852874756e-02
6.751361489295959473e-02
6.673414260149002075e-02
6.743259727954864502e-02
6.613607704639434814e-02
6.534821540117263794e-02
6.604672968387603760e-02
4.829903319478034973e-02
4.824039340019226074e-02
4.896869882941246033e-02
5.112828314304351807e-02
5.037772655487060547e-02
5.103917047381401062e-02
5.178084224462509155e-02
5.322073772549629211e-02
5.473344027996063232e-02
5.626716837286949158e-02
5.780386924743652344e-02
5.934326350688934326e-02
6.087366491556167603e-02
6.242668628692626953e-02
6.474968045949935913e-02
6.465107947587966919e-02
6.398241221904754639e-02
8.773525804281234741e-02
8.927075564861297607e-02
9.081642329692840576e-02
9.234742820262908936e-02
9.387622773647308350e-02
9.538576751947402954e-02
1.008256226778030396e-01
9.690330922603607178e-02
9.910748898983001709e-02
9.902803599834442139e-02
9.970378875732421875e-02
9.837564080953598022e-02
8.350525051355361938e-02
8.488430082798004150e-02
8.626975864171981812e-02
8.212612569332122803e-02
8.073884248733520508e-02
7.934127748012542725e-02
7.794497907161712646e-02
7.655258476734161377e-02
7.517132163047790527e-02
7.376800477504730225e-02
7.237503677606582642e-02
7.098179310560226440e-02
6.959024816751480103e-02
6.821235269308090210e-02
6.683181971311569214e-02
6.543414294719696045e-02
4.979902505874633789e-02
4.904971271753311157e-02
4.972698912024497986e-02
5.046731606125831604e-02
5.263062566518783569e-02
5.188313126564025879e-02
5.253510922193527222e-02
5.329471826553344727e-02
5.415513366460800171e-02
5.406939983367919922e-02
5.482591688632965088e-02
5.569070577621459961e-02
5.635246261954307556e-02
5.559454485774040222e-02
5.721168220043182373e-02
5.788524448871612549e-02
5.712559819221496582e-02
5.874553322792053223e-02
5.943544581532478333e-02
5.865716934204101562e-02
6.028363108634948730e-02
6.097188219428062439e-02
6.020408868789672852e-02
6.182940304279327393e-02
6.251195818185806274e-02
6.174264848232269287e-02
6.336466223001480103e-02
6.406784057617187500e-02
6.328343600034713745e-02
8.714156597852706909e-02
8.706274628639221191e-02
8.782657980918884277e-02
8.866692334413528442e-02
8.935285359621047974e-02
8.858253061771392822e-02
9.022106975317001343e-02
9.012964367866516113e-02
9.089997410774230957e-02
9.176111966371536255e-02
9.167341887950897217e-02
9.243522584438323975e-02
9.328933060169219971e-02
9.319612383842468262e-02
9.395889937877655029e-02
9.481867402791976929e-02
9.471137821674346924e-02
9.549288451671600342e-02
1.016523092985153198e-01
1.009895876049995422e-01
1.014921963214874268e-01
9.632676839828491211e-02
9.623936563730239868e-02
9.700511395931243896e-02
1.004803627729415894e-01
9.979125112295150757e-02
1.003961265087127686e-01
9.784829616546630859e-02
9.775231778621673584e-02
9.848590195178985596e-02
8.436898887157440186e-02
8.358673751354217529e-02
8.427834510803222656e-02
8.576123416423797607e-02
8.498050272464752197e-02
8.567888289690017700e-02
8.635735511779785156e-02
8.298644423484802246e-02
8.220824599266052246e-02
8.289802819490432739e-02
8.159842342138290405e-02
8.151952922344207764e-02
8.081322163343429565e-02
8.021281659603118896e-02
7.942646741867065430e-02
8.011318743228912354e-02
7.883076369762420654e-02
7.804313302040100098e-02
7.872505486011505127e-02
7.742626965045928955e-02
7.663393020629882812e-02
7.733146846294403076e-02
7.604308426380157471e-02
7.525085657835006714e-02
7.594528049230575562e-02
7.463505864143371582e-02
7.456425577402114868e-02
7.386001944541931152e-02
7.324413210153579712e-02
7.315926253795623779e-02
7.246333360671997070e-02
7.185728847980499268e-02
7.107741385698318481e-02
7.176344096660614014e-02
7.047416269779205322e-02
7.038027048110961914e-02
6.968966126441955566e-02
6.906957924365997314e-02
6.830007582902908325e-02
6.899337470531463623e-02
6.769886612892150879e-02
6.691764295101165771e-02
6.759698688983917236e-02
6.630004942417144775e-02
6.621003895998001099e-02
6.552977859973907471e-02
4.852281510829925537e-02
4.840831458568572998e-02
4.915508255362510681e-02
5.129835754632949829e-02
5.055807530879974365e-02
5.121431499719619751e-02
5.196686089038848877e-02
5.338951200246810913e-02
5.492776632308959961e-02
5.644893646240234375e-02
5.798308551311492920e-02
5.951978266239166260e-02
6.105230376124382019e-02
6.259281188249588013e-02
6.491921842098236084e-02
6.483240425586700439e-02
6.414847075939178467e-02
8.791048824787139893e-02
8.944800496101379395e-02
9.098604321479797363e-02
9.251541644334793091e-02
9.404173493385314941e-02
9.557002037763595581e-02
1.010676622390747070e-01
9.708936512470245361e-02
9.923231601715087891e-02
9.986681491136550903e-02
9.918373078107833862e-02
9.855014830827713013e-02
8.368141949176788330e-02
8.507382869720458984e-02
8.643913269042968750e-02
8.228884637355804443e-02
8.089649677276611328e-02
7.950679957866668701e-02
7.812338322401046753e-02
7.673549652099609375e-02
7.533544301986694336e-02
7.394544780254364014e-02
7.255373150110244751e-02
7.116403430700302124e-02
6.978057324886322021e-02
6.838545203208923340e-02
6.699606776237487793e-02
6.561478972434997559e-02
5.000901594758033752e-02
4.991589486598968506e-02
4.925826191902160645e-02
5.065475404262542725e-02
5.281542986631393433e-02
5.273720622062683105e-02
5.205127969384193420e-02
5.348360165953636169e-02
5.434375628829002380e-02
5.501692742109298706e-02
5.424504354596138000e-02
5.585792660713195801e-02
5.577003955841064453e-02
5.652685090899467468e-02
5.738552659749984741e-02
5.807491019368171692e-02
5.729974806308746338e-02
5.892731994390487671e-02
5.883251503109931946e-02
5.960782244801521301e-02
6.046683713793754578e-02
6.037284433841705322e-02
6.114133074879646301e-02
6.199803948402404785e-02
6.192036718130111694e-02
6.268157064914703369e-02
6.354524195194244385e-02
6.346727162599563599e-02
6.423700600862503052e-02
8.731468766927719116e-02
8.799072355031967163e-02
8.722552657127380371e-02
8.886036276817321777e-02
8.876399695873260498e-02
8.952824771404266357e-02
9.038385748863220215e-02
9.030350297689437866e-02
9.106189757585525513e-02
9.193199872970581055e-02
9.184494614601135254e-02
9.260240197181701660e-02
9.346131980419158936e-02
9.336732327938079834e-02
9.413874149322509766e-02
9.499284625053405762e-02
9.566034376621246338e-02
9.490188956260681152e-02
1.018551588058471680e-01
1.011712253093719482e-01
1.017511934041976929e-01
9.650027006864547729e-02
9.718831628561019897e-02
9.642177820205688477e-02
1.006394624710083008e-01
9.994444251060485840e-02
1.005571112036705017e-01
9.801013767719268799e-02
9.793164581060409546e-02
9.862501174211502075e-02
8.454068005084991455e-02
8.377037942409515381e-02
8.445806056261062622e-02
8.592800796031951904e-02
8.515613526105880737e-02
8.584036678075790405e-02
8.652378618717193604e-02
8.316276967525482178e-02
8.237043023109436035e-02
8.307877182960510254e-02
8.176873624324798584e-02
8.098642528057098389e-02
8.167552947998046875e-02
8.038353919982910156e-02
7.959645986557006836e-02
8.029608428478240967e-02
7.899367064237594604e-02
7.820869237184524536e-02
7.889147102832794189e-02
7.760095596313476562e-02
7.681331038475036621e-02
7.750529795885086060e-02
7.620872557163238525e-02
7.612451165914535522e-02
7.542386651039123535e-02
7.480250298976898193e-02
7.402861863374710083e-02
7.471759617328643799e-02
7.341897487640380859e-02
7.263591885566711426e-02
7.332658767700195312e-02
7.202503830194473267e-02
7.124809175729751587e-02
7.194441556930541992e-02
7.063493132591247559e-02
6.985303759574890137e-02
7.055298238992691040e-02
6.924478709697723389e-02
6.916032731533050537e-02
6.847254186868667603e-02
6.786635518074035645e-02
6.777852773666381836e-02
6.707981228828430176e-02
6.648288667201995850e-02
6.569945812225341797e-02
6.639945507049560547e-02
4.880987107753753662e-02
4.866974055767059326e-02
4.940363764762878418e-02
5.152515321969985962e-02
5.141096934676170349e-02
5.076821520924568176e-02
5.216242745518684387e-02
5.357482284307479858e-02
5.509497225284576416e-02
5.661701411008834839e-02
5.815288051962852478e-02
5.969409644603729248e-02
6.123661994934082031e-02
6.276696920394897461e-02
6.509990245103836060e-02
6.432954967021942139e-02
6.501118838787078857e-02
8.808138966560363770e-02
8.962591737508773804e-02
9.116008877754211426e-02
9.268577396869659424e-02
9.422968327999114990e-02
9.574406594038009644e-02
1.012531667947769165e-01
9.726867079734802246e-02
9.939447045326232910e-02
9.931597113609313965e-02
1.000127419829368591e-01
9.870252013206481934e-02
8.384959399700164795e-02
8.524398505687713623e-02
8.660417795181274414e-02
8.245649933815002441e-02
8.107122778892517090e-02
7.968171685934066772e-02
7.829769700765609741e-02
7.690893113613128662e-02
7.550729811191558838e-02
7.410869002342224121e-02
7.271865010261535645e-02
7.132979482412338257e-02
6.994593888521194458e-02
6.855715811252593994e-02
6.716410070657730103e-02
6.578944623470306396e-02
5.035349354147911072e-02
5.018065869808197021e-02
4.958754032850265503e-02
5.093387886881828308e-02
5.303429812192916870e-02
5.226315557956695557e-02
5.292800813913345337e-02
5.368167161941528320e-02
5.451453849673271179e-02
5.442478507757186890e-02
5.518724769353866577e-02
5.604028701782226562e-02
5.595287308096885681e-02
5.671583861112594604e-02
5.757350847125053406e-02
5.747492611408233643e-02
5.824153870344161987e-02
5.910244956612586975e-02
5.900752544403076172e-02
5.977948382496833801e-02
6.063330918550491333e-02
6.054805591702461243e-02
6.131735071539878845e-02
6.217412278056144714e-02
6.208652630448341370e-02
6.286603212356567383e-02
6.372797489166259766e-02
6.362630426883697510e-02
6.441122293472290039e-02
8.748115599155426025e-02
8.815386891365051270e-02
8.738267421722412109e-02
8.902803063392639160e-02
8.892585337162017822e-02
8.969148993492126465e-02
9.056677669286727905e-02
9.047891199588775635e-02
9.125966578722000122e-02
9.211774170398712158e-02
9.202083945274353027e-02
9.277613461017608643e-02
9.364101290702819824e-02
9.354367852210998535e-02
9.431427717208862305e-02
9.516264498233795166e-02
9.506926685571670532e-02
9.584420919418334961e-02
1.019507646560668945e-01
1.013037711381912231e-01
1.019143760204315186e-01
9.669928252696990967e-02
9.660004079341888428e-02
9.735669940710067749e-02
1.007099747657775879e-01
1.006744056940078735e-01
1.000494509935379028e-01
9.817929565906524658e-02
9.810912609100341797e-02
9.877622127532958984e-02
8.471408486366271973e-02
8.394150435924530029e-02
8.462946861982345581e-02
8.610232174396514893e-02
8.601431548595428467e-02
8.533433079719543457e-02
8.669708669185638428e-02
8.334644138813018799e-02
8.254985511302947998e-02
8.325375616550445557e-02
8.195300400257110596e-02
8.115573972463607788e-02
8.186714351177215576e-02
8.055635541677474976e-02
7.977395504713058472e-02
8.046832680702209473e-02
7.915926724672317505e-02
7.838221639394760132e-02
7.908184826374053955e-02
7.777540385723114014e-02
7.768947631120681763e-02
7.700239866971969604e-02
7.638791948556900024e-02
7.629197090864181519e-02
7.559008896350860596e-02
7.499220967292785645e-02
7.489042729139328003e-02
7.421387732028961182e-02
7.359537482261657715e-02
7.280816137790679932e-02
7.350091636180877686e-02
7.220915704965591431e-02
7.141906023025512695e-02
7.211957126855850220e-02
7.081178575754165649e-02
7.072478532791137695e-02
7.003869861364364624e-02
6.942389905452728271e-02
6.934288144111633301e-02
6.863032281398773193e-02
6.804437935352325439e-02
6.724940240383148193e-02
6.795213371515274048e-02
6.665479391813278198e-02
6.587762385606765747e-02
6.657055765390396118e-02
4.922258108854293823e-02
4.901783168315887451e-02
4.978026449680328369e-02
5.180536210536956787e-02
5.167063325643539429e-02
5.108179897069931030e-02
5.242130905389785767e-02
5.377078056335449219e-02
5.527009069919586182e-02
5.681161582469940186e-02
5.833186954259872437e-02
5.986070632934570312e-02
6.140325590968132019e-02
6.294942647218704224e-02
6.526069343090057373e-02
6.449864804744720459e-02
6.519180536270141602e-02
8.824297785758972168e-02
8.979895710945129395e-02
9.133632481098175049e-02
9.288175404071807861e-02
9.440509974956512451e-02
9.592672437429428101e-02
1.013416275382041931e-01
9.744123369455337524e-02
9.946723282337188721e-02
1.001040413975715637e-01
9.943093359470367432e-02
9.883551299571990967e-02
8.403720706701278687e-02
8.540101349353790283e-02
8.678492903709411621e-02
8.264512568712234497e-02
8.124482631683349609e-02
7.985828816890716553e-02
7.847876101732254028e-02
7.708480954170227051e-02
7.567825913429260254e-02
7.428598403930664062e-02
7.289950549602508545e-02
7.151565700769424438e-02
7.012361288070678711e-02
6.872487068176269531e-02
6.734076142311096191e-02
6.596234440803527832e-02
5.075401067733764648e-02
4.998725280165672302e-02
5.054663121700286865e-02
5.127155035734176636e-02
5.321748554706573486e-02
5.250853672623634338e-02
5.312979221343994141e-02
5.386094003915786743e-02
5.469252169132232666e-02
5.460696667432785034e-02
5.536416172981262207e-02
5.621648579835891724e-02
5.612673237919807434e-02
5.689735338091850281e-02
5.773302167654037476e-02
5.764603614807128906e-02
5.841818079352378845e-02
5.927153676748275757e-02
5.918729305267333984e-02
5.994677171111106873e-02
6.080009043216705322e-02
6.072117015719413757e-02
6.149846315383911133e-02
6.235131248831748962e-02
6.225738674402236938e-02
6.303314864635467529e-02
6.389209628105163574e-02
6.457561254501342773e-02
6.381156295537948608e-02
8.765438199043273926e-02
8.756819367408752441e-02
8.833205699920654297e-02
8.919498324394226074e-02
8.988383412361145020e-02
8.911797404289245605e-02
9.074712544679641724e-02
9.141102433204650879e-02
9.064560383558273315e-02
9.228122979402542114e-02
9.219586849212646484e-02
9.296695142984390259e-02
9.382860362529754639e-02
9.373554587364196777e-02
9.449584037065505981e-02
9.535411000251770020e-02
9.526647627353668213e-02
9.602993726730346680e-02
1.019760519266128540e-01
1.013432517647743225e-01
1.019716486334800720e-01
9.688226878643035889e-02
9.678623080253601074e-02
9.753460437059402466e-02
1.006470471620559692e-01
1.000575721263885498e-01
1.006709933280944824e-01
9.834013879299163818e-02
9.826108813285827637e-02
9.890311956405639648e-02
8.488629013299942017e-02
8.412018418312072754e-02
8.480229973793029785e-02
8.626884222030639648e-02
8.549846708774566650e-02
8.618634939193725586e-02
8.686982840299606323e-02
8.351581543684005737e-02
8.272680640220642090e-02
8.343300223350524902e-02
8.211655914783477783e-02
8.133831620216369629e-02
8.202423155307769775e-02
8.072424679994583130e-02
7.995173335075378418e-02
8.064766228199005127e-02
7.933732867240905762e-02
7.925695180892944336e-02
7.855529338121414185e-02
7.794693112373352051e-02
7.717002928256988525e-02
7.785952091217041016e-02
7.656623423099517822e-02
7.646792382001876831e-02
7.577741146087646484e-02
7.516907155513763428e-02
7.507447898387908936e-02
7.438129186630249023e-02
7.376289367675781250e-02
7.368537038564682007e-02
7.298216968774795532e-02
7.237467914819717407e-02
7.228502631187438965e-02
7.159329205751419067e-02
7.099352031946182251e-02
7.020843029022216797e-02
7.089823484420776367e-02
6.960238516330718994e-02
6.951951980590820312e-02
6.881311535835266113e-02
6.820867955684661865e-02
6.742844730615615845e-02
6.813678145408630371e-02
6.682689487934112549e-02
6.604806333780288696e-02
6.673702597618103027e-02
4.972057789564132690e-02
4.947154596447944641e-02
5.022412911057472229e-02
5.201974511146545410e-02
5.191054195165634155e-02
5.137642472982406616e-02
5.262437462806701660e-02
5.396159738302230835e-02
5.544896051287651062e-02
5.698184669017791748e-02
5.850168690085411072e-02
6.003300473093986511e-02
6.157761439681053162e-02
6.312436610460281372e-02
6.544024497270584106e-02
6.535688042640686035e-02
6.467761099338531494e-02
8.842659741640090942e-02
8.996932208538055420e-02
9.151221066713333130e-02
9.304769337177276611e-02
9.459628164768218994e-02
9.614049643278121948e-02
1.013180166482925415e-01
9.760561585426330566e-02
9.955739974975585938e-02
1.000989079475402832e-01
9.953311085700988770e-02
9.895983338356018066e-02
8.420376479625701904e-02
8.557924628257751465e-02
8.696777373552322388e-02
8.282405138015747070e-02
8.142684400081634521e-02
8.003909140825271606e-02
7.864678651094436646e-02
7.725560665130615234e-02
7.585720717906951904e-02
7.447382807731628418e-02
7.306908071041107178e-02
7.168401032686233521e-02
7.029209285974502563e-02
6.891387701034545898e-02
6.751082092523574829e-02
6.613919138908386230e-02
5.124552920460700989e-02
5.099972337484359741e-02
5.047905445098876953e-02
5.163382738828659058e-02
5.306668952107429504e-02
5.254096537828445435e-02
5.315088853240013123e-02
5.387873575091362000e-02
5.482627451419830322e-02
5.552406609058380127e-02
5.475806817412376404e-02
5.639028921723365784e-02
5.705312266945838928e-02
5.630064755678176880e-02
5.791026726365089417e-02
5.858934298157691956e-02
5.782298371195793152e-02
5.943753197789192200e-02
6.012465059757232666e-02
5.935664474964141846e-02
6.098252162337303162e-02
6.165978685021400452e-02
6.090031564235687256e-02
6.251203268766403198e-02
6.320521235466003418e-02
6.242813542485237122e-02
6.406570225954055786e-02
6.398488581180572510e-02
6.474263221025466919e-02
8.783143758773803711e-02
8.773873746395111084e-02
8.850943297147750854e-02
8.937539905309677124e-02
8.928616344928741455e-02
9.006941318511962891e-02
9.091760218143463135e-02
9.084476530551910400e-02
9.161013364791870117e-02
9.247009456157684326e-02
9.236659109592437744e-02
9.314841777086257935e-02
9.401340782642364502e-02
9.468467533588409424e-02
9.391734004020690918e-02
9.553484618663787842e-02
9.621350467205047607e-02
9.544785320758819580e-02
1.018922105431556702e-01
1.012658923864364624e-01
1.019223853945732117e-01
9.710125625133514404e-02
9.699206054210662842e-02
9.771250933408737183e-02
1.004827842116355896e-01
1.000168249011039734e-01
1.005647331476211548e-01
9.883317351341247559e-02
9.859224408864974976e-02
9.920072555541992188e-02
8.507365733385086060e-02
8.496951311826705933e-02
8.428739756345748901e-02
8.644903451204299927e-02
8.568860590457916260e-02
8.635552227497100830e-02
8.704217523336410522e-02
8.369168639183044434e-02
8.359602838754653931e-02
8.290083706378936768e-02
8.230622112751007080e-02
8.221654593944549561e-02
8.152922987937927246e-02
8.091680705547332764e-02
8.081707358360290527e-02
8.013127744197845459e-02
7.951968908309936523e-02
7.943449169397354126e-02
7.872391492128372192e-02
7.813382148742675781e-02
7.734358310699462891e-02
7.802883535623550415e-02
7.673849165439605713e-02
7.595436275005340576e-02
7.664646208286285400e-02
7.534636557102203369e-02
7.455900311470031738e-02
7.525437325239181519e-02
7.395162433385848999e-02
7.315675914287567139e-02
7.385525852441787720e-02
7.255838811397552490e-02
7.247208803892135620e-02
7.177034765481948853e-02
7.116144150495529175e-02
7.038629055023193359e-02
7.108470052480697632e-02
6.976620852947235107e-02
6.899391859769821167e-02
6.968391686677932739e-02
6.838165223598480225e-02
6.759724020957946777e-02
6.829379498958587646e-02
6.699297577142715454e-02
6.691878288984298706e-02
6.622216105461120605e-02
5.031654983758926392e-02
5.000594258308410645e-02
5.078164860606193542e-02
5.215353518724441528e-02
5.393596366047859192e-02
5.561165139079093933e-02
5.714045092463493347e-02
5.867865309119224548e-02
6.021112948656082153e-02
6.174226105213165283e-02
6.329429894685745239e-02
6.561608612537384033e-02
6.552729755640029907e-02
6.483606994152069092e-02
8.861011266708374023e-02
9.014937281608581543e-02
9.168861806392669678e-02
9.324209392070770264e-02
9.477886557579040527e-02
9.632176905870437622e-02
1.011982113122940063e-01
9.795349836349487305e-02
9.965420514345169067e-02
8.437316119670867920e-02
8.575087785720825195e-02
8.713448047637939453e-02
8.298711478710174561e-02
8.161281049251556396e-02
8.021109551191329956e-02
7.881848514080047607e-02
7.742472738027572632e-02
7.603451609611511230e-02
7.463706284761428833e-02
7.325570285320281982e-02
7.186367362737655640e-02
7.046706974506378174e-02
6.908573955297470093e-02
6.770427525043487549e-02
6.631299853324890137e-02
5.196854099631309509e-02
5.114078521728515625e-02
5.160585045814514160e-02
5.251931771636009216e-02
5.358643829822540283e-02
5.420218408107757568e-02
5.332172289490699768e-02
5.507475137710571289e-02
5.572516098618507385e-02
5.495855957269668579e-02
5.656397715210914612e-02
5.723783001303672791e-02
5.647570639848709106e-02
5.808514729142189026e-02
5.876193568110466003e-02
5.799601227045059204e-02
5.961145460605621338e-02
6.030716747045516968e-02
5.952705070376396179e-02
6.115426868200302124e-02
6.183388829231262207e-02
6.106218323111534119e-02
6.268778443336486816e-02
6.337122619152069092e-02
6.260865926742553711e-02
6.423734873533248901e-02
6.415717303752899170e-02
6.492260843515396118e-02
8.800643682479858398e-02
8.790172636508941650e-02
8.869327604770660400e-02
8.955769240856170654e-02
8.947142958641052246e-02
9.023277461528778076e-02
9.110613167285919189e-02
9.100968390703201294e-02
9.179249405860900879e-02
9.266671538352966309e-02
9.333302080631256104e-02
9.255813062191009521e-02
9.420474618673324585e-02
9.410117566585540771e-02
9.487234055995941162e-02
9.574110060930252075e-02
9.640521556138992310e-02
9.563560783863067627e-02
1.017042696475982666e-01
1.010964289307594299e-01
1.017882376909255981e-01
9.726153314113616943e-02
9.716644883155822754e-02
9.804869443178176880e-02
1.001847833395004272e-01
9.950286149978637695e-02
1.003355234861373901e-01
8.524714410305023193e-02
8.446289598941802979e-02
8.514963090419769287e-02
8.663646876811981201e-02
8.652576804161071777e-02
8.585134148597717285e-02
8.723066002130508423e-02
8.386887609958648682e-02
8.377446234226226807e-02
8.308206498622894287e-02
8.247435092926025391e-02
8.238857984542846680e-02
8.169203251600265503e-02
8.108350634574890137e-02
8.029752969741821289e-02
8.099193871021270752e-02
7.970046252012252808e-02
7.962019741535186768e-02
7.890839874744415283e-02
7.830220460891723633e-02
7.752290368080139160e-02
7.822850346565246582e-02
7.692059874534606934e-02
7.612119615077972412e-02
7.682834565639495850e-02
7.551605999469757080e-02
7.473673671483993530e-02
7.541488856077194214e-02
7.411703467369079590e-02
7.334156334400177002e-02
7.402665913105010986e-02
7.274428009986877441e-02
7.195103168487548828e-02
7.263468205928802490e-02
7.133948802947998047e-02
7.054843753576278687e-02
7.124636322259902954e-02
6.996582448482513428e-02
6.917706131935119629e-02
6.986005604267120361e-02
6.856859475374221802e-02
6.776660680770874023e-02
6.847570836544036865e-02
6.717464327812194824e-02
6.639256328344345093e-02
6.707960367202758789e-02
5.099518969655036926e-02
5.066055804491043091e-02
5.149705708026885986e-02
5.277220159769058228e-02
5.432346835732460022e-02
5.582110956311225891e-02
5.730953067541122437e-02
5.883927643299102783e-02
6.037121266126632690e-02
6.191310659050941467e-02
6.346952170133590698e-02
6.579028069972991943e-02
6.501580774784088135e-02
6.570161134004592896e-02
8.878105878829956055e-02
9.034032374620437622e-02
9.188636392354965210e-02
9.342578798532485962e-02
9.497938305139541626e-02
9.650629758834838867e-02
1.009431779384613037e-01
9.871131181716918945e-02
9.877879917621612549e-02
9.798692166805267334e-02
9.945309162139892578e-02
8.594176173210144043e-02
8.455144613981246948e-02
8.731478452682495117e-02
8.317044377326965332e-02
8.178977668285369873e-02
8.039601892232894897e-02
7.900227606296539307e-02
7.762265205383300781e-02
7.622481882572174072e-02
7.481722533702850342e-02
7.343292236328125000e-02
7.202797383069992065e-02
7.064064592123031616e-02
6.925681233406066895e-02
6.786511838436126709e-02
6.648626178503036499e-02
5.263937264680862427e-02
5.182400345802307129e-02
5.231209099292755127e-02
5.310771241784095764e-02
5.394623801112174988e-02
5.450705066323280334e-02
5.375339463353157043e-02
5.505622923374176025e-02
5.580405145883560181e-02
5.506464838981628418e-02
5.672938376665115356e-02
5.664307996630668640e-02
5.740099027752876282e-02
5.825585871934890747e-02
5.817393213510513306e-02
5.892740562558174133e-02
5.978535115718841553e-02
5.970604717731475830e-02
6.046820804476737976e-02
6.131435558199882507e-02
6.123077124357223511e-02
6.200094521045684814e-02
6.285270303487777710e-02
6.354610621929168701e-02
6.278309226036071777e-02
6.441383063793182373e-02
6.432613730430603027e-02
6.510960310697555542e-02
8.818924427032470703e-02
8.808813989162445068e-02
8.887352049350738525e-02
8.973838388919830322e-02
8.964429795742034912e-02
9.041889011859893799e-02
9.128503501415252686e-02
9.119534492492675781e-02
9.196965396404266357e-02
9.283108264207839966e-02
9.274874627590179443e-02
9.352008998394012451e-02
9.438450634479522705e-02
9.505824744701385498e-02
9.429630637168884277e-02
9.593588858842849731e-02
9.659641981124877930e-02
9.583862125873565674e-02
1.014220565557479858e-01
1.007901281118392944e-01
1.015538722276687622e-01
9.741324186325073242e-02
9.732276201248168945e-02
9.805409610271453857e-02
9.994852542877197266e-02
9.932780265808105469e-02
1.000628992915153503e-01
8.681634068489074707e-02
8.601981401443481445e-02
8.671393990516662598e-02
8.542216569185256958e-02
8.463906496763229370e-02
8.533371984958648682e-02
8.739812672138214111e-02
8.404840528964996338e-02
8.326329290866851807e-02
8.395967632532119751e-02
8.264806121587753296e-02
8.187435567378997803e-02
8.256790786981582642e-02
8.127793669700622559e-02
8.118002116680145264e-02
8.049174398183822632e-02
7.987202703952789307e-02
7.979588210582733154e-02
7.908856868743896484e-02
7.848186045885086060e-02
7.770236581563949585e-02
7.839787006378173828e-02
7.709582149982452393e-02
7.629308104515075684e-02
7.699613273143768311e-02
7.568986713886260986e-02
7.491278648376464844e-02
7.561027258634567261e-02
7.430556416511535645e-02
7.351209223270416260e-02
7.420745491981506348e-02
7.291020452976226807e-02
7.212723791599273682e-02
7.282727956771850586e-02
7.151273638010025024e-02
7.073257118463516235e-02
7.142984122037887573e-02
7.012256979942321777e-02
7.003779709339141846e-02
6.934654712677001953e-02
6.872487813234329224e-02
6.864427030086517334e-02
6.795555353164672852e-02
6.734399497509002686e-02
6.724871695041656494e-02
6.657443940639495850e-02
5.178025737404823303e-02
5.137303099036216736e-02
5.220847949385643005e-02
5.328169837594032288e-02
5.449232459068298340e-02
5.588774755597114563e-02
5.748991295695304871e-02
5.901772156357765198e-02
6.055167317390441895e-02
6.208584085106849670e-02
6.363389641046524048e-02
6.596870720386505127e-02
6.588457524776458740e-02
6.517930328845977783e-02
8.895104378461837769e-02
9.053131937980651855e-02
9.206444770097732544e-02
9.362304210662841797e-02
9.515964984893798828e-02
9.666892886161804199e-02
1.006908416748046875e-01
9.867493808269500732e-02
9.869360923767089844e-02
9.803368896245956421e-02
9.930150210857391357e-02
8.750010281801223755e-02
8.612102270126342773e-02
8.473761379718780518e-02
8.334577828645706177e-02
8.196865022182464600e-02
8.056978881359100342e-02
7.919201254844665527e-02
7.778503000736236572e-02
7.639810442924499512e-02
7.499133050441741943e-02
7.359637320041656494e-02
7.221396267414093018e-02
7.081395387649536133e-02
6.942434608936309814e-02
6.804662197828292847e-02
6.664672493934631348e-02
5.337271839380264282e-02
5.300529301166534424e-02
5.257036164402961731e-02
5.364913120865821838e-02
5.420234054327011108e-02
5.553887784481048584e-02
5.613278225064277649e-02
5.528832226991653442e-02
5.672225728631019592e-02
5.672452598810195923e-02
5.749401077628135681e-02
5.844057723879814148e-02
5.834750831127166748e-02
5.910528823733329773e-02
5.996707826852798462e-02
5.988363921642303467e-02
6.065000221133232117e-02
6.148889660835266113e-02
6.217172741889953613e-02
6.139988079667091370e-02
6.302341073751449585e-02
6.371949613094329834e-02
6.293285638093948364e-02
6.457585096359252930e-02
6.448666751384735107e-02
6.527030467987060547e-02
8.836126327514648438e-02
8.904658257961273193e-02
8.827210217714309692e-02
8.992743492126464844e-02
9.060948342084884644e-02
8.982971310615539551e-02
9.147544205188751221e-02
9.138643741607666016e-02
9.215587377548217773e-02
9.304189682006835938e-02
9.293517470359802246e-02
9.371413290500640869e-02
9.457281231880187988e-02
9.447186440229415894e-02
9.526094794273376465e-02
9.612119197845458984e-02
9.676950424909591675e-02
9.602159261703491211e-02
1.010300889611244202e-01
1.004789397120475769e-01
1.012219116091728210e-01
9.779967367649078369e-02
9.759694337844848633e-02
9.823432564735412598e-02
9.950391948223114014e-02
9.908097237348556519e-02
9.971650689840316772e-02
8.758942782878875732e-02
8.698749542236328125e-02
8.620733022689819336e-02
8.689856529235839844e-02
8.560918271541595459e-02
8.481715619564056396e-02
8.551987260580062866e-02
8.421873301267623901e-02
8.344097435474395752e-02
8.412969112396240234e-02
8.284074813127517700e-02
8.274832367897033691e-02
8.205834031105041504e-02
8.144853264093399048e-02
8.133929967880249023e-02
8.066504448652267456e-02
8.005954325199127197e-02
7.997338473796844482e-02
7.926407456398010254e-02
7.866217195987701416e-02
7.788253575563430786e-02
7.856126874685287476e-02
7.727214694023132324e-02
7.647538185119628906e-02
7.718283683061599731e-02
7.586815208196640015e-02
7.509456574916839600e-02
7.578392326831817627e-02
7.448127865791320801e-02
7.368871569633483887e-02
7.439011335372924805e-02
7.307580113410949707e-02
7.299095392227172852e-02
7.230020314455032349e-02
7.168801128864288330e-02
7.161247730255126953e-02
7.091258466243743896e-02
7.029604911804199219e-02
6.952022016048431396e-02
7.019871473312377930e-02
6.890201568603515625e-02
6.812027096748352051e-02
6.882403045892715454e-02
6.751580536365509033e-02
6.674300134181976318e-02
6.743013113737106323e-02
5.263842269778251648e-02
5.221472308039665222e-02
5.300505086779594421e-02
5.421117320656776428e-02
5.463034659624099731e-02
5.378276482224464417e-02
5.612936988472938538e-02
5.487198755145072937e-02
5.757793784141540527e-02
5.920389294624328613e-02
6.073172390460968018e-02
6.225859373807907104e-02
6.379235535860061646e-02
6.613150238990783691e-02
6.535263359546661377e-02
6.604652851819992065e-02
8.915677666664123535e-02
9.070351719856262207e-02
9.224347770214080811e-02
9.381783753633499146e-02
9.536392241716384888e-02
9.697267413139343262e-02
1.002560108900070190e-01
9.865178167819976807e-02
8.767691254615783691e-02
8.630406856536865234e-02
8.491501212120056152e-02
8.353333175182342529e-02
8.214061707258224487e-02
8.075450360774993896e-02
7.936109602451324463e-02
7.795179635286331177e-02
7.657038420438766479e-02
7.517099380493164062e-02
7.378491759300231934e-02
7.239112257957458496e-02
7.099674642086029053e-02
6.962102651596069336e-02
6.822039932012557983e-02
6.682046502828598022e-02
5.342491343617439270e-02
5.522848293185234070e-02
5.539300665259361267e-02
5.598219856619834900e-02
5.472012609243392944e-02
5.709201097488403320e-02
5.776468664407730103e-02
5.690910294651985168e-02
5.861363932490348816e-02
5.928691104054450989e-02
5.852711200714111328e-02
6.011155247688293457e-02
6.079594045877456665e-02
6.004242599010467529e-02
6.165312603116035461e-02
6.156988069415092468e-02
6.233964115381240845e-02
6.310447305440902710e-02
6.383337080478668213e-02
6.305579841136932373e-02
6.477092206478118896e-02
6.468170136213302612e-02
6.545137614011764526e-02
8.855029940605163574e-02
8.925002813339233398e-02
8.846384286880493164e-02
9.010395407676696777e-02
9.078926593065261841e-02
9.001168608665466309e-02
9.166339039802551270e-02
9.157635271549224854e-02
9.234930574893951416e-02
9.322707355022430420e-02
9.314294159412384033e-02
9.390300512313842773e-02
9.478347748517990112e-02
9.468568861484527588e-02
9.544616937637329102e-02
9.630811959505081177e-02
9.704591333866119385e-02
9.621474146842956543e-02
1.005485802888870239e-01
1.000237911939620972e-01
1.007879376411437988e-01
9.895990043878555298e-02
9.923209249973297119e-02
9.838336706161499023e-02
8.778102695941925049e-02
8.717745542526245117e-02
8.638594299554824829e-02
8.709190785884857178e-02
8.580444008111953735e-02
8.500467240810394287e-02
8.569689840078353882e-02
8.440673351287841797e-02
8.431617170572280884e-02
8.363053947687149048e-02
8.300745487213134766e-02
8.224131166934967041e-02
8.292982727289199829e-02
8.163134753704071045e-02
8.084598183631896973e-02
8.153013885021209717e-02
8.024387061595916748e-02
8.015171438455581665e-02
7.945661246776580811e-02
7.884212583303451538e-02
7.875359058380126953e-02
7.805571705102920532e-02
7.745821774005889893e-02
7.735291868448257446e-02
7.666651904582977295e-02
7.605203241109848022e-02
7.597117125988006592e-02
7.527304440736770630e-02
7.466270774602890015e-02
7.386903464794158936e-02
7.456760108470916748e-02
7.326012104749679565e-02
7.247742265462875366e-02
7.316982746124267578e-02
7.186925411224365234e-02
7.108873873949050903e-02
7.178434729576110840e-02
7.047022879123687744e-02
6.969324499368667603e-02
7.039102911949157715e-02
6.908623129129409790e-02
6.829103082418441772e-02
6.899629533290863037e-02
6.769435107707977295e-02
6.691582500934600830e-02
6.761444360017776489e-02
5.359555035829544067e-02
5.312201753258705139e-02
5.390673503279685974e-02
5.583176389336585999e-02
5.627205967903137207e-02
5.553117394447326660e-02
5.441333726048469543e-02
5.785520002245903015e-02
5.646354705095291138e-02
5.935864895582199097e-02
6.088550388813018799e-02
6.238623708486557007e-02
6.394248455762863159e-02
6.628593802452087402e-02
6.620477139949798584e-02
6.553296744823455811e-02
8.933857083320617676e-02
9.089667350053787231e-02
9.245584160089492798e-02
9.400565922260284424e-02
9.555183351039886475e-02
9.760327637195587158e-02
9.770131111145019531e-02
9.695772826671600342e-02
9.975858032703399658e-02
9.828794002532958984e-02
8.786551654338836670e-02
8.648897707462310791e-02
8.509242534637451172e-02
8.372016251087188721e-02
8.232353627681732178e-02
8.093637973070144653e-02
7.954141497611999512e-02
7.815089821815490723e-02
7.675680518150329590e-02
7.535752654075622559e-02
7.395325601100921631e-02
7.256297022104263306e-02
7.116043567657470703e-02
6.978602707386016846e-02
6.839290261268615723e-02
6.698460876941680908e-02
5.464029312133789062e-02
5.493183434009552002e-02
5.522550642490386963e-02
5.411373823881149292e-02
5.740277096629142761e-02
5.799813941121101379e-02
5.723849684000015259e-02
5.576646327972412109e-02
5.579368770122528076e-02
5.642472952604293823e-02
5.853943899273872375e-02
5.857461318373680115e-02
5.932489410042762756e-02
6.007333099842071533e-02
6.086818128824234009e-02
6.009041517972946167e-02
6.162756308913230896e-02
6.237269937992095947e-02
6.163015216588973999e-02
6.370465457439422607e-02
6.425420939922332764e-02
6.340140104293823242e-02
6.503544002771377563e-02
6.565957516431808472e-02
6.491519510746002197e-02
8.873250335454940796e-02
8.865409344434738159e-02
8.941836655139923096e-02
9.030732512474060059e-02
9.098950028419494629e-02
9.020763635635375977e-02
9.186542779207229614e-02
9.176793694496154785e-02
9.254970401525497437e-02
9.341862797737121582e-02
9.331100434064865112e-02
9.410460293292999268e-02
9.498928487300872803e-02
9.564153850078582764e-02
9.488746523857116699e-02
9.674932062625885010e-02
9.651805460453033447e-02
9.717772901058197021e-02
9.994847327470779419e-02
9.945526719093322754e-02
1.002371013164520264e-01
9.839066118001937866e-02
9.800498187541961670e-02
9.867548942565917969e-02
8.795605599880218506e-02
8.736030757427215576e-02
8.657306432723999023e-02
8.726221323013305664e-02
8.597359806299209595e-02
8.519311994314193726e-02
8.588790893554687500e-02
8.460611104965209961e-02
8.380492776632308960e-02
8.449523150920867920e-02
8.320496231317520142e-02
8.242574334144592285e-02
8.311547338962554932e-02
8.181142807006835938e-02
8.171926438808441162e-02
8.102434873580932617e-02
8.042576909065246582e-02
7.963942736387252808e-02
8.032703399658203125e-02
7.903064787387847900e-02
7.825344800949096680e-02
7.893642783164978027e-02
7.762710750102996826e-02
7.754138112068176270e-02
7.683720439672470093e-02
7.623310387134552002e-02
7.614006847143173218e-02
7.544641196727752686e-02
7.484689354896545410e-02
7.404319196939468384e-02
7.475201785564422607e-02
7.342961430549621582e-02
7.265882194042205811e-02
7.335145026445388794e-02
7.204157114028930664e-02
7.127039879560470581e-02
7.195555418729782104e-02
7.064723968505859375e-02
6.985867023468017578e-02
7.055792957544326782e-02
6.926189363002777100e-02
6.847544759511947632e-02
6.916701048612594604e-02
6.776176393032073975e-02
6.701475381851196289e-02
6.773411482572555542e-02
5.520038679242134094e-02
5.657205730676651001e-02
5.796978622674942017e-02
5.929613485932350159e-02
6.085329502820968628e-02
6.238481774926185608e-02
6.199812144041061401e-02
6.273729354143142700e-02
6.303851306438446045e-02
6.437537074089050293e-02
6.631412357091903687e-02
6.629845499992370605e-02
6.566811352968215942e-02
8.951346576213836670e-02
9.109015762805938721e-02
9.263949096202850342e-02
9.420520812273025513e-02
9.586563706398010254e-02
9.757415950298309326e-02
9.917308390140533447e-02
8.804953098297119141e-02
8.667820692062377930e-02
8.528716862201690674e-02
8.390854299068450928e-02
8.251488208770751953e-02
8.111356198787689209e-02
7.972836494445800781e-02
7.833062112331390381e-02
7.693034410476684570e-02
7.553622871637344360e-02
7.413455843925476074e-02
7.273617386817932129e-02
7.134997844696044922e-02
6.995698809623718262e-02
6.851376593112945557e-02
6.704176217317581177e-02
5.696700513362884521e-02
5.635083466768264771e-02
5.718240514397621155e-02
5.774293839931488037e-02
5.822801589965820312e-02
5.838510021567344666e-02
5.914682149887084961e-02
6.083076819777488708e-02
6.123404949903488159e-02
6.044342741370201111e-02
6.161189824342727661e-02
6.357087194919586182e-02
6.298330426216125488e-02
6.364005059003829956e-02
6.429342180490493774e-02
6.541620939970016479e-02
6.521473079919815063e-02
6.587152183055877686e-02
8.893234282732009888e-02
8.961774408817291260e-02
8.882862329483032227e-02
9.049098193645477295e-02
9.118685126304626465e-02
9.039623290300369263e-02
9.206126630306243896e-02
9.274562448263168335e-02
9.197427332401275635e-02
9.362129122018814087e-02
9.352186322212219238e-02
9.430421888828277588e-02
9.519863873720169067e-02
9.509128332138061523e-02
9.596631675958633423e-02
9.791032969951629639e-02
9.815109521150588989e-02
9.733865410089492798e-02
9.925547987222671509e-02
9.883159399032592773e-02
9.961334615945816040e-02
8.814576268196105957e-02
8.755920827388763428e-02
8.677715808153152466e-02
8.745285868644714355e-02
8.617496490478515625e-02
8.607240021228790283e-02
8.537739515304565430e-02
8.478888869285583496e-02
8.399941027164459229e-02
8.470015972852706909e-02
8.338625729084014893e-02
8.329977840185165405e-02
8.261500298976898193e-02
8.199797570705413818e-02
8.190345764160156250e-02
8.120423555374145508e-02
8.060620725154876709e-02
8.052107691764831543e-02
7.980927079916000366e-02
7.921577244997024536e-02
7.842127978801727295e-02
7.912671566009521484e-02
7.782363891601562500e-02
7.701909542083740234e-02
7.772409915924072266e-02
7.641183584928512573e-02
7.632195204496383667e-02
7.562024891376495361e-02
7.502704858779907227e-02
7.423105835914611816e-02
7.492858171463012695e-02
7.361885905265808105e-02
7.282664626836776733e-02
7.353619486093521118e-02
7.224101573228836060e-02
7.143115252256393433e-02
7.212197780609130859e-02
7.082276791334152222e-02
7.074032723903656006e-02
7.003908604383468628e-02
6.946936249732971191e-02
6.936770677566528320e-02
6.861092150211334229e-02
6.683625280857086182e-02
6.658367067575454712e-02
6.731485575437545776e-02
5.759548768401145935e-02
5.957549810409545898e-02
5.890420824289321899e-02
5.982096493244171143e-02
6.019693985581398010e-02
6.099486723542213440e-02
6.090192124247550964e-02
6.168027967214584351e-02
6.246384978294372559e-02
6.241672486066818237e-02
6.301495432853698730e-02
6.449309736490249634e-02
6.612664461135864258e-02
8.971270173788070679e-02
9.128088504076004028e-02
9.284459054470062256e-02
9.440863132476806641e-02
9.644073247909545898e-02
9.658379107713699341e-02
9.581910073757171631e-02
9.859152138233184814e-02
9.718023985624313354e-02
8.824831247329711914e-02
8.685662597417831421e-02
8.546680212020874023e-02
8.408312499523162842e-02
8.269883692264556885e-02
8.130146563053131104e-02
7.990733534097671509e-02
7.851898670196533203e-02
7.711038738489151001e-02
7.571998238563537598e-02
7.432355731725692749e-02
7.292660325765609741e-02
7.152783125638961792e-02
7.015061378479003906e-02
6.847587972879409790e-02
6.896608322858810425e-02
6.812357902526855469e-02
6.766471266746520996e-02
6.028486043214797974e-02
6.172847747802734375e-02
6.397724896669387817e-02
6.321027874946594238e-02
6.377305090427398682e-02
6.469738483428955078e-02
6.557127088308334351e-02
6.548798829317092896e-02
6.621077656745910645e-02
8.911719918251037598e-02
8.980727195739746094e-02
8.902666717767715454e-02
9.069624543190002441e-02
9.059223532676696777e-02
9.138217568397521973e-02
9.226246178150177002e-02
9.294755756855010986e-02
9.214757382869720459e-02
9.381757676601409912e-02
9.372375905513763428e-02
9.450548887252807617e-02
9.536200016736984253e-02
9.588816761970520020e-02
9.527046233415603638e-02
9.845752269029617310e-02
9.819483011960983276e-02
9.886293113231658936e-02
9.684912860393524170e-02
9.664265811443328857e-02
9.737411141395568848e-02
8.833613991737365723e-02
8.773677051067352295e-02
8.695600926876068115e-02
8.765204250812530518e-02
8.635355532169342041e-02
8.555994927883148193e-02
8.626239001750946045e-02
8.497810363769531250e-02
8.488032221794128418e-02
8.418579399585723877e-02
8.357520401477813721e-02
8.279055356979370117e-02
8.348815143108367920e-02
8.218407630920410156e-02
8.209277689456939697e-02
8.140641450881958008e-02
8.080022037029266357e-02
8.001001179218292236e-02
8.069878816604614258e-02
7.939402759075164795e-02
7.860373705625534058e-02
7.929607480764389038e-02
7.799492031335830688e-02
7.790885865688323975e-02
7.721934467554092407e-02
7.660129666328430176e-02
7.650391012430191040e-02
7.581889629364013672e-02
7.519459724426269531e-02
7.510632276535034180e-02
7.440511882305145264e-02
7.378920167684555054e-02
7.371841371059417725e-02
7.301068305969238281e-02
7.238841056823730469e-02
7.161185890436172485e-02
7.230155169963836670e-02
7.105325162410736084e-02
7.093752920627593994e-02
7.027494162321090698e-02
6.998437643051147461e-02
6.923098862171173096e-02
6.973106414079666138e-02
6.718392670154571533e-02
6.703119724988937378e-02
6.784169375896453857e-02
6.477787345647811890e-02
6.637839227914810181e-02
8.991423249244689941e-02
9.146767109632492065e-02
9.304371476173400879e-02
9.459650516510009766e-02
9.610345959663391113e-02
9.766697883605957031e-02
8.843196928501129150e-02
8.705326914787292480e-02
8.565954864025115967e-02
8.427846431732177734e-02
8.289110660552978516e-02
8.149158209562301636e-02
8.010375499725341797e-02
7.870480418205261230e-02
7.730042189359664917e-02
7.590234279632568359e-02
7.449959963560104370e-02
7.310201227664947510e-02
7.171144336462020874e-02
7.053019106388092041e-02
6.884320080280303955e-02
6.866900622844696045e-02
6.941734999418258667e-02
6.802899390459060669e-02
8.931138366460800171e-02
8.921313285827636719e-02
9.001943469047546387e-02
9.088848531246185303e-02
9.157745540142059326e-02
9.080155193805694580e-02
9.246708452701568604e-02
9.314487874507904053e-02
9.235704690217971802e-02
9.403456747531890869e-02
9.392653405666351318e-02
9.469951689243316650e-02
9.572535008192062378e-02
9.554946422576904297e-02
9.629055112600326538e-02
9.758505225181579590e-02
9.721027314662933350e-02
9.802841395139694214e-02
8.853055536746978760e-02
8.793723583221435547e-02
8.714926987886428833e-02
8.783644437789916992e-02
8.655881136655807495e-02
8.645809441804885864e-02
8.576323091983795166e-02
8.516085892915725708e-02
8.507278561592102051e-02
8.438576012849807739e-02
8.377277851104736328e-02
8.298318088054656982e-02
8.368259668350219727e-02
8.238972723484039307e-02
8.159451931715011597e-02
8.227998018264770508e-02
8.098238706588745117e-02
8.019941300153732300e-02
8.089497685432434082e-02
7.958160340785980225e-02
7.948549836874008179e-02
7.878798246383666992e-02
7.818349450826644897e-02
7.737755775451660156e-02
7.809003442525863647e-02
7.680399715900421143e-02
7.599401473999023438e-02
7.669686526060104370e-02
7.537705451250076294e-02
7.457993924617767334e-02
7.527688145637512207e-02
7.394464313983917236e-02
7.388114929199218750e-02
7.316862046718597412e-02
7.243511080741882324e-02
7.240645587444305420e-02
7.175160944461822510e-02
7.158866524696350098e-02
7.130748033523559570e-02
7.077629864215850830e-02
7.054261863231658936e-02
6.970281898975372314e-02
7.025666534900665283e-02
9.009265899658203125e-02
9.167673438787460327e-02
9.324568510055541992e-02
9.487685561180114746e-02
9.665728360414505005e-02
8.862673491239547729e-02
8.724173158407211304e-02
8.585121482610702515e-02
8.448023349046707153e-02
8.308076858520507812e-02
8.169499784708023071e-02
8.029201626777648926e-02
7.888725399971008301e-02
7.749021798372268677e-02
7.608763128519058228e-02
7.465999573469161987e-02
7.318703830242156982e-02
7.201576232910156250e-02
7.105273008346557617e-02
8.950948715209960938e-02
8.942125737667083740e-02
9.020847827196121216e-02
9.109502285718917847e-02
9.099489450454711914e-02
9.177527576684951782e-02
9.267529845237731934e-02
9.335866570472717285e-02
9.257326275110244751e-02
9.415611624717712402e-02
9.493621438741683960e-02
9.409673511981964111e-02
9.661152958869934082e-02
9.616497159004211426e-02
9.709630906581878662e-02
8.873184025287628174e-02
8.813676238059997559e-02
8.802983909845352173e-02
8.733670413494110107e-02
8.675026148557662964e-02
8.596671372652053833e-02
8.665236085653305054e-02
8.537164330482482910e-02
8.457228541374206543e-02
8.527357131242752075e-02
8.396678417921066284e-02
8.317092061042785645e-02
8.388925343751907349e-02
8.257552981376647949e-02
8.179037272930145264e-02
8.247845619916915894e-02
8.117634057998657227e-02
8.108174055814743042e-02
8.038358390331268311e-02
7.977194339036941528e-02
7.967951148748397827e-02
7.897268980741500854e-02
7.836677134037017822e-02
7.827837020158767700e-02
7.758675515651702881e-02
7.698658108711242676e-02
7.689278572797775269e-02
7.618338614702224731e-02
7.582473754882812500e-02
7.560458034276962280e-02
7.488809525966644287e-02
7.320965081453323364e-02
7.281960546970367432e-02
7.357148081064224243e-02
7.239932566881179810e-02
7.225810736417770386e-02
7.139218598604202271e-02
7.191383093595504761e-02
9.030577540397644043e-02
9.188844263553619385e-02
9.340965747833251953e-02
9.537737816572189331e-02
9.554744511842727661e-02
9.474951773881912231e-02
9.599421918392181396e-02
8.883449435234069824e-02
8.743642270565032959e-02
8.605611324310302734e-02
8.465499430894851685e-02
8.328178524971008301e-02
8.187393844127655029e-02
8.047693967819213867e-02
7.908993959426879883e-02
7.769431173801422119e-02
7.641091197729110718e-02
7.487089931964874268e-02
7.536014914512634277e-02
7.440498471260070801e-02
7.403140515089035034e-02
7.273827493190765381e-02
8.969808369874954224e-02
9.039968997240066528e-02
8.961105346679687500e-02
9.126771986484527588e-02
9.196119010448455811e-02
9.117820858955383301e-02
9.273615479469299316e-02
9.344393759965896606e-02
9.269618988037109375e-02
9.418193995952606201e-02
9.417039155960083008e-02
9.477410465478897095e-02
9.554040431976318359e-02
9.546251595020294189e-02
9.607970714569091797e-02
8.891722559928894043e-02
8.833061158657073975e-02
8.823908120393753052e-02
8.753950893878936768e-02
8.694645762443542480e-02
8.616022765636444092e-02
8.685909211635589600e-02
8.558171987533569336e-02
8.478003740310668945e-02
8.547327667474746704e-02
8.417315781116485596e-02
8.407010138034820557e-02
8.337549865245819092e-02
8.277477324008941650e-02
8.267474919557571411e-02
8.196255564689636230e-02
8.136746287345886230e-02
8.058233559131622314e-02
8.126841485500335693e-02
7.998837530612945557e-02
7.919119298458099365e-02
7.988904416561126709e-02
7.870499789714813232e-02
7.854124903678894043e-02
7.785534858703613281e-02
7.729703187942504883e-02
7.714916020631790161e-02
7.655851542949676514e-02
7.649879902601242065e-02
7.568345218896865845e-02
7.617215812206268311e-02
7.397986948490142822e-02
7.359238713979721069e-02
7.442307472229003906e-02
7.311117649078369141e-02
9.047070145606994629e-02
9.200161695480346680e-02
9.346754848957061768e-02
9.487301111221313477e-02
8.902882784605026245e-02
8.764490485191345215e-02
8.627501130104064941e-02
8.487515151500701904e-02
8.346591144800186157e-02
8.206529915332794189e-02
8.068434149026870728e-02
7.936581224203109741e-02
7.801036536693572998e-02
7.691582292318344116e-02
7.572679966688156128e-02
7.529675960540771484e-02
7.612024247646331787e-02
7.484865188598632812e-02
8.988592028617858887e-02
8.979063481092453003e-02
9.058091044425964355e-02
9.140937030315399170e-02
9.207393229007720947e-02
9.134450554847717285e-02
9.291503578424453735e-02
9.281706064939498901e-02
9.353869408369064331e-02
9.437958896160125732e-02
9.429081529378890991e-02
9.495975822210311890e-02
8.911185711622238159e-02
8.855064213275909424e-02
8.843973278999328613e-02
8.773782849311828613e-02
8.719332516193389893e-02
8.707364648580551147e-02
8.640249073505401611e-02
8.580052852630615234e-02
8.498902618885040283e-02
8.569049835205078125e-02
8.436243236064910889e-02
8.356016874313354492e-02
8.426509052515029907e-02
8.290828764438629150e-02
8.283351361751556396e-02
8.214925974607467651e-02
8.151455223560333252e-02
8.075522631406784058e-02
8.144799619913101196e-02
8.035877346992492676e-02
8.018333464860916138e-02
7.954896986484527588e-02
7.815207540988922119e-02
7.773701101541519165e-02
7.844467461109161377e-02
7.733201980590820312e-02
7.747419923543930054e-02
7.658922672271728516e-02
7.699874043464660645e-02
9.065081179141998291e-02
9.216073155403137207e-02
9.364996850490570068e-02
8.921526372432708740e-02
8.787266910076141357e-02
8.650186657905578613e-02
8.508520573377609253e-02
8.363638818264007568e-02
8.222389966249465942e-02
8.093734085559844971e-02
7.978776097297668457e-02
7.924534380435943604e-02
8.007875829935073853e-02
7.896460592746734619e-02
7.781932502985000610e-02
9.010714292526245117e-02
8.999833464622497559e-02
9.076489508152008057e-02
9.159265458583831787e-02
9.151125699281692505e-02
9.226191788911819458e-02
9.313213825225830078e-02
9.301941841840744019e-02
9.375594556331634521e-02
8.933042734861373901e-02
8.876979351043701172e-02
8.867625892162322998e-02
8.799503743648529053e-02
8.751399815082550049e-02
8.733313530683517456e-02
8.664067089557647705e-02
8.601602911949157715e-02
8.519577980041503906e-02
8.589520305395126343e-02
8.443054556846618652e-02
8.367059379816055298e-02
8.439929038286209106e-02
8.287756890058517456e-02
8.288817852735519409e-02
8.219408988952636719e-02
8.138358592987060547e-02
8.086548745632171631e-02
8.144955337047576904e-02
8.056814968585968018e-02
7.920084893703460693e-02
7.867541164159774780e-02
7.948537915945053101e-02
7.833432406187057495e-02
9.085013717412948608e-02
9.236777573823928833e-02
8.943565189838409424e-02
8.813950419425964355e-02
8.676339685916900635e-02
8.523061126470565796e-02
8.365733921527862549e-02
8.212662488222122192e-02
8.091698586940765381e-02
8.034841716289520264e-02
8.114746212959289551e-02
8.004841208457946777e-02
9.029033780097961426e-02
9.019431471824645996e-02
9.095193445682525635e-02
9.182871878147125244e-02
9.171643853187561035e-02
9.249839186668395996e-02
8.953817188739776611e-02
8.893127739429473877e-02
8.822197467088699341e-02
8.886375278234481812e-02
8.778314292430877686e-02
8.690191805362701416e-02
8.763825893402099609e-02
8.587557822465896606e-02
8.517003059387207031e-02
8.595094084739685059e-02
8.426717668771743774e-02
8.356846123933792114e-02
8.434389531612396240e-02
8.260205388069152832e-02
8.198945969343185425e-02
8.273792266845703125e-02
8.176851272583007812e-02
9.105259925127029419e-02
8.960972726345062256e-02
8.834260702133178711e-02
8.746220171451568604e-02
8.673193305730819702e-02
8.762362599372863770e-02
8.507478237152099609e-02
8.667851239442825317e-02
8.343864977359771729e-02
9.043774008750915527e-02
9.035944938659667969e-02
9.114595502614974976e-02
8.967854827642440796e-02
8.898019790649414062e-02
8.836679160594940186e-02
8.895688503980636597e-02
8.823686838150024414e-02
8.970858156681060791e-02
