3.978367149829864502e-02
4.087872058153152466e-02
4.076034203171730042e-02
4.082124680280685425e-02
4.026925563812255859e-02
4.033129662275314331e-02
4.182488098740577698e-02
4.178121313452720642e-02
4.180457442998886108e-02
4.127142578363418579e-02
4.129558801651000977e-02
4.135190695524215698e-02
3.998514264822006226e-02
4.042970389127731323e-02
3.989266604185104370e-02
4.259454458951950073e-02
4.218033328652381897e-02
4.220477491617202759e-02
4.283137619495391846e-02
4.271513223648071289e-02
4.230964183807373047e-02
4.200296103954315186e-02
4.144101217389106750e-02
4.191094264388084412e-02
3.884418308734893799e-02
3.930640593171119690e-02
3.940656036138534546e-02
4.109499230980873108e-02
4.053829237818717957e-02
4.098835214972496033e-02
4.291439801454544067e-02
4.236856475472450256e-02
4.275068640708923340e-02
4.375617206096649170e-02
4.317968338727951050e-02
4.329721629619598389e-02
4.392521828413009644e-02
4.384002089500427246e-02
4.337888211011886597e-02
4.491127282381057739e-02
4.503888636827468872e-02
4.497360438108444214e-02
4.448576271533966064e-02
4.442811757326126099e-02
4.154872894287109375e-02
4.245883226394653320e-02
3.909192979335784912e-02
3.897000104188919067e-02
3.953398019075393677e-02
4.022716358304023743e-02
4.010445252060890198e-02
4.066356644034385681e-02
4.333306849002838135e-02
4.432952404022216797e-02
4.580233991146087646e-02
4.541930556297302246e-02
4.535564035177230835e-02
4.618602991104125977e-02
4.599031433463096619e-02
4.560880735516548157e-02
4.220525547862052917e-02
4.165154695510864258e-02
4.210795834660530090e-02
4.313631728291511536e-02
4.257356375455856323e-02
4.302641376852989197e-02
3.795858845114707947e-02
3.839797526597976685e-02
3.851632773876190186e-02
3.966156020760536194e-02
4.129188507795333862e-02
4.075979441404342651e-02
4.119218513369560242e-02
4.404699802398681641e-02
4.347561299800872803e-02
4.390484467148780823e-02
4.498166590929031372e-02
4.436413198709487915e-02
4.494399204850196838e-02
4.597817361354827881e-02
4.544099792838096619e-02
4.588165134191513062e-02
4.691269248723983765e-02
4.635300487279891968e-02
4.654755815863609314e-02
4.733766615390777588e-02
4.712191224098205566e-02
4.675801470875740051e-02
4.267653077840805054e-02
4.175103455781936646e-02
4.358713328838348389e-02
3.824722766876220703e-02
3.810078650712966919e-02
3.866217285394668579e-02
3.932867944240570068e-02
3.920293226838111877e-02
3.978078439831733704e-02
4.035395011305809021e-02
4.028717055916786194e-02
4.082439839839935303e-02
4.451428353786468506e-02
4.547600448131561279e-02
4.643705487251281738e-02
4.799842834472656250e-02
4.766345024108886719e-02
4.745246842503547668e-02
4.850266128778457642e-02
4.825070872902870178e-02
4.792489111423492432e-02
4.327234998345375061e-02
4.320180043578147888e-02
4.274271801114082336e-02
4.233848676085472107e-02
4.181995242834091187e-02
4.227668792009353638e-02
4.421776533126831055e-02
4.366779327392578125e-02
4.413202404975891113e-02
3.713094443082809448e-02
3.754357993602752686e-02
3.768578916788101196e-02
3.879220783710479736e-02
3.983859345316886902e-02
4.140090197324752808e-02
4.087578505277633667e-02
4.134708642959594727e-02
4.516008496284484863e-02
4.460246860980987549e-02
4.506885260343551636e-02
4.609500616788864136e-02
4.553624242544174194e-02
4.603473842144012451e-02
4.704765230417251587e-02
4.696998000144958496e-02
4.650779068470001221e-02
4.803137481212615967e-02
4.746612906455993652e-02
4.801510274410247803e-02
4.907226562500000000e-02
4.853664338588714600e-02
4.878598824143409729e-02
4.967103525996208191e-02
4.937946796417236328e-02
4.909046739339828491e-02
4.374025017023086548e-02
4.280553385615348816e-02
4.187618568539619446e-02
4.468115046620368958e-02
3.746542707085609436e-02
3.785028308629989624e-02
3.729853034019470215e-02
3.845615684986114502e-02
3.889249265193939209e-02
3.835758566856384277e-02
3.944182395935058594e-02
3.938552737236022949e-02
3.990173339843750000e-02
4.047402739524841309e-02
4.041414707899093628e-02
4.093929752707481384e-02
4.562654346227645874e-02
4.657604545354843140e-02
4.753847047686576843e-02
4.854880273342132568e-02
5.025245994329452515e-02
4.996175318956375122e-02
4.965627938508987427e-02
5.084078758955001831e-02
5.055286362767219543e-02
5.025536194443702698e-02
4.433917999267578125e-02
4.380407929420471191e-02
4.428864270448684692e-02
4.340151324868202209e-02
4.286920279264450073e-02
4.333648085594177246e-02
4.246512800455093384e-02
4.193858802318572998e-02
4.240336269140243530e-02
4.527800157666206360e-02
4.475237429141998291e-02
4.522096365690231323e-02
3.635623306035995483e-02
3.673639148473739624e-02
3.691688925027847290e-02
3.796229138970375061e-02
3.895074874162673950e-02
3.996410220861434937e-02
4.153560847043991089e-02
4.100523516535758972e-02
4.146973416209220886e-02
4.622530192136764526e-02
4.568699747323989868e-02
4.615665972232818604e-02
4.716949164867401123e-02
4.710057005286216736e-02
4.663269966840744019e-02
4.810754209756851196e-02
4.757989943027496338e-02
4.806418716907501221e-02
4.907973855733871460e-02
4.856164753437042236e-02
4.907143115997314453e-02
5.007410421967506409e-02
4.957426339387893677e-02
5.016918480396270752e-02
5.122246220707893372e-02
5.073367804288864136e-02
5.102961510419845581e-02
4.481576383113861084e-02
4.386775568127632141e-02
4.293344914913177490e-02
4.199820011854171753e-02
4.575075209140777588e-02
3.669550269842147827e-02
3.707769513130187988e-02
3.652085736393928528e-02
3.766087070107460022e-02
3.756396472454071045e-02
3.805979341268539429e-02
3.850356489419937134e-02
3.848341852426528931e-02
3.897416591644287109e-02
3.954906761646270752e-02
3.949295356869697571e-02
4.001003503799438477e-02
4.059894755482673645e-02
4.054013639688491821e-02
4.106993600726127625e-02
4.668955504894256592e-02
4.763725027441978455e-02
4.859338700771331787e-02
4.958606138825416565e-02
5.064529553055763245e-02
5.201334506273269653e-02
5.161086842417716980e-02
5.142583698034286499e-02
4.540920257568359375e-02
4.487295076251029968e-02
4.534278810024261475e-02
4.446242749691009521e-02
4.440593719482421875e-02
4.392781108617782593e-02
4.352663084864616394e-02
4.299712181091308594e-02
4.346622154116630554e-02
4.259867966175079346e-02
4.252766817808151245e-02
4.206405952572822571e-02
4.634693264961242676e-02
4.581230133771896362e-02
4.628194123506546021e-02
3.563331440091133118e-02
3.599007427692413330e-02
3.616502508521080017e-02
3.717667236924171448e-02
3.808652237057685852e-02
3.902922570705413818e-02
4.008211940526962280e-02
4.166718199849128723e-02
4.159791022539138794e-02
4.112830013036727905e-02
4.728557169437408447e-02
4.675734043121337891e-02
4.722399264574050903e-02
4.823631420731544495e-02
4.769820719957351685e-02
4.817433655261993408e-02
4.917318373918533325e-02
4.864552244544029236e-02
4.912933707237243652e-02
5.011833086609840393e-02
4.960653185844421387e-02
5.010126531124114990e-02
5.107101798057556152e-02
5.057121068239212036e-02
5.115105956792831421e-02
5.249046534299850464e-02
5.224912613630294800e-02
5.185004323720932007e-02
4.587079584598541260e-02
4.493682086467742920e-02
4.399409145116806030e-02
4.305959865450859070e-02
4.212329536676406860e-02
4.681009054183959961e-02
3.611123561859130859e-02
3.587514162063598633e-02
3.640162944793701172e-02
3.737736493349075317e-02
3.703375160694122314e-02
3.752353787422180176e-02
3.793730586767196655e-02
3.862547874450683594e-02
3.856849670410156250e-02
3.908672183752059937e-02
3.967957943677902222e-02
3.961064666509628296e-02
4.013933613896369934e-02
4.073488339781761169e-02
4.067368805408477783e-02
4.119018465280532837e-02
4.775916785001754761e-02
4.870542138814926147e-02
4.965399578213691711e-02
5.059795081615447998e-02
5.189133435487747192e-02
5.156309530138969421e-02
5.148424208164215088e-02
5.316447094082832336e-02
5.282991379499435425e-02
5.258885025978088379e-02
5.218984559178352356e-02
4.646623134613037109e-02
4.641002044081687927e-02
4.594133794307708740e-02
4.553173482418060303e-02
4.499359056353569031e-02
4.546651244163513184e-02
4.458925873041152954e-02
4.405829310417175293e-02
4.452309757471084595e-02
4.365610331296920776e-02
4.358624294400215149e-02
4.311547800898551941e-02
4.272088408470153809e-02
4.265397042036056519e-02
4.219498485326766968e-02
4.741428419947624207e-02
4.687286913394927979e-02
4.734748974442481995e-02
3.497400879859924316e-02
3.531141579151153564e-02
3.553943708539009094e-02
3.674267604947090149e-02
3.799884393811225891e-02
3.915381804108619690e-02
4.021120443940162659e-02
4.178790375590324402e-02
4.172905161976814270e-02
4.126048833131790161e-02
4.836183786392211914e-02
4.782527685165405273e-02
4.829617962241172791e-02
4.930502176284790039e-02
4.876648634672164917e-02
4.924565181136131287e-02
5.024163424968719482e-02
4.971439391374588013e-02
5.018370971083641052e-02
5.118850991129875183e-02
5.064874514937400818e-02
5.113010108470916748e-02
5.211716890335083008e-02
5.159515887498855591e-02
5.200948566198348999e-02
5.361125990748405457e-02
5.304849147796630859e-02
5.338130891323089600e-02
5.287410691380500793e-02
5.238138511776924133e-02
5.268048495054244995e-02
4.694234207272529602e-02
4.599576443433761597e-02
4.505714029073715210e-02
4.412055015563964844e-02
4.317953437566757202e-02
4.225061088800430298e-02
4.788542538881301880e-02
3.547020629048347473e-02
3.579409047961235046e-02
3.522419929504394531e-02
3.655349463224411011e-02
3.696922957897186279e-02
3.634362667798995972e-02
3.767852112650871277e-02
3.815410286188125610e-02
3.752318024635314941e-02
3.875902667641639709e-02
3.921697288751602173e-02
3.869250416755676270e-02
3.980300202965736389e-02
3.974256664514541626e-02
4.027200490236282349e-02
4.086168855428695679e-02
4.079470783472061157e-02
4.132211208343505859e-02
4.882577434182167053e-02
4.976596310734748840e-02
5.071576684713363647e-02
5.164907872676849365e-02
5.249670147895812988e-02
5.430102348327636719e-02
5.395453050732612610e-02
5.372199416160583496e-02
5.323823541402816772e-02
4.752694815397262573e-02
4.700150713324546814e-02
4.747392237186431885e-02
4.658649116754531860e-02
4.605676978826522827e-02
4.653359204530715942e-02
4.565188661217689514e-02
4.511989653110504150e-02
4.558458179235458374e-02
4.471278190612792969e-02
4.418207705020904541e-02
4.464583843946456909e-02
4.377376288175582886e-02
4.370712861418724060e-02
4.324452579021453857e-02
4.284319281578063965e-02
4.231182858347892761e-02
4.278168082237243652e-02
4.847047850489616394e-02
4.840798303484916687e-02
4.793762788176536560e-02
3.437939286231994629e-02
3.468161821365356445e-02
3.492947667837142944e-02
3.601522743701934814e-02
3.711461648344993591e-02
3.821358829736709595e-02
3.928060457110404968e-02
4.033645242452621460e-02
4.191097244620323181e-02
4.139137640595436096e-02
4.184980690479278564e-02
4.941327497363090515e-02
4.887700825929641724e-02
4.935715347528457642e-02
5.035746842622756958e-02
4.982839524745941162e-02
5.030472204089164734e-02
5.130209028720855713e-02
5.077340453863143921e-02
5.124073475599288940e-02
5.223592370748519897e-02
5.171340703964233398e-02
5.218479037284851074e-02
5.317028611898422241e-02
5.264392867684364319e-02
5.302803963422775269e-02
5.460676923394203186e-02
5.446176230907440186e-02
5.412012711167335510e-02
5.396905913949012756e-02
5.342782661318778992e-02
5.378510057926177979e-02
5.540836602449417114e-02
5.500566959381103516e-02
5.485358834266662598e-02
4.800231009721755981e-02
4.705939069390296936e-02
4.611513763666152954e-02
4.518102109432220459e-02
4.424147680401802063e-02
4.330420494079589844e-02
4.237756878137588501e-02
4.894509911537170410e-02
3.489415720105171204e-02
3.463601693511009216e-02
3.518158942461013794e-02
3.589064627885818481e-02
3.568150103092193604e-02
3.622394055128097534e-02
3.679300844669342041e-02
3.667722642421722412e-02
3.723519295454025269e-02
3.783361241221427917e-02
3.829330205917358398e-02
3.775712847709655762e-02
3.888693451881408691e-02
3.934642672538757324e-02
3.882033377885818481e-02
3.993241488933563232e-02
3.987321630120277405e-02
4.039686173200607300e-02
4.099019989371299744e-02
4.091673344373703003e-02
4.144287109375000000e-02
4.989002645015716553e-02
5.083110928535461426e-02
5.177548527717590332e-02
5.271147564053535461e-02
5.357353389263153076e-02
5.429814755916595459e-02
5.565970391035079956e-02
5.514051392674446106e-02
5.553192645311355591e-02
5.650696903467178345e-02
5.607826262712478638e-02
5.596271157264709473e-02
4.858498275279998779e-02
4.852934926748275757e-02
4.806183651089668274e-02
4.764210805296897888e-02
4.711828008294105530e-02
4.759176075458526611e-02
4.670783132314682007e-02
4.617657512426376343e-02
4.665637761354446411e-02
4.576590657234191895e-02
4.523843899369239807e-02
4.570343345403671265e-02
4.483621567487716675e-02
4.430039972066879272e-02
4.477133974432945251e-02
4.389405250549316406e-02
4.336851090192794800e-02
4.383444041013717651e-02
4.296031594276428223e-02
4.244134575128555298e-02
4.290481656789779663e-02
4.952825233340263367e-02
4.900541156530380249e-02
4.946994036436080933e-02
3.384844213724136353e-02
3.412131220102310181e-02
3.437107056379318237e-02
3.539543598890304565e-02
3.633976727724075317e-02
3.730615600943565369e-02
3.836257010698318481e-02
3.940979391336441040e-02
4.046384990215301514e-02
4.203021153807640076e-02
4.150666669011116028e-02
4.197411239147186279e-02
5.047823116183280945e-02
4.993798211216926575e-02
5.041890218853950500e-02
5.141204595565795898e-02
5.088502541184425354e-02
5.134908854961395264e-02
5.235431343317031860e-02
5.182946473360061646e-02
5.229955166578292847e-02
5.329668894410133362e-02
5.323299765586853027e-02
5.276553332805633545e-02
5.424112081527709961e-02
5.370953306555747986e-02
5.410376936197280884e-02
5.517785251140594482e-02
5.457136034965515137e-02
5.489090085029602051e-02
5.541794374585151672e-02
5.655593425035476685e-02
5.653667449951171875e-02
5.610474199056625366e-02
5.756828933954238892e-02
5.706708505749702454e-02
5.703514814376831055e-02
4.906044900417327881e-02
4.812023043632507324e-02
4.717604070901870728e-02
4.623869061470031738e-02
4.529621079564094543e-02
4.436015337705612183e-02
4.342564195394515991e-02
4.249564558267593384e-02
5.000746995210647583e-02
3.450383991003036499e-02
3.417428582906723022e-02
3.469846397638320923e-02
3.570128977298736572e-02
3.530064597725868225e-02
3.579462319612503052e-02
3.624385595321655273e-02
3.692439198493957520e-02
3.737476095557212830e-02
3.685576468706130981e-02
3.796905651688575745e-02
3.790207207202911377e-02
3.842417150735855103e-02
3.901810199022293091e-02
3.894615173339843750e-02
3.947083652019500732e-02
4.005304723978042603e-02
4.052510485053062439e-02
3.999670594930648804e-02
4.110253974795341492e-02
4.157263040542602539e-02
4.104571044445037842e-02
5.094243586063385010e-02
5.189280211925506592e-02
5.282821506261825562e-02
5.376286804676055908e-02
5.470857769250869751e-02
5.608742311596870422e-02
5.587335675954818726e-02
5.562692880630493164e-02
5.632733926177024841e-02
5.709327757358551025e-02
5.683406442403793335e-02
5.733080953359603882e-02
5.793811008334159851e-02
5.858387425541877747e-02
5.826296657323837280e-02
5.807608738541603088e-02
5.775387212634086609e-02
5.858705937862396240e-02
5.956466495990753174e-02
5.908544734120368958e-02
5.907043814659118652e-02
5.858515948057174683e-02
5.949252843856811523e-02
6.051494181156158447e-02
6.000179052352905273e-02
6.004086509346961975e-02
5.953891202807426453e-02
6.039109826087951660e-02
6.140131875872612000e-02
6.089928746223449707e-02
6.095303595066070557e-02
6.044564768671989441e-02
4.964980483055114746e-02
4.911729693412780762e-02
4.958772659301757812e-02
4.870364069938659668e-02
4.818104952573776245e-02
4.865419492125511169e-02
4.776299744844436646e-02
4.723896458745002747e-02
4.770048335194587708e-02
4.682965949177742004e-02
4.630051553249359131e-02
4.676712304353713989e-02
4.588567465543746948e-02
4.535632580518722534e-02
4.582167789340019226e-02
4.494335502386093140e-02
4.442279785871505737e-02
4.489236325025558472e-02
4.401534050703048706e-02
4.348856955766677856e-02
4.394764453172683716e-02
4.309125244617462158e-02
4.302535951137542725e-02
4.255539923906326294e-02
5.058482661843299866e-02
5.006190389394760132e-02
5.052690953016281128e-02
3.339020535349845886e-02
3.361914306879043579e-02
3.394492343068122864e-02
3.510354086756706238e-02
3.630942851305007935e-02
3.744972869753837585e-02
3.849219530820846558e-02
3.953943401575088501e-02
4.057918488979339600e-02
4.215606302022933960e-02
4.208911210298538208e-02
4.163115099072456360e-02
5.153439193964004517e-02
5.147250741720199585e-02
5.100411176681518555e-02
5.247374251484870911e-02
5.241877213120460510e-02
5.194655433297157288e-02
5.340845882892608643e-02
5.288809910416603088e-02
5.335338041186332703e-02
5.434425175189971924e-02
5.382270738482475281e-02
5.429494380950927734e-02
5.529045313596725464e-02
5.476995185017585754e-02
5.522674322128295898e-02
5.619664862751960754e-02
5.568993464112281799e-02
5.614368617534637451e-02
5.659425258636474609e-02
5.751848593354225159e-02
5.825363844633102417e-02
5.904296040534973145e-02
5.993375927209854126e-02
6.125004589557647705e-02
6.082479283213615417e-02
6.133452057838439941e-02
6.225974485278129578e-02
6.175865605473518372e-02
6.183609366416931152e-02
5.011876299977302551e-02
4.918118566274642944e-02
4.823785275220870972e-02
4.729194939136505127e-02
4.635411500930786133e-02
4.542111605405807495e-02
4.448717087507247925e-02
4.354934394359588623e-02
4.261094331741333008e-02
5.105437338352203369e-02
3.410775959491729736e-02
3.430182486772537231e-02
3.374671190977096558e-02
3.507716208696365356e-02
3.539313375949859619e-02
3.479162603616714478e-02
3.601663187146186829e-02
3.647112101316452026e-02
3.585353493690490723e-02
3.705175966024398804e-02
3.751108795404434204e-02
3.698918968439102173e-02
3.809641674160957336e-02
3.803447633981704712e-02
3.855639696121215820e-02
3.914581984281539917e-02
3.959809243679046631e-02
3.907183557748794556e-02
4.018045961856842041e-02
4.012553393840789795e-02
4.064428806304931641e-02
4.122115299105644226e-02
4.117166250944137573e-02
4.169005528092384338e-02
5.199440568685531616e-02
5.294482409954071045e-02
5.388428270816802979e-02
5.481800809502601624e-02
5.574212223291397095e-02
5.665315315127372742e-02
5.741613358259201050e-02
5.726003646850585938e-02
5.768363550305366516e-02
5.800623446702957153e-02
5.845152586698532104e-02
5.851019918918609619e-02
5.897766724228858948e-02
5.938413739204406738e-02
5.943941324949264526e-02
5.988966673612594604e-02
6.034940108656883240e-02
6.079837679862976074e-02
6.036698445677757263e-02
6.202454864978790283e-02
6.214882060885429382e-02
6.164716929197311401e-02
6.305798143148422241e-02
6.254506111145019531e-02
6.265546381473541260e-02
6.272656470537185669e-02
6.379690021276473999e-02
6.325786560773849487e-02
6.343748420476913452e-02
6.288951635360717773e-02
5.070735514163970947e-02
5.017771199345588684e-02
5.064912512898445129e-02
4.975877702236175537e-02
4.923447966575622559e-02
4.970797896385192871e-02
4.882689565420150757e-02
4.828959703445434570e-02
4.876461252570152283e-02
4.788263887166976929e-02
4.735832661390304565e-02
4.781731218099594116e-02
4.694770649075508118e-02
4.687939956784248352e-02
4.641143232583999634e-02
4.600092023611068726e-02
4.595046490430831909e-02
4.547585546970367432e-02
4.506757855415344238e-02
4.500736296176910400e-02
4.453988745808601379e-02
4.413347691297531128e-02
4.360140487551689148e-02
4.407459497451782227e-02
4.320408776402473450e-02
4.267468303442001343e-02
4.314205050468444824e-02
5.164241790771484375e-02
5.111363530158996582e-02
5.158893391489982605e-02
3.299002349376678467e-02
3.318815678358078003e-02
3.354432433843612671e-02
3.459222987294197083e-02
3.554112836718559265e-02
3.653720393776893616e-02
3.757607936859130859e-02
3.861720860004425049e-02
3.966213762760162354e-02
4.069987684488296509e-02
4.227141663432121277e-02
4.174907878041267395e-02
4.221525043249130249e-02
5.258081853389739990e-02
5.252781882882118225e-02
5.205756798386573792e-02
5.352666974067687988e-02
5.346908792853355408e-02
5.299969762563705444e-02
5.446290969848632812e-02
5.393734201788902283e-02
5.440815538167953491e-02
5.540169030427932739e-02
5.487288907170295715e-02
5.534710735082626343e-02
5.633198469877243042e-02
5.580789595842361450e-02
5.626335740089416504e-02
5.680820345878601074e-02
5.794051662087440491e-02
5.892717093229293823e-02
5.987006798386573792e-02
6.116209924221038818e-02
6.120721623301506042e-02
6.075385957956314087e-02
6.159146875143051147e-02
6.238015741109848022e-02
6.348517537117004395e-02
6.311066448688507080e-02
6.364843994379043579e-02
6.448924541473388672e-02
6.398501247167587280e-02
6.415393203496932983e-02
5.023173242807388306e-02
5.117700248956680298e-02
4.928824678063392639e-02
4.834291338920593262e-02
4.741450399160385132e-02
4.647192731499671936e-02
4.553383961319923401e-02
4.460105299949645996e-02
4.366521537303924561e-02
4.274158552289009094e-02
5.210847407579421997e-02
3.374371677637100220e-02
3.335620090365409851e-02
3.391967713832855225e-02
3.493803367018699646e-02
3.451995551586151123e-02
3.500626608729362488e-02
3.547446802258491516e-02
3.614660724997520447e-02
3.660058602690696716e-02
3.608442097902297974e-02
3.718204423785209656e-02
3.711980953812599182e-02
3.764168918132781982e-02
3.821617737412452698e-02
3.868536278605461121e-02
3.816520795226097107e-02
3.925948590040206909e-02
3.971620276570320129e-02
3.920292109251022339e-02
4.030482843518257141e-02
4.076742380857467651e-02
4.024881497025489807e-02
4.134314879775047302e-02
4.129426181316375732e-02
4.181669279932975769e-02
5.305333808064460754e-02
5.398684740066528320e-02
5.492378026247024536e-02
5.587504059076309204e-02
5.687396228313446045e-02
5.742126330733299255e-02
5.794224888086318970e-02
5.741783231496810913e-02
5.841142684221267700e-02
5.843430757522583008e-02
5.890261009335517883e-02
5.941677838563919067e-02
5.940102040767669678e-02
5.988893657922744751e-02
6.042424589395523071e-02
6.038819253444671631e-02
6.079368665814399719e-02
6.157199665904045105e-02
6.136649847030639648e-02
6.179367005825042725e-02
6.214523315429687500e-02
6.253726780414581299e-02
6.301799416542053223e-02
6.263682246208190918e-02
6.415068358182907104e-02
6.431747972965240479e-02
6.382576376199722290e-02
5.081971734762191772e-02
5.028960853815078735e-02
5.076546221971511841e-02
5.175136029720306396e-02
5.123633518815040588e-02
5.169389769434928894e-02
4.986948519945144653e-02
4.982490092515945435e-02
4.935148358345031738e-02
4.893869906663894653e-02
4.887185618281364441e-02
4.841182008385658264e-02
4.799855500459671021e-02
4.793746396899223328e-02
4.746523872017860413e-02
4.705674946308135986e-02
4.652690142393112183e-02
4.700155556201934814e-02
4.611911997199058533e-02
4.559404775500297546e-02
4.605603963136672974e-02
4.518241807818412781e-02
4.512823373079299927e-02
4.465957358479499817e-02
4.424731433391571045e-02
4.372749105095863342e-02
4.419545829296112061e-02
4.331710934638977051e-02
4.279827326536178589e-02
4.325493052601814270e-02
5.269621685147285461e-02
5.217112973332405090e-02
5.264375358819961548e-02
3.265419974923133850e-02
3.281698375940322876e-02
3.318615257740020752e-02
3.433226794004440308e-02
3.554625809192657471e-02
3.666423261165618896e-02
3.770687431097030640e-02
3.874456882476806641e-02
3.978589177131652832e-02
4.082885012030601501e-02
4.238899797201156616e-02
4.186643660068511963e-02
4.233346506953239441e-02
5.363489687442779541e-02
5.310829356312751770e-02
5.357851088047027588e-02
5.457273498177528381e-02
5.405379831790924072e-02
5.451534315943717957e-02
5.550525709986686707e-02
5.498800426721572876e-02
5.545805394649505615e-02
5.643802508711814880e-02
5.592209473252296448e-02
5.638964846730232239e-02
5.687535181641578674e-02
5.791922658681869507e-02
5.891223996877670288e-02
5.992241948843002319e-02
6.100037321448326111e-02
6.206497550010681152e-02
6.328364461660385132e-02
6.339487433433532715e-02
6.291739642620086670e-02
6.512077152729034424e-02
6.464335322380065918e-02
6.481228023767471313e-02
6.371468305587768555e-02
5.128709226846694946e-02
5.034331977367401123e-02
5.222566425800323486e-02
4.940912872552871704e-02
4.846765846014022827e-02
4.752978682518005371e-02
4.659393057227134705e-02
4.564889147877693176e-02
4.471218213438987732e-02
4.378088563680648804e-02
4.285722225904464722e-02
5.316196754574775696e-02
3.348247706890106201e-02
3.306464850902557373e-02
3.360827267169952393e-02
3.435555100440979004e-02
3.464610129594802856e-02
3.403951227664947510e-02
3.524058312177658081e-02
3.569664061069488525e-02
3.508589416742324829e-02
3.626913577318191528e-02
3.672875463962554932e-02
3.621006384491920471e-02
3.730535134673118591e-02
3.776667639613151550e-02
3.724690899252891541e-02
3.834661841392517090e-02
3.827957808971405029e-02
3.880491107702255249e-02
3.939207643270492554e-02
3.931900858879089355e-02
3.984099254012107849e-02
4.042691737413406372e-02
4.036557301878929138e-02
4.088841378688812256e-02
4.146607220172882080e-02
4.191956296563148499e-02
4.140270501375198364e-02
5.409953743219375610e-02
5.504201725125312805e-02
5.597557872533798218e-02
5.693510919809341431e-02
5.748337507247924805e-02
5.744893848896026611e-02
5.794337764382362366e-02
5.851567536592483521e-02
5.846431851387023926e-02
5.897061526775360107e-02
5.953255668282508850e-02
5.997703224420547485e-02
5.947794020175933838e-02
6.056826934218406677e-02
6.049709394574165344e-02
6.107224524021148682e-02
6.157341599464416504e-02
6.157571077346801758e-02
6.206750497221946716e-02
6.257306039333343506e-02
6.255690008401870728e-02
6.292849779129028320e-02
6.458824127912521362e-02
6.436397135257720947e-02
6.484465301036834717e-02
6.353119015693664551e-02
6.340368837118148804e-02
6.383999437093734741e-02
6.569229811429977417e-02
6.514078378677368164e-02
6.540846824645996094e-02
5.187252163887023926e-02
5.134085193276405334e-02
5.181636661291122437e-02
5.093160644173622131e-02
5.087269097566604614e-02
5.040021985769271851e-02
5.280272662639617920e-02
5.227709934115409851e-02
5.275245010852813721e-02
4.998213052749633789e-02
4.993035644292831421e-02
4.947075992822647095e-02
4.905050247907638550e-02
4.852367192506790161e-02
4.899401217699050903e-02
4.811778664588928223e-02
4.758841544389724731e-02
4.806334525346755981e-02
4.717017710208892822e-02
4.664923250675201416e-02
4.711360484361648560e-02
4.623511061072349548e-02
4.617528617382049561e-02
4.570982977747917175e-02
4.530555009841918945e-02
4.524324461817741394e-02
4.477586597204208374e-02
4.436574131250381470e-02
4.430944845080375671e-02
4.384817183017730713e-02
4.343228042125701904e-02
4.337614402174949646e-02
4.292037338018417358e-02
5.374599620699882507e-02
5.322547256946563721e-02
5.369234457612037659e-02
3.239052742719650269e-02
3.252289816737174988e-02
3.293342143297195435e-02
3.392224013805389404e-02
3.479796275496482849e-02
3.576125577092170715e-02
3.679738193750381470e-02
3.782571107149124146e-02
3.886228054761886597e-02
3.990156203508377075e-02
4.094006121158599854e-02
4.250481724739074707e-02
4.244717955589294434e-02
4.197794944047927856e-02
5.468328297138214111e-02
5.462487041950225830e-02
5.415594205260276794e-02
5.561449378728866577e-02
5.508590862154960632e-02
5.556063354015350342e-02
5.655278265476226807e-02
5.603431910276412964e-02
5.649551004171371460e-02
5.696072056889533997e-02
5.799615010619163513e-02
5.901995301246643066e-02
6.005948036909103394e-02
6.106827035546302795e-02
6.207223236560821533e-02
6.305709481239318848e-02
6.405831873416900635e-02
6.509698182344436646e-02
6.484544277191162109e-02
6.539655476808547974e-02
5.233924835920333862e-02
5.139599740505218506e-02
5.045592039823532104e-02
5.326944962143898010e-02
4.952132329344749451e-02
4.857923462986946106e-02
4.764596745371818542e-02
4.669586196541786194e-02
4.576733708381652832e-02
4.483652114868164062e-02
4.390524327754974365e-02
4.296878725290298462e-02
5.420968681573867798e-02
3.332832083106040955e-02
3.340208902955055237e-02
3.285408020019531250e-02
3.438023477792739868e-02
3.392650932073593140e-02
3.435922786593437195e-02
3.480841591954231262e-02
3.538060188293457031e-02
3.530743718147277832e-02
3.583319485187530518e-02
3.639803081750869751e-02
3.634046018123626709e-02
3.685889765620231628e-02
3.743505477905273438e-02
3.788679093122482300e-02
3.737021982669830322e-02
3.846878185868263245e-02
3.840784728527069092e-02
3.892399370670318604e-02
3.950489312410354614e-02
3.944612666964530945e-02
3.996544331312179565e-02
4.053696990013122559e-02
4.100542515516281128e-02
4.047971963882446289e-02
4.158066213130950928e-02
4.151970520615577698e-02
4.204349964857101440e-02
5.515305325388908386e-02
5.608161538839340210e-02
5.701454356312751770e-02
5.758821219205856323e-02
5.754312872886657715e-02
5.804284662008285522e-02
5.862291902303695679e-02
5.856635794043540955e-02
5.908377096056938171e-02
5.965240299701690674e-02
5.959565192461013794e-02
6.010885909199714661e-02
6.066813319921493530e-02
6.061965972185134888e-02
6.112960353493690491e-02
6.169183552265167236e-02
6.163531169295310974e-02
6.214450672268867493e-02
6.271405518054962158e-02
6.264390796422958374e-02
6.312681734561920166e-02
6.390178203582763672e-02
6.371121108531951904e-02
6.424472481012344360e-02
6.621907651424407959e-02
6.564490497112274170e-02
6.595253199338912964e-02
6.449598819017410278e-02
5.291518568992614746e-02
5.239386111497879028e-02
5.286362394690513611e-02
5.197589099407196045e-02
5.145595222711563110e-02
5.191807821393013000e-02
5.103635042905807495e-02
5.051831156015396118e-02
5.098701640963554382e-02
5.385904759168624878e-02
5.332611501216888428e-02
5.380263924598693848e-02
5.010203272104263306e-02
4.958491027355194092e-02
5.004609376192092896e-02
4.915967211127281189e-02
4.863312095403671265e-02
4.910233244299888611e-02
4.822568967938423157e-02
4.769810661673545837e-02
4.816829785704612732e-02
4.728022217750549316e-02
4.723202809691429138e-02
4.675902798771858215e-02
4.634713381528854370e-02
4.582264274358749390e-02
4.629404842853546143e-02
4.541711881756782532e-02
4.535771906375885010e-02
4.489671066403388977e-02
4.448221623897552490e-02
4.442423954606056213e-02
4.395470023155212402e-02
4.354755580425262451e-02
4.303830116987228394e-02
4.349073395133018494e-02
5.479519441723823547e-02
5.426497012376785278e-02
5.474338307976722717e-02
3.218920528888702393e-02
3.228691965341567993e-02
3.275130316615104675e-02
3.385100513696670532e-02
3.488076850771903992e-02
3.588990867137908936e-02
3.692369535565376282e-02
3.795309737324714661e-02
3.898710384964942932e-02
4.001803696155548096e-02
4.106396064162254333e-02
4.262821003794670105e-02
4.210156202316284180e-02
4.256549850106239319e-02
5.572902411222457886e-02
5.519779399037361145e-02
5.567090213298797607e-02
5.665323138236999512e-02
5.660458281636238098e-02
5.613944679498672485e-02
5.707274004817008972e-02
5.810564756393432617e-02
5.914584547281265259e-02
6.016487628221511841e-02
6.118766218423843384e-02
6.221443414688110352e-02
6.330893933773040771e-02
6.556457281112670898e-02
6.589700281620025635e-02
6.532453745603561401e-02
6.463009864091873169e-02
6.486057490110397339e-02
6.426990777254104614e-02
6.510336697101593018e-02
5.338756367564201355e-02
5.245247855782508850e-02
5.151070281863212585e-02
5.057135224342346191e-02
5.432427674531936646e-02
4.963409155607223511e-02
4.869829863309860229e-02
4.775512963533401489e-02
4.681132733821868896e-02
4.588000848889350891e-02
4.495000094175338745e-02
4.401310533285140991e-02
4.308430850505828857e-02
5.526089668273925781e-02
3.279371559619903564e-02
3.305607661604881287e-02
3.248816728591918945e-02
3.447865322232246399e-02
3.389751538634300232e-02
3.442820161581039429e-02
3.492648899555206299e-02
3.549621254205703735e-02
3.543784841895103455e-02
3.595866262912750244e-02
3.652848675847053528e-02
3.698285669088363647e-02
3.647062927484512329e-02
3.755790367722511292e-02
3.801023960113525391e-02
3.749247267842292786e-02
3.859058022499084473e-02
3.853194043040275574e-02
3.904511034488677979e-02
3.962840512394905090e-02
3.955726325511932373e-02
4.008388519287109375e-02
4.066521674394607544e-02
4.059765487909317017e-02
4.112607985734939575e-02
4.170145466923713684e-02
4.164887219667434692e-02
4.215994477272033691e-02
5.619196966290473938e-02
5.712692439556121826e-02
5.769541487097740173e-02
5.764109268784523010e-02
5.816596001386642456e-02
5.873506516218185425e-02
5.868197232484817505e-02
5.920221284031867981e-02
5.976179242134094238e-02
5.970694497227668762e-02
6.021305173635482788e-02
6.079184636473655701e-02
6.073523312807083130e-02
6.124252453446388245e-02
6.180481612682342529e-02
6.175137311220169067e-02
6.225998699665069580e-02
6.285615265369415283e-02
6.338286399841308594e-02
6.278167665004730225e-02
6.666348874568939209e-02
6.611461937427520752e-02
6.644520163536071777e-02
6.382685899734497070e-02
6.385526806116104126e-02
6.423252820968627930e-02
6.484425067901611328e-02
6.473131477832794189e-02
6.521175056695938110e-02
5.396997183561325073e-02
5.344251170754432678e-02
5.391079187393188477e-02
5.303359031677246094e-02
5.296915769577026367e-02
5.250109732151031494e-02
5.209098011255264282e-02
5.203568935394287109e-02
5.156491696834564209e-02
5.115664377808570862e-02
5.063312873244285583e-02
5.108932778239250183e-02
5.490645021200180054e-02
5.438498780131340027e-02
5.484708771109580994e-02
5.021333694458007812e-02
4.968823492527008057e-02
5.016176775097846985e-02
4.927203431725502014e-02
4.874405637383460999e-02
4.921892285346984863e-02
4.833850264549255371e-02
4.828136414289474487e-02
4.781121760606765747e-02
4.740504175424575806e-02
4.734523594379425049e-02
4.687827453017234802e-02
4.645944386720657349e-02
4.641313478350639343e-02
4.594239592552185059e-02
4.552937299013137817e-02
4.500899836421012878e-02
4.546925425529479980e-02
4.459728300571441650e-02
4.407232254743576050e-02
4.453608393669128418e-02
4.365982115268707275e-02
4.314470663666725159e-02
4.361654818058013916e-02
5.583759397268295288e-02
5.531066656112670898e-02
5.578312650322914124e-02
3.205894678831100464e-02
3.212269023060798645e-02
3.241773694753646851e-02
3.366119414567947388e-02
3.322554007172584534e-02
3.349311649799346924e-02
3.406742960214614868e-02
3.498506546020507812e-02
3.601478412747383118e-02
3.704792633652687073e-02
3.807199001312255859e-02
3.910975158214569092e-02
4.013984650373458862e-02
4.118382930755615234e-02
4.273765534162521362e-02
4.222032427787780762e-02
4.267723858356475830e-02
5.676885694265365601e-02
5.670866742730140686e-02
5.625056475400924683e-02
5.717216804623603821e-02
5.820887908339500427e-02
5.924751237034797668e-02
6.027904152870178223e-02
6.129390373826026917e-02
6.232289224863052368e-02
6.333559751510620117e-02
6.595299392938613892e-02
6.576795876026153564e-02
6.631304323673248291e-02
6.434486061334609985e-02
6.539782881736755371e-02
5.443864315748214722e-02
5.349288508296012878e-02
5.255876481533050537e-02
5.162281543016433716e-02
5.068241059780120850e-02
5.537904426455497742e-02
4.974765330553054810e-02
4.880997911095619202e-02
4.787228256464004517e-02
4.693775251507759094e-02
4.599279537796974182e-02
4.506582766771316528e-02
4.413291811943054199e-02
4.320752620697021484e-02
5.629777535796165466e-02
3.286478295922279358e-02
3.246077150106430054e-02
3.282603621482849121e-02
3.325805813074111938e-02
3.464090079069137573e-02
3.415889292955398560e-02
3.455969318747520447e-02
3.506244346499443054e-02
3.562362119555473328e-02
3.607019037008285522e-02
3.556765615940093994e-02
3.665066882967948914e-02
3.658725321292877197e-02
3.710176423192024231e-02
3.767842426896095276e-02
3.762057423591613770e-02
3.813481703400611877e-02
3.870882838964462280e-02
3.865221887826919556e-02
3.916757181286811829e-02
3.974143415689468384e-02
3.968098759651184082e-02
4.020673409104347229e-02
4.077516868710517883e-02
4.071654379367828369e-02
4.124457389116287231e-02
4.181114584207534790e-02
4.175281152129173279e-02
4.227377101778984070e-02
5.722827464342117310e-02
5.780001357197761536e-02
5.775266885757446289e-02
5.827018991112709045e-02
5.883460119366645813e-02
5.878600478172302246e-02
5.930364876985549927e-02
5.986730009317398071e-02
5.981287360191345215e-02
6.032115966081619263e-02
6.090340390801429749e-02
6.083296239376068115e-02
6.135334819555282593e-02
6.191159784793853760e-02
6.186564266681671143e-02
6.237987056374549866e-02
6.293281167745590210e-02
6.289078295230865479e-02
6.338458508253097534e-02
6.705970317125320435e-02
6.650217622518539429e-02
6.686338037252426147e-02
6.394690275192260742e-02
6.387960910797119141e-02
6.440202891826629639e-02
6.516805291175842285e-02
6.500572711229324341e-02
6.555851548910140991e-02
6.635058671236038208e-02
6.575763225555419922e-02
6.615917384624481201e-02
5.501551926136016846e-02
5.448680743575096130e-02
5.495556443929672241e-02
5.407536774873733521e-02
5.355797708034515381e-02
5.401925742626190186e-02
5.314001441001892090e-02
5.261968448758125305e-02
5.308748409152030945e-02
5.220248550176620483e-02
5.167756974697113037e-02
5.214516818523406982e-02
5.126754939556121826e-02
5.074080079793930054e-02
5.121208354830741882e-02
5.594117939472198486e-02
5.542486906051635742e-02
5.589116364717483521e-02
5.032616853713989258e-02
5.026637017726898193e-02
4.979941248893737793e-02
4.939064756035804749e-02
4.933231323957443237e-02
4.885737597942352295e-02
4.845270514488220215e-02
4.792374372482299805e-02
4.839727282524108887e-02
4.751756042242050171e-02
4.698506742715835571e-02
4.746250435709953308e-02
4.658007994294166565e-02
4.605876654386520386e-02
4.652497172355651855e-02
4.564446955919265747e-02
4.512308537960052490e-02
4.558459669351577759e-02
4.470580816268920898e-02
4.418934136629104614e-02
4.465223103761672974e-02
4.377702996134757996e-02
4.372536018490791321e-02
4.325954616069793701e-02
5.688160657882690430e-02
5.635786429047584534e-02
5.682383477687835693e-02
3.198944777250289917e-02
3.202753514051437378e-02
3.242978453636169434e-02
3.377484530210494995e-02
3.371931612491607666e-02
3.331546485424041748e-02
3.421238809823989868e-02
3.512579947710037231e-02
3.613818064332008362e-02
3.716496750712394714e-02
3.819203749299049377e-02
3.922779858112335205e-02
4.025983065366744995e-02
4.129575192928314209e-02
4.285630583763122559e-02
4.279512912034988403e-02
4.233775287866592407e-02
5.728838592767715454e-02
5.832313001155853271e-02
5.935666710138320923e-02
6.037885323166847229e-02
6.140295043587684631e-02
6.242661178112030029e-02
6.344471871852874756e-02
6.671150028705596924e-02
6.456200033426284790e-02
6.581069529056549072e-02
6.608547270298004150e-02
6.548316031694412231e-02
5.547474324703216553e-02
5.453845113515853882e-02
5.360419675707817078e-02
5.267215147614479065e-02
5.173106119036674500e-02
5.080023407936096191e-02
5.640713497996330261e-02
4.986184835433959961e-02
4.891995340585708618e-02
4.797905683517456055e-02
4.705164581537246704e-02
4.610779508948326111e-02
4.518651962280273438e-02
4.424808546900749207e-02
4.332195967435836792e-02
5.734011530876159668e-02
3.292832151055335999e-02
3.289320319890975952e-02
3.245997801423072815e-02
3.334696963429450989e-02
3.476144745945930481e-02
3.427268937230110168e-02
3.469750657677650452e-02
3.518335521221160889e-02
3.575024381279945374e-02
3.569070249795913696e-02
3.619522973895072937e-02
3.676905855536460876e-02
3.670767694711685181e-02
3.722503036260604858e-02
3.779870271682739258e-02
3.773582354187965393e-02
3.825180232524871826e-02
3.882427886128425598e-02
3.876458853483200073e-02
3.927570581436157227e-02
3.986063599586486816e-02
3.979820013046264648e-02
4.031511023640632629e-02
4.088972508907318115e-02
4.135658219456672668e-02
4.083133488893508911e-02
4.193112999200820923e-02
4.187016934156417847e-02
4.239280894398689270e-02
5.791005492210388184e-02
5.786477774381637573e-02
5.836881697177886963e-02
5.894425138831138611e-02
5.889579653739929199e-02
5.941259488463401794e-02
5.996692925691604614e-02
5.992745608091354370e-02
6.043163686990737915e-02
6.100605055689811707e-02
6.095240265130996704e-02
6.145958602428436279e-02
6.202415749430656433e-02
6.197930127382278442e-02
6.248512864112854004e-02
6.305485218763351440e-02
6.299120187759399414e-02
6.350482255220413208e-02
6.739097833633422852e-02
6.687985360622406006e-02
6.722550094127655029e-02
6.406363844871520996e-02
6.400170177221298218e-02
6.460575759410858154e-02
6.678368151187896729e-02
6.630262732505798340e-02
6.656784564256668091e-02
6.507420539855957031e-02
6.511934101581573486e-02
6.544516980648040771e-02
5.606150999665260315e-02
5.553709715604782104e-02
5.599592626094818115e-02
5.512232333421707153e-02
5.460431426763534546e-02
5.506408959627151489e-02
5.418603122234344482e-02
5.412542074918746948e-02
5.366368591785430908e-02
5.325596034526824951e-02
5.273211747407913208e-02
5.319529026746749878e-02
5.231040716171264648e-02
5.178503319621086121e-02
5.225967988371849060e-02
5.137550085783004761e-02
5.132118612527847290e-02
5.085366591811180115e-02
5.697897821664810181e-02
5.646945908665657043e-02
5.692850425839424133e-02
5.043578147888183594e-02
4.991411045193672180e-02
5.038233846426010132e-02
4.950214922428131104e-02
4.897951334714889526e-02
4.944828152656555176e-02
4.856131225824356079e-02
4.804456979036331177e-02
4.850590601563453674e-02
4.762853309512138367e-02
4.710105061531066895e-02
4.757995903491973877e-02
4.669272899627685547e-02
4.616968333721160889e-02
4.663243889808654785e-02
4.575639590620994568e-02
4.570403695106506348e-02
4.523098841309547424e-02
4.482600092887878418e-02
4.477220773696899414e-02
4.430017247796058655e-02
4.389615356922149658e-02
4.337772727012634277e-02
4.383973404765129089e-02
5.739283561706542969e-02
3.198976069688796997e-02
3.199547156691551208e-02
3.245631232857704163e-02
3.385243564844131470e-02
3.338732942938804626e-02
3.381952643394470215e-02
3.430858254432678223e-02
3.525865450501441956e-02
3.625931218266487122e-02
3.728179261088371277e-02
3.830759972333908081e-02
3.934026882052421570e-02
4.037873446941375732e-02
4.140896722674369812e-02
4.296932369470596313e-02
4.244960099458694458e-02
4.291177913546562195e-02
5.843495950102806091e-02
5.946928262710571289e-02
6.049671024084091187e-02
6.150920689105987549e-02
6.253387033939361572e-02
6.355670839548110962e-02
6.708739697933197021e-02
6.456429511308670044e-02
6.605342030525207520e-02
6.594081968069076538e-02
6.641150265932083130e-02
6.556194275617599487e-02
5.558165162801742554e-02
5.651952698826789856e-02
5.465019121766090393e-02
5.372817069292068481e-02
5.278262123465538025e-02
5.184668302536010742e-02
5.091360956430435181e-02
5.745334923267364502e-02
4.997019842267036438e-02
4.903463274240493774e-02
4.810322076082229614e-02
4.716287553310394287e-02
4.622650146484375000e-02
4.529212787747383118e-02
4.436726495623588562e-02
4.342958331108093262e-02
3.295917436480522156e-02
3.246984630823135376e-02
3.295000642538070679e-02
3.339984267950057983e-02
3.484541922807693481e-02
3.434644266963005066e-02
3.480584546923637390e-02
3.529346734285354614e-02
3.586237877607345581e-02
3.580824285745620728e-02
3.632189333438873291e-02
3.688953444361686707e-02
3.682059049606323242e-02
3.734371811151504517e-02
3.791589289903640747e-02
3.784966841340065002e-02
3.837219625711441040e-02
3.893679752945899963e-02
3.939653933048248291e-02
3.888131305575370789e-02
3.997191041707992554e-02
3.991329669952392578e-02
4.043623432517051697e-02
4.100310802459716797e-02
4.146450757980346680e-02
4.094540327787399292e-02
4.204721003770828247e-02
4.198828339576721191e-02
4.249945282936096191e-02
5.801518261432647705e-02
5.848967283964157104e-02
5.796685442328453064e-02
5.905065685510635376e-02
5.951574072241783142e-02
5.900290235877037048e-02
6.008616834878921509e-02
6.003136560320854187e-02
6.054477393627166748e-02
6.111860275268554688e-02
6.106336042284965515e-02
6.156738474965095520e-02
6.213708966970443726e-02
6.259280443191528320e-02
6.207524985074996948e-02
6.315910071134567261e-02
6.309591978788375854e-02
6.360889971256256104e-02
6.765449047088623047e-02
6.721577048301696777e-02
6.752561032772064209e-02
6.417284905910491943e-02
6.410772353410720825e-02
6.462155282497406006e-02
6.695110350847244263e-02
6.651484966278076172e-02
6.687325239181518555e-02
6.518790125846862793e-02
6.512045860290527344e-02
6.562354415655136108e-02
5.616477131843566895e-02
5.564572662115097046e-02
5.610887706279754639e-02
5.709462612867355347e-02
5.704029649496078491e-02
5.657119303941726685e-02
5.522802472114562988e-02
5.471030622720718384e-02
5.517775937914848328e-02
5.429314821958541870e-02
5.378033593297004700e-02
5.424019694328308105e-02
5.336172133684158325e-02
5.330611020326614380e-02
5.283560976386070251e-02
5.242694169282913208e-02
5.237580090761184692e-02
5.190371721982955933e-02
5.148766934871673584e-02
5.142667889595031738e-02
5.096352845430374146e-02
5.749685689806938171e-02
5.054933950304985046e-02
5.002542212605476379e-02
5.049641430377960205e-02
4.961962252855300903e-02
4.908356443047523499e-02
4.955666512250900269e-02
4.867787659168243408e-02
4.815404862165451050e-02
4.861679300665855408e-02
4.774477705359458923e-02
4.768771305680274963e-02
4.721270874142646790e-02
4.679983854293823242e-02
4.675101861357688904e-02
4.628637805581092834e-02
4.587663710117340088e-02
4.534801095724105835e-02
4.581654071807861328e-02
4.493866115808486938e-02
4.441679269075393677e-02
4.488630592823028564e-02
4.401217028498649597e-02
4.348493367433547974e-02
4.395432397723197937e-02
3.206141293048858643e-02
3.202408924698829651e-02
3.251141309738159180e-02
3.395821526646614075e-02
3.345574438571929932e-02
3.390039131045341492e-02
3.439640253782272339e-02
3.536219522356987000e-02
3.637462109327316284e-02
3.740101307630538940e-02
3.842969238758087158e-02
3.946020454168319702e-02
4.048479720950126648e-02
4.152448475360870361e-02
4.308019205927848816e-02
4.301595687866210938e-02
4.256620630621910095e-02
5.853902548551559448e-02
5.956739932298660278e-02
6.060244515538215637e-02
6.162792816758155823e-02
6.265145540237426758e-02
6.366232037544250488e-02
6.730997562408447266e-02
6.467881798744201660e-02
6.615450233221054077e-02
6.610323488712310791e-02
6.655536592006683350e-02
6.566463410854339600e-02
5.569565668702125549e-02
5.662330985069274902e-02
5.755530297756195068e-02
5.476801842451095581e-02
5.383483320474624634e-02
5.289426445960998535e-02
5.195543915033340454e-02
5.101894587278366089e-02
5.008941143751144409e-02
4.914555326104164124e-02
4.820832982659339905e-02
4.727173596620559692e-02
4.633544385433197021e-02
4.540862143039703369e-02
4.448009654879570007e-02
4.354055970907211304e-02
3.306509554386138916e-02
3.256351500749588013e-02
3.301867097616195679e-02
3.351415321230888367e-02
3.496339172124862671e-02
3.446319699287414551e-02
3.490134701132774353e-02
3.540971130132675171e-02
3.598371893167495728e-02
3.592819720506668091e-02
3.643453121185302734e-02
3.701120615005493164e-02
3.745609521865844727e-02
3.694891557097434998e-02
3.802944347262382507e-02
3.848206251859664917e-02
3.797372430562973022e-02
3.905610367655754089e-02
3.951998800039291382e-02
3.899889439344406128e-02
4.008568823337554932e-02
4.054854065179824829e-02
4.003470391035079956e-02
4.112081229686737061e-02
4.157960042357444763e-02
4.106466099619865417e-02
4.214883223176002502e-02
4.262175410985946655e-02
4.209635406732559204e-02
5.813732370734214783e-02
5.808679759502410889e-02
5.859839916229248047e-02
5.915880203247070312e-02
5.962014943361282349e-02
5.910427868366241455e-02
6.019996106624603271e-02
6.014047563076019287e-02
6.065651029348373413e-02
6.123132258653640747e-02
6.117460131645202637e-02
6.168448179960250854e-02
6.225460395216941833e-02
6.219416111707687378e-02
6.270483136177062988e-02
6.327844411134719849e-02
6.320898234844207764e-02
6.373223662376403809e-02
6.786154955625534058e-02
6.741777807474136353e-02
6.775601208209991455e-02
6.428871303796768188e-02
6.423220038414001465e-02
6.474511325359344482e-02
6.707362830638885498e-02
6.661173701286315918e-02
6.701891124248504639e-02
6.530788540840148926e-02
6.524512171745300293e-02
6.573621183633804321e-02
5.627230927348136902e-02
5.574815720319747925e-02
5.621350556612014771e-02
5.720876157283782959e-02
5.668582767248153687e-02
5.715569108724594116e-02
5.761233344674110413e-02
5.534199252724647522e-02
5.482105910778045654e-02
5.528521910309791565e-02
5.440857633948326111e-02
5.435734242200851440e-02
5.388247221708297729e-02
5.347646772861480713e-02
5.294945091009140015e-02
5.341173708438873291e-02
5.254641920328140259e-02
5.201909691095352173e-02
5.247773230075836182e-02
5.160177126526832581e-02
5.107118934392929077e-02
5.154044926166534424e-02
5.067150294780731201e-02
5.014068633317947388e-02
5.060798674821853638e-02
4.972416907548904419e-02
4.967875033617019653e-02
4.920522868633270264e-02
4.878891259431838989e-02
4.873374104499816895e-02
4.826563596725463867e-02
4.785607010126113892e-02
4.733356833457946777e-02
4.779494181275367737e-02
4.692558571696281433e-02
4.686459898948669434e-02
4.640005528926849365e-02
4.598089307546615601e-02
4.546563327312469482e-02
4.593182727694511414e-02
4.505894333124160767e-02
4.453558847308158875e-02
4.499263316392898560e-02
4.411835968494415283e-02
4.406018555164337158e-02
4.360218346118927002e-02
3.220760077238082886e-02
3.213276341557502747e-02
3.263238817453384399e-02
3.406812995672225952e-02
3.357288241386413574e-02
3.401389718055725098e-02
3.451731801033020020e-02
3.547132760286331177e-02
3.650083020329475403e-02
3.751883655786514282e-02
3.854566812515258789e-02
3.957446292042732239e-02
4.060066491365432739e-02
4.163192957639694214e-02
4.318981617689132690e-02
4.313359782099723816e-02
4.267380386590957642e-02
5.865251272916793823e-02
5.968197062611579895e-02
6.071186065673828125e-02
6.173618882894515991e-02
6.275856494903564453e-02
6.378170102834701538e-02
6.746877729892730713e-02
6.479959189891815186e-02
6.623428314924240112e-02
6.666114926338195801e-02
6.620361655950546265e-02
6.577783077955245972e-02
5.580968409776687622e-02
5.674637109041213989e-02
5.766488984227180481e-02
5.487305670976638794e-02
5.393629521131515503e-02
5.300140008330345154e-02
5.207077041268348694e-02
5.113698169589042664e-02
5.019532889127731323e-02
4.926047846674919128e-02
4.832426458597183228e-02
4.738954454660415649e-02
4.645907878875732422e-02
4.552074894309043884e-02
4.458642750978469849e-02
4.365731775760650635e-02
3.320161253213882446e-02
3.314142674207687378e-02
3.269967809319496155e-02
3.363557159900665283e-02
3.508316725492477417e-02
3.503296151757240295e-02
3.457204625010490417e-02
3.553199395537376404e-02
3.610606491565704346e-02
3.655836358666419983e-02
3.604207187891006470e-02
3.711929172277450562e-02
3.706244379281997681e-02
3.756888210773468018e-02
3.814198076725006104e-02
3.860544040799140930e-02
3.808654844760894775e-02
3.917399793863296509e-02
3.911233693361282349e-02
3.963164985179901123e-02
4.020456224679946899e-02
4.014370217919349670e-02
4.065807163715362549e-02
4.122979938983917236e-02
4.117968678474426270e-02
4.168947413563728333e-02
4.226566851139068604e-02
4.221595823764801025e-02
4.273113608360290527e-02
5.824941769242286682e-02
5.870384722948074341e-02
5.819139629602432251e-02
5.928467959165573120e-02
5.922220274806022644e-02
5.973375961184501648e-02
6.030505523085594177e-02
6.025303155183792114e-02
6.076068803668022156e-02
6.134162843227386475e-02
6.128563731908798218e-02
6.179291754961013794e-02
6.236596032977104187e-02
6.230499595403671265e-02
6.282132863998413086e-02
6.339194625616073608e-02
6.384065747261047363e-02
6.333261728286743164e-02
6.799411773681640625e-02
6.753595173358917236e-02
6.792619079351425171e-02
6.440111249685287476e-02
6.486393511295318604e-02
6.435082852840423584e-02
6.717669963836669922e-02
6.671117246150970459e-02
6.712297350168228149e-02
6.541250646114349365e-02
6.536182761192321777e-02
6.582597643136978149e-02
5.638333782553672791e-02
5.586761236190795898e-02
5.632950365543365479e-02
5.731643736362457275e-02
5.679939687252044678e-02
5.725980550050735474e-02
5.771948397159576416e-02
5.545603111386299133e-02
5.492559820413589478e-02
5.540181323885917664e-02
5.451862141489982605e-02
5.399458482861518860e-02
5.445817112922668457e-02
5.358662828803062439e-02
5.305981263518333435e-02
5.353019386529922485e-02
5.265174806118011475e-02
5.212578177452087402e-02
5.258531868457794189e-02
5.171487480401992798e-02
5.118746310472488403e-02
5.165284499526023865e-02
5.077829211950302124e-02
5.072398483753204346e-02
5.025254189968109131e-02
4.983262717723846436e-02
4.931427165865898132e-02
4.977764934301376343e-02
4.890194535255432129e-02
4.837741702795028687e-02
4.884190112352371216e-02
4.796449095010757446e-02
4.744362831115722656e-02
4.791231453418731689e-02
4.702950268983840942e-02
4.650580510497093201e-02
4.697662591934204102e-02
4.609452188014984131e-02
4.604004323482513428e-02
4.557727649807929993e-02
4.516734927892684937e-02
4.511030763387680054e-02
4.464080929756164551e-02
4.423702880740165710e-02
4.371220618486404419e-02
4.418307542800903320e-02
3.239568322896957397e-02
3.230405598878860474e-02
3.279497846961021423e-02
3.421648219227790833e-02
3.414180874824523926e-02
3.370986878871917725e-02
3.464461117982864380e-02
3.559151291847229004e-02
3.660857677459716797e-02
3.762743622064590454e-02
3.865549713373184204e-02
3.968741744756698608e-02
4.072000458836555481e-02
4.174484312534332275e-02
4.330730810761451721e-02
4.279123619198799133e-02
4.324953630566596985e-02
5.876293033361434937e-02
5.979734286665916443e-02
6.082457676529884338e-02
6.184648722410202026e-02
6.288095563650131226e-02
6.389518827199935913e-02
6.758920848369598389e-02
6.491582840681076050e-02
6.633961945772171021e-02
6.628876924514770508e-02
6.675549596548080444e-02
6.587605178356170654e-02
5.591845512390136719e-02
5.685626715421676636e-02
5.777168273925781250e-02
5.498112365603446960e-02
5.404946208000183105e-02
5.311471596360206604e-02
5.218357220292091370e-02
5.124953761696815491e-02
5.030660703778266907e-02
4.936583712697029114e-02
4.843100905418395996e-02
4.749669134616851807e-02
4.656603187322616577e-02
4.563213139772415161e-02
4.469511657953262329e-02
4.377070069313049316e-02
3.342892229557037354e-02
3.331489861011505127e-02
3.291621059179306030e-02
3.381889685988426208e-02
3.522631153464317322e-02
3.471003100275993347e-02
3.515668585896492004e-02
3.566116839647293091e-02
3.621647506952285767e-02
3.615844622254371643e-02
3.666864708065986633e-02
3.723768144845962524e-02
3.718110546469688416e-02
3.769192844629287720e-02
3.826406970620155334e-02
3.819987550377845764e-02
3.871294483542442322e-02
3.928733617067337036e-02
3.922600671648979187e-02
3.974257409572601318e-02
4.031235724687576294e-02
4.025712236762046814e-02
4.077228903770446777e-02
4.134415835142135620e-02
4.128722101449966431e-02
4.180920496582984924e-02
4.238441213965415955e-02
4.231801629066467285e-02
4.284384101629257202e-02
5.835645645856857300e-02
5.880940705537796021e-02
5.829289183020591736e-02
5.939311906695365906e-02
5.932653695344924927e-02
5.983888730406761169e-02
6.042388454079627991e-02
6.036686152219772339e-02
6.088946759700775146e-02
6.146232038736343384e-02
6.139943003654479980e-02
6.190535426139831543e-02
6.248245015740394592e-02
6.241910159587860107e-02
6.293531507253646851e-02
6.350181996822357178e-02
6.344103068113327026e-02
6.396034359931945801e-02
6.805472075939178467e-02
6.762152165174484253e-02
6.803185492753982544e-02
6.453099101781845093e-02
6.446628272533416748e-02
6.497325003147125244e-02
6.722068786621093750e-02
6.719852983951568604e-02
6.677828729152679443e-02
6.552311033010482788e-02
6.547722965478897095e-02
6.592425704002380371e-02
5.649555474519729614e-02
5.597826465964317322e-02
5.644106119871139526e-02
5.742928385734558105e-02
5.737230554223060608e-02
5.691460892558097839e-02
5.783189088106155396e-02
5.557557195425033569e-02
5.504190176725387573e-02
5.551533773541450500e-02
5.463821440935134888e-02
5.410405248403549194e-02
5.458255484700202942e-02
5.369848757982254028e-02
5.317424237728118896e-02
5.364158004522323608e-02
5.275864154100418091e-02
5.223810672760009766e-02
5.270893871784210205e-02
5.182801932096481323e-02
5.177242308855056763e-02
5.131016671657562256e-02
5.089462548494338989e-02
5.083235725760459900e-02
5.036023631691932678e-02
4.995607212185859680e-02
4.988938942551612854e-02
4.943449795246124268e-02
4.901659488677978516e-02
4.848886281251907349e-02
4.895478487014770508e-02
4.808373004198074341e-02
4.755461961030960083e-02
4.802563786506652832e-02
4.714413732290267944e-02
4.708768427371978760e-02
4.662632197141647339e-02
4.621062427759170532e-02
4.615824669599533081e-02
4.567890614271163940e-02
4.528298228979110718e-02
4.475048184394836426e-02
4.522275179624557495e-02
4.434842988848686218e-02
4.382796585559844971e-02
4.429358243942260742e-02
3.266870230436325073e-02
3.253308683633804321e-02
3.304334729909896851e-02
3.440067917108535767e-02
3.431195765733718872e-02
3.391638770699501038e-02
3.481418639421463013e-02
3.571888059377670288e-02
3.672196716070175171e-02
3.775405138731002808e-02
3.877163678407669067e-02
3.979507461190223694e-02
4.082785546779632568e-02
4.186299443244934082e-02
4.341084510087966919e-02
4.290051758289337158e-02
4.336683452129364014e-02
5.886711180210113525e-02
5.990950018167495728e-02
6.093908101320266724e-02
6.197416782379150391e-02
6.299465894699096680e-02
6.401391327381134033e-02
6.764551997184753418e-02
6.502821296453475952e-02
6.638547778129577637e-02
6.681321561336517334e-02
6.636245548725128174e-02
6.596245616674423218e-02
5.604028329253196716e-02
5.695803835988044739e-02
5.788854137063026428e-02
5.510382354259490967e-02
5.416174605488777161e-02
5.322908610105514526e-02
5.230091512203216553e-02
5.136358737945556641e-02
5.041752755641937256e-02
4.948085546493530273e-02
4.854812100529670715e-02
4.761746525764465332e-02
4.668143391609191895e-02
4.574048146605491638e-02
4.480989649891853333e-02
4.388293623924255371e-02
3.369373828172683716e-02
3.318043425679206848e-02
3.355650231242179871e-02
3.404162824153900146e-02
3.534506633877754211e-02
3.487064689397811890e-02
3.528832644224166870e-02
3.577724844217300415e-02
3.633182868361473083e-02
3.627643734216690063e-02
3.678328543901443481e-02
3.735169023275375366e-02
3.729337453842163086e-02
3.780925646424293518e-02
3.836673498153686523e-02
3.831044584512710571e-02
3.882737830281257629e-02
3.939711302518844604e-02
3.934222459793090820e-02
3.985071182250976562e-02
4.042027145624160767e-02
4.036941006779670715e-02
4.088996350765228271e-02
4.145884513854980469e-02
4.139793291687965393e-02
4.191762208938598633e-02
4.249063879251480103e-02
4.295008257031440735e-02
4.243874549865722656e-02
5.846901237964630127e-02
5.841320753097534180e-02
5.892499163746833801e-02
5.950061976909637451e-02
5.996414273977279663e-02
5.945145711302757263e-02
6.054061651229858398e-02
6.098749488592147827e-02
6.047442555427551270e-02
6.156815588474273682e-02
6.151289492845535278e-02
6.202907860279083252e-02
6.260492652654647827e-02
6.254433095455169678e-02
6.305345892906188965e-02
6.362682580947875977e-02
6.356930732727050781e-02
6.408122926950454712e-02
6.806804239749908447e-02
6.764452159404754639e-02
6.806682795286178589e-02
6.465066969394683838e-02
6.458762288093566895e-02
6.508920341730117798e-02
6.717546284198760986e-02
6.678070127964019775e-02
6.719288229942321777e-02
6.562715768814086914e-02
6.557613611221313477e-02
6.600596010684967041e-02
5.660677701234817505e-02
5.609364807605743408e-02
5.655281990766525269e-02
5.753722041845321655e-02
5.702120065689086914e-02
5.748358368873596191e-02
5.794340744614601135e-02
5.568547174334526062e-02
5.515643209218978882e-02
5.563116818666458130e-02
5.474377423524856567e-02
5.422260612249374390e-02
5.468405783176422119e-02
5.380721390247344971e-02
5.328956246376037598e-02
5.375768989324569702e-02
5.287413299083709717e-02
5.282232910394668579e-02
5.235041677951812744e-02
5.193901062011718750e-02
5.141852051019668579e-02
5.188260972499847412e-02
5.101045966148376465e-02
5.094640702009201050e-02
5.048181116580963135e-02
5.007056891918182373e-02
5.000901967287063599e-02
4.954289644956588745e-02
4.912497103214263916e-02
4.907474666833877563e-02
4.860153794288635254e-02
4.819136485457420349e-02
4.813297465443611145e-02
4.766753315925598145e-02
4.726247489452362061e-02
4.673606902360916138e-02
4.720030725002288818e-02
4.632666334509849548e-02
4.627273976802825928e-02
4.579796642065048218e-02
4.538918286561965942e-02
4.486672952771186829e-02
4.534300044178962708e-02
4.446031153202056885e-02
4.393840581178665161e-02
4.440148547291755676e-02
3.299834206700325012e-02
3.283334523439407349e-02
3.333726152777671814e-02
3.454111516475677490e-02
3.446955978870391846e-02
3.411036729812622070e-02
3.494695574045181274e-02
3.584289550781250000e-02
3.683806583285331726e-02
3.786415606737136841e-02
3.888135403394699097e-02
3.990656509995460510e-02
4.094076529145240784e-02
4.197669029235839844e-02
4.352759569883346558e-02
4.347358644008636475e-02
4.301667213439941406e-02
5.898598581552505493e-02
6.001946330070495605e-02
6.105294823646545410e-02
6.208145245909690857e-02
6.311883777379989624e-02
6.415340304374694824e-02
6.762623041868209839e-02
6.513483822345733643e-02
6.644275039434432983e-02
6.680701673030853271e-02
6.642825901508331299e-02
6.604269146919250488e-02
5.614764988422393799e-02
5.707292631268501282e-02
5.800693482160568237e-02
5.521965026855468750e-02
5.427981913089752197e-02
5.334610491991043091e-02
5.240993201732635498e-02
5.147411674261093140e-02
5.053333938121795654e-02
4.960309714078903198e-02
4.865792021155357361e-02
4.772669821977615356e-02
4.679036512970924377e-02
4.586350917816162109e-02
4.491998255252838135e-02
4.399763792753219604e-02
3.401961177587509155e-02
3.385632485151290894e-02
3.350630402565002441e-02
3.428108617663383484e-02
3.523992747068405151e-02
3.488898649811744690e-02
3.529850766062736511e-02
3.578532487154006958e-02
3.641754016280174255e-02
3.688641637563705444e-02
3.637376427650451660e-02
3.746427595615386963e-02
3.790970891714096069e-02
3.740628808736801147e-02
3.848192840814590454e-02
3.893803805112838745e-02
3.842519596219062805e-02
3.950432315468788147e-02
3.996612876653671265e-02
3.945192694664001465e-02
4.053883999586105347e-02
4.099376499652862549e-02
4.048546776175498962e-02
4.156272485852241516e-02
4.202866554260253906e-02
4.150854796171188354e-02
4.260323941707611084e-02
4.255107045173645020e-02
4.305863380432128906e-02
5.858372524380683899e-02
5.852368101477622986e-02
5.903995037078857422e-02
5.961792543530464172e-02
5.955991148948669434e-02
6.008446961641311646e-02
6.065074354410171509e-02
6.060401350259780884e-02
6.111679598689079285e-02
6.169099360704421997e-02
6.162364035844802856e-02
6.214692443609237671e-02
6.272505968809127808e-02
6.317630410194396973e-02
6.266244500875473022e-02
6.374429166316986084e-02
6.420049071311950684e-02
6.368798017501831055e-02
6.800901889801025391e-02
6.758980453014373779e-02
6.803064048290252686e-02
6.479375064373016357e-02
6.472231447696685791e-02
6.520495563745498657e-02
6.706243008375167847e-02
6.675045192241668701e-02
6.711847335100173950e-02
6.595460325479507446e-02
6.579480320215225220e-02
6.620258092880249023e-02
5.672885105013847351e-02
5.666103959083557129e-02
5.620199441909790039e-02
5.765369907021522522e-02
5.714447796344757080e-02
5.759306252002716064e-02
5.805502086877822876e-02
5.579911544919013977e-02
5.573689937591552734e-02
5.526916682720184326e-02
5.486711859703063965e-02
5.480903387069702148e-02
5.434656143188476562e-02
5.393256992101669312e-02
5.386766791343688965e-02
5.340629816055297852e-02
5.299251526594161987e-02
5.293759703636169434e-02
5.245935544371604919e-02
5.206057056784629822e-02
5.153124406933784485e-02
5.199196934700012207e-02
5.112231522798538208e-02
5.059652030467987061e-02
5.106221139430999756e-02
5.018554627895355225e-02
4.965807497501373291e-02
5.012582987546920776e-02
4.924756661057472229e-02
4.871503263711929321e-02
4.918495565652847290e-02
4.831034690141677856e-02
4.825418442487716675e-02
4.778235778212547302e-02
4.737062007188796997e-02
4.685173928737640381e-02
4.732125625014305115e-02
4.643287882208824158e-02
4.591510817408561707e-02
4.637938365340232849e-02
4.550168290734291077e-02
4.497602954506874084e-02
4.544452577829360962e-02
4.456756263971328735e-02
4.451972991228103638e-02
4.405131191015243530e-02
3.339394927024841309e-02
3.318754583597183228e-02
3.370711207389831543e-02
3.462795913219451904e-02
3.582139313220977783e-02
3.694336116313934326e-02
3.796640783548355103e-02
3.899626433849334717e-02
4.002209007740020752e-02
4.104748368263244629e-02
4.208661243319511414e-02
4.364179447293281555e-02
4.358382895588874817e-02
4.311935603618621826e-02
5.910539254546165466e-02
6.013633310794830322e-02
6.116758659482002258e-02
6.220804527401924133e-02
6.323772668838500977e-02
6.427180022001266479e-02
6.754270195960998535e-02
6.536503881216049194e-02
6.650623679161071777e-02
5.625745281577110291e-02
5.718435347080230713e-02
5.811471492052078247e-02
5.532501637935638428e-02
5.440039932727813721e-02
5.345790833234786987e-02
5.252109840512275696e-02
5.158337205648422241e-02
5.064828693866729736e-02
4.970852658152580261e-02
4.877962172031402588e-02
4.784304648637771606e-02
4.690431803464889526e-02
4.597491025924682617e-02
4.504591971635818481e-02
4.411020874977111816e-02
3.450085222721099854e-02
3.394607827067375183e-02
3.425920754671096802e-02
3.487130254507064819e-02
3.558427467942237854e-02
3.599815070629119873e-02
3.540883213281631470e-02
3.658044710755348206e-02
3.701723366975784302e-02
3.650458529591560364e-02
3.757698088884353638e-02
3.802988678216934204e-02
3.751965984702110291e-02
3.859486803412437439e-02
3.904991224408149719e-02
3.853724896907806396e-02
3.961678221821784973e-02
4.008476808667182922e-02
3.956217691302299500e-02
4.065027087926864624e-02
4.110678657889366150e-02
4.059029370546340942e-02
4.167694598436355591e-02
4.213633760809898376e-02
4.162570089101791382e-02
4.271470010280609131e-02
4.266269505023956299e-02
4.317526146769523621e-02
5.869696661829948425e-02
5.862916260957717896e-02
5.915925651788711548e-02
5.973644554615020752e-02
5.968039482831954956e-02
6.019008532166481018e-02
6.077350676059722900e-02
6.071081385016441345e-02
6.123525649309158325e-02
6.181937083601951599e-02
6.226734071969985962e-02
6.174833327531814575e-02
6.284988671541213989e-02
6.278193742036819458e-02
6.329900771379470825e-02
6.387934088706970215e-02
6.432558596134185791e-02
6.381042301654815674e-02
6.787999719381332397e-02
6.747307628393173218e-02
6.793771684169769287e-02
6.489834189414978027e-02
6.483618170022964478e-02
6.542740762233734131e-02
6.685955822467803955e-02
6.640294939279556274e-02
6.696189194917678833e-02
5.684117227792739868e-02
5.631601437926292419e-02
5.677783489227294922e-02
5.777575448155403137e-02
5.770320445299148560e-02
5.724994838237762451e-02
5.817738920450210571e-02
5.591383203864097595e-02
5.585280805826187134e-02
5.538684874773025513e-02
5.497620999813079834e-02
5.492033809423446655e-02
5.445174872875213623e-02
5.404090136289596558e-02
5.351395905017852783e-02
5.398134142160415649e-02
5.311033129692077637e-02
5.305834487080574036e-02
5.257936194539070129e-02
5.216970294713973999e-02
5.164748057723045349e-02
5.212213844060897827e-02
5.124034732580184937e-02
5.070482566952705383e-02
5.118039250373840332e-02
5.029571801424026489e-02
4.977352544665336609e-02
5.022991448640823364e-02
4.935484007000923157e-02
4.883520677685737610e-02
4.929588735103607178e-02
4.843126237392425537e-02
4.789986088871955872e-02
4.835951328277587891e-02
4.748652130365371704e-02
4.695667326450347900e-02
4.742613807320594788e-02
4.656293988227844238e-02
4.603435844182968140e-02
4.649353772401809692e-02
4.562292248010635376e-02
4.508585110306739807e-02
4.556246846914291382e-02
4.468584060668945312e-02
4.416173696517944336e-02
4.462363570928573608e-02
3.384501487016677856e-02
3.362274914979934692e-02
3.418305143713951111e-02
3.503871709108352661e-02
3.607726842164993286e-02
3.707969188690185547e-02
3.807562962174415588e-02
3.909996151924133301e-02
4.012552276253700256e-02
4.115790128707885742e-02
4.220030084252357483e-02
4.375467449426651001e-02
4.323601350188255310e-02
4.369708150625228882e-02
5.921589955687522888e-02
6.026072427630424500e-02
6.129647791385650635e-02
6.232801824808120728e-02
6.336905807256698608e-02
6.439229846000671387e-02
6.736876815557479858e-02
6.586969643831253052e-02
6.591658294200897217e-02
6.538404524326324463e-02
6.636802107095718384e-02
5.730830132961273193e-02
5.637316405773162842e-02
5.823170393705368042e-02
5.544424057006835938e-02
5.451543629169464111e-02
5.357810482382774353e-02
5.264048650860786438e-02
5.171240493655204773e-02
5.077246576547622681e-02
4.982567951083183289e-02
4.889465495944023132e-02
4.794975370168685913e-02
4.701664298772811890e-02
4.608621448278427124e-02
4.515001177787780762e-02
4.422280564904212952e-02
3.494682908058166504e-02
3.440062701702117920e-02
3.472930938005447388e-02
3.526222333312034607e-02
3.582192957401275635e-02
3.619898110628128052e-02
3.569451346993446350e-02
3.656381741166114807e-02
3.706625476479530334e-02
3.657151013612747192e-02
3.768384456634521484e-02
3.762798383831977844e-02
3.813523799180984497e-02
3.870557621121406555e-02
3.865261003375053406e-02
3.915689140558242798e-02
3.972947224974632263e-02
3.967844694852828979e-02
4.018875584006309509e-02
4.075331240892410278e-02
4.069941490888595581e-02
4.121513664722442627e-02
4.178375005722045898e-02
4.225007444620132446e-02
4.173874109983444214e-02
4.282930493354797363e-02
4.277232289314270020e-02
4.329711198806762695e-02
5.881591513752937317e-02
5.875012278556823730e-02
5.927627533674240112e-02
5.985386669635772705e-02
5.979290604591369629e-02
6.031179428100585938e-02
6.089016050100326538e-02
6.083200871944427490e-02
6.135023012757301331e-02
6.192602962255477905e-02
6.187247484922409058e-02
6.238972395658493042e-02
6.296703219413757324e-02
6.342021375894546509e-02
6.290966272354125977e-02
6.400696933269500732e-02
6.445153057575225830e-02
6.394326686859130859e-02
6.768779456615447998e-02
6.726506352424621582e-02
6.777808070182800293e-02
6.499698013067245483e-02
6.493776291608810425e-02
6.542733311653137207e-02
6.669875234365463257e-02
6.628279387950897217e-02
6.677591800689697266e-02
5.789265409111976624e-02
5.735873803496360779e-02
5.782557651400566101e-02
5.695463716983795166e-02
5.643032863736152649e-02
5.689746141433715820e-02
5.828577280044555664e-02
5.603093281388282776e-02
5.550488829612731934e-02
5.597348511219024658e-02
5.508873984217643738e-02
5.457060039043426514e-02
5.503689497709274292e-02
5.416737496852874756e-02
5.410312488675117493e-02
5.364031717181205750e-02
5.322143808007240295e-02
5.317236110568046570e-02
5.269681662321090698e-02
5.228655785322189331e-02
5.176408961415290833e-02
5.223189666867256165e-02
5.135432258248329163e-02
5.081635713577270508e-02
5.128951370716094971e-02
5.040852352976799011e-02
4.988802969455718994e-02
5.035694688558578491e-02
4.947736859321594238e-02
4.894582927227020264e-02
4.941339790821075439e-02
4.853892698884010315e-02
4.801445454359054565e-02
4.848513379693031311e-02
4.759926721453666687e-02
4.707675427198410034e-02
4.754551500082015991e-02
4.666414856910705566e-02
4.660921543836593628e-02
4.614435136318206787e-02
4.572415351867675781e-02
4.567179083824157715e-02
4.520883411169052124e-02
4.479577392339706421e-02
4.473354294896125793e-02
4.428016394376754761e-02
3.436785191297531128e-02
3.409628570079803467e-02
3.465624526143074036e-02
3.537704423069953918e-02
3.618702664971351624e-02
3.712044656276702881e-02
3.819280117750167847e-02
3.921569138765335083e-02
4.024284705519676208e-02
4.126987233757972717e-02
4.230698943138122559e-02
4.387100040912628174e-02
4.381622374057769775e-02
4.334209859371185303e-02
5.932614579796791077e-02
6.038511544466018677e-02
6.141252815723419189e-02
6.245705112814903259e-02
6.348667293787002563e-02
6.449840962886810303e-02
6.719676405191421509e-02
6.584274023771286011e-02
6.585615873336791992e-02
6.541308760643005371e-02
6.626357138156890869e-02
5.835262686014175415e-02
5.742513388395309448e-02
5.649420619010925293e-02
5.555803701281547546e-02
5.463205277919769287e-02
5.369047075510025024e-02
5.276451259851455688e-02
5.181794241070747375e-02
5.088502913713455200e-02
4.993887990713119507e-02
4.900057613849639893e-02
4.807071387767791748e-02
4.712917655706405640e-02
4.619452357292175293e-02
4.526831209659576416e-02
4.432692378759384155e-02
3.543498739600181580e-02
3.519061952829360962e-02
3.489722684025764465e-02
3.562173247337341309e-02
3.599137067794799805e-02
3.688396513462066650e-02
3.728292882442474365e-02
3.671759366989135742e-02
3.767484426498413086e-02
3.767857700586318970e-02
3.819341957569122314e-02
3.882584348320960999e-02
3.876505792140960693e-02
3.927260637283325195e-02
3.984769433736801147e-02
3.979385644197463989e-02
4.030698910355567932e-02
4.086658731102943420e-02
4.132575169205665588e-02
4.080887883901596069e-02
4.189427196979522705e-02
4.236235097050666809e-02
4.183578863739967346e-02
4.293409734964370728e-02
4.287633299827575684e-02
4.340119287371635437e-02
5.892737209796905518e-02
5.938837677240371704e-02
5.886975303292274475e-02
5.997744202613830566e-02
6.043611466884613037e-02
5.991302803158760071e-02
6.101449206471443176e-02
6.095666438341140747e-02
6.147231161594390869e-02
6.206414848566055298e-02
6.199458613991737366e-02
6.251624971628189087e-02
6.309024244546890259e-02
6.302407383918762207e-02
6.355298310518264771e-02
6.412802636623382568e-02
6.456403434276580811e-02
6.406299769878387451e-02
6.742275506258010864e-02
6.705372035503387451e-02
6.755205243825912476e-02
6.525351852178573608e-02
6.511878967285156250e-02
6.554606556892395020e-02
6.639756262302398682e-02
6.611440330743789673e-02
6.654144078493118286e-02
5.841057747602462769e-02
5.800361186265945435e-02
5.748084187507629395e-02
5.794571340084075928e-02
5.707641690969467163e-02
5.654589831829071045e-02
5.701825022697448730e-02
5.614160373806953430e-02
5.562019348144531250e-02
5.608352273702621460e-02
5.521430075168609619e-02
5.515469983220100403e-02
5.469033122062683105e-02
5.427784472703933716e-02
5.420657992362976074e-02
5.375306308269500732e-02
5.334386974573135376e-02
5.328740179538726807e-02
5.281086638569831848e-02
5.240375921130180359e-02
5.188148841261863708e-02
5.233810469508171082e-02
5.146884173154830933e-02
5.093508958816528320e-02
5.141094326972961426e-02
5.052477493882179260e-02
5.000629648566246033e-02
5.046974867582321167e-02
4.959157854318618774e-02
4.906040802597999573e-02
4.953252524137496948e-02
4.864666983485221863e-02
4.859120026230812073e-02
4.812685400247573853e-02
4.771339148283004761e-02
4.766432195901870728e-02
4.719327390193939209e-02
4.677693918347358704e-02
4.625730216503143311e-02
4.671350121498107910e-02
4.583981260657310486e-02
4.531574994325637817e-02
4.578907042741775513e-02
4.490738362073898315e-02
4.438969865441322327e-02
4.485180974006652832e-02
3.493941202759742737e-02
3.465727716684341431e-02
3.518691658973693848e-02
3.599383682012557983e-02
3.627663850784301758e-02
3.570800647139549255e-02
3.727877885103225708e-02
3.643712401390075684e-02
3.824789822101593018e-02
3.933678194880485535e-02
4.035987332463264465e-02
4.138208925724029541e-02
4.240930825471878052e-02
4.397638887166976929e-02
4.345433786511421204e-02
4.392103850841522217e-02
5.946074053645133972e-02
6.049719452857971191e-02
6.152896583080291748e-02
6.258434802293777466e-02
6.362070143222808838e-02
6.469905376434326172e-02
6.690274178981781006e-02
6.582567095756530762e-02
5.846754461526870728e-02
5.754413455724716187e-02
5.660965666174888611e-02
5.568031221628189087e-02
5.474353581666946411e-02
5.381081998348236084e-02
5.287386849522590637e-02
5.192598700523376465e-02
5.099686980247497559e-02
5.005568265914916992e-02
4.912324249744415283e-02
4.818572849035263062e-02
4.724831134080886841e-02
4.632324352860450745e-02
4.538122564554214478e-02
4.443981871008872986e-02
3.546641021966934204e-02
3.667312115430831909e-02
3.678498789668083191e-02
3.717876970767974854e-02
3.633378446102142334e-02
3.791897743940353394e-02
3.837136179208755493e-02
3.779838979244232178e-02
3.893812000751495361e-02
3.939065709710121155e-02
3.888168558478355408e-02
3.994086384773254395e-02
4.040078073740005493e-02
3.989621624350547791e-02
4.097338393330574036e-02
4.091912508010864258e-02
4.143468290567398071e-02
4.194470867514610291e-02
4.243518039584159851e-02
4.191398248076438904e-02
4.306165128946304321e-02
4.300355166196823120e-02
4.351900890469551086e-02
5.905095487833023071e-02
5.952175334095954895e-02
5.899478122591972351e-02
6.009214743971824646e-02
6.055301427841186523e-02
6.003186479210853577e-02
6.113721802830696106e-02
6.108049303293228149e-02
6.159826368093490601e-02
6.218506395816802979e-02
6.213048100471496582e-02
6.264008581638336182e-02
6.322849541902542114e-02
6.316430866718292236e-02
6.367415189743041992e-02
6.425105035305023193e-02
6.474678218364715576e-02
6.418981403112411499e-02
6.709665805101394653e-02
6.674532592296600342e-02
6.725893914699554443e-02
6.603039056062698364e-02
6.621386855840682983e-02
6.564385443925857544e-02
5.853548273444175720e-02
5.812746286392211914e-02
5.759717896580696106e-02
5.807197839021682739e-02
5.720397084951400757e-02
5.666757002472877502e-02
5.713355913758277893e-02
5.626400187611579895e-02
5.620487034320831299e-02
5.574380233883857727e-02
5.532304942607879639e-02
5.480936542153358459e-02
5.527269095182418823e-02
5.439697951078414917e-02
5.387083441019058228e-02
5.433122068643569946e-02
5.346364155411720276e-02
5.340373516082763672e-02
5.293631926178932190e-02
5.252132564783096313e-02
5.246384441852569580e-02
5.199388414621353149e-02
5.159031227231025696e-02
5.152130872011184692e-02
5.105962604284286499e-02
5.064465478062629700e-02
5.059211328625679016e-02
5.012223124504089355e-02
4.970981180667877197e-02
4.917804151773452759e-02
4.964797943830490112e-02
4.876685887575149536e-02
4.824213683605194092e-02
4.870782792568206787e-02
4.783154278993606567e-02
4.730823263525962830e-02
4.777589812874794006e-02
4.689029976725578308e-02
4.636950045824050903e-02
4.683940112590789795e-02
4.595983028411865234e-02
4.542678222060203552e-02
4.590107873082160950e-02
4.502373561263084412e-02
4.450206831097602844e-02
4.497195035219192505e-02
3.557782620191574097e-02
3.526186197996139526e-02
3.578820452094078064e-02
3.707513213157653809e-02
3.737175837159156799e-02
3.687472641468048096e-02
3.612603992223739624e-02
3.843029588460922241e-02
3.749813884496688843e-02
3.943688422441482544e-02
4.045935347676277161e-02
4.146393388509750366e-02
4.250623285770416260e-02
4.407638311386108398e-02
4.402403533458709717e-02
4.357228800654411316e-02
5.957923457026481628e-02
6.062363833189010620e-02
6.166828796267509460e-02
6.270751357078552246e-02
6.374389678239822388e-02
6.511934101581573486e-02
6.518613547086715698e-02
6.468644738197326660e-02
6.656628102064132690e-02
6.557896733283996582e-02
5.859052389860153198e-02
5.766444653272628784e-02
5.672498419880867004e-02
5.580186843872070312e-02
5.486252158880233765e-02
5.392955616116523743e-02
5.299156904220581055e-02
5.205639079213142395e-02
5.111844837665557861e-02
5.017749220132827759e-02
4.923287034034729004e-02
4.829787835478782654e-02
4.735466465353965759e-02
4.643020033836364746e-02
4.549334943294525146e-02
4.454649239778518677e-02
3.627527877688407898e-02
3.647236526012420654e-02
3.666768968105316162e-02
3.592337295413017273e-02
3.812468796968460083e-02
3.852475434541702271e-02
3.801578655838966370e-02
3.702747821807861328e-02
3.704740107059478760e-02
3.747018054127693176e-02
3.888522088527679443e-02
3.891025483608245850e-02
3.941264376044273376e-02
3.991134092211723328e-02
4.044567048549652100e-02
3.992461040616035461e-02
4.095292836427688599e-02
4.145347326993942261e-02
4.095644876360893250e-02
4.234437644481658936e-02
4.271414875984191895e-02
4.214246571063995361e-02
4.323625937104225159e-02
4.365559667348861694e-02
4.315666109323501587e-02
5.916984751820564270e-02
5.911873281002044678e-02
5.963127315044403076e-02
6.022523343563079834e-02
6.068409979343414307e-02
6.016012653708457947e-02
6.126958131790161133e-02
6.120578199625015259e-02
6.172943115234375000e-02
6.231069192290306091e-02
6.223985180258750916e-02
6.277198344469070435e-02
6.336379051208496094e-02
6.380221992731094360e-02
6.329687684774398804e-02
6.454409658908843994e-02
6.439009308815002441e-02
6.483239680528640747e-02
6.669184565544128418e-02
6.636157631874084473e-02
6.688658893108367920e-02
6.564578413963317871e-02
6.538784503936767578e-02
6.583786010742187500e-02
5.864926055073738098e-02
5.824683979153633118e-02
5.771911516785621643e-02
5.818243324756622314e-02
5.731415003538131714e-02
5.679071694612503052e-02
5.725803226232528687e-02
5.639432743191719055e-02
5.585712566971778870e-02
5.632161349058151245e-02
5.545174330472946167e-02
5.492955818772315979e-02
5.539346113801002502e-02
5.451466515660285950e-02
5.445437505841255188e-02
5.398698151111602783e-02
5.358268320560455322e-02
5.305555090308189392e-02
5.351790413260459900e-02
5.264408513903617859e-02
5.212363973259925842e-02
5.258273705840110779e-02
5.170008540153503418e-02
5.164416506886482239e-02
5.117095261812210083e-02
5.076249688863754272e-02
5.070194229483604431e-02
5.023575574159622192e-02
4.983039945363998413e-02
4.929134994745254517e-02
4.976805299520492554e-02
4.887691140174865723e-02
4.836052656173706055e-02
4.882640391588211060e-02
4.794330894947052002e-02
4.742641746997833252e-02
4.788712412118911743e-02
4.700572043657302856e-02
4.647736623883247375e-02
4.694785922765731812e-02
4.607381299138069153e-02
4.554705321788787842e-02
4.601234197616577148e-02
4.506500065326690674e-02
4.456485062837600708e-02
4.504838585853576660e-02
3.664922714233398438e-02
3.756761550903320312e-02
3.850402683019638062e-02
3.939134627580642700e-02
4.043379426002502441e-02
4.145835712552070618e-02
4.120022803544998169e-02
4.169680550694465637e-02
4.189746826887130737e-02
4.279385507106781006e-02
4.409284144639968872e-02
4.408390820026397705e-02
4.366012662649154663e-02
5.969326943159103394e-02
6.075012683868408203e-02
6.178819760680198669e-02
6.283807009458541870e-02
6.395161151885986328e-02
6.509723514318466187e-02
6.617117673158645630e-02
5.871054530143737793e-02
5.778812989592552185e-02
5.685256794095039368e-02
5.592518299818038940e-02
5.498757213354110718e-02
5.404496192932128906e-02
5.311371386051177979e-02
5.217326804995536804e-02
5.123168230056762695e-02
5.029398575425148010e-02
4.935141652822494507e-02
4.841063916683197021e-02
4.747812449932098389e-02
4.654124379158020020e-02
4.557071253657341003e-02
4.458156228065490723e-02
3.782954066991806030e-02
3.741767257452011108e-02
3.797543048858642578e-02
3.835068270564079285e-02
3.867270797491073608e-02
3.877997770905494690e-02
3.928937017917633057e-02
4.041679576039314270e-02
4.068829119205474854e-02
4.015824198722839355e-02
4.094044119119644165e-02
4.225231707096099854e-02
4.185905680060386658e-02
4.229996725916862488e-02
4.273766279220581055e-02
4.348888993263244629e-02
4.335507005453109741e-02
4.379514977335929871e-02
5.930031836032867432e-02
5.976168811321258545e-02
5.923224240541458130e-02
6.034517288208007812e-02
6.081329286098480225e-02
6.028346717357635498e-02
6.139780580997467041e-02
6.185832619667053223e-02
6.134115159511566162e-02
6.244400143623352051e-02
6.237815320491790771e-02
6.290314346551895142e-02
6.350190937519073486e-02
6.343071162700653076e-02
6.401733309030532837e-02
6.532150506973266602e-02
6.548416614532470703e-02
6.493904441595077515e-02
6.622464954853057861e-02
6.594114750623703003e-02
6.646601855754852295e-02
5.877339094877243042e-02
5.837687849998474121e-02
5.785265937447547913e-02
5.830723047256469727e-02
5.744600668549537659e-02
5.737847089767456055e-02
5.691137537360191345e-02
5.651359260082244873e-02
5.598406493663787842e-02
5.645570158958435059e-02
5.556991323828697205e-02
5.551402643322944641e-02
5.505347624421119690e-02
5.463623255491256714e-02
5.457478761672973633e-02
5.410408973693847656e-02
5.370020866394042969e-02
5.364490300416946411e-02
5.316609144210815430e-02
5.276516079902648926e-02
5.223268643021583557e-02
5.270668119192123413e-02
5.182877928018569946e-02
5.128913372755050659e-02
5.176394805312156677e-02
5.087908729910850525e-02
5.082044750452041626e-02
5.034838244318962097e-02
4.994769021868705750e-02
4.941450059413909912e-02
4.988347738981246948e-02
4.900054633617401123e-02
4.847012460231781006e-02
4.894693195819854736e-02
4.807417094707489014e-02
4.753108322620391846e-02
4.799576848745346069e-02
4.712011665105819702e-02
4.706642031669616699e-02
4.659464582800865173e-02
4.620995372533798218e-02
4.614347219467163086e-02
4.563429951667785645e-02
4.444090276956558228e-02
4.427212476730346680e-02
4.476357251405715942e-02
3.824951499700546265e-02
3.957376256585121155e-02
3.912511840462684631e-02
3.974051028490066528e-02
3.999144583940505981e-02
4.052410274744033813e-02
4.046344384551048279e-02
4.098487645387649536e-02
4.150776565074920654e-02
4.147798568010330200e-02
4.187826067209243774e-02
4.286972433328628540e-02
4.396485909819602966e-02
5.982339382171630859e-02
6.087495386600494385e-02
6.192333996295928955e-02
6.297220289707183838e-02
6.433445215225219727e-02
6.443178653717041016e-02
6.391756236553192139e-02
6.577875465154647827e-02
6.483139097690582275e-02
5.884010717272758484e-02
5.790410190820693970e-02
5.696962028741836548e-02
5.603922531008720398e-02
5.510779097676277161e-02
5.416809767484664917e-02
5.323039367794990540e-02
5.229655653238296509e-02
5.134896188974380493e-02
5.041408911347389221e-02
4.947470873594284058e-02
4.853516072034835815e-02
4.759423434734344482e-02
4.666817188262939453e-02
4.554053395986557007e-02
4.587054252624511719e-02
4.530617594718933105e-02
4.499646276235580444e-02
4.004891961812973022e-02
4.101525992155075073e-02
4.252151027321815491e-02
4.200760647654533386e-02
4.238626360893249512e-02
4.300546646118164062e-02
4.358981922268867493e-02
4.353527352213859558e-02
4.402018710970878601e-02
5.942118167877197266e-02
5.988542735576629639e-02
5.936212092638015747e-02
6.047999858856201172e-02
6.041140854358673096e-02
6.094100326299667358e-02
6.153036281466484070e-02
6.199127063155174255e-02
6.145425885915756226e-02
6.257277727127075195e-02
6.251163780689239502e-02
6.303583085536956787e-02
6.360906362533569336e-02
6.396286934614181519e-02
6.354905664920806885e-02
6.568671762943267822e-02
6.551173329353332520e-02
6.595983356237411499e-02
6.460653990507125854e-02
6.446912884712219238e-02
6.496055424213409424e-02
5.889790505170822144e-02
5.849315226078033447e-02
5.796955153346061707e-02
5.843777209520339966e-02
5.756242573261260986e-02
5.703031644225120544e-02
5.750302970409393311e-02
5.663783475756645203e-02
5.657318234443664551e-02
5.610610917210578918e-02
5.569361150264739990e-02
5.516792088747024536e-02
5.563708022236824036e-02
5.475817620754241943e-02
5.469826981425285339e-02
5.423667281866073608e-02
5.382754653692245483e-02
5.329753458499908447e-02
5.376083776354789734e-02
5.288120359182357788e-02
5.235151201486587524e-02
5.281738191843032837e-02
5.194050073623657227e-02
5.188439413905143738e-02
5.142045766115188599e-02
5.100308358669281006e-02
5.093963816761970520e-02
5.047869682312011719e-02
5.005716159939765930e-02
4.999904334545135498e-02
4.952764883637428284e-02
4.911173880100250244e-02
4.906614869832992554e-02
4.859007894992828369e-02
4.817000031471252441e-02
4.764917120337486267e-02
4.811315983533859253e-02
4.727176204323768616e-02
4.719554260373115540e-02
4.674999043345451355e-02
4.655179381370544434e-02
4.604649171233177185e-02
4.638375714421272278e-02
4.467078298330307007e-02
4.457020387053489685e-02
4.511382058262825012e-02
4.305785894393920898e-02
4.413071647286415100e-02
5.995601415634155273e-02
6.099716573953628540e-02
6.205440685153007507e-02
6.309581547975540161e-02
6.410647928714752197e-02
6.515634059906005859e-02
5.896087735891342163e-02
5.803302675485610962e-02
5.709547549486160278e-02
5.616667866706848145e-02
5.523402243852615356e-02
5.429245531558990479e-02
5.335925891995429993e-02
5.241797864437103271e-02
5.147357285022735596e-02
5.053304880857467651e-02
4.958952218294143677e-02
4.864991083741188049e-02
4.771450906991958618e-02
4.691965505480766296e-02
4.578366875648498535e-02
4.566882923245429993e-02
4.617031663656234741e-02
4.523781687021255493e-02
5.954849720001220703e-02
5.948387086391448975e-02
6.002512201666831970e-02
6.060617417097091675e-02
6.106964871287345886e-02
6.054917722940444946e-02
6.166483834385871887e-02
6.212063133716583252e-02
6.159196048974990845e-02
6.271594762802124023e-02
6.264478713274002075e-02
6.316373497247695923e-02
6.385016441345214844e-02
6.373376399278640747e-02
6.423097848892211914e-02
6.509961187839508057e-02
6.484825909137725830e-02
6.539773941040039062e-02
5.902505666017532349e-02
5.862461403012275696e-02
5.809595435857772827e-02
5.855834484100341797e-02
5.769730359315872192e-02
5.763124674558639526e-02
5.716385692358016968e-02
5.675689131021499634e-02
5.669955909252166748e-02
5.623749643564224243e-02
5.582379922270774841e-02
5.529402568936347961e-02
5.576422438025474548e-02
5.489332601428031921e-02
5.435950309038162231e-02
5.482071265578269958e-02
5.394674465060234070e-02
5.342140048742294312e-02
5.388959124684333801e-02
5.300445482134819031e-02
5.294153839349746704e-02
5.247202515602111816e-02
5.206403881311416626e-02
5.152391269803047180e-02
5.200287699699401855e-02
5.113634839653968811e-02
5.059312283992767334e-02
5.106592923402786255e-02
5.017673596739768982e-02
4.964194446802139282e-02
5.011051893234252930e-02
4.921248182654380798e-02
4.917162656784057617e-02
4.869275167584419250e-02
4.819866642355918884e-02
4.818041995167732239e-02
4.774005711078643799e-02
4.762788861989974976e-02
4.744081944227218628e-02
4.708287119865417480e-02
4.692386090755462646e-02
4.636033624410629272e-02
4.673330485820770264e-02
6.007292121648788452e-02
6.113473325967788696e-02
6.218712776899337769e-02
6.328117847442626953e-02
6.447641551494598389e-02
5.908822640776634216e-02
5.815651267766952515e-02
5.722111091017723083e-02
5.629919841885566711e-02
5.535804107785224915e-02
5.442596599459648132e-02
5.348224192857742310e-02
5.253725498914718628e-02
5.159777402877807617e-02
5.065429955720901489e-02
4.969408363103866577e-02
4.870353266596794128e-02
4.791608452796936035e-02
4.726738855242729187e-02
5.967874825000762939e-02
5.962081626057624817e-02
6.014892831444740295e-02
6.074174866080284119e-02
6.067615747451782227e-02
6.119965016841888428e-02
6.180247664451599121e-02
6.226164847612380981e-02
6.173476204276084900e-02
6.279544532299041748e-02
6.332015991210937500e-02
6.275670230388641357e-02
6.444412469863891602e-02
6.414488703012466431e-02
6.477023661136627197e-02
5.915727093815803528e-02
5.875539407134056091e-02
5.868479609489440918e-02
5.821863561868667603e-02
5.782303959131240845e-02
5.729771032929420471e-02
5.775866657495498657e-02
5.689589679241180420e-02
5.635929852724075317e-02
5.683135241270065308e-02
5.595086514949798584e-02
5.541705340147018433e-02
5.590027943253517151e-02
5.501521378755569458e-02
5.448846891522407532e-02
5.495136603713035583e-02
5.407403409481048584e-02
5.401195585727691650e-02
5.354254692792892456e-02
5.312946066260337830e-02
5.306870117783546448e-02
5.259297043085098267e-02
5.218428373336791992e-02
5.212642252445220947e-02
5.166084691882133484e-02
5.125574767589569092e-02
5.119450762867927551e-02
5.071759968996047974e-02
5.047401785850524902e-02
5.032736808061599731e-02
4.984556883573532104e-02
4.871618002653121948e-02
4.845564812421798706e-02
4.896038770675659180e-02
4.817253723740577698e-02
4.807508364319801331e-02
4.749385267496109009e-02
4.784516245126724243e-02
6.021311134099960327e-02
6.127441674470901489e-02
6.229494512081146240e-02
6.361506879329681396e-02
6.372989714145660400e-02
6.319370120763778687e-02
6.402935832738876343e-02
5.922485888004302979e-02
5.828455835580825806e-02
5.735644698143005371e-02
5.641378089785575867e-02
5.549021810293197632e-02
5.454352498054504395e-02
5.360333248972892761e-02
5.267067253589630127e-02
5.173182487487792969e-02
5.086858570575714111e-02
4.983130097389221191e-02
5.016084760427474976e-02
4.951991885900497437e-02
4.926764219999313354e-02
4.839849844574928284e-02
5.980259925127029419e-02
6.027451530098915100e-02
5.974548310041427612e-02
6.085578352212905884e-02
6.132210791110992432e-02
6.079654395580291748e-02
6.184080615639686584e-02
6.231697648763656616e-02
6.181523203849792480e-02
6.281112134456634521e-02
6.280415505170822144e-02
6.320929527282714844e-02
6.372295320034027100e-02
6.367103755474090576e-02
6.408616900444030762e-02
5.927911400794982910e-02
5.888312309980392456e-02
5.882338434457778931e-02
5.835254117846488953e-02
5.795207619667053223e-02
5.742452666163444519e-02
5.789461359381675720e-02
5.703411996364593506e-02
5.649641528725624084e-02
5.696248635649681091e-02
5.608661472797393799e-02
5.601865798234939575e-02
5.555172637104988098e-02
5.514619126915931702e-02
5.508034303784370422e-02
5.460145324468612671e-02
5.419928207993507385e-02
5.367296561598777771e-02
5.413414537906646729e-02
5.327197164297103882e-02
5.273730680346488953e-02
5.320645123720169067e-02
5.240800976753234863e-02
5.230023711919784546e-02
5.183853954076766968e-02
5.146193504333496094e-02
5.136381089687347412e-02
5.096690356731414795e-02
5.092439800500869751e-02
5.037686973810195923e-02
5.070613324642181396e-02
4.923070222139358521e-02
4.897198453545570374e-02
4.952973872423171997e-02
4.864735156297683716e-02
6.032109633088111877e-02
6.134801730513572693e-02
6.233168393373489380e-02
6.327508389949798584e-02
5.935267731547355652e-02
5.842198058962821960e-02
5.750035494565963745e-02
5.655857175588607788e-02
5.561087280511856079e-02
5.466894060373306274e-02
5.374027043581008911e-02
5.285330116748809814e-02
5.194177106022834778e-02
5.120541155338287354e-02
5.040335655212402344e-02
5.011620372533798218e-02
5.066924169659614563e-02
4.981387406587600708e-02
5.992643907666206360e-02
5.986364930868148804e-02
6.039365753531455994e-02
6.094850972294807434e-02
6.139506772160530090e-02
6.090610101819038391e-02
6.195899471640586853e-02
6.189425662159919739e-02
6.237825751304626465e-02
6.294240802526473999e-02
6.288316100835800171e-02
6.333228945732116699e-02
5.940686911344528198e-02
5.902820825576782227e-02
5.895487964153289795e-02
5.848278105258941650e-02
5.811514705419540405e-02
5.803632736206054688e-02
5.758460611104965210e-02
5.717819929122924805e-02
5.663386732339859009e-02
5.710552632808685303e-02
5.621135234832763672e-02
5.567236989736557007e-02
5.614705383777618408e-02
5.523298308253288269e-02
5.518422275781631470e-02
5.472384765744209290e-02
5.429594591259956360e-02
5.378647148609161377e-02
5.425249040126800537e-02
5.351880937814712524e-02
5.340164154767990112e-02
5.297496542334556580e-02
5.203443765640258789e-02
5.175651609897613525e-02
5.223244428634643555e-02
5.148389935493469238e-02
5.157701298594474792e-02
5.098274350166320801e-02
5.125887691974639893e-02
6.043947115540504456e-02
6.145274266600608826e-02
6.245220452547073364e-02
5.947548151016235352e-02
5.857232958078384399e-02
5.765013396739959717e-02
5.669701844453811646e-02
5.572266504168510437e-02
5.477272719144821167e-02
5.390731245279312134e-02
5.313387513160705566e-02
5.276992172002792358e-02
5.333004146814346313e-02
5.258053541183471680e-02
5.180988460779190063e-02
6.007249653339385986e-02
6.000042706727981567e-02
6.051486358046531677e-02
6.106942892074584961e-02
6.101537495851516724e-02
6.151906400918960571e-02
6.210298463702201843e-02
6.202810257673263550e-02
6.252238154411315918e-02
5.955111980438232422e-02
5.917321145534515381e-02
5.911154672503471375e-02
5.865356326103210449e-02
5.832852423191070557e-02
5.820776894688606262e-02
5.774239450693130493e-02
5.732022970914840698e-02
5.677021294832229614e-02
5.724043771624565125e-02
5.625391751527786255e-02
5.574412643909454346e-02
5.623416975140571594e-02
5.520971864461898804e-02
5.521813780069351196e-02
5.475161224603652954e-02
5.420579388737678528e-02
5.385832488536834717e-02
5.425100773572921753e-02
5.365780368447303772e-02
5.273717641830444336e-02
5.238498002290725708e-02
5.292922258377075195e-02
5.215473100543022156e-02
6.057101488113403320e-02
6.158992648124694824e-02
5.962129309773445129e-02
5.874888971447944641e-02
5.782330036163330078e-02
5.679223686456680298e-02
5.573403835296630859e-02
5.470496416091918945e-02
5.389020591974258423e-02
5.350933223962783813e-02
5.404587462544441223e-02
5.330672115087509155e-02
6.019348278641700745e-02
6.012968719005584717e-02
6.063855066895484924e-02
6.122615188360214233e-02
6.115153059363365173e-02
6.167658418416976929e-02
5.968838185071945190e-02
5.927957966923713684e-02
5.880326032638549805e-02
5.923509225249290466e-02
5.850697308778762817e-02
5.791538953781127930e-02
5.841075628995895386e-02
5.722315609455108643e-02
5.674940347671508789e-02
5.727469921112060547e-02
5.614186823368072510e-02
5.567288026213645935e-02
5.619453638792037964e-02
5.502233654260635376e-02
5.461178719997406006e-02
5.511459708213806152e-02
5.446242913603782654e-02
6.070482730865478516e-02
5.973589047789573669e-02
5.888369679450988770e-02
5.828942358493804932e-02
5.780037865042686462e-02
5.839886143803596497e-02
5.668465420603752136e-02
5.776281654834747314e-02
5.558475479483604431e-02
6.029060110449790955e-02
6.023921817541122437e-02
6.076698377728462219e-02
5.978100374341011047e-02
5.931022018194198608e-02
5.889860540628433228e-02
5.929568409919738770e-02
5.881043896079063416e-02
5.980044603347778320e-02
