7.976432144641876221e-02
8.193314075469970703e-02
8.168819546699523926e-02
8.181355148553848267e-02
8.071961998939514160e-02
8.084943145513534546e-02
8.379469811916351318e-02
8.369739353656768799e-02
8.374981582164764404e-02
8.269354701042175293e-02
8.274596929550170898e-02
8.286383002996444702e-02
8.017590641975402832e-02
8.105033636093139648e-02
7.998561859130859375e-02
8.530827611684799194e-02
8.448879420757293701e-02
8.454315364360809326e-02
8.576700836420059204e-02
8.554174005985260010e-02
8.473837375640869141e-02
8.415864408016204834e-02
8.304592967033386230e-02
8.397123217582702637e-02
7.791572064161300659e-02
7.882513850927352905e-02
7.903017848730087280e-02
8.237254619598388672e-02
8.127063512802124023e-02
8.215583115816116333e-02
8.595060557126998901e-02
8.487053215503692627e-02
8.562241494655609131e-02
8.760188519954681396e-02
8.646422624588012695e-02
8.669070899486541748e-02
8.792325109243392944e-02
8.776073157787322998e-02
8.684529364109039307e-02
8.987745642662048340e-02
9.011821448802947998e-02
8.999474346637725830e-02
8.902724087238311768e-02
8.891948312520980835e-02
8.326563239097595215e-02
8.505543321371078491e-02
7.841789722442626953e-02
7.816985249519348145e-02
7.928770780563354492e-02
8.066625893115997314e-02
8.041787892580032349e-02
8.152382075786590576e-02
8.677287399768829346e-02
8.873163908720016479e-02
9.163188934326171875e-02
9.087203443050384521e-02
9.075225144624710083e-02
9.237885475158691406e-02
9.199801087379455566e-02
9.124086052179336548e-02
8.457313477993011475e-02
8.347528427839279175e-02
8.437258750200271606e-02
8.640301227569580078e-02
8.528839051723480225e-02
8.617898821830749512e-02
7.617375999689102173e-02
7.703849673271179199e-02
7.727897167205810547e-02
7.954540848731994629e-02
8.277589082717895508e-02
8.172161132097244263e-02
8.257274329662322998e-02
8.819210529327392578e-02
8.706202358007431030e-02
8.790359646081924438e-02
9.003044664859771729e-02
8.880755305290222168e-02
8.994924277067184448e-02
9.199020266532897949e-02
9.092623740434646606e-02
9.179536998271942139e-02
9.382522106170654297e-02
9.272008389234542847e-02
9.309868514537811279e-02
9.465032815933227539e-02
9.423215687274932861e-02
9.350734949111938477e-02
8.549837768077850342e-02
8.367931842803955078e-02
8.728897571563720703e-02
7.675744593143463135e-02
7.646110653877258301e-02
7.757346332073211670e-02
7.889862358570098877e-02
7.864482700824737549e-02
7.978842407464981079e-02
8.093107491731643677e-02
8.079161494970321655e-02
8.185590058565139771e-02
8.911148458719253540e-02
9.100304543972015381e-02
9.289132058620452881e-02
9.596323966979980469e-02
9.529741108417510986e-02
9.488890320062637329e-02
9.694907814264297485e-02
9.645661711692810059e-02
9.580821543931961060e-02
8.668637275695800781e-02
8.654027432203292847e-02
8.563726395368576050e-02
8.484907448291778564e-02
8.382275700569152832e-02
8.471999317407608032e-02
8.854505419731140137e-02
8.745661377906799316e-02
8.836781978607177734e-02
7.454629242420196533e-02
7.535798102617263794e-02
7.564546167850494385e-02
7.783584296703338623e-02
7.990939915180206299e-02
8.300595730543136597e-02
8.196520060300827026e-02
8.289171755313873291e-02
9.039777517318725586e-02
8.929211646318435669e-02
9.020946174860000610e-02
9.223541617393493652e-02
9.112857282161712646e-02
9.210866689682006836e-02
9.410797059535980225e-02
9.394647181034088135e-02
9.303992986679077148e-02
9.604115784168243408e-02
9.492234885692596436e-02
9.600298106670379639e-02
9.808713197708129883e-02
9.702774882316589355e-02
9.751538932323455811e-02
9.925368428230285645e-02
9.868589043617248535e-02
9.810769557952880859e-02
8.760619908571243286e-02
8.576780557632446289e-02
8.394084870815277100e-02
8.945603668689727783e-02
7.521869242191314697e-02
7.597676664590835571e-02
7.488330453634262085e-02
7.718285918235778809e-02
7.804098725318908691e-02
7.698085904121398926e-02
7.913690805435180664e-02
7.901842147111892700e-02
8.004090934991836548e-02
8.118289709091186523e-02
8.105649054050445557e-02
8.209811151027679443e-02
9.131514281034469604e-02
9.318027645349502563e-02
9.507113695144653320e-02
9.705750644207000732e-02
1.004111021757125854e-01
9.983302652835845947e-02
9.923717379570007324e-02
1.015629768371582031e-01
1.009990945458412170e-01
1.004075482487678528e-01
8.880014717578887939e-02
8.773988485336303711e-02
8.869247138500213623e-02
8.695555478334426880e-02
8.590210229158401489e-02
8.682064712047576904e-02
8.511516451835632324e-02
8.407070487737655640e-02
8.498471230268478394e-02
9.064540266990661621e-02
8.960343152284622192e-02
9.052493423223495483e-02
7.302417606115341187e-02
7.377098500728607178e-02
7.413361966609954834e-02
7.620348036289215088e-02
7.816350460052490234e-02
8.017059415578842163e-02
8.328653126955032349e-02
8.223558217287063599e-02
8.314785361289978027e-02
9.250600636005401611e-02
9.144109487533569336e-02
9.236399829387664795e-02
9.436246007680892944e-02
9.422037005424499512e-02
9.329944849014282227e-02
9.620689600706100464e-02
9.516143053770065308e-02
9.611327201128005981e-02
9.811656177043914795e-02
9.709060192108154297e-02
9.809327870607376099e-02
1.000716537237167358e-01
9.908047318458557129e-02
1.002524793148040771e-01
1.023292243480682373e-01
1.013630628585815430e-01
1.019419953227043152e-01
8.973605930805206299e-02
8.787210285663604736e-02
8.603596687316894531e-02
8.419668674468994141e-02
9.157373011112213135e-02
7.370825111865997314e-02
7.445839047431945801e-02
7.335683703422546387e-02
7.561820745468139648e-02
7.542055100202560425e-02
7.640185952186584473e-02
7.729034125804901123e-02
7.724325358867645264e-02
7.821572571992874146e-02
7.936266809701919556e-02
7.924464344978332520e-02
8.027023822069168091e-02
8.144428580999374390e-02
8.132035285234451294e-02
8.237163722515106201e-02
9.341938048601150513e-02
9.528197348117828369e-02
9.716151654720306396e-02
9.911170601844787598e-02
1.011948883533477783e-01
1.038781255483627319e-01
1.030910611152648926e-01
1.027173995971679688e-01
9.091864526271820068e-02
8.985649794340133667e-02
9.078001230955123901e-02
8.905795961618423462e-02
8.893901109695434570e-02
8.799978345632553101e-02
8.721742033958435059e-02
8.616890758275985718e-02
8.709056675434112549e-02
8.539423346519470215e-02
8.524595946073532104e-02
8.433433622121810913e-02
9.276223927736282349e-02
9.170250594615936279e-02
9.262698888778686523e-02
7.160476595163345337e-02
7.230526953935623169e-02
7.265818119049072266e-02
7.465974986553192139e-02
7.646164298057556152e-02
7.833229750394821167e-02
8.041942119598388672e-02
8.356165140867233276e-02
8.341738581657409668e-02
8.249469101428985596e-02
9.460695087909698486e-02
9.356070309877395630e-02
9.447792172431945801e-02
9.647495299577713013e-02
9.540949761867523193e-02
9.634536504745483398e-02
9.831701219081878662e-02
9.727110713720321655e-02
9.822173416614532471e-02
1.001736372709274292e-01
9.915977716445922852e-02
1.001320555806159973e-01
1.020455509424209595e-01
1.010571718215942383e-01
1.021959781646728516e-01
1.048324704170227051e-01
1.043496280908584595e-01
1.035681813955307007e-01
9.182642400264739990e-02
8.999103307723999023e-02
8.813776820898056030e-02
8.630023151636123657e-02
8.445870876312255859e-02
9.367286413908004761e-02
7.256378233432769775e-02
7.208926975727081299e-02
7.313256710767745972e-02
7.506922632455825806e-02
7.438430935144424438e-02
7.535136491060256958e-02
7.617387175559997559e-02
7.754531502723693848e-02
7.742471247911453247e-02
7.845275849103927612e-02
7.963514328002929688e-02
7.949193567037582397e-02
8.054055273532867432e-02
8.172765374183654785e-02
8.159840106964111328e-02
8.262409269809722900e-02
9.553776681423187256e-02
9.739626944065093994e-02
9.926089644432067871e-02
1.011152043938636780e-01
1.036598980426788330e-01
1.030073016881942749e-01
1.028588265180587769e-01
1.061528176069259644e-01
1.054962426424026489e-01
1.050152033567428589e-01
1.042429655790328979e-01
9.301318973302841187e-02
9.289385378360748291e-02
9.197273850440979004e-02
9.117615222930908203e-02
9.010994434356689453e-02
9.103903174400329590e-02
8.932387083768844604e-02
8.827121555805206299e-02
8.918502926826477051e-02
8.748854696750640869e-02
8.734349906444549561e-02
8.641798049211502075e-02
8.565074205398559570e-02
8.551070094108581543e-02
8.460757881402969360e-02
9.487655013799667358e-02
9.380507469177246094e-02
9.473696351051330566e-02
7.031144201755523682e-02
7.097353041172027588e-02
7.143246382474899292e-02
7.381305843591690063e-02
7.630219310522079468e-02
7.859379053115844727e-02
8.068930357694625854e-02
8.381468802690505981e-02
8.369132876396179199e-02
8.277022838592529297e-02
9.673742949962615967e-02
9.567475318908691406e-02
9.660154581069946289e-02
9.859121590852737427e-02
9.752526879310607910e-02
9.846583753824234009e-02
1.004309803247451782e-01
9.938745200634002686e-02
1.003095358610153198e-01
1.022919788956642151e-01
1.012238264083862305e-01
1.021693721413612366e-01
1.041166484355926514e-01
1.030841991305351257e-01
1.038982868194580078e-01
1.070468127727508545e-01
1.059351265430450439e-01
1.065870672464370728e-01
1.056035757064819336e-01
1.046282500028610229e-01
1.052137911319732666e-01
9.394817054271697998e-02
9.208855777978897095e-02
9.024307131767272949e-02
8.840221166610717773e-02
8.655151724815368652e-02
8.472605794668197632e-02
9.580157697200775146e-02
7.130508869886398315e-02
7.194048166275024414e-02
7.081323862075805664e-02
7.345137745141983032e-02
7.426746189594268799e-02
7.302925735712051392e-02
7.568139582872390747e-02
7.661751657724380493e-02
7.536710798740386963e-02
7.782422751188278198e-02
7.872478663921356201e-02
7.768552005290985107e-02
7.989485561847686768e-02
7.976727187633514404e-02
8.081753551959991455e-02
8.199370652437210083e-02
8.185409009456634521e-02
8.289930969476699829e-02
9.765010327100753784e-02
9.949678182601928711e-02
1.013638526201248169e-01
1.031959727406501770e-01
1.048608124256134033e-01
1.083978191018104553e-01
1.077196449041366577e-01
1.072541624307632446e-01
1.063159853219985962e-01
9.511344134807586670e-02
9.407310187816619873e-02
9.500166773796081543e-02
9.326648712158203125e-02
9.221563488245010376e-02
9.315415471792221069e-02
9.142836183309555054e-02
9.037487208843231201e-02
9.128797799348831177e-02
8.958376944065093994e-02
8.852997422218322754e-02
8.944351971149444580e-02
8.773658424615859985e-02
8.759713172912597656e-02
8.668810129165649414e-02
8.590777218341827393e-02
8.485439419746398926e-02
8.577950298786163330e-02
9.696712344884872437e-02
9.683691710233688354e-02
9.591223299503326416e-02
6.914786994457244873e-02
6.973960250616073608e-02
7.023455947637557983e-02
7.238470762968063354e-02
7.456289231777191162e-02
7.674243301153182983e-02
7.885831594467163086e-02
8.095276355743408203e-02
8.407418429851531982e-02
8.304387331008911133e-02
8.394587039947509766e-02
9.882029891014099121e-02
9.775897860527038574e-02
9.870120882987976074e-02
1.006752774119377136e-01
9.962778538465499878e-02
1.005640998482704163e-01
1.025308519601821899e-01
1.014853417873382568e-01
1.024032980203628540e-01
1.043659299612045288e-01
1.033312827348709106e-01
1.042575091123580933e-01
1.062015369534492493e-01
1.051589399576187134e-01
1.059127151966094971e-01
1.090151369571685791e-01
1.087215691804885864e-01
1.080524176359176636e-01
1.077691093087196350e-01
1.066979020833969116e-01
1.073978394269943237e-01
1.105872541666030884e-01
1.097976714372634888e-01
1.094902902841567993e-01
9.604673832654953003e-02
9.419449418783187866e-02
9.233978390693664551e-02
9.050343930721282959e-02
8.865536749362945557e-02
8.681313693523406982e-02
8.499125391244888306e-02
9.790050983428955078e-02
7.017879933118820190e-02
6.966143846511840820e-02
7.073999941349029541e-02
7.214823365211486816e-02
7.172860205173492432e-02
7.280392944812774658e-02
7.393939793109893799e-02
7.370219379663467407e-02
7.480866461992263794e-02
7.600314915180206299e-02
7.690814137458801270e-02
7.584400475025177002e-02
7.809220999479293823e-02
7.899706810712814331e-02
7.795281708240509033e-02
8.016677200794219971e-02
8.004105091094970703e-02
8.108019083738327026e-02
8.226233720779418945e-02
8.211131393909454346e-02
8.315381407737731934e-02
9.975790977478027344e-02
1.016061305999755859e-01
1.034613996744155884e-01
1.052996888756752014e-01
1.069932878017425537e-01
1.084109991788864136e-01
1.110976859927177429e-01
1.100709289312362671e-01
1.108382344245910645e-01
1.127602830529212952e-01
1.119198575615882874e-01
1.116839498281478882e-01
9.720967710018157959e-02
9.709250926971435547e-02
9.617341309785842896e-02
9.535700827836990356e-02
9.431944042444229126e-02
9.524989128112792969e-02
9.352071583271026611e-02
9.246781468391418457e-02
9.341083467006683350e-02
9.166999161243438721e-02
9.062493592500686646e-02
9.153811633586883545e-02
8.984222263097763062e-02
8.878082782030105591e-02
8.970673382282257080e-02
8.799025416374206543e-02
8.694850653409957886e-02
8.786364644765853882e-02
8.615448325872421265e-02
8.512496203184127808e-02
8.603752404451370239e-02
9.906424582004547119e-02
9.802795946598052979e-02
9.894013404846191406e-02
6.810998916625976562e-02
6.864239275455474854e-02
6.914366781711578369e-02
7.116953283548355103e-02
7.303892076015472412e-02
7.495796680450439453e-02
7.705297321081161499e-02
7.912933081388473511e-02
8.121946454048156738e-02
8.432549238204956055e-02
8.328831195831298828e-02
8.420634269714355469e-02
1.009298488497734070e-01
9.986013919115066528e-02
1.008037030696868896e-01
1.027641966938972473e-01
1.017210036516189575e-01
1.026317030191421509e-01
1.046145707368850708e-01
1.035751700401306152e-01
1.044999212026596069e-01
1.064669787883758545e-01
1.063333302736282349e-01
1.054141968488693237e-01
1.083205714821815491e-01
1.072687879204750061e-01
1.080418825149536133e-01
1.101601272821426392e-01
1.089598238468170166e-01
1.095849424600601196e-01
1.106270700693130493e-01
1.128676831722259521e-01
1.128250360488891602e-01
1.119777336716651917e-01
1.148609817028045654e-01
1.138744354248046875e-01
1.138057634234428406e-01
9.814398735761642456e-02
9.629561007022857666e-02
9.443995356559753418e-02
9.259910136461257935e-02
9.074728190898895264e-02
8.890604972839355469e-02
8.706843852996826172e-02
8.524045348167419434e-02
1.000044494867324829e-01
6.941828131675720215e-02
6.875973194837570190e-02
6.979753822088241577e-02
7.178676128387451172e-02
7.098873704671859741e-02
7.196551561355590820e-02
7.285667955875396729e-02
7.421405613422393799e-02
7.510018348693847656e-02
7.407057285308837891e-02
7.628633081912994385e-02
7.614632695913314819e-02
7.718131691217422485e-02
7.836690545082092285e-02
7.821730524301528931e-02
7.925745099782943726e-02
8.042033761739730835e-02
8.134810626506805420e-02
8.030118048191070557e-02
8.250154554843902588e-02
8.342571556568145752e-02
8.238016813993453979e-02
1.018408164381980896e-01
1.037076041102409363e-01
1.055457592010498047e-01
1.073814630508422852e-01
1.092384606599807739e-01
1.119514480233192444e-01
1.115246340632438660e-01
1.110450401902198792e-01
1.124214902520179749e-01
1.139394417405128479e-01
1.134215891361236572e-01
1.143998801708221436e-01
1.156055331230163574e-01
1.168736889958381653e-01
1.162427440285682678e-01
1.158670783042907715e-01
1.152346059679985046e-01
1.168951690196990967e-01
1.188165470957756042e-01
1.178749799728393555e-01
1.178363710641860962e-01
1.168825700879096985e-01
1.186894178390502930e-01
1.207016259431838989e-01
1.196931898593902588e-01
1.197609007358551025e-01
1.187730133533477783e-01
1.204730197787284851e-01
1.224631890654563904e-01
1.214733645319938660e-01
1.215729415416717529e-01
1.205723583698272705e-01
9.931881725788116455e-02
9.826310724020004272e-02
9.918852895498275757e-02
9.745875000953674316e-02
9.642398357391357422e-02
9.735327959060668945e-02
9.561134874820709229e-02
9.457334876060485840e-02
9.547950327396392822e-02
9.377625584602355957e-02
9.272927045822143555e-02
9.364631772041320801e-02
9.192278981208801270e-02
9.087289869785308838e-02
9.178780019283294678e-02
9.006947278976440430e-02
8.903829008340835571e-02
8.996096253395080566e-02
8.824592828750610352e-02
8.720138669013977051e-02
8.810363709926605225e-02
8.642770349979400635e-02
8.629082143306732178e-02
8.536717295646667480e-02
1.011551171541213989e-01
1.001194119453430176e-01
1.010338515043258667e-01
6.721518933773040771e-02
6.766198575496673584e-02
6.831173598766326904e-02
7.060530781745910645e-02
7.299341261386871338e-02
7.525660842657089233e-02
7.732354104518890381e-02
7.940039038658142090e-02
8.146386593580245972e-02
8.458913862705230713e-02
8.444976806640625000e-02
8.354978263378143311e-02
1.030213385820388794e-01
1.028900519013404846e-01
1.019708216190338135e-01
1.048654764890670776e-01
1.047496050596237183e-01
1.038217619061470032e-01
1.067017614841461182e-01
1.056721284985542297e-01
1.065867766737937927e-01
1.085405647754669189e-01
1.075084805488586426e-01
1.084346622228622437e-01
1.103989407420158386e-01
1.093682646751403809e-01
1.102650314569473267e-01
1.121791675686836243e-01
1.111747920513153076e-01
1.120694577693939209e-01
1.129519641399383545e-01
1.147773563861846924e-01
1.162327677011489868e-01
1.177986785769462585e-01
1.195657327771186829e-01
1.221793442964553833e-01
1.213333904743194580e-01
1.223388686776161194e-01
1.241671442985534668e-01
1.231811493635177612e-01
1.233265921473503113e-01
1.002382934093475342e-01
9.839698672294616699e-02
9.654440730810165405e-02
9.468568861484527588e-02
9.284316003322601318e-02
9.100890159606933594e-02
8.917206525802612305e-02
8.732795715332031250e-02
8.548530936241149902e-02
1.020780280232429504e-01
6.864762306213378906e-02
6.902444362640380859e-02
6.792694330215454102e-02
7.056275755167007446e-02
7.118269801139831543e-02
6.999352574348449707e-02
7.242602854967117310e-02
7.332060486078262329e-02
7.209621369838714600e-02
7.448135316371917725e-02
7.538470625877380371e-02
7.434910535812377930e-02
7.655370980501174927e-02
7.642398774623870850e-02
7.745845615863800049e-02
7.863420248031616211e-02
7.952560484409332275e-02
7.848106324672698975e-02
8.068741112947463989e-02
8.057136088609695435e-02
8.159958571195602417e-02
8.275129646062850952e-02
8.264500647783279419e-02
8.367405086755752563e-02
1.039237454533576965e-01
1.057910621166229248e-01
1.076368615031242371e-01
1.094706356525421143e-01
1.112866103649139404e-01
1.130762994289398193e-01
1.145898103713989258e-01
1.142752990126609802e-01
1.151111647486686707e-01
1.157513037323951721e-01
1.166431009769439697e-01
1.167518496513366699e-01
1.176788434386253357e-01
1.184917315840721130e-01
1.185927391052246094e-01
1.194859445095062256e-01
1.204055920243263245e-01
1.212895885109901428e-01
1.204340681433677673e-01
1.237192451953887939e-01
1.239563822746276855e-01
1.229692250490188599e-01
1.257551312446594238e-01
1.247451305389404297e-01
1.249562501907348633e-01
1.251178979873657227e-01
1.272288709878921509e-01
1.261663734912872314e-01
1.265130639076232910e-01
1.254318952560424805e-01
1.014124825596809387e-01
1.003639400005340576e-01
1.012905091047286987e-01
9.954972565174102783e-02
9.851045161485671997e-02
9.944149851799011230e-02
9.771890193223953247e-02
9.665344655513763428e-02
9.758659452199935913e-02
9.586360305547714233e-02
9.482370316982269287e-02
9.572632610797882080e-02
9.402666985988616943e-02
9.388314187526702881e-02
9.296372532844543457e-02
9.216455370187759399e-02
9.205672144889831543e-02
9.112574160099029541e-02
9.033103287220001221e-02
9.020270407199859619e-02
8.928473293781280518e-02
8.849449455738067627e-02
8.743981271982192993e-02
8.837147057056427002e-02
8.666744828224182129e-02
8.561826497316360474e-02
8.653654158115386963e-02
1.032502055168151855e-01
1.022030562162399292e-01
1.031362190842628479e-01
6.643670797348022461e-02
6.682161986827850342e-02
6.753323972225189209e-02
6.960409879684448242e-02
7.148394733667373657e-02
7.345974445343017578e-02
7.552146911621093750e-02
7.758718729019165039e-02
7.965955138206481934e-02
8.171784877777099609e-02
8.483366668224334717e-02
8.379796892404556274e-02
8.471497893333435059e-02
1.050920858979225159e-01
1.049803495407104492e-01
1.040574461221694946e-01
1.069507747888565063e-01
1.068304330110549927e-01
1.059074848890304565e-01
1.087903752923011780e-01
1.077493205666542053e-01
1.086748987436294556e-01
1.106340661644935608e-01
1.095876544713973999e-01
1.105188056826591492e-01
1.124617159366607666e-01
1.114233806729316711e-01
1.123185157775878906e-01
1.133878007531166077e-01
1.156296581029891968e-01
1.175857782363891602e-01
1.194544509053230286e-01
1.220183596014976501e-01
1.221001148223876953e-01
1.212080717086791992e-01
1.228645592927932739e-01
1.244273781776428223e-01
1.266270577907562256e-01
1.258817762136459351e-01
1.269436478614807129e-01
1.286094039678573608e-01
1.276147365570068359e-01
1.279409229755401611e-01
1.004795134067535400e-01
1.023357957601547241e-01
9.862484037876129150e-02
9.676708281040191650e-02
9.494448453187942505e-02
9.308992326259613037e-02
9.124784916639328003e-02
8.941349387168884277e-02
8.757413923740386963e-02
8.575849235057830811e-02
1.041660532355308533e-01
6.793892383575439453e-02
6.716649979352951050e-02
6.828169524669647217e-02
7.030210644006729126e-02
6.946829706430435181e-02
7.042963802814483643e-02
7.135869562625885010e-02
7.269981503486633301e-02
7.359366118907928467e-02
7.256811857223510742e-02
7.475410401821136475e-02
7.462375611066818237e-02
7.565891742706298828e-02
7.680600136518478394e-02
7.772956788539886475e-02
7.669705152511596680e-02
7.887651026248931885e-02
7.977476716041564941e-02
7.875529676675796509e-02
8.094955980777740479e-02
8.185824751853942871e-02
8.083040267229080200e-02
8.300787955522537231e-02
8.290211111307144165e-02
8.393962681293487549e-02
1.060209274291992188e-01
1.078553348779678345e-01
1.096958816051483154e-01
1.115646809339523315e-01
1.135244965553283691e-01
1.146188378334045410e-01
1.156421825289726257e-01
1.146020814776420593e-01
1.165810376405715942e-01
1.166181862354278564e-01
1.175448447465896606e-01
1.185724586248397827e-01
1.185337230563163757e-01
1.195009499788284302e-01
1.205694228410720825e-01
1.204906255006790161e-01
1.212943866848945618e-01
1.228411719202995300e-01
1.224284246563911438e-01
1.232715919613838196e-01
1.239702031016349792e-01
1.247582882642745972e-01
1.257068514823913574e-01
1.249477192759513855e-01
1.279557049274444580e-01
1.282780021429061890e-01
1.273064762353897095e-01
1.016506031155586243e-01
1.006005257368087769e-01
1.015357747673988342e-01
1.034820973873138428e-01
1.024609804153442383e-01
1.033590734004974365e-01
9.978505969047546387e-02
9.968885779380798340e-02
9.875853359699249268e-02
9.795531630516052246e-02
9.781530499458312988e-02
9.691208600997924805e-02
9.610836952924728394e-02
9.597848355770111084e-02
9.505145251750946045e-02
9.425675868988037109e-02
9.320802986621856689e-02
9.414064884185791016e-02
9.241434931755065918e-02
9.137382358312606812e-02
9.228210151195526123e-02
9.057345986366271973e-02
9.045864641666412354e-02
8.953827619552612305e-02
8.873523026704788208e-02
8.770448714494705200e-02
8.862485736608505249e-02
8.690693974494934082e-02
8.587837219238281250e-02
8.677615225315093994e-02
1.053377762436866760e-01
1.042969971895217896e-01
1.052258834242820740e-01
6.578589975833892822e-02
6.610104441642761230e-02
6.683766096830368042e-02
6.910415738821029663e-02
7.150797545909881592e-02
7.372682541608810425e-02
7.579490542411804199e-02
7.785388827323913574e-02
7.991960644721984863e-02
8.198758959770202637e-02
8.508185297250747681e-02
8.404573798179626465e-02
8.496323227882385254e-02
1.071811616420745850e-01
1.061380431056022644e-01
1.070618852972984314e-01
1.090226620435714722e-01
1.079955771565437317e-01
1.089015007019042969e-01
1.108545511960983276e-01
1.098301559686660767e-01
1.107528209686279297e-01
1.126873195171356201e-01
1.116656512022018433e-01
1.125834286212921143e-01
1.135379970073699951e-01
1.156050264835357666e-01
1.175724267959594727e-01
1.195747032761573792e-01
1.217090338468551636e-01
1.238209307193756104e-01
1.262429803609848022e-01
1.264546960592269897e-01
1.255146265029907227e-01
1.298726350069046021e-01
1.289277821779251099e-01
1.292548328638076782e-01
1.270936429500579834e-01
1.025697141885757446e-01
1.007143631577491760e-01
1.044129133224487305e-01
9.887979924678802490e-02
9.703052788972854614e-02
9.518706798553466797e-02
9.334721416234970093e-02
9.149028360843658447e-02
8.964899182319641113e-02
8.781868219375610352e-02
8.600307255983352661e-02
1.062516793608665466e-01
6.743663549423217773e-02
6.660415977239608765e-02
6.767851114273071289e-02
6.915964186191558838e-02
6.972970813512802124e-02
6.852968037128448486e-02
7.091514766216278076e-02
7.181411236524581909e-02
7.060165703296661377e-02
7.295776903629302979e-02
7.386258989572525024e-02
7.283334434032440186e-02
7.501344382762908936e-02
7.592184096574783325e-02
7.488971948623657227e-02
7.707927376031875610e-02
7.693886756896972656e-02
7.798126339912414551e-02
7.915284484624862671e-02
7.900084555149078369e-02
8.003784716129302979e-02
8.120597898960113525e-02
8.107682317495346069e-02
8.211401104927062988e-02
8.326651155948638916e-02
8.415921777486801147e-02
8.313331007957458496e-02
1.080934256315231323e-01
1.099450811743736267e-01
1.117789745330810547e-01
1.136636734008789062e-01
1.147577911615371704e-01
1.146809905767440796e-01
1.156617328524589539e-01
1.168032735586166382e-01
1.166930198669433594e-01
1.176959127187728882e-01
1.188166812062263489e-01
1.196901798248291016e-01
1.187012717127799988e-01
1.208700314164161682e-01
1.207205727696418762e-01
1.218598857522010803e-01
1.228629797697067261e-01
1.228566244244575500e-01
1.238355040550231934e-01
1.248443126678466797e-01
1.248045042157173157e-01
1.255446970462799072e-01
1.288323253393173218e-01
1.283821165561676025e-01
1.293345689773559570e-01
1.267428398132324219e-01
1.264852583408355713e-01
1.273456215858459473e-01
1.310142725706100464e-01
1.299251466989517212e-01
1.304462105035781860e-01
1.037364080548286438e-01
1.026850044727325439e-01
1.036173626780509949e-01
1.018876731395721436e-01
1.017633080482482910e-01
1.008351147174835205e-01
1.055647134780883789e-01
1.045221015810966492e-01
1.054570302367210388e-01
1.000223606824874878e-01
9.991167485713958740e-02
9.900915622711181641e-02
9.819300472736358643e-02
9.714949131011962891e-02
9.807318449020385742e-02
9.636013209819793701e-02
9.531087428331375122e-02
9.624379873275756836e-02
9.449689090251922607e-02
9.346461296081542969e-02
9.437803924083709717e-02
9.265984594821929932e-02
9.253339469432830811e-02
9.161928296089172363e-02
9.083244949579238892e-02
9.070208668708801270e-02
8.978336304426193237e-02
8.898505568504333496e-02
8.886575698852539062e-02
8.795917034149169922e-02
8.715033531188964844e-02
8.703158795833587646e-02
8.613525331020355225e-02
1.074167266488075256e-01
1.063858494162559509e-01
1.073029041290283203e-01
6.527779251337051392e-02
6.553362309932708740e-02
6.635202467441558838e-02
6.830423325300216675e-02
7.003764808177947998e-02
7.194869965314865112e-02
7.400502264499664307e-02
7.604602724313735962e-02
7.810240983963012695e-02
8.016388118267059326e-02
8.222424983978271484e-02
8.532670885324478149e-02
8.520428836345672607e-02
8.428211510181427002e-02
1.092576831579208374e-01
1.091336309909820557e-01
1.082119867205619812e-01
1.110863164067268372e-01
1.100395172834396362e-01
1.109722778201103210e-01
1.129304319620132446e-01
1.119036450982093811e-01
1.128090918064117432e-01
1.137211620807647705e-01
1.157739013433456421e-01
1.178024560213088989e-01
1.198619753122329712e-01
1.218591630458831787e-01
1.238502487540245056e-01
1.258037090301513672e-01
1.277855336666107178e-01
1.298505961894989014e-01
1.293474435806274414e-01
1.304363906383514404e-01
1.046528518199920654e-01
1.028007343411445618e-01
1.009536981582641602e-01
1.064797788858413696e-01
9.911784529685974121e-02
9.726704657077789307e-02
9.543237090110778809e-02
9.356471896171569824e-02
9.174019843339920044e-02
8.991065621376037598e-02
8.807992935180664062e-02
8.623851835727691650e-02
1.083266884088516235e-01
6.714686751365661621e-02
6.728502362966537476e-02
6.620212644338607788e-02
6.922154873609542847e-02
6.831987202167510986e-02
6.917391717433929443e-02
7.006394863128662109e-02
7.120801508426666260e-02
7.105606049299240112e-02
7.209841907024383545e-02
7.322784513235092163e-02
7.310646772384643555e-02
7.413572072982788086e-02
7.528507709503173828e-02
7.617575675249099731e-02
7.514959573745727539e-02
7.733726501464843750e-02
7.720792293548583984e-02
7.823289185762405396e-02
7.939241826534271240e-02
7.926774770021438599e-02
8.029789477586746216e-02
8.144025504589080811e-02
8.236090093851089478e-02
8.131847530603408813e-02
8.350864052772521973e-02
8.338142186403274536e-02
8.441917598247528076e-02
1.101808547973632812e-01
1.120033562183380127e-01
1.138354241847991943e-01
1.149804741144180298e-01
1.148849129676818848e-01
1.158729344606399536e-01
1.170303151011466980e-01
1.169101968407630920e-01
1.179372668266296387e-01
1.190700232982635498e-01
1.189498156309127808e-01
1.199679523706436157e-01
1.210833713412284851e-01
1.209790185093879700e-01
1.219904720783233643e-01
1.231123954057693481e-01
1.229926496744155884e-01
1.240019127726554871e-01
1.251371651887893677e-01
1.249932423233985901e-01
1.259488463401794434e-01
1.274909079074859619e-01
1.271072030067443848e-01
1.281627714633941650e-01
1.320704519748687744e-01
1.309348493814468384e-01
1.315364539623260498e-01
1.286647468805313110e-01
1.058025881648063660e-01
1.047686934471130371e-01
1.056928485631942749e-01
1.039562821388244629e-01
1.029268503189086914e-01
1.038341969251632690e-01
1.021097898483276367e-01
1.010845452547073364e-01
1.020061075687408447e-01
1.076556220650672913e-01
1.066002920269966125e-01
1.075361520051956177e-01
1.002756804227828979e-01
9.925097972154617310e-02
1.001567840576171875e-01
9.842331707477569580e-02
9.738057106733322144e-02
9.830223768949508667e-02
9.658873081207275391e-02
9.554424881935119629e-02
9.646801650524139404e-02
9.473102539777755737e-02
9.462776780128479004e-02
9.369778633117675781e-02
9.289762377738952637e-02
9.185801446437835693e-02
9.278368204832077026e-02
9.106919169425964355e-02
9.094393998384475708e-02
9.003825485706329346e-02
8.923202753067016602e-02
8.910895138978958130e-02
8.818478882312774658e-02
8.739434927701950073e-02
8.638394623994827271e-02
8.727456629276275635e-02
1.094953864812850952e-01
1.084440946578979492e-01
1.093835532665252686e-01
6.489433348178863525e-02
6.508123874664306641e-02
6.600742042064666748e-02
6.817790865898132324e-02
7.021457701921463013e-02
7.221814244985580444e-02
7.426975667476654053e-02
7.631329447031021118e-02
7.836572825908660889e-02
8.041025698184967041e-02
8.248452842235565186e-02
8.558630943298339844e-02
8.454197645187377930e-02
8.545364439487457275e-02
1.113289967179298401e-01
1.102776527404785156e-01
1.112067773938179016e-01
1.131441444158554077e-01
1.130405217409133911e-01
1.121262758970260620e-01
1.139592379331588745e-01
1.160058826208114624e-01
1.180668175220489502e-01
1.200849115848541260e-01
1.221121624112129211e-01
1.241477951407432556e-01
1.263166069984436035e-01
1.307882368564605713e-01
1.314398497343063354e-01
1.303091943264007568e-01
1.289400905370712280e-01
1.293905824422836304e-01
1.282225996255874634e-01
1.298763900995254517e-01
1.067305281758308411e-01
1.048935428261756897e-01
1.030426323413848877e-01
1.011979728937149048e-01
1.085692048072814941e-01
9.935565292835235596e-02
9.751738607883453369e-02
9.566490352153778076e-02
9.380915760993957520e-02
9.197987616062164307e-02
9.015075862407684326e-02
8.830858767032623291e-02
8.648246526718139648e-02
1.104090213775634766e-01
6.610110402107238770e-02
6.661357730627059937e-02
6.549042463302612305e-02
6.943075358867645264e-02
6.827793270349502563e-02
6.932363659143447876e-02
7.031393051147460938e-02
7.145202159881591797e-02
7.132839411497116089e-02
7.236178219318389893e-02
7.350138574838638306e-02
7.439580559730529785e-02
7.337839901447296143e-02
7.554410398006439209e-02
7.643361389636993408e-02
7.540752738714218140e-02
7.759374380111694336e-02
7.746957242488861084e-02
7.848754525184631348e-02
7.965153455734252930e-02
7.950419932603836060e-02
8.054796606302261353e-02
8.170847594738006592e-02
8.156724274158477783e-02
8.261501789093017578e-02
8.376394957304000854e-02
8.365171402692794800e-02
8.466552197933197021e-02
1.122384592890739441e-01
1.140756756067276001e-01
1.152091175317764282e-01
1.150952279567718506e-01
1.161333099007606506e-01
1.172682791948318481e-01
1.171558648347854614e-01
1.181864738464355469e-01
1.193027794361114502e-01
1.191864237189292908e-01
1.201883405447006226e-01
1.213434711098670959e-01
1.212251707911491394e-01
1.222297847270965576e-01
1.233522370457649231e-01
1.232384666800498962e-01
1.242466419935226440e-01
1.254365146160125732e-01
1.264708787202835083e-01
1.252824068069458008e-01
1.329627335071563721e-01
1.318773329257965088e-01
1.325252354145050049e-01
1.273609995841979980e-01
1.274067461490631104e-01
1.281587630510330200e-01
1.293764412403106689e-01
1.291464567184448242e-01
1.300980597734451294e-01
1.078918576240539551e-01
1.068469807505607605e-01
1.077651083469390869e-01
1.060517206788063049e-01
1.059167310595512390e-01
1.049966514110565186e-01
1.042011380195617676e-01
1.040834188461303711e-01
1.031577959656715393e-01
1.023640930652618408e-01
1.013275980949401855e-01
1.022232323884963989e-01
1.097301244735717773e-01
1.086975932121276855e-01
1.096047535538673401e-01
1.005119085311889648e-01
9.947108477354049683e-02
1.004014909267425537e-01
9.866326302289962769e-02
9.761638939380645752e-02
9.854901582002639771e-02
9.682784974575042725e-02
9.670618176460266113e-02
9.578316658735275269e-02
9.499374777078628540e-02
9.486718475818634033e-02
9.394907951354980469e-02
9.313465654850006104e-02
9.303520619869232178e-02
9.211093187332153320e-02
9.130589663982391357e-02
9.027497470378875732e-02
9.117949753999710083e-02
8.947387337684631348e-02
8.843478560447692871e-02
8.934570848941802979e-02
8.763208985328674316e-02
8.661035448312759399e-02
8.753812313079833984e-02
1.115596294403076172e-01
1.105172559618949890e-01
1.114437729120254517e-01
6.465061753988265991e-02
6.477092206478118896e-02
6.535922735929489136e-02
6.782245635986328125e-02
6.695869565010070801e-02
6.748086214065551758e-02
6.862208247184753418e-02
7.043786346912384033e-02
7.248112559318542480e-02
7.453209161758422852e-02
7.656414061784744263e-02
7.862250506877899170e-02
8.066680282354354858e-02
8.273710310459136963e-02
8.581872284412384033e-02
8.479291200637817383e-02
8.569104224443435669e-02
1.133889928460121155e-01
1.132625415921211243e-01
1.123625934123992920e-01
1.141719445586204529e-01
1.162261664867401123e-01
1.182848215103149414e-01
1.203285604715347290e-01
1.223395019769668579e-01
1.243787705898284912e-01
1.263864040374755859e-01
1.315708607435226440e-01
1.311995387077331543e-01
1.322758346796035767e-01
1.283884346485137939e-01
1.304716914892196655e-01
1.088123768568038940e-01
1.069545894861221313e-01
1.051187142729759216e-01
1.032806336879730225e-01
1.014327257871627808e-01
1.106592267751693726e-01
9.959737956523895264e-02
9.775471687316894531e-02
9.591250866651535034e-02
9.407489746809005737e-02
9.221801161766052246e-02
9.039577841758728027e-02
8.856216818094253540e-02
8.674267679452896118e-02
1.124636977910995483e-01
6.625388562679290771e-02
6.545081734657287598e-02
6.617070734500885010e-02
6.702933460474014282e-02
6.976745277643203735e-02
6.880994141101837158e-02
6.959973275661468506e-02
7.059864699840545654e-02
7.171968370676040649e-02
7.259890437126159668e-02
7.160049676895141602e-02
7.375895977020263672e-02
7.362584769725799561e-02
7.464684545993804932e-02
7.579796016216278076e-02
7.567641884088516235e-02
7.669594138860702515e-02
7.784291356801986694e-02
7.772310078144073486e-02
7.874494791030883789e-02
7.989193499088287354e-02
7.976421713829040527e-02
8.080546557903289795e-02
8.194234222173690796e-02
8.181776106357574463e-02
8.286484330892562866e-02
8.399690687656402588e-02
8.387410640716552734e-02
8.490594476461410522e-02
1.142911389470100403e-01
1.154320836067199707e-01
1.153296977281570435e-01
1.163551956415176392e-01
1.174810305237770081e-01
1.173769459128379822e-01
1.184031963348388672e-01
1.195269674062728882e-01
1.194126978516578674e-01
1.204190552234649658e-01
1.215803921222686768e-01
1.214345097541809082e-01
1.224648281931877136e-01
1.235794574022293091e-01
1.234801486134529114e-01
1.244987770915031433e-01
1.256030201911926270e-01
1.255115866661071777e-01
1.264906525611877441e-01
1.337605416774749756e-01
1.326566487550735474e-01
1.333649158477783203e-01
1.276137530803680420e-01
1.274729371070861816e-01
1.285074055194854736e-01
1.300331652164459229e-01
1.297036111354827881e-01
1.307971030473709106e-01
1.323703825473785400e-01
1.311980038881301880e-01
1.319845914840698242e-01
1.099623516201972961e-01
1.089159399271011353e-01
1.098355203866958618e-01
1.081157922744750977e-01
1.070899516344070435e-01
1.079956293106079102e-01
1.062781363725662231e-01
1.052467375993728638e-01
1.061664000153541565e-01
1.044371724128723145e-01
1.033972948789596558e-01
1.043154075741767883e-01
1.025985330343246460e-01
1.015563085675239563e-01
1.024823784828186035e-01
1.117811948060989380e-01
1.107582971453666687e-01
1.116724386811256409e-01
1.007503643631935120e-01
1.006251648068428040e-01
9.970709681510925293e-02
9.891267120838165283e-02
9.879048168659210205e-02
9.785462915897369385e-02
9.706917405128479004e-02
9.602120518684387207e-02
9.695167094469070435e-02
9.523157775402069092e-02
9.417639672756195068e-02
9.511357545852661133e-02
9.338973462581634521e-02
9.235642105340957642e-02
9.327180683612823486e-02
9.154996275901794434e-02
9.051606059074401855e-02
9.142322838306427002e-02
8.970455080270767212e-02
8.868107199668884277e-02
8.959232270717620850e-02
8.787824213504791260e-02
8.776848763227462769e-02
8.685295283794403076e-02
1.136276051402091980e-01
1.125897690653800964e-01
1.135054677724838257e-01
6.452906131744384766e-02
6.459664553403854370e-02
6.539700925350189209e-02
6.806274503469467163e-02
6.794564425945281982e-02
6.715052574872970581e-02
6.892400234937667847e-02
7.073083519935607910e-02
7.274068892002105713e-02
7.477860897779464722e-02
7.681757211685180664e-02
7.887203246355056763e-02
8.091910183429718018e-02
8.297429978847503662e-02
8.606875687837600708e-02
8.594080805778503418e-02
8.504050225019454956e-02
1.144175082445144653e-01
1.164683774113655090e-01
1.185156702995300293e-01
1.205425113439559937e-01
1.225710213184356689e-01
1.246007680892944336e-01
1.266184002161026001e-01
1.330776661634445190e-01
1.288312375545501709e-01
1.313145756721496582e-01
1.318507939577102661e-01
1.306612491607666016e-01
1.108636409044265747e-01
1.090249121189117432e-01
1.071892902255058289e-01
1.053587496280670166e-01
1.035109758377075195e-01
1.016823127865791321e-01
1.126959174871444702e-01
9.983851760625839233e-02
9.798661619424819946e-02
9.613852202892303467e-02
9.431504458189010620e-02
9.246111661195755005e-02
9.064906835556030273e-02
8.880528807640075684e-02
8.698409795761108398e-02
1.145278215408325195e-01
6.639441102743148804e-02
6.631764024496078491e-02
6.546404212713241577e-02
6.722010672092437744e-02
7.002171874046325684e-02
6.905130296945571899e-02
6.988741457462310791e-02
7.085342705249786377e-02
7.198596000671386719e-02
7.186012715101242065e-02
7.286190986633300781e-02
7.400812208652496338e-02
7.387895137071609497e-02
7.490536570549011230e-02
7.605221867561340332e-02
7.591944187879562378e-02
7.694318890571594238e-02
7.808642834424972534e-02
7.796069234609603882e-02
7.897522300481796265e-02
8.014303445816040039e-02
8.001161366701126099e-02
8.103731274604797363e-02
8.218424767255783081e-02
8.310164511203765869e-02
8.206064999103546143e-02
8.424970507621765137e-02
8.412075042724609375e-02
8.515739440917968750e-02
1.156664639711380005e-01
1.155683621764183044e-01
1.165664643049240112e-01
1.177144199609756470e-01
1.176102459430694580e-01
1.186336874961853027e-01
1.197409182786941528e-01
1.196555271744728088e-01
1.206548810005187988e-01
1.218016743659973145e-01
1.216863319277763367e-01
1.226917803287506104e-01
1.238163635134696960e-01
1.237211525440216064e-01
1.247228980064392090e-01
1.258591711521148682e-01
1.257263720035552979e-01
1.267421990633010864e-01
1.344296932220458984e-01
1.334185749292373657e-01
1.340967714786529541e-01
1.278587728738784790e-01
1.277301311492919922e-01
1.289259791374206543e-01
1.332404017448425293e-01
1.322861313819885254e-01
1.328071951866149902e-01
1.298611760139465332e-01
1.299449205398559570e-01
1.305914223194122314e-01
1.120341345667839050e-01
1.109956428408622742e-01
1.118961647152900696e-01
1.101892143487930298e-01
1.091635674238204956e-01
1.100663840770721436e-01
1.083511933684349060e-01
1.082226261496543884e-01
1.073158457875251770e-01
1.065227612853050232e-01
1.054858788847923279e-01
1.063948422670364380e-01
1.046658828854560852e-01
1.036249548196792603e-01
1.045570373535156250e-01
1.028294563293457031e-01
1.027139201760292053e-01
1.017947793006896973e-01
1.138368546962738037e-01
1.128272861242294312e-01
1.137288361787796021e-01
1.009836792945861816e-01
9.994844347238540649e-02
1.008688285946846008e-01
9.914852678775787354e-02
9.811309725046157837e-02
9.903526306152343750e-02
9.730021655559539795e-02
9.627673029899597168e-02
9.718327224254608154e-02
9.546636044979095459e-02
9.442085027694702148e-02
9.536263346672058105e-02
9.362757205963134766e-02
9.259156882762908936e-02
9.349994361400604248e-02
9.178689122200012207e-02
9.167556464672088623e-02
9.074631333351135254e-02
8.995755761861801147e-02
8.984333276748657227e-02
8.891529589891433716e-02
8.812899142503738403e-02
8.710110932588577271e-02
8.801071345806121826e-02
1.146398410201072693e-01
6.454515457153320312e-02
6.454806029796600342e-02
6.546515226364135742e-02
6.823195517063140869e-02
6.730782240629196167e-02
6.815994530916213989e-02
6.913062930107116699e-02
7.100899517536163330e-02
7.299600541591644287e-02
7.502613961696624756e-02
7.706175744533538818e-02
7.911045849323272705e-02
8.117013424634933472e-02
8.321387320756912231e-02
8.630783855915069580e-02
8.527705818414688110e-02
8.618682622909545898e-02
1.167055368423461914e-01
1.187548935413360596e-01
1.207904219627380371e-01
1.227964311838150024e-01
1.248276010155677795e-01
1.268540322780609131e-01
1.338343918323516846e-01
1.288511604070663452e-01
1.318031251430511475e-01
1.315740346908569336e-01
1.325069963932037354e-01
1.308281868696212769e-01
1.110922396183013916e-01
1.129341870546340942e-01
1.092614084482192993e-01
1.074505448341369629e-01
1.055936068296432495e-01
1.037554293870925903e-01
1.019218415021896362e-01
1.147686839103698730e-01
1.000683754682540894e-01
9.823021292686462402e-02
9.639972448348999023e-02
9.455126523971557617e-02
9.271091222763061523e-02
9.087528288364410400e-02
8.905608952045440674e-02
8.721284568309783936e-02
6.647223234176635742e-02
6.550028920173645020e-02
6.644614040851593018e-02
6.734077632427215576e-02
7.020429521799087524e-02
6.921294331550598145e-02
7.011718302965164185e-02
7.108675688505172729e-02
7.222335040569305420e-02
7.210756838321685791e-02
7.312777638435363770e-02
7.426130771636962891e-02
7.411855459213256836e-02
7.515622675418853760e-02
7.629923522472381592e-02
7.616163045167922974e-02
7.719738781452178955e-02
7.832505553960800171e-02
7.922987639904022217e-02
7.820820063352584839e-02
8.037886768579483032e-02
8.025551587343215942e-02
8.129234611988067627e-02
8.242268860340118408e-02
8.333212137222290039e-02
8.230133354663848877e-02
8.449438214302062988e-02
8.436955511569976807e-02
8.538417518138885498e-02
1.158888489007949829e-01
1.168216764926910400e-01
1.157862842082977295e-01
1.179411336779594421e-01
1.188535913825035095e-01
1.178387403488159180e-01
1.199926510453224182e-01
1.198769211769104004e-01
1.208942085504531860e-01
1.220377385616302490e-01
1.219223961234092712e-01
1.229203194379806519e-01
1.240570023655891418e-01
1.249515861272811890e-01
1.239278316497802734e-01
1.260822266340255737e-01
1.259481161832809448e-01
1.269660145044326782e-01
1.349634826183319092e-01
1.340954601764678955e-01
1.347036957740783691e-01
1.280895918607711792e-01
1.279544085264205933e-01
1.289721727371215820e-01
1.335832923650741577e-01
1.327159553766250610e-01
1.334239095449447632e-01
1.301009654998779297e-01
1.299608796834945679e-01
1.309575736522674561e-01
1.122539043426513672e-01
1.112273037433624268e-01
1.121366024017333984e-01
1.140807569026947021e-01
1.139656975865364075e-01
1.130445525050163269e-01
1.104154214262962341e-01
1.093892753124237061e-01
1.103072762489318848e-01
1.085781753063201904e-01
1.075620800256729126e-01
1.084655672311782837e-01
1.067479103803634644e-01
1.066300570964813232e-01
1.057060807943344116e-01
1.049119085073471069e-01
1.048028171062469482e-01
1.038757041096687317e-01
1.030665636062622070e-01
1.029385775327682495e-01
1.020290553569793701e-01
1.148626655340194702e-01
1.012229844927787781e-01
1.001847833395004272e-01
1.011105701327323914e-01
9.939599037170410156e-02
9.833540767431259155e-02
9.926408529281616211e-02
9.754592180252075195e-02
9.650892019271850586e-02
9.741718322038650513e-02
9.571230411529541016e-02
9.559056907892227173e-02
9.465806931257247925e-02
9.385465085506439209e-02
9.375073760747909546e-02
9.283675253391265869e-02
9.204015880823135376e-02
9.099335223436355591e-02
9.191472828388214111e-02
9.019691497087478638e-02
8.916191756725311279e-02
9.008574485778808594e-02
8.837537467479705811e-02
8.732925355434417725e-02
8.825303614139556885e-02
6.470306962728500366e-02
6.462134420871734619e-02
6.558957695960998535e-02
6.845664232969284058e-02
6.745940446853637695e-02
6.833446025848388672e-02
6.932073831558227539e-02
7.122988253831863403e-02
7.323974370956420898e-02
7.527771592140197754e-02
7.731856405735015869e-02
7.936308532953262329e-02
8.139561116695404053e-02
8.345793187618255615e-02
8.654184639453887939e-02
8.640762418508529663e-02
8.552337437868118286e-02
1.169275939464569092e-01
1.189649850130081177e-01
1.210161745548248291e-01
1.230469271540641785e-01
1.250761151313781738e-01
1.270793676376342773e-01
1.342874616384506226e-01
1.290917098522186279e-01
1.320166140794754028e-01
1.319079697132110596e-01
1.328053176403045654e-01
1.310453712940216064e-01
1.113337874412536621e-01
1.131561100482940674e-01
1.149868741631507874e-01
1.095109283924102783e-01
1.076772511005401611e-01
1.058308333158493042e-01
1.039850711822509766e-01
1.021446213126182556e-01
1.003196239471435547e-01
9.846474230289459229e-02
9.662374109029769897e-02
9.478098899126052856e-02
9.294203668832778931e-02
9.112070500850677490e-02
8.929546922445297241e-02
8.744658529758453369e-02
6.669662892818450928e-02
6.570123136043548584e-02
6.659760326147079468e-02
6.758148968219757080e-02
7.045309245586395264e-02
6.945988535881042480e-02
7.032274454832077026e-02
7.133214175701141357e-02
7.247887551784515381e-02
7.236135005950927734e-02
7.336653769016265869e-02
7.451920956373214722e-02
7.539459317922592163e-02
7.438781857490539551e-02
7.653933763504028320e-02
7.743047177791595459e-02
7.642146944999694824e-02
7.857687771320343018e-02
7.948931306600570679e-02
7.845593243837356567e-02
8.061958104372024536e-02
8.152979612350463867e-02
8.050972223281860352e-02
8.267168700695037842e-02
8.357480913400650024e-02
8.255297690629959106e-02
8.471015095710754395e-02
8.563998341560363770e-02
8.459901809692382812e-02
1.161470413208007812e-01
1.160385757684707642e-01
1.170520558953285217e-01
1.181713864207267761e-01
1.190781891345977783e-01
1.180555522441864014e-01
1.202330514788627625e-01
1.201083362102508545e-01
1.211302205920219421e-01
1.222764179110527039e-01
1.221564859151840210e-01
1.231674998998641968e-01
1.243045479059219360e-01
1.241770237684249878e-01
1.251894533634185791e-01
1.263340711593627930e-01
1.261873394250869751e-01
1.272241920232772827e-01
1.353877484798431396e-01
1.345084607601165771e-01
1.351722478866577148e-01
1.283341646194458008e-01
1.282145977020263672e-01
1.292302757501602173e-01
1.338385641574859619e-01
1.329247951507568359e-01
1.337234377861022949e-01
1.303525716066360474e-01
1.302223801612854004e-01
1.311958432197570801e-01
1.124833077192306519e-01
1.114458069205284119e-01
1.123597472906112671e-01
1.143229678273200989e-01
1.132873371243476868e-01
1.142097562551498413e-01
1.151060983538627625e-01
1.106566414237022400e-01
1.096235066652297974e-01
1.105347722768783569e-01
1.088218241930007935e-01
1.087141931056976318e-01
1.077800691127777100e-01
1.069905459880828857e-01
1.059474125504493713e-01
1.068549007177352905e-01
1.051643043756484985e-01
1.041189953684806824e-01
1.050206124782562256e-01
1.033080816268920898e-01
1.022568121552467346e-01
1.031787395477294922e-01
1.014797985553741455e-01
1.004288047552108765e-01
1.013460159301757812e-01
9.961919486522674561e-02
9.952133893966674805e-02
9.859010577201843262e-02
9.777994453907012939e-02
9.766412526369094849e-02
9.674433618783950806e-02
9.594674408435821533e-02
9.491211920976638794e-02
9.581888467073440552e-02
9.411841630935668945e-02
9.399060904979705811e-02
9.307780116796493530e-02
9.226172417402267456e-02
9.124033898115158081e-02
9.215696901082992554e-02
9.044966846704483032e-02
8.941267430782318115e-02
9.031084924936294556e-02
8.859949558973312378e-02
8.847656846046447754e-02
8.757779002189636230e-02
6.500724703073501587e-02
6.485198438167572021e-02
6.584451347589492798e-02
6.868973374366760254e-02
6.770595163106918335e-02
6.857436895370483398e-02
6.957475841045379639e-02
7.146143913269042969e-02
7.350540906190872192e-02
7.552628964185714722e-02
7.756420969963073730e-02
7.960503548383712769e-02
8.163980394601821899e-02
8.368574082851409912e-02
8.677373826503753662e-02
8.665542304515838623e-02
8.575065433979034424e-02
1.171670183539390564e-01
1.192077249288558960e-01
1.212484538555145264e-01
1.232776939868927002e-01
1.253027170896530151e-01
1.273307353258132935e-01
1.346141248941421509e-01
1.293456852436065674e-01
1.321893930435180664e-01
1.330276727676391602e-01
1.321216076612472534e-01
1.312837004661560059e-01
1.115747466683387756e-01
1.134146451950073242e-01
1.152187287807464600e-01
1.097340285778045654e-01
1.078943833708763123e-01
1.060577705502510071e-01
1.042294651269912720e-01
1.023956686258316040e-01
1.005448475480079651e-01
9.870703518390655518e-02
9.686774760484695435e-02
9.503073990345001221e-02
9.320184588432312012e-02
9.135732054710388184e-02
8.952002227306365967e-02
8.769413083791732788e-02
6.698349118232727051e-02
6.685577332973480225e-02
6.598514318466186523e-02
6.783793866634368896e-02
7.070617377758026123e-02
7.059804350137710571e-02
6.969045847654342651e-02
7.159064710140228271e-02
7.273663580417633057e-02
7.362791895866394043e-02
7.260172069072723389e-02
7.474846392869949341e-02
7.462826371192932129e-02
7.563368976116180420e-02
7.677753269672393799e-02
7.768957316875457764e-02
7.665973901748657227e-02
7.882528752088546753e-02
7.869616150856018066e-02
7.972520589828491211e-02
8.086977154016494751e-02
8.074127137660980225e-02
8.176192641258239746e-02
8.290296047925949097e-02
8.279618620872497559e-02
8.380688726902008057e-02
8.495740592479705811e-02
8.484942466020584106e-02
8.587160706520080566e-02
1.163841858506202698e-01
1.172779947519302368e-01
1.162625253200531006e-01
1.184348687529563904e-01
1.183029115200042725e-01
1.193177700042724609e-01
1.204562783241271973e-01
1.203462332487106323e-01
1.213529482483863831e-01
1.225107014179229736e-01
1.223910227417945862e-01
1.233957409858703613e-01
1.245393753051757812e-01
1.244109123945236206e-01
1.254349797964096069e-01
1.265705376863479614e-01
1.274533420801162720e-01
1.264471411705017090e-01
1.356624364852905273e-01
1.347553133964538574e-01
1.355218142271041870e-01
1.285715699195861816e-01
1.294802874326705933e-01
1.284629106521606445e-01
1.340557634830474854e-01
1.331339925527572632e-01
1.339440494775772095e-01
1.305737793445587158e-01
1.304667443037033081e-01
1.313866823911666870e-01
1.127183064818382263e-01
1.116960197687149048e-01
1.126057803630828857e-01
1.145518198609352112e-01
1.135277748107910156e-01
1.144316345453262329e-01
1.153349578380584717e-01
1.108980327844619751e-01
1.098464280366897583e-01
1.107828691601753235e-01
1.090552657842636108e-01
1.080171763896942139e-01
1.089281588792800903e-01
1.072247773408889771e-01
1.061799079179763794e-01
1.071048900485038757e-01
1.053879559040069580e-01
1.043465435504913330e-01
1.052484363317489624e-01
1.035474091768264771e-01
1.025020629167556763e-01
1.034163832664489746e-01
1.017070561647415161e-01
1.015917584300041199e-01
1.006656289100646973e-01
9.984818100929260254e-02
9.882101416587829590e-02
9.973227232694625854e-02
9.801927208900451660e-02
9.698027372360229492e-02
9.789359569549560547e-02
9.617675840854644775e-02
9.514614939689636230e-02
9.606612473726272583e-02
9.433884918689727783e-02
9.330127388238906860e-02
9.422666579484939575e-02
9.250116348266601562e-02
9.238515794277191162e-02
9.147620201110839844e-02
9.067864716053009033e-02
9.055894613265991211e-02
8.963467180728912354e-02
8.884954452514648438e-02
8.780978620052337646e-02
8.873552083969116211e-02
6.539642810821533203e-02
6.520600616931915283e-02
6.618189066648483276e-02
6.899781525135040283e-02
6.884261965751647949e-02
6.799221038818359375e-02
6.984128057956695557e-02
7.171501219272613525e-02
7.373519241809844971e-02
7.575687766075134277e-02
7.779681682586669922e-02
7.984349131584167480e-02
8.189187198877334595e-02
8.392348885536193848e-02
8.702000975608825684e-02
8.599788695573806763e-02
8.689932525157928467e-02
1.174015551805496216e-01
1.194508671760559082e-01
1.214867532253265381e-01
1.235106140375137329e-01
1.255581825971603394e-01
1.275673508644104004e-01
1.348670572042465210e-01
1.295902132987976074e-01
1.324100047349929810e-01
1.323029696941375732e-01
1.332270950078964233e-01
1.314923465251922607e-01
1.118049249053001404e-01
1.136477589607238770e-01
1.154448837041854858e-01
1.099642068147659302e-01
1.081333383917808533e-01
1.062968373298645020e-01
1.044679880142211914e-01
1.026322990655899048e-01
1.007796749472618103e-01
9.893113374710083008e-02
9.709343314170837402e-02
9.525768458843231201e-02
9.342812001705169678e-02
9.159176051616668701e-02
8.975017815828323364e-02
8.793240785598754883e-02
6.744758784770965576e-02
6.721466779708862305e-02
6.642972677946090698e-02
6.821559369564056396e-02
7.100339978933334351e-02
6.997880339622497559e-02
7.085917145013809204e-02
7.186030596494674683e-02
7.297112047672271729e-02
7.284798473119735718e-02
7.386109977960586548e-02
7.499745488166809082e-02
7.487776875495910645e-02
7.589133828878402710e-02
7.703398168087005615e-02
7.690005004405975342e-02
7.791818678379058838e-02
7.906511425971984863e-02
7.893516868352890015e-02
7.996044307947158813e-02
8.109772205352783203e-02
8.098116517066955566e-02
8.200225979089736938e-02
8.314333111047744751e-02
8.302380889654159546e-02
8.405870199203491211e-02
8.520639687776565552e-02
8.506844937801361084e-02
8.611002564430236816e-02
1.166132092475891113e-01
1.175011396408081055e-01
1.164781749248504639e-01
1.186643689870834351e-01
1.185255646705627441e-01
1.195420473814010620e-01
1.207052767276763916e-01
1.205857619643211365e-01
1.216221153736114502e-01
1.227634772658348083e-01
1.226315945386886597e-01
1.236332803964614868e-01
1.247843503952026367e-01
1.246524602174758911e-01
1.256743967533111572e-01
1.268028616905212402e-01
1.266762763261795044e-01
1.277036070823669434e-01
1.357953548431396484e-01
1.349370181560516357e-01
1.357444822788238525e-01
1.288412809371948242e-01
1.287063360214233398e-01
1.297098696231842041e-01
1.341550499200820923e-01
1.341049820184707642e-01
1.332787573337554932e-01
1.308031976222991943e-01
1.307079792022705078e-01
1.315922737121582031e-01
1.129552870988845825e-01
1.119302511215209961e-01
1.128391474485397339e-01
1.147903427481651306e-01
1.146700531244277954e-01
1.137716844677925110e-01
1.155719161033630371e-01
1.111480519175529480e-01
1.100913733243942261e-01
1.110216155648231506e-01
1.093065366148948669e-01
1.082490831613540649e-01
1.091893017292022705e-01
1.074612736701965332e-01
1.064231470227241516e-01
1.073409691452980042e-01
1.056153029203414917e-01
1.045838966965675354e-01
1.055082976818084717e-01
1.037853956222534180e-01
1.036677807569503784e-01
1.027597635984420776e-01
1.019515097141265869e-01
1.018210947513580322e-01
1.008930653333663940e-01
1.001064479351043701e-01
9.996873140335083008e-02
9.907424449920654297e-02
9.825999289751052856e-02
9.721582382917404175e-02
9.813169389963150024e-02
9.642834216356277466e-02
9.537947922945022583e-02
9.630591422319412231e-02
9.458044916391372681e-02
9.446170181035995483e-02
9.355459362268447876e-02
9.274598956108093262e-02
9.263481199741363525e-02
9.169303625822067261e-02
9.092185646295547485e-02
8.986663818359375000e-02
9.079625457525253296e-02
8.908465504646301270e-02
8.805260062217712402e-02
8.896964788436889648e-02
6.595112383365631104e-02
6.567615270614624023e-02
6.668923050165176392e-02
6.937631964683532715e-02
6.919452548027038574e-02
6.841498613357543945e-02
7.019232958555221558e-02
7.198223471641540527e-02
7.397498935461044312e-02
7.602225989103317261e-02
7.804143428802490234e-02
8.007185161113739014e-02
8.211991190910339355e-02
8.417311310768127441e-02
8.724098652601242065e-02
8.622948825359344482e-02
8.714585006237030029e-02
1.176231950521469116e-01
1.196873933076858521e-01
1.217267438769340515e-01
1.237774044275283813e-01
1.257977485656738281e-01
1.278160214424133301e-01
1.349896937608718872e-01
1.298254579305648804e-01
1.325117200613021851e-01
1.333543360233306885e-01
1.324612945318222046e-01
1.316740214824676514e-01
1.120608896017074585e-01
1.138627156615257263e-01
1.156923621892929077e-01
1.102210432291030884e-01
1.083709597587585449e-01
1.065385490655899048e-01
1.047150567173957825e-01
1.028725355863571167e-01
1.010134220123291016e-01
9.917347133159637451e-02
9.734106063842773438e-02
9.551115334033966064e-02
9.367058426141738892e-02
9.182146936655044556e-02
8.999112993478775024e-02
8.816830813884735107e-02
6.798563152551651001e-02
6.696705520153045654e-02
6.770732998847961426e-02
6.867037713527679443e-02
7.125404477119445801e-02
7.031158357858657837e-02
7.113353163003921509e-02
7.210572063922882080e-02
7.321438193321228027e-02
7.309710979461669922e-02
7.410286366939544678e-02
7.523895800113677979e-02
7.511650770902633667e-02
7.613988965749740601e-02
7.725343853235244751e-02
7.713434100151062012e-02
7.815991342067718506e-02
7.929611951112747192e-02
7.918135821819305420e-02
8.018960058689117432e-02
8.132615685462951660e-02
8.121755719184875488e-02
8.224943280220031738e-02
8.338568359613418579e-02
8.325733244419097900e-02
8.428698033094406128e-02
8.543097972869873047e-02
8.633525669574737549e-02
8.532032370567321777e-02
1.168492659926414490e-01
1.167313754558563232e-01
1.177445948123931885e-01
1.188936308026313782e-01
1.198037266731262207e-01
1.187869906425476074e-01
1.209520101547241211e-01
1.218292564153671265e-01
1.208144500851631165e-01
1.229876950383186340e-01
1.228707581758499146e-01
1.238943934440612793e-01
1.250396370887756348e-01
1.249128878116607666e-01
1.259214878082275391e-01
1.270628124475479126e-01
1.269443631172180176e-01
1.279560774564743042e-01
1.358350068330764771e-01
1.349954009056091309e-01
1.358262151479721069e-01
1.290894150733947754e-01
1.289600431919097900e-01
1.299519091844558716e-01
1.340773105621337891e-01
1.332953274250030518e-01
1.341064274311065674e-01
1.310227811336517334e-01
1.309150755405426025e-01
1.317665725946426392e-01
1.131916269659996033e-01
1.121748387813568115e-01
1.130760461091995239e-01
1.150176599621772766e-01
1.139958798885345459e-01
1.149057000875473022e-01
1.158088445663452148e-01
1.113794222474098206e-01
1.103335022926330566e-01
1.112673580646514893e-01
1.095308363437652588e-01
1.084982082247734070e-01
1.094044223427772522e-01
1.076909229159355164e-01
1.066660732030868530e-01
1.075861006975173950e-01
1.058581247925758362e-01
1.057477071881294250e-01
1.048205271363258362e-01
1.040201038122177124e-01
1.029894500970840454e-01
1.039001569151878357e-01
1.021947637200355530e-01
1.020613536238670349e-01
1.011485680937767029e-01
1.003481447696685791e-01
1.002195477485656738e-01
9.930275380611419678e-02
9.848938882350921631e-02
9.838315844535827637e-02
9.745378047227859497e-02
9.665417671203613281e-02
9.653207659721374512e-02
9.561742097139358521e-02
9.482797980308532715e-02
9.378682821989059448e-02
9.469823539257049561e-02
9.298914670944213867e-02
9.287608414888381958e-02
9.194155782461166382e-02
9.114654362201690674e-02
9.011074900627136230e-02
9.104752540588378906e-02
8.931868523359298706e-02
8.828568458557128906e-02
8.919715881347656250e-02
6.661949306726455688e-02
6.628546118736267090e-02
6.728518754243850708e-02
6.966674327850341797e-02
6.951890140771865845e-02
6.881245970726013184e-02
7.046794146299362183e-02
7.224252074956893921e-02
7.421930134296417236e-02
7.625512033700942993e-02
7.827427238225936890e-02
8.030766248703002930e-02
8.235834538936614990e-02
8.441145718097686768e-02
8.748578280210494995e-02
8.737161755561828613e-02
8.647364377975463867e-02
1.178741604089736938e-01
1.199206113815307617e-01
1.219675987958908081e-01
1.240040659904479980e-01
1.260583102703094482e-01
1.281061619520187378e-01
1.349645555019378662e-01
1.300495117902755737e-01
1.326370239257812500e-01
1.333523690700531006e-01
1.326018273830413818e-01
1.318439841270446777e-01
1.122894883155822754e-01
1.141073852777481079e-01
1.159422919154167175e-01
1.104659810662269592e-01
1.086192950606346130e-01
1.067855730652809143e-01
1.049449965357780457e-01
1.031061410903930664e-01
1.012581139802932739e-01
9.942907094955444336e-02
9.757246077060699463e-02
9.574103355407714844e-02
9.390139579772949219e-02
9.207909554243087769e-02
9.022368490695953369e-02
8.841009438037872314e-02
6.864445656538009644e-02
6.831531226634979248e-02
6.762669980525970459e-02
6.915743649005889893e-02
7.106138020753860474e-02
7.036132365465164185e-02
7.116913795471191406e-02
7.213640958070755005e-02
7.339882850646972656e-02
7.432261854410171509e-02
7.330500334501266479e-02
7.547678053379058838e-02
7.635401934385299683e-02
7.535418868064880371e-02
7.749536633491516113e-02
7.839421927928924561e-02
7.737609744071960449e-02
7.952347397804260254e-02
8.043256402015686035e-02
7.941274344921112061e-02
8.157467842102050781e-02
8.247113227844238281e-02
8.146232366561889648e-02
8.360575884580612183e-02
8.452264964580535889e-02
8.349096775054931641e-02
8.566816151142120361e-02
8.555743098258972168e-02
8.656286448240280151e-02
1.170911341905593872e-01
1.169643551111221313e-01
1.179869845509529114e-01
1.191395223140716553e-01
1.190180331468582153e-01
1.200569644570350647e-01
1.211856827139854431e-01
1.210853382945060730e-01
1.221002265810966492e-01
1.232444792985916138e-01
1.231036931276321411e-01
1.241416633129119873e-01
1.252911835908889771e-01
1.261787563562393188e-01
1.251604259014129639e-01
1.273090690374374390e-01
1.282063275575637817e-01
1.271901428699493408e-01
1.357292830944061279e-01
1.348984092473983765e-01
1.357667893171310425e-01
1.293859481811523438e-01
1.292381584644317627e-01
1.301937997341156006e-01
1.338641792535781860e-01
1.332461833953857422e-01
1.339711546897888184e-01
1.316814422607421875e-01
1.313597559928894043e-01
1.321663409471511841e-01
1.134463846683502197e-01
1.133049875497817993e-01
1.124036610126495361e-01
1.152647137641906738e-01
1.142554059624671936e-01
1.151367947459220886e-01
1.160444095730781555e-01
1.116203218698501587e-01
1.114901453256607056e-01
1.105712726712226868e-01
1.097892671823501587e-01
1.096666827797889709e-01
1.087586581707000732e-01
1.079528182744979858e-01
1.078171804547309875e-01
1.069107502698898315e-01
1.061068400740623474e-01
1.059901565313339233e-01
1.050510630011558533e-01
1.042747497558593750e-01
1.032263338565826416e-01
1.041324138641357422e-01
1.024298742413520813e-01
1.013904064893722534e-01
1.023051738739013672e-01
1.005903780460357666e-01
9.954588115215301514e-02
1.004651263356208801e-01
9.874661266803741455e-02
9.769204258918762207e-02
9.861508756875991821e-02
9.690490365028381348e-02
9.678718447685241699e-02
9.585941582918167114e-02
9.505829215049743652e-02
9.402943402528762817e-02
9.495274722576141357e-02
9.321299940347671509e-02
9.218855947256088257e-02
9.310066699981689453e-02
9.138191491365432739e-02
9.034150093793869019e-02
9.126245975494384766e-02
8.954648673534393311e-02
8.944471925497055054e-02
8.852344751358032227e-02
6.741738319396972656e-02
6.700216233730316162e-02
6.803202629089355469e-02
6.984964013099670410e-02
7.221662998199462891e-02
7.444187998771667480e-02
7.647297531366348267e-02
7.851572334766387939e-02
8.055096864700317383e-02
8.258348703384399414e-02
8.464409410953521729e-02
8.772528171539306641e-02
8.760452270507812500e-02
8.669012784957885742e-02
1.181239336729049683e-01
1.201664283871650696e-01
1.222077161073684692e-01
1.242685690522193909e-01
1.263063549995422363e-01
1.283521503210067749e-01
1.348112225532531738e-01
1.305158138275146484e-01
1.327678114175796509e-01
1.125212609767913818e-01
1.143415272235870361e-01
1.161706149578094482e-01
1.106895208358764648e-01
1.088732779026031494e-01
1.070200353860855103e-01
1.051794588565826416e-01
1.033378317952156067e-01
1.015000194311141968e-01
9.965275228023529053e-02
9.782588481903076172e-02
9.598622471094131470e-02
9.413902461528778076e-02
9.231363981962203979e-02
9.048683941364288330e-02
8.864707499742507935e-02
6.960992515087127686e-02
6.851144134998321533e-02
6.912622600793838501e-02
7.033840566873550415e-02
7.175838947296142578e-02
7.257321476936340332e-02
7.140365242958068848e-02
7.373541593551635742e-02
7.459671795368194580e-02
7.357747852802276611e-02
7.571394741535186768e-02
7.660553604364395142e-02
7.559314370155334473e-02
7.773466408252716064e-02
7.862992584705352783e-02
7.761281728744506836e-02
7.976141571998596191e-02
8.068136870861053467e-02
7.964602857828140259e-02
8.180916309356689453e-02
8.270867168903350830e-02
8.168373256921768188e-02
8.384510874748229980e-02
8.474951982498168945e-02
8.373720198869705200e-02
8.590191602706909180e-02
8.579244464635848999e-02
8.680874109268188477e-02
1.173305511474609375e-01
1.171877384185791016e-01
1.182380095124244690e-01
1.193879693746566772e-01
1.192701309919357300e-01
1.202807575464248657e-01
1.214422732591629028e-01
1.213106736540794373e-01
1.223492771387100220e-01
1.235110014677047729e-01
1.243919581174850464e-01
1.233643740415573120e-01
1.255506873130798340e-01
1.254108846187591553e-01
1.264327913522720337e-01
1.275878548622131348e-01
1.284664124250411987e-01
1.274450719356536865e-01
1.354853510856628418e-01
1.346792578697204590e-01
1.355942636728286743e-01
1.296035051345825195e-01
1.294748932123184204e-01
1.306443214416503906e-01
1.334749907255172729e-01
1.325706243515014648e-01
1.336725056171417236e-01
1.136836260557174683e-01
1.126430109143257141e-01
1.135507822036743164e-01
1.155196428298950195e-01
1.153696849942207336e-01
1.144780069589614868e-01
1.163010969758033752e-01
1.118627041578292847e-01
1.117333322763442993e-01
1.108186691999435425e-01
1.100191771984100342e-01
1.099023818969726562e-01
1.089817136526107788e-01
1.081803217530250549e-01
1.071382164955139160e-01
1.080552339553833008e-01
1.063526198267936707e-01
1.062429696321487427e-01
1.053023189306259155e-01
1.045047119259834290e-01
1.034709066152572632e-01
1.044036895036697388e-01
1.026784777641296387e-01
1.016180440783500671e-01
1.025527045130729675e-01
1.008216291666030884e-01
9.978815168142318726e-02
1.006842181086540222e-01
9.897230565547943115e-02
9.794384241104125977e-02
9.884933382272720337e-02
9.715794026851654053e-02
9.610565751791000366e-02
9.700930118560791016e-02
9.530031681060791016e-02
9.425082057714462280e-02
9.517376124858856201e-02
9.348396956920623779e-02
9.243778884410858154e-02
9.334135800600051880e-02
9.163719415664672852e-02
9.057293832302093506e-02
9.151069819927215576e-02
8.979351818561553955e-02
8.875575661659240723e-02
8.966464549303054810e-02
6.832502037286758423e-02
6.787721067667007446e-02
6.898772716522216797e-02
7.067784667015075684e-02
7.273774594068527222e-02
7.472734898328781128e-02
7.670502364635467529e-02
7.873591780662536621e-02
8.077001571655273438e-02
8.281752467155456543e-02
8.488322794437408447e-02
8.796322345733642578e-02
8.693496882915496826e-02
8.784243464469909668e-02
1.183583587408065796e-01
1.204259768128395081e-01
1.224764212965965271e-01
1.245180666446685791e-01
1.265778690576553345e-01
1.286021620035171509e-01
1.344784647226333618e-01
1.315258145332336426e-01
1.316120773553848267e-01
1.305659115314483643e-01
1.325069665908813477e-01
1.146021559834480286e-01
1.127646118402481079e-01
1.164167374372482300e-01
1.109390556812286377e-01
1.091145873069763184e-01
1.072721183300018311e-01
1.054302603006362915e-01
1.036067530512809753e-01
1.017586290836334229e-01
9.989809244871139526e-02
9.806770086288452148e-02
9.621065855026245117e-02
9.437671303749084473e-02
9.254649281501770020e-02
9.070681780576705933e-02
8.888325095176696777e-02
7.050655037164688110e-02
6.942451000213623047e-02
7.006923854351043701e-02
7.112540304660797119e-02
7.224191725254058838e-02
7.298390567302703857e-02
7.198286056518554688e-02
7.371839135885238647e-02
7.470837980508804321e-02
7.372592389583587646e-02
7.594065368175506592e-02
7.582244277000427246e-02
7.682932168245315552e-02
7.796806097030639648e-02
7.785581052303314209e-02
7.885675132274627686e-02
7.999902963638305664e-02
7.989007234573364258e-02
8.090224117040634155e-02
8.202899247407913208e-02
8.191442489624023438e-02
8.293680101633071899e-02
8.407065272331237793e-02
8.498752117156982422e-02
8.397501707077026367e-02
8.614266663789749146e-02
8.602319657802581787e-02
8.706274628639221191e-02
1.175792813301086426e-01
1.174415051937103271e-01
1.184837147593498230e-01
1.196343153715133667e-01
1.195057705044746399e-01
1.205334365367889404e-01
1.216853335499763489e-01
1.215626969933509827e-01
1.225905716419219971e-01
1.237354055047035217e-01
1.236233487725257874e-01
1.246455162763595581e-01
1.257947832345962524e-01
1.266853511333465576e-01
1.256752461194992065e-01
1.278514266014099121e-01
1.287236213684082031e-01
1.277198493480682373e-01
1.351165622472763062e-01
1.342776715755462646e-01
1.352878659963607788e-01
1.298098862171173096e-01
1.296873986721038818e-01
1.306581348180770874e-01
1.331659704446792603e-01
1.323431730270385742e-01
1.333165615797042847e-01
1.157649010419845581e-01
1.147087588906288147e-01
1.156265288591384888e-01
1.139228045940399170e-01
1.128833442926406860e-01
1.138018071651458740e-01
1.165303736925125122e-01
1.121065840125083923e-01
1.110654026269912720e-01
1.119852662086486816e-01
1.102563217282295227e-01
1.092293411493301392e-01
1.101465523242950439e-01
1.084451004862785339e-01
1.083125844597816467e-01
1.074026674032211304e-01
1.065872609615325928e-01
1.064825206995010376e-01
1.055472567677497864e-01
1.047493964433670044e-01
1.037154421210289001e-01
1.046348139643669128e-01
1.029171273112297058e-01
1.018523871898651123e-01
1.027814000844955444e-01
1.010587960481643677e-01
1.000277772545814514e-01
1.009501069784164429e-01
9.922909736633300781e-02
9.817638993263244629e-02
9.909585863351821899e-02
9.738448262214660645e-02
9.634549915790557861e-02
9.727098792791366577e-02
9.553637355566024780e-02
9.450113773345947266e-02
9.542344510555267334e-02
9.369866549968719482e-02
9.358302503824234009e-02
9.266883879899978638e-02
9.185085445642471313e-02
9.174095839262008667e-02
9.082960337400436401e-02
9.002430737018585205e-02
8.989515900611877441e-02
8.900327980518341064e-02
6.937257945537567139e-02
6.882975995540618896e-02
6.993834674358367920e-02
7.135945558547973633e-02
7.296816259622573853e-02
7.482279092073440552e-02
7.695094496011734009e-02
7.897962629795074463e-02
8.101619780063629150e-02
8.305303752422332764e-02
8.510752022266387939e-02
8.820556104183197021e-02
8.809079974889755249e-02
8.715822547674179077e-02
1.185902878642082214e-01
1.206854134798049927e-01
1.227185279130935669e-01
1.247851923108100891e-01
1.268225908279418945e-01
1.288226544857025146e-01
1.341488659381866455e-01
1.314817965030670166e-01
1.315053105354309082e-01
1.306318044662475586e-01
1.323108971118927002e-01
1.166683435440063477e-01
1.148453652858734131e-01
1.130175739526748657e-01
1.111781820654869080e-01
1.093578338623046875e-01
1.075100302696228027e-01
1.056876927614212036e-01
1.038279905915260315e-01
1.019947305321693420e-01
1.001351624727249146e-01
9.829130023717880249e-02
9.646348655223846436e-02
9.461276233196258545e-02
9.277561306953430176e-02
9.095351397991180420e-02
8.910243213176727295e-02
7.148603349924087524e-02
7.099495828151702881e-02
7.042154669761657715e-02
7.184980064630508423e-02
7.258578389883041382e-02
7.436464726924896240e-02
7.515078783035278320e-02
7.402954995632171631e-02
7.593873888254165649e-02
7.593783736228942871e-02
7.696007192134857178e-02
7.821936160326004028e-02
7.809322327375411987e-02
7.909900695085525513e-02
8.024682104587554932e-02
8.013232797384262085e-02
8.114968985319137573e-02
8.226704597473144531e-02
8.317002654075622559e-02
8.214580267667770386e-02
8.430388569831848145e-02
8.522452414035797119e-02
8.417983353137969971e-02
8.636386692523956299e-02
8.624242246150970459e-02
8.728225529193878174e-02
1.178140491247177124e-01
1.187199503183364868e-01
1.176924258470535278e-01
1.198904216289520264e-01
1.207918971776962280e-01
1.197586581110954285e-01
1.219438314437866211e-01
1.218221187591552734e-01
1.228424832224845886e-01
1.240203380584716797e-01
1.238756775856018066e-01
1.249091327190399170e-01
1.260497719049453735e-01
1.259137690067291260e-01
1.269591003656387329e-01
1.281023323535919189e-01
1.289587318897247314e-01
1.279673278331756592e-01
1.346013098955154419e-01
1.338697671890258789e-01
1.348539888858795166e-01
1.303260773420333862e-01
1.300554424524307251e-01
1.309001594781875610e-01
1.325818151235580444e-01
1.320210397243499756e-01
1.328618228435516357e-01
1.167899891734123230e-01
1.159985512495040894e-01
1.149637475609779358e-01
1.158775463700294495e-01
1.141769737005233765e-01
1.131263747811317444e-01
1.140555217862129211e-01
1.123383641242980957e-01
1.113074868917465210e-01
1.122178062796592712e-01
1.105177998542785645e-01
1.103912815451622009e-01
1.094799041748046875e-01
1.086779162287712097e-01
1.085297167301177979e-01
1.076384335756301880e-01
1.068416535854339600e-01
1.067246496677398682e-01
1.057866960763931274e-01
1.049947887659072876e-01
1.039605811238288879e-01
1.048576608300209045e-01
1.031576916575431824e-01
1.021003127098083496e-01
1.030354276299476624e-01
1.013011187314987183e-01
1.002750545740127563e-01
1.011868417263031006e-01
9.946831315755844116e-02
9.841705858707427979e-02
9.934379160404205322e-02
9.760941565036773682e-02
9.749465435743331909e-02
9.658131748437881470e-02
9.577500820159912109e-02
9.567150473594665527e-02
9.474678337574005127e-02
9.393477439880371094e-02
9.290540218353271484e-02
9.380273520946502686e-02
9.209132194519042969e-02
9.105454385280609131e-02
9.198504686355590820e-02
9.025843441486358643e-02
8.923301100730895996e-02
9.014155715703964233e-02
7.051780074834823608e-02
6.995230913162231445e-02
7.100100815296173096e-02
7.260371744632720947e-02
7.315659523010253906e-02
7.203304767608642578e-02
7.515006512403488159e-02
7.348009943962097168e-02
7.707477360963821411e-02
7.923303544521331787e-02
8.126123249530792236e-02
8.328875899314880371e-02
8.532407134771347046e-02
8.842796832323074341e-02
8.739495277404785156e-02
8.831252157688140869e-02
1.188685968518257141e-01
1.209197714924812317e-01
1.229625046253204346e-01
1.250490397214889526e-01
1.270981132984161377e-01
1.292302906513214111e-01
1.335771679878234863e-01
1.314539164304733276e-01
1.169091090559959412e-01
1.150951758027076721e-01
1.132596507668495178e-01
1.114332601428031921e-01
1.095924079418182373e-01
1.077610552310943604e-01
1.059186905622482300e-01
1.040559709072113037e-01
1.022296696901321411e-01
1.003796905279159546e-01
9.854782372713088989e-02
9.670521318912506104e-02
9.486083686351776123e-02
9.304183721542358398e-02
9.118989855051040649e-02
8.933857083320617676e-02
7.156136631965637207e-02
7.395817339420318604e-02
7.417355477809906006e-02
7.495707273483276367e-02
7.328129559755325317e-02
7.643565535545349121e-02
7.732550054788589478e-02
7.618972659111022949e-02
7.845541834831237793e-02
7.934640347957611084e-02
7.833800464868545532e-02
8.044475317001342773e-02
8.135017752647399902e-02
8.035012334585189819e-02
8.249086886644363403e-02
8.237753808498382568e-02
8.339898288249969482e-02
8.441823720932006836e-02
8.538144826889038086e-02
8.435034751892089844e-02
8.662818372249603271e-02
8.650713413953781128e-02
8.752870559692382812e-02
1.180708408355712891e-01
1.189953386783599854e-01
1.179530546069145203e-01
1.201309487223625183e-01
1.210369914770126343e-01
1.200056076049804688e-01
1.221983581781387329e-01
1.220800131559371948e-01
1.231054663658142090e-01
1.242716908454895020e-01
1.241568028926849365e-01
1.251642405986785889e-01
1.263344436883926392e-01
1.262019574642181396e-01
1.272102892398834229e-01
1.283545196056365967e-01
1.293302029371261597e-01
1.282282620668411255e-01
1.339682638645172119e-01
1.332723647356033325e-01
1.342823207378387451e-01
1.318655312061309814e-01
1.322242766618728638e-01
1.311018317937850952e-01
1.170507445931434631e-01
1.162568330764770508e-01
1.152065992355346680e-01
1.161401122808456421e-01
1.144419610500335693e-01
1.133820265531539917e-01
1.142963096499443054e-01
1.125946938991546631e-01
1.124717518687248230e-01
1.115652322769165039e-01
1.107444688677787781e-01
1.097287312150001526e-01
1.106386184692382812e-01
1.089265793561935425e-01
1.078845858573913574e-01
1.087888106703758240e-01
1.070926487445831299e-01
1.069674268364906311e-01
1.060481891036033630e-01
1.052390635013580322e-01
1.051180288195610046e-01
1.041966527700424194e-01
1.034098416566848755e-01
1.032676845788955688e-01
1.023601740598678589e-01
1.015508621931076050e-01
1.014406681060791016e-01
1.005180478096008301e-01
9.971494972705841064e-02
9.866206347942352295e-02
9.958538413047790527e-02
9.785982966423034668e-02
9.682209789752960205e-02
9.773740172386169434e-02
9.602117538452148438e-02
9.498603641986846924e-02
9.590581804513931274e-02
9.417170286178588867e-02
9.314110130071640015e-02
9.406264126300811768e-02
9.234105050563812256e-02
9.128700196743011475e-02
9.221926331520080566e-02
9.050092846155166626e-02
8.946835249662399292e-02
9.039166569709777832e-02
7.179317623376846313e-02
7.116248458623886108e-02
7.220270484685897827e-02
7.476249337196350098e-02
7.534375786781311035e-02
7.436190545558929443e-02
7.287773489952087402e-02
7.744866609573364258e-02
7.560150325298309326e-02
7.944496721029281616e-02
8.147162199020385742e-02
8.346440643072128296e-02
8.553001284599304199e-02
8.863881230354309082e-02
8.852765709161758423e-02
8.763939887285232544e-02
1.191156506538391113e-01
1.211811900138854980e-01
1.232488602399826050e-01
1.253027021884918213e-01
1.273519694805145264e-01
1.300700008869171143e-01
1.301982700824737549e-01
1.292150616645812988e-01
1.329224556684494019e-01
1.309765875339508057e-01
1.171655282378196716e-01
1.153462231159210205e-01
1.135010123252868652e-01
1.116873100399971008e-01
1.098410487174987793e-01
1.080074608325958252e-01
1.061633527278900146e-01
1.043251901865005493e-01
1.024825945496559143e-01
1.006325483322143555e-01
9.877667576074600220e-02
9.693828225135803223e-02
9.508417546749114990e-02
9.326677769422531128e-02
9.142486751079559326e-02
8.956240117549896240e-02
7.318450510501861572e-02
7.356826215982437134e-02
7.396011054515838623e-02
7.248380780220031738e-02
7.685285061597824097e-02
7.764069736003875732e-02
7.663259655237197876e-02
7.468292117118835449e-02
7.471594214439392090e-02
7.555323094129562378e-02
7.836274057626724243e-02
7.840663939714431763e-02
7.940281927585601807e-02
8.040086925029754639e-02
8.145245909690856934e-02
8.042023330926895142e-02
8.246248960494995117e-02
8.344880491495132446e-02
8.246312290430068970e-02
8.521863818168640137e-02
8.594474196434020996e-02
8.481393754482269287e-02
8.698365092277526855e-02
8.780997246503829956e-02
8.682246506214141846e-02
1.183182448148727417e-01
1.182113438844680786e-01
1.192243248224258423e-01
1.204056888818740845e-01
1.213074922561645508e-01
1.202706247568130493e-01
1.224714666604995728e-01
1.223395913839340210e-01
1.233765035867691040e-01
1.245303452014923096e-01
1.243852972984313965e-01
1.254368722438812256e-01
1.266115903854370117e-01
1.274741590023040771e-01
1.264745146036148071e-01
1.289434432983398438e-01
1.286349445581436157e-01
1.295092105865478516e-01
1.331772506237030029e-01
1.325232386589050293e-01
1.335577666759490967e-01
1.311157345771789551e-01
1.306040436029434204e-01
1.314916461706161499e-01
1.172887682914733887e-01
1.165047585964202881e-01
1.154609322547912598e-01
1.163720339536666870e-01
1.146718412637710571e-01
1.136377602815628052e-01
1.145556867122650146e-01
1.128642037510871887e-01
1.118025183677673340e-01
1.127148866653442383e-01
1.110128164291381836e-01
1.099793463945388794e-01
1.108911931514739990e-01
1.091704815626144409e-01
1.090457141399383545e-01
1.081273034214973450e-01
1.073385030031204224e-01
1.062965393066406250e-01
1.072052568197250366e-01
1.054949685931205750e-01
1.044633761048316956e-01
1.053670793771743774e-01
1.036396473646163940e-01
1.035234481096267700e-01
1.025921255350112915e-01
1.017969548702239990e-01
1.016702800989151001e-01
1.007524728775024414e-01
9.996381402015686035e-02
9.889888018369674683e-02
9.983627498149871826e-02
9.809093177318572998e-02
9.706823527812957764e-02
9.798413515090942383e-02
9.625572711229324341e-02
9.523312002420425415e-02
9.613904356956481934e-02
9.441182017326354980e-02
9.336596727371215820e-02
9.429016709327697754e-02
9.258012473583221436e-02
9.153689444065093994e-02
9.245082736015319824e-02
9.059646725654602051e-02
8.960529416799545288e-02
9.055662155151367188e-02
7.392981648445129395e-02
7.575131952762603760e-02
7.760608941316604614e-02
7.936842739582061768e-02
8.143587410449981689e-02
8.347058296203613281e-02
8.295581489801406860e-02
8.393438160419464111e-02
8.433610945940017700e-02
8.610810339450836182e-02
8.868008106946945190e-02
8.865635097026824951e-02
8.782285451889038086e-02
1.193535923957824707e-01
1.214433386921882629e-01
1.234981492161750793e-01
1.255728006362915039e-01
1.277722716331481934e-01
1.300357878208160400e-01
1.321510970592498779e-01
1.174151152372360229e-01
1.156028956174850464e-01
1.137643605470657349e-01
1.119421049952507019e-01
1.101009249687194824e-01
1.082483902573585510e-01
1.064169034361839294e-01
1.045697107911109924e-01
1.027183234691619873e-01
1.008752807974815369e-01
9.902235865592956543e-02
9.717364609241485596e-02
9.534135460853576660e-02
9.349978715181350708e-02
9.159117937088012695e-02
8.964354544878005981e-02
7.628014683723449707e-02
7.546050846576690674e-02
7.656307518482208252e-02
7.730764895677566528e-02
7.795633375644683838e-02
7.816123962402343750e-02
7.917344570159912109e-02
8.140931278467178345e-02
8.194197714328765869e-02
8.089374750852584839e-02
8.244542032480239868e-02
8.504529297351837158e-02
8.426512032747268677e-02
8.513471484184265137e-02
8.600181341171264648e-02
8.749308437108993530e-02
8.722358942031860352e-02
8.809497952461242676e-02
1.185889914631843567e-01
1.194942742586135864e-01
1.184488385915756226e-01
1.206551119685173035e-01
1.215742453932762146e-01
1.205263137817382812e-01
1.227362304925918579e-01
1.236402988433837891e-01
1.226180642843246460e-01
1.248030513525009155e-01
1.246699541807174683e-01
1.257060170173645020e-01
1.268927305936813354e-01
1.267491281032562256e-01
1.279088258743286133e-01
1.304829865694046021e-01
1.308002769947052002e-01
1.297246515750885010e-01
1.322631835937500000e-01
1.317004561424255371e-01
1.327347159385681152e-01
1.175458282232284546e-01
1.167742311954498291e-01
1.157369911670684814e-01
1.166303753852844238e-01
1.149443760514259338e-01
1.148059219121932983e-01
1.138865649700164795e-01
1.131124049425125122e-01
1.120662465691566467e-01
1.129917800426483154e-01
1.112588346004486084e-01
1.111405268311500549e-01
1.102357059717178345e-01
1.094236522912979126e-01
1.092952042818069458e-01
1.083715558052062988e-01
1.075838804244995117e-01
1.074684709310531616e-01
1.065271571278572083e-01
1.057457625865936279e-01
1.046922132372856140e-01
1.056256070733070374e-01
1.039057374000549316e-01
1.028395071625709534e-01
1.037705391645431519e-01
1.020395457744598389e-01
1.019174605607986450e-01
1.009901165962219238e-01
1.002085804939270020e-01
9.915266931056976318e-02
1.000753343105316162e-01
9.834694862365722656e-02
9.729581326246261597e-02
9.823437035083770752e-02
9.652464091777801514e-02
9.545147418975830078e-02
9.636504948139190674e-02
9.465017169713973999e-02
9.453821182250976562e-02
9.361130744218826294e-02
9.286023676395416260e-02
9.272275120019912720e-02
9.172254800796508789e-02
8.937562257051467896e-02
8.903999626636505127e-02
9.000735729932785034e-02
7.711555808782577515e-02
7.974722981452941895e-02
7.885467261075973511e-02
8.006896078586578369e-02
8.056953549385070801e-02
8.163142204284667969e-02
8.150557428598403931e-02
8.253833651542663574e-02
8.358113467693328857e-02
8.351588249206542969e-02
8.431033045053482056e-02
8.626961708068847656e-02
8.843569457530975342e-02
1.196233853697776794e-01
1.217012852430343628e-01
1.237738281488418579e-01
1.258462518453598022e-01
1.285390555858612061e-01
1.287261843681335449e-01
1.277152597904205322e-01
1.313848644495010376e-01
1.295168995857238770e-01
1.176851466298103333e-01
1.158456727862358093e-01
1.140082851052284241e-01
1.121790781617164612e-01
1.103496477007865906e-01
1.085024029016494751e-01
1.066596060991287231e-01
1.048245280981063843e-01
1.029625758528709412e-01
1.011241450905799866e-01
9.927828609943389893e-02
9.743150323629379272e-02
9.558239579200744629e-02
9.376122802495956421e-02
9.154862910509109497e-02
9.219630062580108643e-02
9.107889235019683838e-02
9.047381579875946045e-02
8.068867027759552002e-02
8.260543644428253174e-02
8.558938652276992798e-02
8.457210659980773926e-02
8.531624078750610352e-02
8.654226362705230713e-02
8.770333230495452881e-02
8.759104460477828979e-02
8.854870498180389404e-02
1.188392043113708496e-01
1.197509020566940308e-01
1.187164038419723511e-01
1.209319159388542175e-01
1.207919195294380188e-01
1.218386292457580566e-01
1.230066418647766113e-01
1.239123642444610596e-01
1.228530257940292358e-01
1.250681430101394653e-01
1.249411404132843018e-01
1.259762942790985107e-01
1.271128505468368530e-01
1.278083920478820801e-01
1.269896030426025391e-01
1.312107443809509277e-01
1.308608055114746094e-01
1.317456364631652832e-01
1.290825605392456055e-01
1.288071870803833008e-01
1.297751367092132568e-01
1.178032308816909790e-01
1.170144081115722656e-01
1.159796789288520813e-01
1.168992221355438232e-01
1.151864901185035706e-01
1.141350269317626953e-01
1.150628924369812012e-01
1.133678182959556580e-01
1.132366806268692017e-01
1.123187094926834106e-01
1.115141659975051880e-01
1.104736775159835815e-01
1.113957017660140991e-01
1.096754223108291626e-01
1.095519065856933594e-01
1.086447089910507202e-01
1.078455746173858643e-01
1.067984998226165771e-01
1.077090948820114136e-01
1.059878170490264893e-01
1.049399450421333313e-01
1.058547794818878174e-01
1.041376739740371704e-01
1.040212661027908325e-01
1.031101271510124207e-01
1.022953614592552185e-01
1.021635979413986206e-01
1.012582033872604370e-01
1.004354953765869141e-01
1.003166139125823975e-01
9.938935935497283936e-02
9.857782721519470215e-02
9.848079085350036621e-02
9.754564613103866577e-02
9.672529250383377075e-02
9.569602459669113159e-02
9.660779684782028198e-02
9.496054053306579590e-02
9.480474144220352173e-02
9.392834454774856567e-02
9.354889392852783203e-02
9.255016595125198364e-02
9.320982545614242554e-02
8.984204381704330444e-02
8.963648229837417603e-02
9.071032702922821045e-02
8.665169030427932739e-02
8.877403289079666138e-02
1.198944896459579468e-01
1.219539642333984375e-01
1.240415498614311218e-01
1.260990053415298462e-01
1.280951201915740967e-01
1.301637142896652222e-01
1.179328262805938721e-01
1.161111965775489807e-01
1.142694577574729919e-01
1.124438941478729248e-01
1.106091141700744629e-01
1.087598800659179688e-01
1.069247722625732422e-01
1.050763800740242004e-01
1.032195985317230225e-01
1.013717129826545715e-01
9.951722621917724609e-02
9.766890108585357666e-02
9.583052247762680054e-02
9.426927566528320312e-02
9.204104542732238770e-02
9.180700778961181641e-02
9.279944747686386108e-02
9.096135199069976807e-02
1.191016733646392822e-01
1.189688891172409058e-01
1.200366616249084473e-01
1.211911886930465698e-01
1.221013888716697693e-01
1.210736259818077087e-01
1.232820749282836914e-01
1.241783052682876587e-01
1.231353133916854858e-01
1.253591179847717285e-01
1.252136826515197754e-01
1.262368708848953247e-01
1.275983899831771851e-01
1.273624747991561890e-01
1.283438950777053833e-01
1.300578713417053223e-01
1.295617818832397461e-01
1.306440681219100952e-01
1.180665493011474609e-01
1.172845065593719482e-01
1.162405982613563538e-01
1.171490475535392761e-01
1.154633238911628723e-01
1.153270676732063293e-01
1.144089996814727783e-01
1.136157512664794922e-01
1.134965717792510986e-01
1.125881075859069824e-01
1.117799878120422363e-01
1.107341051101684570e-01
1.116591691970825195e-01
1.099521815776824951e-01
1.088992133736610413e-01
1.098051667213439941e-01
1.080921590328216553e-01
1.070547848939895630e-01
1.079735904932022095e-01
1.062407419085502625e-01
1.061109378933906555e-01
1.051896587014198303e-01
1.043923497200012207e-01
1.033238247036933899e-01
1.042660847306251526e-01
1.025681048631668091e-01
1.014952063560485840e-01
1.024240404367446899e-01
1.006819605827331543e-01
9.962593019008636475e-02
1.005477458238601685e-01
9.878964722156524658e-02
9.870243817567825317e-02
9.775994718074798584e-02
9.679162502288818359e-02
9.675170481204986572e-02
9.588584303855895996e-02
9.567472338676452637e-02
9.529965370893478394e-02
9.459844231605529785e-02
9.429266303777694702e-02
9.318003058433532715e-02
9.391101449728012085e-02
1.201359927654266357e-01
1.222354769706726074e-01
1.243135929107666016e-01
1.264744848012924194e-01
1.288304924964904785e-01
1.181962043046951294e-01
1.163663268089294434e-01
1.145283281803131104e-01
1.127158999443054199e-01
1.108657270669937134e-01
1.090342551469802856e-01
1.071798056364059448e-01
1.053230017423629761e-01
1.034759581089019775e-01
1.016219928860664368e-01
9.973429888486862183e-02
9.778678417205810547e-02
9.623761475086212158e-02
9.496603906154632568e-02
1.193685755133628845e-01
1.192494928836822510e-01
1.202923581004142761e-01
1.214693486690521240e-01
1.213343143463134766e-01
1.223675906658172607e-01
1.235616207122802734e-01
1.244655624032020569e-01
1.234251856803894043e-01
1.255232691764831543e-01
1.265540421009063721e-01
1.254427134990692139e-01
1.287722587585449219e-01
1.281805336475372314e-01
1.294131278991699219e-01
1.183379217982292175e-01
1.175541207194328308e-01
1.174105629324913025e-01
1.164943724870681763e-01
1.157214269042015076e-01
1.146826893091201782e-01
1.155893802642822266e-01
1.138991639018058777e-01
1.128403991460800171e-01
1.137666106224060059e-01
1.120422184467315674e-01
1.109878122806549072e-01
1.119370982050895691e-01
1.102030128240585327e-01
1.091628596186637878e-01
1.100724935531616211e-01
1.083533316850662231e-01
1.082261651754379272e-01
1.073030233383178711e-01
1.064968630671501160e-01
1.063723713159561157e-01
1.054387837648391724e-01
1.046397686004638672e-01
1.045201867818832397e-01
1.036066114902496338e-01
1.028154417872428894e-01
1.026883497834205627e-01
1.017501354217529297e-01
1.012798696756362915e-01
1.009865477681159973e-01
1.000394374132156372e-01
9.782107174396514893e-02
9.730229526758193970e-02
9.829783439636230469e-02
9.674712270498275757e-02
9.656438231468200684e-02
9.541800618171691895e-02
9.610650688409805298e-02
1.204226464033126831e-01
1.225196868181228638e-01
1.245342046022415161e-01
1.271396726369857788e-01
1.273642927408218384e-01
1.263086199760437012e-01
1.279558539390563965e-01
1.184760481119155884e-01
1.166286766529083252e-01
1.148031502962112427e-01
1.129521429538726807e-01
1.111364662647247314e-01
1.092750504612922668e-01
1.074294820427894592e-01
1.055956184864044189e-01
1.037507802248001099e-01
1.020542979240417480e-01
1.000208705663681030e-01
1.006667017936706543e-01
9.940154850482940674e-02
9.890921413898468018e-02
9.719894826412200928e-02
1.196225956082344055e-01
1.205495595932006836e-01
1.195051446557044983e-01
1.217006742954254150e-01
1.226178929209709167e-01
1.215811446309089661e-01
1.236458569765090942e-01
1.245811805129051208e-01
1.235913932323455811e-01
1.255595386028289795e-01
1.255437433719635010e-01
1.263425648212432861e-01
1.273576915264129639e-01
1.272541135549545288e-01
1.280699372291564941e-01
1.185878664255142212e-01
1.178149208426475525e-01
1.176906824111938477e-01
1.167665943503379822e-01
1.159850955009460449e-01
1.149436235427856445e-01
1.158676818013191223e-01
1.141817420721054077e-01
1.131196320056915283e-01
1.140360012650489807e-01
1.123200207948684692e-01
1.121817976236343384e-01
1.112630292773246765e-01
1.104712709784507751e-01
1.103367954492568970e-01
1.093949824571609497e-01
1.086112707853317261e-01
1.075706258416175842e-01
1.084783226251602173e-01
1.067879199981689453e-01
1.057315394282341003e-01
1.066548079252243042e-01
1.050925850868225098e-01
1.048724874854087830e-01
1.039663702249526978e-01
1.032297462224960327e-01
1.030319482088088989e-01
1.022508218884468079e-01
1.021755188703536987e-01
1.010964810848236084e-01
1.017414480447769165e-01
9.884463995695114136e-02
9.832940995693206787e-02
9.942939877510070801e-02
9.769456833600997925e-02
1.206456720829010010e-01
1.226734220981597900e-01
1.246138587594032288e-01
1.264743804931640625e-01
1.187373399734497070e-01
1.169086098670959473e-01
1.150981262326240540e-01
1.132481247186660767e-01
1.113852784037590027e-01
1.095333322882652283e-01
1.077077537775039673e-01
1.059650331735610962e-01
1.041724532842636108e-01
1.027258187532424927e-01
1.011578142642974854e-01
1.005859076976776123e-01
1.016761660575866699e-01
9.999513626098632812e-02
1.198746487498283386e-01
1.197466254234313965e-01
1.207937821745872498e-01
1.218922063708305359e-01
1.227710694074630737e-01
1.218045130372047424e-01
1.238854229450225830e-01
1.237538307905197144e-01
1.247099041938781738e-01
1.258239001035690308e-01
1.257053017616271973e-01
1.265905648469924927e-01
1.188499256968498230e-01
1.181103214621543884e-01
1.179615855216979980e-01
1.170339807868003845e-01
1.163162067532539368e-01
1.161552071571350098e-01
1.152688041329383850e-01
1.144754216074943542e-01
1.134005188941955566e-01
1.143279746174812317e-01
1.125738546252250671e-01
1.115125790238380432e-01
1.124435216188430786e-01
1.106522604823112488e-01
1.105511114001274109e-01
1.096469983458518982e-01
1.088090687990188599e-01
1.078036129474639893e-01
1.087195128202438354e-01
1.072810739278793335e-01
1.070479229092597961e-01
1.062093973159790039e-01
1.043643429875373840e-01
1.038137599825859070e-01
1.047491878271102905e-01
1.032782346010208130e-01
1.034702360630035400e-01
1.022989302873611450e-01
1.028389558196067810e-01
1.208878681063652039e-01
1.228868812322616577e-01
1.248580962419509888e-01
1.189880594611167908e-01
1.172136738896369934e-01
1.154021471738815308e-01
1.135299727320671082e-01
1.116147488355636597e-01
1.097472906112670898e-01
1.080470383167266846e-01
1.065272763371467590e-01
1.058091819286346436e-01
1.069115102291107178e-01
1.054388210177421570e-01
1.039251908659934998e-01
1.201712340116500854e-01
1.200257986783981323e-01
1.210409402847290039e-01
1.221376359462738037e-01
1.220294013619422913e-01
1.230230554938316345e-01
1.241755187511444092e-01
1.240250989794731140e-01
1.249995678663253784e-01
1.191429868340492249e-01
1.184030771255493164e-01
1.182777509093284607e-01
1.173774600028991699e-01
1.167433261871337891e-01
1.165031343698501587e-01
1.155874729156494141e-01
1.147648915648460388e-01
1.136778518557548523e-01
1.146026402711868286e-01
1.126685664057731628e-01
1.116622611880302429e-01
1.126258373260498047e-01
1.106152683496475220e-01
1.106276810169219971e-01
1.097091436386108398e-01
1.086388453841209412e-01
1.079531088471412659e-01
1.087251305580139160e-01
1.075603961944580078e-01
1.057544425129890442e-01
1.050583049654960632e-01
1.061294525861740112e-01
1.046088039875030518e-01
1.211550757288932800e-01
1.231632977724075317e-01
1.192829161882400513e-01
1.175708174705505371e-01
1.157522127032279968e-01
1.137259453535079956e-01
1.116465255618095398e-01
1.096221059560775757e-01
1.080250963568687439e-01
1.072709560394287109e-01
1.083287447690963745e-01
1.068756878376007080e-01
1.204165965318679810e-01
1.202887892723083496e-01
1.212908327579498291e-01
1.224526911973953247e-01
1.223033368587493896e-01
1.233377307653427124e-01
1.194214597344398499e-01
1.186200007796287537e-01
1.176813691854476929e-01
1.185289993882179260e-01
1.171027347445487976e-01
1.159365028142929077e-01
1.169096827507019043e-01
1.145825833082199097e-01
1.136488541960716248e-01
1.146813929080963135e-01
1.124560162425041199e-01
1.115310788154602051e-01
1.125560551881790161e-01
1.102540120482444763e-01
1.094424128532409668e-01
1.104326024651527405e-01
1.091509535908699036e-01
1.214256733655929565e-01
1.195167899131774902e-01
1.178417652845382690e-01
1.166813746094703674e-01
1.157127693295478821e-01
1.168930828571319580e-01
1.135240569710731506e-01
1.156442612409591675e-01
1.113603860139846802e-01
1.206143647432327271e-01
1.205088645219802856e-01
1.215504184365272522e-01
1.196094304323196411e-01
1.186878159642219543e-01
1.178758293390274048e-01
1.186553090810775757e-01
1.177047938108444214e-01
1.196504384279251099e-01
