5.754387378692626953e-02
5.907473713159561157e-02
5.867268145084381104e-02
5.887555703520774841e-02
5.809178575873374939e-02
5.831366032361984253e-02
6.018514931201934814e-02
5.991310253739356995e-02
6.005559116601943970e-02
5.928803607821464539e-02
5.943157523870468140e-02
5.962315201759338379e-02
5.803933739662170410e-02
5.855784565210342407e-02
5.778913944959640503e-02
6.107142567634582520e-02
6.050191819667816162e-02
6.063129380345344543e-02
6.122685223817825317e-02
6.113168969750404358e-02
6.056565046310424805e-02
6.064955145120620728e-02
5.985404923558235168e-02
6.041651964187622070e-02
5.644279345870018005e-02
5.697464942932128906e-02
5.724260956048965454e-02
5.957956984639167786e-02
5.882387235760688782e-02
5.934124067425727844e-02
6.167951598763465881e-02
6.091908738017082214e-02
6.136897206306457520e-02
6.259041279554367065e-02
6.181806698441505432e-02
6.188553199172019958e-02
6.256333738565444946e-02
6.257922947406768799e-02
6.188027560710906982e-02
6.401744484901428223e-02
6.397389620542526245e-02
6.399429589509963989e-02
6.327237188816070557e-02
6.330542266368865967e-02
6.012421473860740662e-02
6.116269901394844055e-02
5.699483305215835571e-02
5.672030895948410034e-02
5.752990394830703735e-02
5.861357972025871277e-02
5.832016468048095703e-02
5.911023169755935669e-02
6.213303282856941223e-02
6.332603842020034790e-02
6.510020047426223755e-02
6.455492973327636719e-02
6.455302983522415161e-02
6.541724503040313721e-02
6.528370082378387451e-02
6.471186876296997070e-02
6.119053065776824951e-02
6.038482487201690674e-02
6.092443689703941345e-02
6.220297142863273621e-02
6.144900247454643250e-02
6.193952262401580811e-02
5.542753636837005615e-02
5.593126267194747925e-02
5.621755495667457581e-02
5.781158059835433960e-02
6.011826545000076294e-02
5.936570838093757629e-02
5.986452475190162659e-02
6.328294426202774048e-02
6.249288842082023621e-02
6.292597949504852295e-02
6.437651813030242920e-02
6.347518414258956909e-02
6.419876217842102051e-02
6.554485857486724854e-02
6.480078399181365967e-02
6.531454622745513916e-02
6.659705936908721924e-02
6.585532426834106445e-02
6.600333750247955322e-02
6.692101806402206421e-02
6.674891710281372070e-02
6.618501991033554077e-02
6.170536205172538757e-02
6.066088378429412842e-02
6.275749206542968750e-02
5.605922639369964600e-02
5.573885515332221985e-02
5.653618648648262024e-02
5.755887925624847412e-02
5.730336159467697144e-02
5.808379873633384705e-02
5.903280526399612427e-02
5.880854278802871704e-02
5.959357321262359619e-02
6.381669640541076660e-02
6.494183093309402466e-02
6.605920940637588501e-02
6.797556579113006592e-02
6.745073199272155762e-02
6.729149818420410156e-02
6.844960153102874756e-02
6.820719689130783081e-02
6.770098209381103516e-02
6.269434094429016113e-02
6.244879215955734253e-02
6.193426996469497681e-02
6.162256002426147461e-02
6.086052209138870239e-02
6.140657514333724976e-02
6.378412246704101562e-02
6.300581991672515869e-02
6.354513764381408691e-02
5.451742559671401978e-02
5.498189106583595276e-02
5.531093478202819824e-02
5.683874338865280151e-02
5.831389874219894409e-02
6.054929643869400024e-02
5.980642139911651611e-02
6.034073233604431152e-02
6.487758457660675049e-02
6.406441330909729004e-02
6.463453173637390137e-02
6.597242504358291626e-02
6.518246978521347046e-02
6.576004624366760254e-02
6.706492602825164795e-02
6.682564318180084229e-02
6.630380451679229736e-02
6.823001056909561157e-02
6.741474568843841553e-02
6.808480620384216309e-02
6.942794471979141235e-02
6.868878006935119629e-02
6.892943382263183594e-02
6.998562067747116089e-02
6.974005699157714844e-02
6.924070417881011963e-02
6.322056800127029419e-02
6.213457137346267700e-02
6.108883395791053772e-02
6.431567668914794922e-02
5.517423152923583984e-02
5.563536658883094788e-02
5.486069619655609131e-02
5.661709606647491455e-02
5.708207935094833374e-02
5.633833259344100952e-02
5.798532813787460327e-02
5.779556930065155029e-02
5.853665620088577271e-02
5.948585271835327148e-02
5.925931036472320557e-02
6.002040952444076538e-02
6.543175131082534790e-02
6.652928888797760010e-02
6.764100492000579834e-02
6.883573532104492188e-02
7.093172520399093628e-02
7.046286761760711670e-02
7.018916308879852295e-02
7.157817482948303223e-02
7.124465703964233398e-02
7.077879458665847778e-02
6.422680616378784180e-02
6.347652524709701538e-02
6.401594728231430054e-02
6.315462291240692139e-02
6.239253282546997070e-02
6.293076276779174805e-02
6.207387894392013550e-02
6.130330264568328857e-02
6.182421371340751648e-02
6.529314815998077393e-02
6.457476317882537842e-02
6.508822739124298096e-02
5.367695167660713196e-02
5.410559475421905518e-02
5.443099141120910645e-02
5.590233579277992249e-02
5.729615688323974609e-02
5.875568836927413940e-02
6.102873384952545166e-02
6.025456264615058899e-02
6.077559292316436768e-02
6.640043854713439941e-02
6.562884151935577393e-02
6.618298590183258057e-02
6.750680506229400635e-02
6.726940721273422241e-02
6.672894954681396484e-02
6.860983371734619141e-02
6.784543395042419434e-02
6.840763986110687256e-02
6.972579658031463623e-02
6.897119432687759399e-02
6.959758698940277100e-02
7.092133164405822754e-02
7.018138468265533447e-02
7.093906402587890625e-02
7.228028774261474609e-02
7.162931561470031738e-02
7.193431258201599121e-02
6.478040665388107300e-02
6.369429826736450195e-02
6.261891126632690430e-02
6.155550107359886169e-02
6.588311493396759033e-02
5.437821894884109497e-02
5.477086082100868225e-02
5.403080582618713379e-02
5.568473041057586670e-02
5.544658377766609192e-02
5.615248531103134155e-02
5.693536996841430664e-02
5.676179751753807068e-02
5.747096985578536987e-02
5.843758955597877502e-02
5.821695178747177124e-02
5.895651131868362427e-02
5.993096902966499329e-02
5.972382053732872009e-02
6.047445163130760193e-02
6.695465743541717529e-02
6.803780794143676758e-02
6.915699690580368042e-02
7.031439244747161865e-02
7.159662991762161255e-02
7.313833385705947876e-02
7.271514087915420532e-02
7.235389947891235352e-02
6.576433032751083374e-02
6.499035656452178955e-02
6.555044651031494141e-02
6.470233201980590820e-02
6.446582078933715820e-02
6.392159312963485718e-02
6.361500173807144165e-02
6.283422559499740601e-02
6.338797509670257568e-02
6.254939734935760498e-02
6.230024620890617371e-02
6.178974732756614685e-02
6.685197353363037109e-02
6.607440114021301270e-02
6.664522737264633179e-02
5.296065658330917358e-02
5.330913513898849487e-02
5.367051437497138977e-02
5.504180118441581726e-02
5.631725490093231201e-02
5.766637250781059265e-02
5.919696018099784851e-02
6.148865818977355957e-02
6.125149130821228027e-02
6.070259585976600647e-02
6.794643402099609375e-02
6.716677546501159668e-02
6.773008406162261963e-02
6.901410222053527832e-02
6.827651709318161011e-02
6.880687177181243896e-02
7.010648399591445923e-02
6.936478614807128906e-02
6.995449960231781006e-02
7.124096900224685669e-02
7.046477496623992920e-02
7.107552886009216309e-02
7.235012948513031006e-02
7.163250446319580078e-02
7.230704277753829956e-02
7.399652898311614990e-02
7.356466352939605713e-02
7.315348088741302490e-02
6.629406660795211792e-02
6.521352380514144897e-02
6.416387856006622314e-02
6.308050453662872314e-02
6.202713400125503540e-02
6.738632172346115112e-02
5.382492393255233765e-02
5.339845269918441772e-02
5.411507189273834229e-02
5.555337294936180115e-02
5.497153848409652710e-02
5.561624094843864441e-02
5.624016374349594116e-02
5.737078934907913208e-02
5.717368051409721375e-02
5.789097398519515991e-02
5.888278409838676453e-02
5.864524841308593750e-02
5.941586941480636597e-02
6.042085215449333191e-02
6.016968935728073120e-02
6.093310937285423279e-02
6.849843263626098633e-02
6.957530975341796875e-02
7.069408148527145386e-02
7.178314775228500366e-02
7.336896657943725586e-02
7.282994687557220459e-02
7.286943495273590088e-02
7.471010833978652954e-02
7.436973601579666138e-02
7.390446960926055908e-02
7.367255538702011108e-02
6.728377938270568848e-02
6.706915795803070068e-02
6.653343141078948975e-02
6.620749831199645996e-02
6.545464694499969482e-02
6.599500775337219238e-02
6.514386832714080811e-02
6.436499953269958496e-02
6.491253525018692017e-02
6.407001614570617676e-02
6.382912397384643555e-02
6.333354860544204712e-02
6.299887597560882568e-02
6.276763975620269775e-02
6.223859637975692749e-02
6.837179511785507202e-02
6.761690229177474976e-02
6.816199421882629395e-02
5.229902267456054688e-02
5.262212082743644714e-02
5.306953564286231995e-02
5.468990281224250793e-02
5.645689368247985840e-02
5.813393741846084595e-02
5.965936928987503052e-02
6.193161755800247192e-02
6.172510236501693726e-02
6.118457019329071045e-02
6.945613026618957520e-02
6.872178614139556885e-02
6.923788785934448242e-02
7.056047022342681885e-02
6.977409124374389648e-02
7.034944742918014526e-02
7.164634764194488525e-02
7.087922096252441406e-02
7.144864648580551147e-02
7.275734841823577881e-02
7.198154181241989136e-02
7.254976034164428711e-02
7.384966313838958740e-02
7.309401035308837891e-02
7.359234988689422607e-02
7.553480565547943115e-02
7.475677877664566040e-02
7.511079311370849609e-02
7.470954954624176025e-02
7.404624670743942261e-02
7.434885948896408081e-02
6.781456619501113892e-02
6.677214056253433228e-02
6.568713486194610596e-02
6.459860503673553467e-02
6.353613734245300293e-02
6.246230751276016235e-02
6.892552971839904785e-02
5.318239331245422363e-02
5.352027714252471924e-02
5.272325873374938965e-02
5.469824746251106262e-02
5.511477217078208923e-02
5.425504595041275024e-02
5.628551542758941650e-02
5.682198703289031982e-02
5.592493712902069092e-02
5.783369019627571106e-02
5.834163725376129150e-02
5.759286880493164062e-02
5.935523658990859985e-02
5.912007391452789307e-02
5.988528952002525330e-02
6.088300794363021851e-02
6.063980236649513245e-02
6.139294058084487915e-02
7.000091671943664551e-02
7.109832763671875000e-02
7.219015806913375854e-02
7.329182326793670654e-02
7.427325844764709473e-02
7.628214359283447266e-02
7.592097669839859009e-02
7.548281550407409668e-02
7.513814419507980347e-02
6.882698088884353638e-02
6.806564331054687500e-02
6.859682500362396240e-02
6.774111092090606689e-02
6.699460744857788086e-02
6.751576066017150879e-02
6.665619462728500366e-02
6.591485440731048584e-02
6.645199656486511230e-02
6.559315323829650879e-02
6.484160572290420532e-02
6.536738574504852295e-02
6.452050805091857910e-02
6.431595981121063232e-02
6.375867873430252075e-02
6.347505748271942139e-02
6.270726025104522705e-02
6.324325501918792725e-02
6.990240514278411865e-02
6.969580054283142090e-02
6.915098428726196289e-02
5.174575001001358032e-02
5.202855914831161499e-02
5.245658755302429199e-02
5.392295122146606445e-02
5.547823011875152588e-02
5.704452469944953918e-02
5.858976766467094421e-02
6.012289226055145264e-02
6.241315603256225586e-02
6.166259944438934326e-02
6.218085810542106628e-02
7.100882381200790405e-02
7.023021578788757324e-02
7.076179981231689453e-02
7.207600772380828857e-02
7.131640613079071045e-02
7.186242938041687012e-02
7.319063693284988403e-02
7.240649312734603882e-02
7.296034693717956543e-02
7.428765296936035156e-02
7.352730631828308105e-02
7.407157123088836670e-02
7.538256794214248657e-02
7.459860295057296753e-02
7.505398243665695190e-02
7.693320512771606445e-02
7.657594233751296997e-02
7.622386515140533447e-02
7.626377046108245850e-02
7.550523430109024048e-02
7.588944584131240845e-02
7.782948017120361328e-02
7.737890630960464478e-02
7.706430554389953613e-02
6.934936344623565674e-02
6.827707588672637939e-02
6.723117828369140625e-02
6.613419204950332642e-02
6.506904959678649902e-02
6.400241702795028687e-02
6.293422728776931763e-02
7.044335454702377319e-02
5.269118398427963257e-02
5.221141129732131958e-02
5.291583389043807983e-02
5.397779494524002075e-02
5.356575176119804382e-02
5.432075262069702148e-02
5.526578798890113831e-02
5.499584227800369263e-02
5.577029287815093994e-02
5.677666887640953064e-02
5.731488019227981567e-02
5.653524771332740784e-02
5.830968171358108521e-02
5.883517488837242126e-02
5.808003246784210205e-02
5.985036492347717285e-02
5.958660691976547241e-02
6.035961210727691650e-02
6.135274469852447510e-02
6.112061068415641785e-02
6.186981499195098877e-02
7.154048979282379150e-02
7.264165580272674561e-02
7.373988628387451172e-02
7.482928782701492310e-02
7.581822574138641357e-02
7.659972459077835083e-02
7.840345054864883423e-02
7.764391601085662842e-02
7.811449468135833740e-02
7.937265932559967041e-02
7.888146489858627319e-02
7.860105484724044800e-02
7.033482193946838379e-02
7.013392448425292969e-02
6.961607187986373901e-02
6.927268952131271362e-02
6.850175559520721436e-02
6.906506419181823730e-02
6.818492710590362549e-02
6.741091609001159668e-02
6.797371059656143188e-02
6.714104861021041870e-02
6.637774407863616943e-02
6.689332425594329834e-02
6.605138629674911499e-02
6.528466194868087769e-02
6.580667942762374878e-02
6.500297784805297852e-02
6.423258036375045776e-02
6.476189941167831421e-02
6.392298638820648193e-02
6.316594779491424561e-02
6.371217966079711914e-02
7.142620533704757690e-02
7.066418230533599854e-02
7.123363763093948364e-02
5.129238218069076538e-02
5.152676254510879517e-02
5.198477208614349365e-02
5.332538112998008728e-02
5.463542789220809937e-02
5.604559183120727539e-02
5.756854638457298279e-02
5.906325578689575195e-02
6.059634685516357422e-02
6.287040561437606812e-02
6.212509050965309143e-02
6.264780461788177490e-02
7.250902056694030762e-02
7.175264507532119751e-02
7.229137420654296875e-02
7.360207289457321167e-02
7.284404337406158447e-02
7.340766489505767822e-02
7.471364736557006836e-02
7.394368946552276611e-02
7.449278980493545532e-02
7.580347359180450439e-02
7.556744664907455444e-02
7.503794133663177490e-02
7.689556479454040527e-02
7.613699883222579956e-02
7.658725976943969727e-02
7.798604667186737061e-02
7.713365554809570312e-02
7.744555920362472534e-02
7.817842066287994385e-02
7.963974773883819580e-02
7.949382066726684570e-02
7.900696992874145508e-02
8.087662607431411743e-02
8.023856580257415771e-02
8.012579381465911865e-02
7.090328633785247803e-02
6.982092559337615967e-02
6.874744594097137451e-02
6.766175478696823120e-02
6.657879054546356201e-02
6.553214788436889648e-02
6.446169316768646240e-02
6.340059638023376465e-02
7.198041677474975586e-02
5.240770056843757629e-02
5.185312032699584961e-02
5.254385247826576233e-02
5.399941280484199524e-02
5.333663523197174072e-02
5.397137254476547241e-02
5.464413762092590332e-02
5.575756728649139404e-02
5.627916380763053894e-02
5.551883578300476074e-02
5.728326737880706787e-02
5.701637640595436096e-02
5.779217928647994995e-02
5.877899378538131714e-02
5.855325609445571899e-02
5.930318683385848999e-02
6.030943244695663452e-02
6.081347912549972534e-02
6.006188690662384033e-02
6.181722134351730347e-02
6.235107779502868652e-02
6.157818436622619629e-02
7.306504994630813599e-02
7.415844500064849854e-02
7.526694238185882568e-02
7.633882015943527222e-02
7.743912190198898315e-02
7.912220060825347900e-02
7.875945419073104858e-02
7.857405394315719604e-02
7.939995080232620239e-02
8.051119744777679443e-02
8.009120821952819824e-02
8.070416748523712158e-02
8.162057399749755859e-02
8.237348496913909912e-02
8.199791610240936279e-02
8.162099123001098633e-02
8.124653995037078857e-02
8.262532949447631836e-02
8.382228016853332520e-02
8.321104943752288818e-02
8.309614658355712891e-02
8.249129354953765869e-02
8.395156264305114746e-02
8.522514998912811279e-02
8.460653573274612427e-02
8.450501412153244019e-02
8.389079570770263672e-02
8.533930033445358276e-02
8.658123016357421875e-02
8.595757186412811279e-02
8.591526001691818237e-02
8.526463806629180908e-02
7.189285755157470703e-02
7.113097608089447021e-02
7.165385782718658447e-02
7.080539315938949585e-02
7.003579288721084595e-02
7.056544721126556396e-02
6.970338523387908936e-02
6.895951181650161743e-02
6.950999796390533447e-02
6.866783648729324341e-02
6.788390874862670898e-02
6.843799352645874023e-02
6.758157908916473389e-02
6.680835783481597900e-02
6.735201179981231689e-02
6.652355194091796875e-02
6.575600057840347290e-02
6.630065292119979858e-02
6.546163558959960938e-02
6.469809263944625854e-02
6.521721184253692627e-02
6.440453231334686279e-02
6.417578458786010742e-02
6.363137811422348022e-02
7.295367121696472168e-02
7.219405472278594971e-02
7.275886833667755127e-02
5.095008015632629395e-02
5.112741887569427490e-02
5.167292803525924683e-02
5.319704115390777588e-02
5.486564338207244873e-02
5.651037395000457764e-02
5.800190567970275879e-02
5.953972786664962769e-02
6.106834486126899719e-02
6.332676112651824951e-02
6.309815496206283569e-02
6.258115172386169434e-02
7.406398653984069824e-02
7.383915781974792480e-02
7.330419868230819702e-02
7.516305893659591675e-02
7.491010427474975586e-02
7.436855137348175049e-02
7.620845735073089600e-02
7.547850161790847778e-02
7.601337879896163940e-02
7.734044641256332397e-02
7.655034959316253662e-02
7.709880918264389038e-02
7.840769737958908081e-02
7.765515148639678955e-02
7.820026576519012451e-02
7.949741184711456299e-02
7.874627411365509033e-02
7.932497560977935791e-02
7.984028756618499756e-02
8.105626702308654785e-02
8.214217424392700195e-02
8.331164717674255371e-02
8.466164767742156982e-02
8.664063364267349243e-02
8.598230779170989990e-02
8.659735321998596191e-02
8.793761581182479858e-02
8.727709949016571045e-02
8.726055920124053955e-02
7.242977619171142578e-02
7.134251296520233154e-02
7.026489078998565674e-02
6.918355822563171387e-02
6.814330816268920898e-02
6.705868244171142578e-02
6.599557399749755859e-02
6.493784487247467041e-02
6.385207176208496094e-02
7.350525259971618652e-02
5.213084816932678223e-02
5.228435248136520386e-02
5.153657495975494385e-02
5.336159095168113708e-02
5.368464440107345581e-02
5.288884788751602173e-02
5.472566559910774231e-02
5.522923916578292847e-02
5.436071753501892090e-02
5.623269081115722656e-02
5.675757303833961487e-02
5.599376931786537170e-02
5.773363634943962097e-02
5.749519169330596924e-02
5.825997516512870789e-02
5.925946682691574097e-02
5.979341268539428711e-02
5.902864784002304077e-02
6.076992303133010864e-02
6.055173650383949280e-02
6.129533052444458008e-02
6.229891255497932434e-02
6.206953525543212891e-02
6.280875205993652344e-02
7.461827248334884644e-02
7.567874342203140259e-02
7.676950842142105103e-02
7.788535952568054199e-02
7.894977927207946777e-02
8.004121482372283936e-02
8.119241893291473389e-02
8.086212724447250366e-02
8.139620721340179443e-02
8.191601186990737915e-02
8.271555602550506592e-02
8.266779035329818726e-02
8.333896845579147339e-02
8.409159630537033081e-02
8.405475318431854248e-02
8.473488688468933105e-02
8.554373681545257568e-02
8.610401302576065063e-02
8.545449376106262207e-02
8.789560943841934204e-02
8.788932114839553833e-02
8.727777749300003052e-02
8.918765187263488770e-02
8.855867385864257812e-02
8.856068551540374756e-02
8.902114629745483398e-02
9.040464460849761963e-02
8.969581872224807739e-02
8.979848027229309082e-02
8.908712118864059448e-02
7.341851294040679932e-02
7.264985889196395874e-02
7.321462035179138184e-02
7.233990728855133057e-02
7.156548649072647095e-02
7.211387902498245239e-02
7.125720381736755371e-02
7.049749791622161865e-02
7.102774083614349365e-02
7.019128650426864624e-02
6.944243609905242920e-02
6.995290517807006836e-02
6.911442428827285767e-02
6.889946013689041138e-02
6.834554672241210938e-02
6.804104149341583252e-02
6.781189143657684326e-02
6.727921962738037109e-02
6.699776649475097656e-02
6.675435602664947510e-02
6.622133404016494751e-02
6.591743975877761841e-02
6.516554951667785645e-02
6.568059325218200684e-02
6.485342979431152344e-02
6.409341096878051758e-02
6.463352590799331665e-02
7.448364049196243286e-02
7.372877001762390137e-02
7.427162677049636841e-02
5.068380385637283325e-02
5.082735791802406311e-02
5.139449238777160645e-02
5.275326967239379883e-02
5.404067039489746094e-02
5.546959117054939270e-02
5.698927491903305054e-02
5.849176272749900818e-02
6.002056598663330078e-02
6.151838600635528564e-02
6.381655484437942505e-02
6.305661797523498535e-02
6.358854472637176514e-02
7.555971294641494751e-02
7.536330819129943848e-02
7.480232417583465576e-02
7.666151225566864014e-02
7.645979523658752441e-02
7.589782774448394775e-02
7.776071131229400635e-02
7.699003070592880249e-02
7.755130529403686523e-02
7.882155478000640869e-02
7.810072600841522217e-02
7.864136993885040283e-02
7.993305474519729614e-02
7.917229831218719482e-02
7.969692349433898926e-02
8.033660054206848145e-02
8.194844424724578857e-02
8.341214060783386230e-02
8.480587601661682129e-02
8.673314750194549561e-02
8.669032156467437744e-02
8.615481853485107422e-02
8.729282021522521973e-02
8.844481408596038818e-02
9.024811536073684692e-02
8.962646126747131348e-02
9.031130373477935791e-02
9.156765788793563843e-02
9.090231359004974365e-02
9.098146855831146240e-02
7.289002835750579834e-02
7.396212220191955566e-02
7.180664688348770142e-02
7.073915004730224609e-02
6.966492533683776855e-02
6.859342753887176514e-02
6.753011047840118408e-02
6.645154953002929688e-02
6.539389491081237793e-02
6.434184312820434570e-02
7.502475380897521973e-02
5.188558250665664673e-02
5.127128958702087402e-02
5.202317610383033752e-02
5.346576496958732605e-02
5.279095470905303955e-02
5.341897159814834595e-02
5.408553034067153931e-02
5.520570278167724609e-02
5.570434406399726868e-02
5.494612455368041992e-02
5.668324604630470276e-02
5.645054578781127930e-02
5.721842497587203979e-02
5.820038914680480957e-02
5.873473361134529114e-02
5.799098312854766846e-02
5.973684042692184448e-02
6.026324257254600525e-02
5.949069187045097351e-02
6.126201152801513672e-02
6.177666038274765015e-02
6.101065501570701599e-02
6.276305019855499268e-02
6.253431737422943115e-02
6.327563524246215820e-02
7.612571120262145996e-02
7.718387246131896973e-02
7.830969244241714478e-02
7.936814427375793457e-02
8.054904639720916748e-02
8.147831261157989502e-02
8.210384100675582886e-02
8.132160454988479614e-02
8.293493092060089111e-02
8.284960687160491943e-02
8.352825790643692017e-02
8.440256863832473755e-02
8.427129685878753662e-02
8.499201387166976929e-02
8.586729317903518677e-02
8.567990362644195557e-02
8.633071184158325195e-02
8.751717209815979004e-02
8.713187277317047119e-02
8.768570423126220703e-02
8.827704936265945435e-02
8.903248608112335205e-02
8.964300155639648438e-02
8.903804421424865723e-02
9.135833382606506348e-02
9.143301844596862793e-02
9.079562127590179443e-02
7.387147843837738037e-02
7.309541106224060059e-02
7.361982017755508423e-02
7.494819164276123047e-02
7.416972517967224121e-02
7.471819221973419189e-02
7.279133796691894531e-02
7.256685942411422729e-02
7.202520966529846191e-02
7.171750068664550781e-02
7.149130851030349731e-02
7.094627618789672852e-02
7.064059376716613770e-02
7.042938470840454102e-02
6.987370550632476807e-02
6.956987828016281128e-02
6.883009523153305054e-02
6.933885812759399414e-02
6.850162148475646973e-02
6.774271279573440552e-02
6.828257441520690918e-02
6.747284531593322754e-02
6.719879806041717529e-02
6.670171022415161133e-02
6.638584285974502563e-02
6.562709063291549683e-02
6.615287810564041138e-02
6.532218307256698608e-02
6.456430256366729736e-02
6.512176990509033203e-02
7.601273059844970703e-02
7.525604218244552612e-02
7.580246031284332275e-02
5.050822719931602478e-02
5.058846995234489441e-02
5.120744556188583374e-02
5.267208442091941833e-02
5.432184785604476929e-02
5.596706271171569824e-02
5.744921788573265076e-02
5.895529314875602722e-02
6.047689542174339294e-02
6.200075149536132812e-02
6.429255008697509766e-02
6.352524459362030029e-02
6.403712183237075806e-02
7.709687203168869019e-02
7.634259015321731567e-02
7.687324285507202148e-02
7.818749547004699707e-02
7.743358612060546875e-02
7.796642184257507324e-02
7.926260679960250854e-02
7.851439714431762695e-02
7.904477417469024658e-02
8.035106956958770752e-02
7.960348576307296753e-02
8.013696223497390747e-02
8.072325587272644043e-02
8.220940828323364258e-02
8.366949856281280518e-02
8.513519167900085449e-02
8.671027421951293945e-02
8.825467526912689209e-02
9.016503393650054932e-02
9.018836915493011475e-02
8.959372341632843018e-02
9.266108274459838867e-02
9.199783205986022949e-02
9.210586547851562500e-02
9.076578170061111450e-02
7.440267503261566162e-02
7.332320511341094971e-02
7.548479735851287842e-02
7.224966585636138916e-02
7.116896659135818481e-02
7.011028379201889038e-02
6.905010342597961426e-02
6.798125803470611572e-02
6.691122055053710938e-02
6.588074564933776855e-02
6.481251120567321777e-02
7.655403017997741699e-02
5.181851983070373535e-02
5.118283256888389587e-02
5.186706408858299255e-02
5.289528518915176392e-02
5.317158252000808716e-02
5.240733921527862549e-02
5.415827780961990356e-02
5.470146983861923218e-02
5.382727086544036865e-02
5.566131696105003357e-02
5.620088428258895874e-02
5.541922897100448608e-02
5.717591196298599243e-02
5.770523101091384888e-02
5.694982782006263733e-02
5.867969989776611328e-02
5.843780189752578735e-02
5.920502543449401855e-02
6.019252538681030273e-02
5.995418131351470947e-02
6.073600426316261292e-02
6.171779707074165344e-02
6.146881729364395142e-02
6.224548816680908203e-02
6.322807818651199341e-02
6.374908238649368286e-02
6.298609822988510132e-02
7.763330638408660889e-02
7.872363179922103882e-02
7.981259375810623169e-02
8.092444390058517456e-02
8.188625425100326538e-02
8.167733252048492432e-02
8.239538967609405518e-02
8.336608111858367920e-02
8.315984904766082764e-02
8.388169109821319580e-02
8.483956009149551392e-02
8.537559211254119873e-02
8.462040871381759644e-02
8.636027574539184570e-02
8.610974252223968506e-02
8.694995939731597900e-02
8.785436302423477173e-02
8.769048750400543213e-02
8.844738453626632690e-02
8.931532502174377441e-02
8.916831016540527344e-02
8.977343887090682983e-02
9.217377007007598877e-02
9.176656603813171387e-02
9.240499138832092285e-02
9.070062637329101562e-02
9.046687930822372437e-02
9.103374928236007690e-02
9.368123114109039307e-02
9.292574971914291382e-02
9.316289424896240234e-02
7.538509368896484375e-02
7.462853193283081055e-02
7.517918944358825684e-02
7.432648539543151855e-02
7.408516108989715576e-02
7.354448735713958740e-02
7.646938413381576538e-02
7.570512592792510986e-02
7.624375820159912109e-02
7.323014736175537109e-02
7.303247600793838501e-02
7.248210906982421875e-02
7.219815254211425781e-02
7.142430543899536133e-02
7.194101810455322266e-02
7.110989093780517578e-02
7.034482061862945557e-02
7.087440043687820435e-02
7.004722207784652710e-02
6.926891207695007324e-02
6.979271769523620605e-02
6.897712498903274536e-02
6.873082369565963745e-02
6.821078062057495117e-02
6.790453195571899414e-02
6.767442077398300171e-02
6.715156883001327515e-02
6.685520708560943604e-02
6.662055850028991699e-02
6.609989702701568604e-02
6.578552722930908203e-02
6.558255851268768311e-02
6.503364443778991699e-02
7.756060361862182617e-02
7.677508145570755005e-02
7.730534672737121582e-02
5.043344944715499878e-02
5.047372356057167053e-02
5.112734436988830566e-02
5.237085744738578796e-02
5.353790521621704102e-02
5.490949749946594238e-02
5.642000213265419006e-02
5.792322754859924316e-02
5.944399908185005188e-02
6.094538792967796326e-02
6.246298551559448242e-02
6.474138796329498291e-02
6.449349224567413330e-02
6.398508697748184204e-02
7.862683385610580444e-02
7.841052114963531494e-02
7.789053022861480713e-02
7.968367636203765869e-02
7.895784080028533936e-02
7.949192821979522705e-02
8.078603446483612061e-02
8.002193272113800049e-02
8.057428896427154541e-02
8.111613988876342773e-02
8.260089904069900513e-02
8.411979675292968750e-02
8.560167253017425537e-02
8.711338043212890625e-02
8.857233822345733643e-02
9.001631289720535278e-02
9.146530181169509888e-02
9.312824904918670654e-02
9.264664351940155029e-02
9.338623285293579102e-02
7.594326138496398926e-02
7.486401498317718506e-02
7.378342002630233765e-02
7.700422406196594238e-02
7.269353419542312622e-02
7.166706770658493042e-02
7.056650519371032715e-02
6.950334459543228149e-02
6.845320761203765869e-02
6.739142537117004395e-02
6.632177531719207764e-02
6.526614725589752197e-02
7.808694243431091309e-02
5.193113908171653748e-02
5.188373476266860962e-02
5.118653178215026855e-02
5.319053307175636292e-02
5.250869691371917725e-02
5.304980650544166565e-02
5.368224903941154480e-02
5.465043336153030396e-02
5.440230667591094971e-02
5.516399443149566650e-02
5.612792074680328369e-02
5.590794980525970459e-02
5.665581300854682922e-02
5.766024813055992126e-02
5.815257877111434937e-02
5.740877985954284668e-02
5.914685875177383423e-02
5.891508981585502625e-02
5.968125164508819580e-02
6.067458540201187134e-02
6.042113155126571655e-02
6.118023023009300232e-02
6.218761950731277466e-02
6.270939111709594727e-02
6.193348765373229980e-02
6.367294490337371826e-02
6.346082687377929688e-02
6.420236080884933472e-02
7.913890480995178223e-02
8.024120330810546875e-02
8.133233338594436646e-02
8.228922635316848755e-02
8.207816630601882935e-02
8.282376825809478760e-02
8.380140364170074463e-02
8.357989788055419922e-02
8.434239029884338379e-02
8.531793206930160522e-02
8.508837968111038208e-02
8.584050089120864868e-02
8.680249750614166260e-02
8.661018311977386475e-02
8.731049299240112305e-02
8.830685168504714966e-02
8.806787431240081787e-02
8.880363404750823975e-02
8.981648087501525879e-02
8.956155180931091309e-02
9.025153517723083496e-02
9.148681163787841797e-02
9.112828969955444336e-02
9.184816479682922363e-02
9.465025365352630615e-02
9.386578947305679321e-02
9.416157007217407227e-02
9.232440590858459473e-02
7.693453133106231689e-02
7.616284489631652832e-02
7.667808979749679565e-02
7.585516571998596191e-02
7.510708272457122803e-02
7.561466097831726074e-02
7.478696852922439575e-02
7.400758564472198486e-02
7.456026226282119751e-02
7.797915488481521606e-02
7.721056044101715088e-02
7.777565717697143555e-02
7.370594888925552368e-02
7.294210791587829590e-02
7.348929345607757568e-02
7.264459878206253052e-02
7.188084721565246582e-02
7.239274680614471436e-02
7.157202064990997314e-02
7.078750431537628174e-02
7.134430110454559326e-02
7.049915194511413574e-02
7.026644051074981689e-02
6.973835825920104980e-02
6.945022940635681152e-02
6.869195401668548584e-02
6.921134889125823975e-02
6.838089972734451294e-02
6.815335899591445923e-02
6.762936711311340332e-02
6.731310486793518066e-02
6.707228720188140869e-02
6.656105816364288330e-02
6.627278029918670654e-02
6.551056355237960815e-02
6.602579355239868164e-02
7.908777892589569092e-02
7.832039892673492432e-02
7.884830236434936523e-02
5.046669766306877136e-02
5.045831203460693359e-02
5.119651556015014648e-02
5.255255103111267090e-02
5.389831960201263428e-02
5.538912862539291382e-02
5.689820647239685059e-02
5.840892344713211060e-02
5.992069840431213379e-02
6.141632050275802612e-02
6.291848421096801758e-02
6.520619988441467285e-02
6.446756422519683838e-02
6.495733559131622314e-02
8.015367388725280762e-02
7.937030494213104248e-02
7.991662621498107910e-02
8.121974766254425049e-02
8.098769932985305786e-02
8.044792711734771729e-02
8.153246343135833740e-02
8.305440098047256470e-02
8.455279469490051270e-02
8.605118095874786377e-02
8.755107223987579346e-02
8.907251060009002686e-02
9.065382182598114014e-02
9.399343281984329224e-02
9.432844817638397217e-02
9.359203279018402100e-02
9.269306063652038574e-02
9.289879351854324341e-02
9.210407733917236328e-02
9.337475895881652832e-02
7.744506001472473145e-02
7.638134062290191650e-02
7.529960572719573975e-02
7.422783225774765015e-02
7.852879166603088379e-02
7.317106425762176514e-02
7.210103422403335571e-02
7.104532420635223389e-02
6.997975707054138184e-02
6.890283524990081787e-02
6.782943010330200195e-02
6.679470837116241455e-02
6.571058928966522217e-02
7.960970699787139893e-02
5.146452039480209351e-02
5.169707909226417542e-02
5.094990879297256470e-02
5.361457914113998413e-02
5.277939885854721069e-02
5.339115485548973083e-02
5.412447452545166016e-02
5.510465055704116821e-02
5.486106872558593750e-02
5.563221499323844910e-02
5.660001188516616821e-02
5.711359530687332153e-02
5.637668073177337646e-02
5.811379104852676392e-02
5.864508450031280518e-02
5.788870528340339661e-02
5.963479354977607727e-02
5.938819050788879395e-02
6.015655398368835449e-02
6.112591177225112915e-02
6.089979410171508789e-02
6.166120991110801697e-02
6.263920664787292480e-02
6.242292374372482300e-02
6.316170096397399902e-02
6.416176259517669678e-02
6.392638385295867920e-02
6.468585133552551270e-02
8.068700879812240601e-02
8.175569772720336914e-02
8.273705095052719116e-02
8.250268548727035522e-02
8.327162265777587891e-02
8.423233032226562500e-02
8.403098583221435547e-02
8.476674556732177734e-02
8.574098348617553711e-02
8.552470058202743530e-02
8.626712858676910400e-02
8.724030852317810059e-02
8.703134208917617798e-02
8.778490126132965088e-02
8.873522281646728516e-02
8.853141218423843384e-02
8.926957845687866211e-02
9.028731286525726318e-02
9.090422093868255615e-02
9.004157036542892456e-02
9.552004933357238770e-02
9.475341439247131348e-02
9.507295489311218262e-02
9.172992408275604248e-02
9.160838276147842407e-02
9.220089018344879150e-02
9.322168678045272827e-02
9.293619543313980103e-02
9.361343085765838623e-02
7.843386381864547729e-02
7.768371701240539551e-02
7.822173833847045898e-02
7.737576216459274292e-02
7.713057845830917358e-02
7.660901546478271484e-02
7.630094140768051147e-02
7.607027888298034668e-02
7.556362450122833252e-02
7.521414011716842651e-02
7.447455823421478271e-02
7.499645650386810303e-02
7.951630651950836182e-02
7.875186204910278320e-02
7.929757237434387207e-02
7.416635006666183472e-02
7.339341938495635986e-02
7.393489778041839600e-02
7.310149818658828735e-02
7.233141362667083740e-02
7.286778092384338379e-02
7.203711569309234619e-02
7.179163396358489990e-02
7.126141339540481567e-02
7.097001373767852783e-02
7.075215876102447510e-02
7.017700374126434326e-02
6.992208212614059448e-02
6.968721747398376465e-02
6.915171444416046143e-02
6.885315477848052979e-02
6.809015572071075439e-02
6.860466301441192627e-02
6.777579337358474731e-02
6.701536476612091064e-02
6.757161021232604980e-02
6.672208011150360107e-02
6.596250832080841064e-02
6.651395559310913086e-02
8.058062195777893066e-02
7.984466850757598877e-02
8.036184310913085938e-02
5.058697983622550964e-02
5.053266510367393494e-02
5.103146657347679138e-02
5.269424617290496826e-02
5.209071561694145203e-02
5.232424288988113403e-02
5.317533388733863831e-02
5.434800684452056885e-02
5.586057901382446289e-02
5.735108256340026855e-02
5.885434895753860474e-02
6.036220118403434753e-02
6.190225481986999512e-02
6.338829547166824341e-02
6.567615270614624023e-02
6.491968035697937012e-02
6.543063372373580933e-02
8.169445395469665527e-02
8.143660426139831543e-02
8.090214431285858154e-02
8.197243511676788330e-02
8.348502963781356812e-02
8.499968796968460083e-02
8.649285882711410522e-02
8.800093829631805420e-02
8.952370285987854004e-02
9.097673743963241577e-02
9.480021893978118896e-02
9.437914192676544189e-02
9.517413377761840820e-02
9.247140586376190186e-02
9.400542825460433960e-02
7.897299528121948242e-02
7.792413979768753052e-02
7.683245837688446045e-02
7.577808946371078491e-02
7.470013201236724854e-02
8.004802465438842773e-02
7.363483309745788574e-02
7.256152480840682983e-02
7.149460911750793457e-02
7.043205201625823975e-02
6.936843693256378174e-02
6.832781434059143066e-02
6.726819276809692383e-02
6.620427966117858887e-02
8.113092929124832153e-02
5.181314051151275635e-02
5.121576413512229919e-02
5.162983387708663940e-02
5.225957185029983521e-02
5.413928627967834473e-02
5.340688303112983704e-02
5.388850346207618713e-02
5.461701378226280212e-02
5.557758361101150513e-02
5.608466640114784241e-02
5.532707273960113525e-02
5.706547200679779053e-02
5.683910846710205078e-02
5.758219212293624878e-02
5.857579037547111511e-02
5.834382027387619019e-02
5.909364670515060425e-02
6.009061634540557861e-02
5.984987318515777588e-02
6.061999127268791199e-02
6.160487979650497437e-02
6.135778874158859253e-02
6.211501359939575195e-02
6.311409175395965576e-02
6.286504864692687988e-02
6.362575292587280273e-02
6.462559103965759277e-02
6.438848376274108887e-02
6.515669822692871094e-02
8.219458162784576416e-02
8.316458016633987427e-02
8.294691145420074463e-02
8.370365202426910400e-02
8.468055725097656250e-02
8.445951342582702637e-02
8.521501719951629639e-02
8.618275821208953857e-02
8.598434925079345703e-02
8.670188486576080322e-02
8.769305795431137085e-02
8.748041093349456787e-02
8.820319175720214844e-02
8.921948075294494629e-02
8.897425979375839233e-02
8.975183218717575073e-02
9.070745855569839478e-02
9.046270698308944702e-02
9.121602028608322144e-02
9.634982049465179443e-02
9.555831551551818848e-02
9.592075645923614502e-02
9.219223260879516602e-02
9.197178483009338379e-02
9.268167614936828613e-02
9.396405518054962158e-02
9.358739852905273438e-02
9.438061714172363281e-02
9.561140835285186768e-02
9.480343014001846313e-02
9.518305212259292603e-02
7.996359467506408691e-02
7.920400798320770264e-02
7.972916215658187866e-02
7.891011238098144531e-02
7.813307642936706543e-02
7.868045568466186523e-02
7.783711701631546021e-02
7.708516716957092285e-02
7.760560512542724609e-02
7.676973193883895874e-02
7.598795741796493530e-02
7.655146718025207520e-02
7.568228244781494141e-02
7.493875920772552490e-02
7.547778636217117310e-02
8.105406165122985840e-02
8.026877045631408691e-02
8.081047981977462769e-02
7.462346553802490234e-02
7.438606023788452148e-02
7.387238740921020508e-02
7.355414330959320068e-02
7.334164530038833618e-02
7.279668748378753662e-02
7.249841094017028809e-02
7.172898948192596436e-02
7.227134704589843750e-02
7.143601775169372559e-02
7.066325843334197998e-02
7.120613753795623779e-02
7.035925239324569702e-02
6.961100548505783081e-02
7.014638185501098633e-02
6.931210309267044067e-02
6.853602826595306396e-02
6.908614933490753174e-02
6.825263798236846924e-02
6.749635189771652222e-02
6.801838427782058716e-02
6.721913069486618042e-02
6.695644557476043701e-02
6.643578410148620605e-02
8.210353553295135498e-02
8.134635537862777710e-02
8.187381923198699951e-02
5.079985037446022034e-02
5.070663616061210632e-02
5.129670351743698120e-02
5.315733700990676880e-02
5.294810980558395386e-02
5.246701091527938843e-02
5.366114526987075806e-02
5.486532300710678101e-02
5.632660910487174988e-02
5.784729495644569397e-02
5.933245271444320679e-02
6.082098931074142456e-02
6.234113872051239014e-02
6.385926902294158936e-02
6.613334268331527710e-02
6.590057909488677979e-02
6.537918746471405029e-02
8.240996301174163818e-02
8.392462134361267090e-02
8.544360101222991943e-02
8.693261444568634033e-02
8.844444155693054199e-02
8.995433151721954346e-02
9.142322838306427002e-02
9.595841914415359497e-02
9.308862686157226562e-02
9.505382180213928223e-02
9.532001614570617676e-02
9.450037777423858643e-02
8.048913627862930298e-02
7.941924035549163818e-02
7.837843149900436401e-02
7.727925479412078857e-02
7.623700052499771118e-02
7.516502588987350464e-02
8.155056834220886230e-02
7.408542186021804810e-02
7.302276045083999634e-02
7.197047024965286255e-02
7.090070843696594238e-02
6.984469294548034668e-02
6.877079606056213379e-02
6.771345436573028564e-02
6.665276736021041870e-02
8.265931904315948486e-02
5.218425020575523376e-02
5.201184377074241638e-02
5.148734152317047119e-02
5.267759412527084351e-02
5.459292232990264893e-02
5.388011410832405090e-02
5.436220392584800720e-02
5.508792400360107422e-02
5.604625493288040161e-02
5.581939965486526489e-02
5.657826364040374756e-02
5.754889175295829773e-02
5.731328949332237244e-02
5.806293338537216187e-02
5.903658270835876465e-02
5.881117656826972961e-02
5.957022309303283691e-02
6.056126207113265991e-02
6.032981723546981812e-02
6.105310469865798950e-02
6.205576658248901367e-02
6.180724501609802246e-02
6.259165704250335693e-02
6.356766074895858765e-02
6.408889591693878174e-02
6.333146989345550537e-02
6.506732106208801270e-02
6.484036147594451904e-02
6.561627238988876343e-02
8.362735807895660400e-02
8.337791264057159424e-02
8.414714038372039795e-02
8.512420952320098877e-02
8.490718901157379150e-02
8.565817773342132568e-02
8.663051575422286987e-02
8.642297983169555664e-02
8.718092739582061768e-02
8.814751356840133667e-02
8.791367709636688232e-02
8.867643773555755615e-02
8.962181210517883301e-02
8.939860761165618896e-02
9.018239378929138184e-02
9.114533662796020508e-02
9.093190729618072510e-02
9.166611731052398682e-02
9.706179797649383545e-02
9.632278978824615479e-02
9.669110178947448730e-02
9.266045689582824707e-02
9.241629391908645630e-02
9.332448989152908325e-02
9.643611311912536621e-02
9.574081003665924072e-02
9.602375328540802002e-02
9.412464499473571777e-02
9.405806660652160645e-02
9.460041671991348267e-02
8.148366212844848633e-02
8.073143661022186279e-02
8.126764744520187378e-02
8.042262494564056396e-02
7.965488731861114502e-02
8.018073439598083496e-02
7.934919744729995728e-02
7.911136746406555176e-02
7.858420908451080322e-02
7.830456644296646118e-02
7.752098888158798218e-02
7.805101573467254639e-02
7.721355557441711426e-02
7.646780461072921753e-02
7.700212299823760986e-02
7.614158093929290771e-02
7.593291997909545898e-02
7.538996636867523193e-02
8.254869282245635986e-02
8.179488778114318848e-02
8.231116086244583130e-02
7.509619742631912231e-02
7.431818544864654541e-02
7.485578954219818115e-02
7.402815669775009155e-02
7.325257360935211182e-02
7.378859817981719971e-02
7.296631485223770142e-02
7.220990955829620361e-02
7.273694872856140137e-02
7.189563661813735962e-02
7.112934440374374390e-02
7.165700942277908325e-02
7.083298265933990479e-02
7.007081806659698486e-02
7.060164958238601685e-02
6.977526843547821045e-02
6.953030079603195190e-02
6.900109350681304932e-02
6.869995594024658203e-02
6.848900765180587769e-02
6.794827431440353394e-02
6.764140725135803223e-02
6.687912344932556152e-02
6.742468476295471191e-02
8.285510540008544922e-02
5.112123861908912659e-02
5.094929784536361694e-02
5.163688957691192627e-02
5.356162786483764648e-02
5.287038534879684448e-02
5.335311964154243469e-02
5.407448112964630127e-02
5.532517656683921814e-02
5.680214986205101013e-02
5.828335136175155640e-02
5.978418141603469849e-02
6.130592525005340576e-02
6.282044947147369385e-02
6.432659178972244263e-02
6.659071147441864014e-02
6.583312153816223145e-02
6.635817885398864746e-02
8.436369895935058594e-02
8.588354289531707764e-02
8.737863600254058838e-02
8.890275657176971436e-02
9.040069580078125000e-02
9.188835322856903076e-02
9.674420952796936035e-02
9.341110289096832275e-02
9.561599045991897583e-02
9.531669318675994873e-02
9.600585699081420898e-02
9.485779702663421631e-02
8.094599843025207520e-02
8.202164620161056519e-02
7.988826930522918701e-02
7.881904393434524536e-02
7.775824517011642456e-02
7.667770236730575562e-02
7.562071830034255981e-02
8.309708535671234131e-02
7.455500215291976929e-02
7.350279390811920166e-02
7.242628186941146851e-02
7.137576490640640259e-02
7.030026614665985107e-02
6.922343373298645020e-02
6.818570941686630249e-02
6.712277233600616455e-02
5.254268646240234375e-02
5.182143300771713257e-02
5.236424505710601807e-02
5.305161327123641968e-02
5.502094328403472900e-02
5.429013445973396301e-02
5.480354651808738708e-02
5.553578212857246399e-02
5.649872124195098877e-02
5.628196150064468384e-02
5.701766908168792725e-02
5.799423903226852417e-02
5.776964128017425537e-02
5.851260572671890259e-02
5.950210988521575928e-02
5.927302315831184387e-02
6.002271920442581177e-02
6.101603060960769653e-02
6.153202801942825317e-02
6.077134609222412109e-02
6.253927946090698242e-02
6.227792054414749146e-02
6.304515898227691650e-02
6.402343511581420898e-02
6.454632431268692017e-02
6.379735469818115234e-02
6.553234159946441650e-02
6.530099362134933472e-02
6.605471670627593994e-02
8.406480401754379272e-02
8.461167663335800171e-02
8.383428305387496948e-02
8.558199554681777954e-02
8.611596375703811646e-02
8.535821735858917236e-02
8.711140602827072144e-02
8.686242252588272095e-02
8.762183785438537598e-02
8.858453482389450073e-02
8.836051821708679199e-02
8.913564682006835938e-02
9.011720120906829834e-02
9.063129872083663940e-02
8.986435085535049438e-02
9.158705174922943115e-02
9.137983620166778564e-02
9.211935102939605713e-02
9.772757440805435181e-02
9.707942605018615723e-02
9.738990664482116699e-02
9.311239421367645264e-02
9.286779165267944336e-02
9.360043704509735107e-02
9.694273024797439575e-02
9.629049897193908691e-02
9.669272601604461670e-02
9.457950294017791748e-02
9.435309469699859619e-02
9.509273618459701538e-02
8.193207532167434692e-02
8.119331300258636475e-02
8.171443641185760498e-02
8.300445973873138428e-02
8.278296887874603271e-02
8.223675191402435303e-02
8.088085800409317017e-02
8.012185990810394287e-02
8.064889907836914062e-02
7.980713248252868652e-02
7.903144508600234985e-02
7.958815991878509521e-02
7.873988896608352661e-02
7.851894944906234741e-02
7.800301909446716309e-02
7.768596708774566650e-02
7.744619250297546387e-02
7.691588997840881348e-02
7.661350071430206299e-02
7.639648020267486572e-02
7.587584853172302246e-02
8.332155644893646240e-02
7.555453479290008545e-02
7.478266954421997070e-02
7.534371316432952881e-02
7.448959350585937500e-02
7.371786981821060181e-02
7.424093782901763916e-02
7.342782616615295410e-02
7.265765219926834106e-02
7.319435477256774902e-02
7.236541062593460083e-02
7.212997972965240479e-02
7.159456610679626465e-02
7.127761840820312500e-02
7.106126844882965088e-02
7.054179906845092773e-02
7.021822780370712280e-02
6.948757171630859375e-02
6.998387724161148071e-02
6.915423274040222168e-02
6.840779632329940796e-02
6.893300265073776245e-02
6.808926165103912354e-02
6.735270470380783081e-02
6.787949800491333008e-02
5.150328576564788818e-02
5.130907520651817322e-02
5.201074853539466858e-02
5.399957671761512756e-02
5.328097939491271973e-02
5.376403778791427612e-02
5.452033877372741699e-02
5.576212331652641296e-02
5.725350603461265564e-02
5.874889343976974487e-02
6.026398390531539917e-02
6.175600364804267883e-02
6.326219439506530762e-02
6.477981060743331909e-02
6.706789135932922363e-02
6.683111190795898438e-02
6.629151105880737305e-02
8.481460809707641602e-02
8.634586632251739502e-02
8.783264458179473877e-02
8.934472501277923584e-02
9.086453169584274292e-02
9.235879778861999512e-02
9.736107289791107178e-02
9.382802248001098633e-02
9.600852429866790771e-02
9.581422805786132812e-02
9.650221467018127441e-02
9.528052061796188354e-02
8.142042160034179688e-02
8.248312026262283325e-02
8.352561295032501221e-02
8.037670701742172241e-02
7.926736772060394287e-02
7.820390164852142334e-02
7.715070247650146484e-02
7.608997821807861328e-02
7.501576840877532959e-02
7.395779341459274292e-02
7.288011908531188965e-02
7.182597368955612183e-02
7.076223194599151611e-02
6.967542320489883423e-02
6.865084916353225708e-02
6.757041811943054199e-02
5.297757685184478760e-02
5.224809795618057251e-02
5.275446176528930664e-02
5.349023640155792236e-02
5.546880513429641724e-02
5.474882945418357849e-02
5.524598062038421631e-02
5.599594861268997192e-02
5.697075650095939636e-02
5.672925710678100586e-02
5.750959739089012146e-02
5.846697837114334106e-02
5.898929759860038757e-02
5.821333825588226318e-02
5.997183173894882202e-02
6.050051748752593994e-02
5.973664298653602600e-02
6.146200001239776611e-02
6.200344488024711609e-02
6.124112755060195923e-02
6.295847147703170776e-02
6.349196285009384155e-02
6.273484975099563599e-02
6.447211652994155884e-02
6.500811874866485596e-02
6.426299363374710083e-02
6.597307324409484863e-02
6.652186065912246704e-02
6.576807796955108643e-02
8.452063053846359253e-02
8.428590744733810425e-02
8.505188673734664917e-02
8.602848649024963379e-02
8.656314015388488770e-02
8.582124859094619751e-02
8.755062520503997803e-02
8.732798695564270020e-02
8.806343376636505127e-02
8.906456828117370605e-02
8.883385360240936279e-02
8.958142995834350586e-02
9.054458141326904297e-02
9.033615142107009888e-02
9.109318256378173828e-02
9.206169843673706055e-02
9.183837473392486572e-02
9.255813062191009521e-02
9.830830991268157959e-02
9.764049947261810303e-02
9.801180660724639893e-02
9.355237334966659546e-02
9.330821782350540161e-02
9.405933320522308350e-02
9.739709645509719849e-02
9.670315682888031006e-02
9.718603640794754028e-02
9.504407644271850586e-02
9.481607377529144287e-02
9.552434831857681274e-02
8.238552510738372803e-02
8.164010196924209595e-02
8.215398341417312622e-02
8.347398042678833008e-02
8.270202577114105225e-02
8.321996033191680908e-02
8.377346396446228027e-02
8.134564757347106934e-02
8.058118075132369995e-02
8.110854774713516235e-02
8.026920258998870850e-02
8.005799353122711182e-02
7.949922978878021240e-02
7.921288907527923584e-02
7.844606786966323853e-02
7.898099720478057861e-02
7.814966142177581787e-02
7.738400250673294067e-02
7.792308926582336426e-02
7.708536088466644287e-02
7.630796730518341064e-02
7.683752477169036865e-02
7.599569857120513916e-02
7.524459064006805420e-02
7.577392458915710449e-02
7.495035231113433838e-02
7.471375912427902222e-02
7.420265674591064453e-02
7.389794290065765381e-02
7.364957034587860107e-02
7.310480624437332153e-02
7.281549274921417236e-02
7.204975187778472900e-02
7.258817553520202637e-02
7.175313681364059448e-02
7.152558118104934692e-02
7.098479568958282471e-02
7.067093253135681152e-02
6.992886215448379517e-02
7.046911120414733887e-02
6.963112950325012207e-02
6.887476891279220581e-02
6.942102313041687012e-02
6.856399774551391602e-02
6.833603978157043457e-02
6.780256330966949463e-02
5.197852849960327148e-02
5.172420293092727661e-02
5.247937142848968506e-02
5.443236604332923889e-02
5.370084941387176514e-02
5.420484021306037903e-02
5.497952550649642944e-02
5.621563643217086792e-02
5.771894752979278564e-02
5.921676009893417358e-02
6.071858853101730347e-02
6.222406402230262756e-02
6.372871994972229004e-02
6.523374468088150024e-02
6.750163435935974121e-02
6.728360056877136230e-02
6.674700230360031128e-02
8.526256680488586426e-02
8.680017292499542236e-02
8.831752091646194458e-02
8.981750905513763428e-02
9.132921695709228516e-02
9.281122684478759766e-02
9.784899652004241943e-02
9.430378675460815430e-02
9.644843637943267822e-02
9.690540283918380737e-02
9.622795879840850830e-02
9.574681520462036133e-02
8.187972009181976318e-02
8.293497562408447266e-02
8.400072157382965088e-02
8.081857860088348389e-02
7.975257933139801025e-02
7.867870479822158813e-02
7.760648429393768311e-02
7.654549181461334229e-02
7.546541094779968262e-02
7.442188262939453125e-02
7.334035634994506836e-02
7.227997481822967529e-02
7.120776176452636719e-02
7.016023248434066772e-02
6.909612566232681274e-02
6.803116947412490845e-02
5.345679074525833130e-02
5.321502685546875000e-02
5.272993072867393494e-02
5.394502729177474976e-02
5.592921003699302673e-02
5.569948628544807434e-02
5.517978593707084656e-02
5.645325779914855957e-02
5.744026601314544678e-02
5.793733894824981689e-02
5.719263479113578796e-02
5.891472101211547852e-02
5.869785323739051819e-02
5.943976342678070068e-02
6.041157245635986328e-02
6.094450503587722778e-02
6.018871814012527466e-02
6.192015856504440308e-02
6.169932335615158081e-02
6.245076656341552734e-02
6.341458857059478760e-02
6.318797916173934937e-02
6.395269930362701416e-02
6.493327766656875610e-02
6.469795852899551392e-02
6.545603275299072266e-02
6.645666062831878662e-02
6.620585173368453979e-02
6.696687638759613037e-02
8.498360216617584229e-02
8.551256358623504639e-02
8.476112782955169678e-02
8.649668842554092407e-02
8.628453314304351807e-02
8.701387047767639160e-02
8.801937848329544067e-02
8.776664733886718750e-02
8.852452039718627930e-02
8.951751142740249634e-02
8.927960693836212158e-02
9.005667269229888916e-02
9.100642800331115723e-02
9.078779816627502441e-02
9.152048826217651367e-02
9.251624345779418945e-02
9.304767102003097534e-02
9.228073060512542725e-02
9.875421226024627686e-02
9.809696674346923828e-02
9.853265434503555298e-02
9.403152763843536377e-02
9.452788531780242920e-02
9.379237890243530273e-02
9.783457964658737183e-02
9.712709486484527588e-02
9.760376811027526855e-02
9.549401700496673584e-02
9.525855630636215210e-02
9.597675502300262451e-02
8.285801112651824951e-02
8.209247887134552002e-02
8.263103663921356201e-02
8.391235768795013428e-02
8.314705640077590942e-02
8.369808644056320190e-02
8.422634005546569824e-02
8.177478611469268799e-02
8.104945719242095947e-02
8.157196640968322754e-02
8.072641491889953613e-02
7.996578514575958252e-02
8.051849901676177979e-02
7.967562228441238403e-02
7.891356945037841797e-02
7.944078743457794189e-02
7.860106229782104492e-02
7.782919704914093018e-02
7.836127281188964844e-02
7.755352556705474854e-02
7.677495479583740234e-02
7.732056826353073120e-02
7.647979259490966797e-02
7.623367011547088623e-02
7.570479810237884521e-02
7.540039718151092529e-02
7.464648783206939697e-02
7.518266141414642334e-02
7.432968914508819580e-02
7.358555495738983154e-02
7.411713898181915283e-02
7.327292859554290771e-02
7.250741124153137207e-02
7.304542511701583862e-02
7.220451533794403076e-02
7.145719230175018311e-02
7.197637110948562622e-02
7.114621996879577637e-02
7.091192156076431274e-02
7.038293778896331787e-02
7.008399069309234619e-02
6.983295828104019165e-02
6.933891773223876953e-02
6.899334490299224854e-02
6.824196130037307739e-02
6.879754364490509033e-02
5.255153030157089233e-02
5.226895213127136230e-02
5.299767479300498962e-02
5.492001026868820190e-02
5.469321459531784058e-02
5.419302359223365784e-02
5.543414503335952759e-02
5.669316649436950684e-02
5.819818377494812012e-02
5.965734273195266724e-02
6.115731596946716309e-02
6.267318129539489746e-02
6.415661424398422241e-02
6.568155437707901001e-02
6.795081496238708496e-02
6.718585640192031860e-02
6.772045046091079712e-02
8.575809746980667114e-02
8.726491034030914307e-02
8.876531571149826050e-02
9.024840593338012695e-02
9.176826477050781250e-02
9.328953921794891357e-02
9.830211102962493896e-02
9.474878758192062378e-02
9.685514867305755615e-02
9.665192663669586182e-02
9.734131395816802979e-02
9.618864208459854126e-02
8.234790712594985962e-02
8.337773382663726807e-02
8.446060866117477417e-02
8.129097521305084229e-02
8.019112050533294678e-02
7.913793623447418213e-02
7.808092981576919556e-02
7.701502740383148193e-02
7.594650983810424805e-02
7.487580925226211548e-02
7.381677627563476562e-02
7.273799180984497070e-02
7.167556881904602051e-02
7.060369104146957397e-02
6.954289972782135010e-02
6.849022209644317627e-02
5.402414500713348389e-02
5.372758209705352783e-02
5.327815935015678406e-02
5.448363348841667175e-02
5.640091374516487122e-02
5.566754937171936035e-02
5.616447329521179199e-02
5.691014230251312256e-02
5.787786841392517090e-02
5.765455961227416992e-02
5.840550363063812256e-02
5.937621742486953735e-02
5.914152413606643677e-02
5.989110469818115234e-02
6.087535992264747620e-02
6.065320223569869995e-02
6.139930337667465210e-02
6.235835701227188110e-02
6.213649362325668335e-02
6.287775933742523193e-02
6.387338042259216309e-02
6.364925205707550049e-02
6.440806388854980469e-02
6.537710130214691162e-02
6.514701247215270996e-02
6.590905785560607910e-02
6.689458340406417847e-02
6.665693968534469604e-02
6.741555035114288330e-02
8.543126285076141357e-02
8.595394343137741089e-02
8.519854396581649780e-02
8.695815503597259521e-02
8.673354238271713257e-02
8.748199790716171265e-02
8.847128599882125854e-02
8.823106437921524048e-02
8.899953216314315796e-02
8.997887372970581055e-02
8.975462615489959717e-02
9.049418568611145020e-02
9.148479253053665161e-02
9.125287085771560669e-02
9.201378375291824341e-02
9.298236668109893799e-02
9.276761114597320557e-02
9.351269900798797607e-02
9.916393458843231201e-02
9.850120544433593750e-02
9.896448254585266113e-02
9.447022527456283569e-02
9.425374120473861694e-02
9.498201310634613037e-02
9.817495942115783691e-02
9.797273576259613037e-02
9.753069281578063965e-02
9.595550596714019775e-02
9.572411328554153442e-02
9.640147536993026733e-02
8.331348001956939697e-02
8.255945146083831787e-02
8.307959139347076416e-02
8.437718451023101807e-02
8.414941281080245972e-02
8.361463248729705811e-02
8.466897904872894287e-02
8.226973563432693481e-02
8.149416744709014893e-02
8.201780915260314941e-02
8.120097965002059937e-02
8.044213056564331055e-02
8.096323162317276001e-02
8.015122264623641968e-02
7.935746014118194580e-02
7.990229129791259766e-02
7.908135652542114258e-02
7.831044495105743408e-02
7.883978635072708130e-02
7.800453901290893555e-02
7.776447385549545288e-02
7.722923904657363892e-02
7.693020999431610107e-02
7.670603692531585693e-02
7.618383318185806274e-02
7.587262243032455444e-02
7.564023137092590332e-02
7.511209696531295776e-02
7.479401677846908569e-02
7.402419298887252808e-02
7.455793768167495728e-02
7.374591380357742310e-02
7.296282052993774414e-02
7.349738478660583496e-02
7.266286015510559082e-02
7.244261354207992554e-02
7.191414386034011841e-02
7.159246504306793213e-02
7.136702537536621094e-02
7.084109634160995483e-02
7.053205370903015137e-02
6.976333260536193848e-02
7.031944394111633301e-02
6.946960091590881348e-02
6.870603561401367188e-02
6.924411654472351074e-02
5.318187922239303589e-02
5.288031697273254395e-02
5.362033098936080933e-02
5.544719099998474121e-02
5.517661571502685547e-02
5.474831908941268921e-02
5.592571198940277100e-02
5.714136362075805664e-02
5.861932039260864258e-02
6.012015789747238159e-02
6.161318719387054443e-02
6.312778592109680176e-02
6.462990492582321167e-02
6.612384319305419922e-02
6.840779632329940796e-02
6.763163208961486816e-02
6.816311925649642944e-02
8.621250092983245850e-02
8.771864324808120728e-02
8.921784162521362305e-02
9.072973579168319702e-02
9.224124252796173096e-02
9.374980628490447998e-02
9.868265688419342041e-02
9.517935663461685181e-02
9.720218181610107422e-02
9.770592302083969116e-02
9.703152626752853394e-02
9.661024063825607300e-02
8.277688920497894287e-02
8.385200798511505127e-02
8.490600436925888062e-02
8.172935992479324341e-02
8.066019415855407715e-02
7.960841059684753418e-02
7.854068279266357422e-02
7.748453319072723389e-02
7.640549540519714355e-02
7.532296329736709595e-02
7.426509261131286621e-02
7.320627570152282715e-02
7.213463634252548218e-02
7.107271254062652588e-02
6.999768316745758057e-02
6.893428415060043335e-02
5.463961511850357056e-02
5.392215400934219360e-02
5.434096604585647583e-02
5.505133420228958130e-02
5.687233805656433105e-02
5.614637956023216248e-02
5.663541704416275024e-02
5.736957490444183350e-02
5.833097547292709351e-02
5.810800939798355103e-02
5.885054171085357666e-02
5.981659144163131714e-02
5.960886180400848389e-02
6.034937500953674316e-02
6.131817400455474854e-02
6.108336895704269409e-02
6.183678284287452698e-02
6.282115727663040161e-02
6.260532885789871216e-02
6.334071606397628784e-02
6.432729959487915039e-02
6.407925486564636230e-02
6.482383608818054199e-02
6.583032757043838501e-02
6.561446189880371094e-02
6.636254489421844482e-02
6.732805073261260986e-02
6.786660104990005493e-02
6.709884107112884521e-02
8.589236438274383545e-02
8.566578477621078491e-02
8.643086999654769897e-02
8.742313086986541748e-02
8.793236315250396729e-02
8.720088005065917969e-02
8.893086016178131104e-02
8.944717794656753540e-02
8.869813382625579834e-02
9.043288230895996094e-02
9.020472317934036255e-02
9.096297621726989746e-02
9.192825108766555786e-02
9.173302352428436279e-02
9.245988726615905762e-02
9.346169978380203247e-02
9.320952743291854858e-02
9.396761655807495117e-02
9.945410490036010742e-02
9.882568567991256714e-02
9.930849075317382812e-02
9.493744373321533203e-02
9.470474720001220703e-02
9.543414413928985596e-02
9.839595109224319458e-02
9.782562404870986938e-02
9.827964752912521362e-02
9.635764360427856445e-02
9.612807631492614746e-02
9.677509963512420654e-02
8.378212153911590576e-02
8.301918208599090576e-02
8.355432748794555664e-02
8.484899997711181641e-02
8.408036828041076660e-02
8.461300283670425415e-02
8.514497429132461548e-02
8.272680640220642090e-02
8.194789290428161621e-02
8.248542249202728271e-02
8.166737109422683716e-02
8.090525865554809570e-02
8.144071698188781738e-02
8.058802783489227295e-02
7.982154190540313721e-02
8.034238219261169434e-02
7.952618598937988281e-02
7.930641621351242065e-02
7.876802235841751099e-02
7.847351580858230591e-02
7.771318405866622925e-02
7.822395861148834229e-02
7.738406956195831299e-02
7.716670632362365723e-02
7.664340734481811523e-02
7.632217556238174438e-02
7.610604166984558105e-02
7.557024061679840088e-02
7.526453584432601929e-02
7.503297924995422363e-02
7.449413836002349854e-02
7.418075948953628540e-02
7.395341992378234863e-02
7.342103123664855957e-02
7.312683761119842529e-02
7.236170768737792969e-02
7.289722561836242676e-02
7.204785943031311035e-02
7.181384414434432983e-02
7.130965590476989746e-02
7.097738981246948242e-02
7.021614909172058105e-02
7.075878977775573730e-02
6.991744041442871094e-02
6.916329264640808105e-02
6.968638300895690918e-02
5.391610413789749146e-02
5.356153473258018494e-02
5.429082736372947693e-02
5.586430057883262634e-02
5.565676093101501465e-02
5.526745319366455078e-02
5.635707080364227295e-02
5.759298056364059448e-02
5.907018855214118958e-02
6.057656556367874146e-02
6.208009645342826843e-02
6.357102841138839722e-02
6.507226824760437012e-02
6.658558547496795654e-02
6.884016841650009155e-02
6.861222535371780396e-02
6.806520372629165649e-02
8.666282892227172852e-02
8.818425983190536499e-02
8.967387676239013672e-02
9.120045602321624756e-02
9.270712733268737793e-02
9.419768303632736206e-02
9.895209223031997681e-02
9.563853591680526733e-02
9.753929078578948975e-02
9.796727448701858521e-02
9.736298024654388428e-02
9.695862233638763428e-02
8.325431495904922485e-02
8.430269360542297363e-02
8.535159379243850708e-02
8.218549937009811401e-02
8.113468438386917114e-02
8.007517457008361816e-02
7.900096476078033447e-02
7.792765647172927856e-02
7.686597853899002075e-02
7.578662037849426270e-02
7.474048435688018799e-02
7.366298139095306396e-02
7.258133590221405029e-02
7.151103764772415161e-02
7.044263184070587158e-02
6.937530636787414551e-02
5.536476522684097290e-02
5.499784648418426514e-02
5.464222282171249390e-02
5.561464279890060425e-02
5.700561404228210449e-02
5.645376443862915039e-02
5.695229023694992065e-02
5.768230184912681580e-02
5.874210596084594727e-02
5.926848575472831726e-02
5.853463709354400635e-02
6.026916950941085815e-02
6.079270318150520325e-02
6.004680693149566650e-02
6.175587326288223267e-02
6.228324398398399353e-02
6.153873726725578308e-02
6.326527893543243408e-02
6.379900872707366943e-02
6.303190439939498901e-02
6.477421522140502930e-02
6.529267132282257080e-02
6.452814489603042603e-02
6.625323742628097534e-02
6.680055707693099976e-02
6.603541970252990723e-02
6.775925308465957642e-02
6.756336241960525513e-02
6.830915808677673340e-02
8.635525405406951904e-02
8.612056076526641846e-02
8.689031004905700684e-02
8.786719292402267456e-02
8.764673769474029541e-02
8.841598033905029297e-02
8.939380943775177002e-02
8.915977925062179565e-02
8.988280594348907471e-02
9.089373052120208740e-02
9.067104756832122803e-02
9.143941104412078857e-02
9.243020415306091309e-02
9.290458261966705322e-02
9.219428896903991699e-02
9.389653056859970093e-02
9.443375468254089355e-02
9.367289394140243530e-02
9.967979788780212402e-02
9.902401268482208252e-02
9.956212341785430908e-02
9.541277587413787842e-02
9.519349783658981323e-02
9.588842093944549561e-02
9.851506352424621582e-02
9.801720082759857178e-02
9.845760464668273926e-02
9.708940982818603516e-02
9.672571718692779541e-02
9.731841087341308594e-02
8.423872292041778564e-02
8.400721848011016846e-02
8.348391950130462646e-02
8.530826866626739502e-02
8.454285562038421631e-02
8.507993817329406738e-02
8.559323102235794067e-02
8.319070935249328613e-02
8.294934034347534180e-02
8.242897689342498779e-02
8.211605250835418701e-02
8.188785612583160400e-02
8.134914934635162354e-02
8.107948303222656250e-02
8.082981407642364502e-02
8.029383420944213867e-02
8.000174164772033691e-02
7.975734770298004150e-02
7.922382652759552002e-02
7.893398404121398926e-02
7.816307246685028076e-02
7.869265973567962646e-02
7.786495238542556763e-02
7.708249986171722412e-02
7.761744409799575806e-02
7.677138596773147583e-02
7.601127028465270996e-02
7.656385004520416260e-02
7.571883499622344971e-02
7.496459782123565674e-02
7.547917217016220093e-02
7.462251186370849609e-02
7.440634071826934814e-02
7.387292385101318359e-02
7.356704771518707275e-02
7.282167673110961914e-02
7.335788011550903320e-02
7.251182198524475098e-02
7.174453884363174438e-02
7.228617370128631592e-02
7.141642272472381592e-02
7.066649198532104492e-02
7.121434062719345093e-02
7.035873085260391235e-02
7.014263421297073364e-02
6.960276514291763306e-02
5.473551899194717407e-02
5.432570725679397583e-02
5.503370240330696106e-02
5.618063732981681824e-02
5.787031352519989014e-02
5.951132252812385559e-02
6.102006137371063232e-02
6.251429021358489990e-02
6.401340663433074951e-02
6.551517546176910400e-02
6.701768189668655396e-02
6.927336752414703369e-02
6.907328963279724121e-02
6.853178143501281738e-02
8.711232990026473999e-02
8.864319324493408203e-02
9.013718366622924805e-02
9.166596829891204834e-02
9.315025806427001953e-02
9.466771781444549561e-02
9.911560267210006714e-02
9.623352438211441040e-02
9.780551493167877197e-02
8.372788131237030029e-02
8.478467166423797607e-02
8.581654727458953857e-02
8.265324681997299194e-02
8.158826828002929688e-02
8.051684498786926270e-02
7.947574555873870850e-02
7.840093225240707397e-02
7.732325792312622070e-02
7.624752819538116455e-02
7.518229633569717407e-02
7.412236928939819336e-02
7.303838431835174561e-02
7.195825129747390747e-02
7.089342921972274780e-02
6.981492787599563599e-02
5.625855550169944763e-02
5.549469590187072754e-02
5.580505728721618652e-02
5.663970112800598145e-02
5.778073519468307495e-02
5.825443938374519348e-02
5.739238113164901733e-02
5.924595892429351807e-02
5.975271761417388916e-02
5.898168683052062988e-02
6.070972979068756104e-02
6.123883277177810669e-02
6.049028038978576660e-02
6.222482025623321533e-02
6.272970139980316162e-02
6.196548417210578918e-02
6.368239223957061768e-02
6.422594189643859863e-02
6.346969306468963623e-02
6.519071757793426514e-02
6.572273373603820801e-02
6.499458849430084229e-02
6.669987738132476807e-02
6.723072379827499390e-02
6.648971140384674072e-02
6.821176409721374512e-02
6.798190623521804810e-02
6.873378157615661621e-02
8.681171387434005737e-02
8.659994602203369141e-02
8.736485242843627930e-02
8.831819146871566772e-02
8.812238276004791260e-02
8.887493610382080078e-02
8.987287431955337524e-02
8.961893618106842041e-02
9.037576615810394287e-02
9.138040989637374878e-02
9.189072251319885254e-02
9.114213287830352783e-02
9.289777278900146484e-02
9.265267848968505859e-02
9.340662509202957153e-02
9.439780563116073608e-02
9.488472342491149902e-02
9.413410723209381104e-02
9.979480504989624023e-02
9.915950149297714233e-02
9.971550852060317993e-02
9.587661921977996826e-02
9.563888609409332275e-02
9.647756814956665039e-02
9.852191060781478882e-02
9.781122952699661255e-02
9.852912276983261108e-02
8.471117913722991943e-02
8.393751084804534912e-02
8.447068929672241211e-02
8.576998859643936157e-02
8.552198857069015503e-02
8.501742780208587646e-02
8.607184886932373047e-02
8.364705741405487061e-02
8.341382443904876709e-02
8.287113904953002930e-02
8.259387314319610596e-02
8.236023783683776855e-02
8.182530850172042847e-02
8.151808381080627441e-02
8.076600730419158936e-02
8.128886669874191284e-02
8.044385910034179688e-02
8.022588491439819336e-02
7.968981564044952393e-02
7.937367260456085205e-02
7.862046360969543457e-02
7.913741469383239746e-02
7.833214849233627319e-02
7.754016667604446411e-02
7.808395475149154663e-02
7.723153382539749146e-02
7.646973431110382080e-02
7.702536880970001221e-02
7.617408782243728638e-02
7.539560645818710327e-02
7.593356072902679443e-02
7.508611679077148438e-02
7.431604713201522827e-02
7.487048208713531494e-02
7.403634488582611084e-02
7.327616959810256958e-02
7.379208505153656006e-02
7.294510304927825928e-02
7.217907905578613281e-02
7.272747159004211426e-02
7.187005877494812012e-02
7.111983001232147217e-02
7.161916792392730713e-02
7.079146057367324829e-02
7.003459334373474121e-02
7.056419551372528076e-02
5.560451000928878784e-02
5.518766865134239197e-02
5.594060197472572327e-02
5.702314525842666626e-02
5.849815160036087036e-02
5.997740477323532104e-02
6.145717576146125793e-02
6.295200437307357788e-02
6.444661319255828857e-02
6.593282520771026611e-02
6.746477633714675903e-02
6.972932070493698120e-02
6.894204020500183105e-02
6.949572265148162842e-02
8.757381141185760498e-02
8.910174667835235596e-02
9.060432761907577515e-02
9.212151169776916504e-02
9.363237023353576660e-02
9.512274712324142456e-02
9.914714097976684570e-02
9.730587899684906006e-02
9.719898551702499390e-02
9.657192230224609375e-02
9.789794683456420898e-02
8.524771034717559814e-02
8.418335765600204468e-02
8.628328144550323486e-02
8.311510086059570312e-02
8.204423636198043823e-02
8.100482821464538574e-02
7.993689179420471191e-02
7.885177433490753174e-02
7.778012752532958984e-02
7.671590149402618408e-02
7.563939690589904785e-02
7.456619292497634888e-02
7.350086420774459839e-02
7.240374386310577393e-02
7.131785154342651367e-02
7.024597376585006714e-02
5.709764733910560608e-02
5.636678263545036316e-02
5.668633058667182922e-02
5.744216591119766235e-02
5.832735076546669006e-02
5.877958983182907104e-02
5.805164575576782227e-02
5.950149148702621460e-02
6.010891124606132507e-02
5.936083197593688965e-02
6.114076822996139526e-02
6.092996895313262939e-02
6.167197227478027344e-02
6.264284253120422363e-02
6.241500377655029297e-02
6.316955387592315674e-02
6.413625180721282959e-02
6.391589343547821045e-02
6.467782706022262573e-02
6.563621014356613159e-02
6.540855765342712402e-02
6.616328656673431396e-02
6.714992225170135498e-02
6.767228990793228149e-02
6.691864877939224243e-02
6.863133609294891357e-02
6.842280924320220947e-02
6.918907165527343750e-02
8.729038387537002563e-02
8.704880625009536743e-02
8.781633526086807251e-02
8.879674226045608521e-02
8.857290446758270264e-02
8.931986242532730103e-02
9.033340960741043091e-02
9.008340537548065186e-02
9.083651006221771240e-02
9.183682501316070557e-02
9.159079939126968384e-02
9.234498441219329834e-02
9.334436058998107910e-02
9.387430548667907715e-02
9.308803826570510864e-02
9.484365582466125488e-02
9.535595774650573730e-02
9.460201114416122437e-02
9.981153160333633423e-02
9.917268902063369751e-02
9.981651604175567627e-02
9.629290550947189331e-02
9.607359021902084351e-02
9.678132832050323486e-02
9.854526817798614502e-02
9.793968498706817627e-02
9.853534400463104248e-02
8.620962500572204590e-02
8.547904342412948608e-02
8.600735664367675781e-02
8.516982942819595337e-02
8.439867198467254639e-02
8.494995534420013428e-02
8.653581142425537109e-02
8.411349356174468994e-02
8.335498720407485962e-02
8.388122916221618652e-02
8.303865790367126465e-02
8.230131119489669800e-02
8.281098306179046631e-02
8.197130262851715088e-02
8.175754547119140625e-02
8.121503144502639771e-02
8.089545369148254395e-02
8.067671209573745728e-02
8.013577759265899658e-02
7.985747605562210083e-02
7.907949388027191162e-02
7.962477207183837891e-02
7.876793295145034790e-02
7.801095396280288696e-02
7.855252921581268311e-02
7.770572602748870850e-02
7.692081481218338013e-02
7.747182250022888184e-02
7.660849392414093018e-02
7.585640996694564819e-02
7.640118151903152466e-02
7.554318010807037354e-02
7.479201257228851318e-02
7.529977709054946899e-02
7.445201277732849121e-02
7.368346303701400757e-02
7.425405085086822510e-02
7.336911559104919434e-02
7.317057251930236816e-02
7.261850684881210327e-02
7.230315357446670532e-02
7.209077477455139160e-02
7.153346389532089233e-02
7.123120129108428955e-02
7.100867480039596558e-02
7.047063857316970825e-02
5.656630918383598328e-02
5.609168112277984619e-02
5.683118104934692383e-02
5.772830545902252197e-02
5.892946571111679077e-02
6.032282859086990356e-02
6.187439709901809692e-02
6.340080499649047852e-02
6.488689780235290527e-02
6.637004762887954712e-02
6.787763535976409912e-02
7.014191150665283203e-02
6.994315236806869507e-02
6.939255446195602417e-02
8.802170306444168091e-02
8.956170082092285156e-02
9.107698500156402588e-02
9.260234236717224121e-02
9.409517049789428711e-02
9.554702043533325195e-02
9.919634461402893066e-02
9.751257300376892090e-02
9.742261469364166260e-02
9.688551723957061768e-02
9.804005175828933716e-02
8.676557987928390503e-02
8.571302145719528198e-02
8.463422209024429321e-02
8.357828855514526367e-02
8.249497413635253906e-02
8.145630359649658203e-02
8.037571609020233154e-02
7.930278778076171875e-02
7.822418212890625000e-02
7.715857028961181641e-02
7.611429691314697266e-02
7.501659542322158813e-02
7.392124831676483154e-02
7.284212857484817505e-02
7.176809757947921753e-02
7.068423926830291748e-02
5.800852552056312561e-02
5.754797905683517456e-02
5.727776139974594116e-02
5.815462768077850342e-02
5.876574665307998657e-02
6.016758829355239868e-02
6.064403057098388672e-02
5.985189974308013916e-02
6.142169609665870667e-02
6.128198653459548950e-02
6.204519420862197876e-02
6.307306885719299316e-02
6.285010278224945068e-02
6.360314041376113892e-02
6.454429775476455688e-02
6.435655802488327026e-02
6.511117517948150635e-02
6.605666875839233398e-02
6.659854948520660400e-02
6.583343446254730225e-02
6.753881275653839111e-02
6.810561567544937134e-02
6.735277175903320312e-02
6.907078623771667480e-02
6.882302463054656982e-02
6.958970427513122559e-02
8.774413168430328369e-02
8.827940374612808228e-02
8.752806484699249268e-02
8.926130086183547974e-02
8.979316800832748413e-02
8.903662860393524170e-02
9.079279750585556030e-02
9.055209904909133911e-02
9.131196886301040649e-02
9.228353947401046753e-02
9.206977486610412598e-02
9.281624853610992432e-02
9.379932284355163574e-02
9.356826543807983398e-02
9.431806951761245728e-02
9.529799222946166992e-02
9.578915685415267944e-02
9.508347511291503906e-02
9.974054247140884399e-02
9.913603961467742920e-02
9.976755827665328979e-02
9.693156182765960693e-02
9.659633040428161621e-02
9.720697999000549316e-02
9.844920039176940918e-02
9.794764220714569092e-02
9.851142764091491699e-02
8.699351549148559570e-02
8.669406175613403320e-02
8.592785894870758057e-02
8.646305650472640991e-02
8.564271032810211182e-02
8.488631248474121094e-02
8.539934456348419189e-02
8.457686007022857666e-02
8.380293846130371094e-02
8.434136211872100830e-02
8.350092172622680664e-02
8.325988054275512695e-02
8.273915946483612061e-02
8.244515210390090942e-02
8.220005035400390625e-02
8.168985694646835327e-02
8.137135207653045654e-02
8.113297820091247559e-02
8.060409128665924072e-02
8.028814196586608887e-02
7.953064143657684326e-02
8.006497472524642944e-02
7.922899723052978516e-02
7.846698164939880371e-02
7.898525893688201904e-02
7.814067602157592773e-02
7.736866176128387451e-02
7.793152332305908203e-02
7.705873250961303711e-02
7.631602883338928223e-02
7.684132456779479980e-02
7.599090039730072021e-02
7.577143609523773193e-02
7.523871213197708130e-02
7.489833235740661621e-02
7.469708472490310669e-02
7.413774728775024414e-02
7.383392751216888428e-02
7.306350767612457275e-02
7.360306382179260254e-02
7.274943590164184570e-02
7.197674363851547241e-02
7.252721488475799561e-02
7.166734337806701660e-02
7.090916484594345093e-02
7.143880426883697510e-02
5.758747458457946777e-02
5.708336085081100464e-02
5.779545009136199951e-02
5.898539349436759949e-02
5.922959744930267334e-02
5.849117413163185120e-02
6.080918014049530029e-02
5.957715958356857300e-02
6.222961097955703735e-02
6.381908059120178223e-02
6.530712544918060303e-02
6.680956482887268066e-02
6.830832362174987793e-02
7.057326287031173706e-02
6.980061531066894531e-02
7.036059349775314331e-02
8.852624893188476562e-02
9.004332125186920166e-02
9.153735637664794922e-02
9.304439276456832886e-02
9.454520046710968018e-02
9.613323211669921875e-02
9.909971058368682861e-02
9.767757356166839600e-02
8.722984790802001953e-02
8.616068959236145020e-02
8.508098870515823364e-02
8.404710143804550171e-02
8.298595994710922241e-02
8.190685510635375977e-02
8.082015067338943481e-02
7.976812869310379028e-02
7.867578417062759399e-02
7.760772109031677246e-02
7.651975750923156738e-02
7.543412595987319946e-02
7.436995208263397217e-02
7.326653599739074707e-02
7.220840454101562500e-02
7.113331556320190430e-02
5.830477923154830933e-02
6.010452285408973694e-02
6.014414131641387939e-02
6.076291203498840332e-02
5.954813957214355469e-02
6.201076135039329529e-02
6.255368143320083618e-02
6.171622127294540405e-02
6.348698586225509644e-02
6.402974575757980347e-02
6.327855587005615234e-02
6.496870517730712891e-02
6.550301611423492432e-02
6.478382647037506104e-02
6.647425889968872070e-02
6.624945253133773804e-02
6.702022254467010498e-02
6.790591776371002197e-02
6.850896775722503662e-02
6.774015724658966064e-02
6.951313465833663940e-02
6.929762661457061768e-02
7.005214691162109375e-02
8.821803331375122070e-02
8.874245733022689819e-02
8.797343820333480835e-02
8.973135054111480713e-02
9.025239944458007812e-02
8.950738608837127686e-02
9.125548601150512695e-02
9.102311730384826660e-02
9.176792204380035400e-02
9.274943917989730835e-02
9.251073002815246582e-02
9.328607469797134399e-02
9.427201747894287109e-02
9.404964745044708252e-02
9.478303790092468262e-02
9.575361013412475586e-02
9.634263068437576294e-02
9.552953392267227173e-02
9.955591708421707153e-02
9.899592399597167969e-02
9.965260326862335205e-02
9.818793088197708130e-02
9.833594411611557007e-02
9.759198129177093506e-02
8.744161576032638550e-02
8.714881539344787598e-02
8.640623092651367188e-02
8.692067116498947144e-02
8.611671626567840576e-02
8.533892035484313965e-02
8.585124462842941284e-02
8.504132181406021118e-02
8.482689410448074341e-02
8.427433669567108154e-02
8.396452665328979492e-02
8.319690823554992676e-02
8.373215049505233765e-02
8.288305997848510742e-02
8.213781565427780151e-02
8.267010748386383057e-02
8.182765543460845947e-02
8.159083127975463867e-02
8.106186985969543457e-02
8.072823286056518555e-02
8.051037788391113281e-02
7.998342812061309814e-02
7.966332882642745972e-02
7.945462316274642944e-02
7.890835404396057129e-02
7.857958227396011353e-02
7.836629450321197510e-02
7.783100008964538574e-02
7.750551402568817139e-02
7.674083858728408813e-02
7.728600502014160156e-02
7.641731202602386475e-02
7.564777135848999023e-02
7.620786875486373901e-02
7.533667981624603271e-02
7.458456605672836304e-02
7.512438297271728516e-02
7.424291968345642090e-02
7.349056750535964966e-02
7.407090812921524048e-02
7.317692041397094727e-02
7.240268588066101074e-02
7.295358180999755859e-02
7.206267118453979492e-02
7.132245600223541260e-02
7.186613231897354126e-02
5.866816639900207520e-02
5.812704190611839294e-02
5.884192138910293579e-02
6.083788350224494934e-02
6.113334000110626221e-02
6.047492846846580505e-02
5.939425900578498840e-02
6.275728344917297363e-02
6.143838912248611450e-02
6.422898173332214355e-02
6.573335081338882446e-02
6.720753014087677002e-02
6.871726363897323608e-02
7.095777988433837891e-02
7.075994461774826050e-02
7.024550437927246094e-02
8.898183703422546387e-02
9.050832688808441162e-02
9.200948476791381836e-02
9.351877123117446899e-02
9.500776231288909912e-02
9.700760245323181152e-02
9.698328375816345215e-02
9.638502448797225952e-02
9.890488535165786743e-02
9.761557728052139282e-02
8.768066763877868652e-02
8.662965148687362671e-02
8.557198941707611084e-02
8.448506891727447510e-02
8.343103528022766113e-02
8.235479891300201416e-02
8.127363026142120361e-02
8.022253215312957764e-02
7.912295311689376831e-02
7.805004715919494629e-02
7.698167860507965088e-02
7.587871700525283813e-02
7.479983568191528320e-02
7.371719926595687866e-02
7.263725250959396362e-02
7.152591645717620850e-02
5.983419716358184814e-02
5.995796248316764832e-02
6.033127754926681519e-02
5.926666036248207092e-02
6.252226233482360840e-02
6.299284100532531738e-02
6.227560713887214661e-02
6.103508919477462769e-02
6.093273311853408813e-02
6.152453273534774780e-02
6.364362686872482300e-02
6.357838213443756104e-02
6.430523097515106201e-02
6.521877646446228027e-02
6.583240628242492676e-02
6.508409976959228516e-02
6.667535006999969482e-02
6.731109321117401123e-02
6.657163798809051514e-02
6.866973638534545898e-02
6.909839063882827759e-02
6.829254329204559326e-02
6.993182748556137085e-02
7.044546306133270264e-02
6.972976773977279663e-02
8.867901563644409180e-02
8.845660835504531860e-02
8.921720087528228760e-02
9.018450975418090820e-02
9.073778241872787476e-02
8.996218442916870117e-02
9.171117842197418213e-02
9.147866815328598022e-02
9.222172945737838745e-02
9.323462843894958496e-02
9.300123155117034912e-02
9.377112984657287598e-02
9.472490847110748291e-02
9.525055438280105591e-02
9.449343383312225342e-02
9.644679725170135498e-02
9.610451757907867432e-02
9.674690663814544678e-02
9.931782633066177368e-02
9.875044226646423340e-02
9.944035857915878296e-02
9.792956709861755371e-02
9.748220443725585938e-02
9.806679189205169678e-02
8.791834115982055664e-02
8.761277049779891968e-02
8.686254918575286865e-02
8.739230036735534668e-02
8.655931055545806885e-02
8.578914403915405273e-02
8.633467555046081543e-02
8.550865948200225830e-02
8.472969383001327515e-02
8.525644987821578979e-02
8.442259579896926880e-02
8.366818726062774658e-02
8.419232070446014404e-02
8.335779607295989990e-02
8.313219249248504639e-02
8.258924633264541626e-02
8.226381242275238037e-02
8.150584995746612549e-02
8.203332126140594482e-02
8.119476586580276489e-02
8.043888211250305176e-02
8.097760379314422607e-02
8.013222366571426392e-02
7.990913093090057373e-02
7.936096191406250000e-02
7.904493808746337891e-02
7.881724834442138672e-02
7.827080041170120239e-02
7.795335352420806885e-02
7.718535512685775757e-02
7.772959023714065552e-02
7.686540484428405762e-02
7.609630376100540161e-02
7.665043324232101440e-02
7.577387988567352295e-02
7.500457018613815308e-02
7.556909322738647461e-02
7.468764483928680420e-02
7.393570989370346069e-02
7.448032498359680176e-02
7.357379794120788574e-02
7.282894849777221680e-02
7.337090373039245605e-02
7.245111465454101562e-02
7.169577479362487793e-02
7.225744426250457764e-02
6.044571846723556519e-02
6.176494434475898743e-02
6.308811902999877930e-02
6.442256271839141846e-02
6.595115363597869873e-02
6.752590090036392212e-02
6.708388030529022217e-02
6.774076819419860840e-02
6.810833513736724854e-02
6.931691616773605347e-02
7.119856029748916626e-02
7.107691466808319092e-02
7.055918872356414795e-02
8.943821489810943604e-02
9.093455970287322998e-02
9.245377779006958008e-02
9.399621188640594482e-02
9.558833390474319458e-02
9.717085212469100952e-02
9.862610697746276855e-02
8.815674483776092529e-02
8.709168434143066406e-02
8.602442592382431030e-02
8.495236933231353760e-02
8.387261629104614258e-02
8.280030637979507446e-02
8.174337446689605713e-02
8.067063987255096436e-02
7.959087938070297241e-02
7.847426831722259521e-02
7.741484045982360840e-02
7.632791250944137573e-02
7.521938532590866089e-02
7.413378357887268066e-02
7.302445173263549805e-02
7.181535661220550537e-02
6.230973079800605774e-02
6.167801469564437866e-02
6.239610537886619568e-02
6.297562271356582642e-02
6.362035870552062988e-02
6.364706158638000488e-02
6.440944969654083252e-02
6.608259677886962891e-02
6.635758280754089355e-02
6.563684344291687012e-02
6.677690148353576660e-02
6.873156130313873291e-02
6.814356893301010132e-02
6.869079172611236572e-02
6.933997571468353271e-02
7.051791250705718994e-02
7.023046910762786865e-02
7.085935771465301514e-02
8.915121853351593018e-02
8.966176956892013550e-02
8.889782428741455078e-02
9.064362943172454834e-02
9.119191020727157593e-02
9.042425453662872314e-02
9.217392653226852417e-02
9.269084036350250244e-02
9.195989370346069336e-02
9.369377791881561279e-02
9.346762299537658691e-02
9.422723948955535889e-02
9.520260244607925415e-02
9.496274590492248535e-02
9.581304341554641724e-02
9.772070497274398804e-02
9.782862663269042969e-02
9.707222133874893188e-02
9.893423318862915039e-02
9.843863546848297119e-02
9.910380840301513672e-02
8.838583528995513916e-02
8.806972205638885498e-02
8.731774985790252686e-02
8.784808963537216187e-02
8.700660616159439087e-02
8.677972853183746338e-02
8.624352514743804932e-02
8.594752848148345947e-02
8.518905937671661377e-02
8.571798354387283325e-02
8.487214148044586182e-02
8.466663956642150879e-02
8.409585803747177124e-02
8.380514383316040039e-02
8.360043913125991821e-02
8.304458856582641602e-02
8.271899819374084473e-02
8.251090347766876221e-02
8.195582032203674316e-02
8.166157454252243042e-02
8.087123930454254150e-02
8.141902089118957520e-02
8.056461811065673828e-02
7.980985939502716064e-02
8.033815771341323853e-02
7.947807759046554565e-02
7.926892489194869995e-02
7.872004806995391846e-02
7.839475572109222412e-02
7.762163132429122925e-02
7.817488908767700195e-02
7.729850709438323975e-02
7.654775679111480713e-02
7.710568606853485107e-02
7.621674239635467529e-02
7.543310523033142090e-02
7.599273324012756348e-02
7.509821653366088867e-02
7.489244639873504639e-02
7.435685396194458008e-02
7.404263317584991455e-02
7.381784170866012573e-02
7.323339581489562988e-02
7.186800986528396606e-02
7.149570435285568237e-02
7.216393947601318359e-02
6.295281648635864258e-02
6.500287353992462158e-02
6.432375311851501465e-02
6.509928405284881592e-02
6.551959365606307983e-02
6.640619784593582153e-02
6.624421477317810059e-02
6.696412712335586548e-02
6.785621494054794312e-02
6.768338382244110107e-02
6.830471754074096680e-02
6.962063908576965332e-02
7.118609547615051270e-02
8.990589529275894165e-02
9.141805768013000488e-02
9.293828904628753662e-02
9.445069730281829834e-02
9.642522037029266357e-02
9.644196182489395142e-02
9.578917920589447021e-02
9.832312166690826416e-02
9.707535058259963989e-02
8.861717581748962402e-02
8.756597340106964111e-02
8.650033921003341675e-02
8.541977405548095703e-02
8.431872725486755371e-02
8.325466513633728027e-02
8.217099308967590332e-02
8.110196143388748169e-02
8.000604808330535889e-02
7.892567664384841919e-02
7.785941660404205322e-02
7.676402479410171509e-02
7.567487657070159912e-02
7.457676529884338379e-02
7.331953942775726318e-02
7.370710372924804688e-02
7.290725409984588623e-02
7.257968187332153320e-02
6.568792462348937988e-02
6.712705641984939575e-02
6.933279335498809814e-02
6.858626753091812134e-02
6.902994215488433838e-02
6.993712484836578369e-02
7.084648311138153076e-02
7.069416344165802002e-02
7.135509699583053589e-02
8.961991965770721436e-02
9.012027084827423096e-02
8.935867249965667725e-02
9.112790226936340332e-02
9.089577198028564453e-02
9.165893495082855225e-02
9.265577048063278198e-02
9.315296262502670288e-02
9.239271283149719238e-02
9.415700286626815796e-02
9.391938149929046631e-02
9.467948228120803833e-02
9.563438594341278076e-02
9.603163599967956543e-02
9.541938453912734985e-02
9.848159551620483398e-02
9.810850024223327637e-02
9.870639443397521973e-02
9.703453630208969116e-02
9.673088788986206055e-02
9.739129245281219482e-02
8.884339034557342529e-02
8.853177726268768311e-02
8.778002858161926270e-02
8.832858502864837646e-02
8.746461570262908936e-02
8.669865131378173828e-02
8.725917339324951172e-02
8.640325814485549927e-02
8.619275689125061035e-02
8.563701808452606201e-02
8.534523844718933105e-02
8.456020802259445190e-02
8.508592098951339722e-02
8.425880968570709229e-02
8.403504639863967896e-02
8.349485695362091064e-02
8.317762613296508789e-02
8.241146802902221680e-02
8.294153213500976562e-02
8.207038789987564087e-02
8.133089542388916016e-02
8.186741173267364502e-02
8.098468184471130371e-02
8.077193796634674072e-02
8.024498820304870605e-02
7.991392910480499268e-02
7.969899475574493408e-02
7.913784682750701904e-02
7.881580293178558350e-02
7.861115038394927979e-02
7.806342840194702148e-02
7.771804928779602051e-02
7.752484083175659180e-02
7.695409655570983887e-02
7.660859078168869019e-02
7.586562633514404297e-02
7.638669013977050781e-02
7.556492090225219727e-02
7.532967627048492432e-02
7.479408383369445801e-02
7.477225363254547119e-02
7.405664026737213135e-02
7.439468055963516235e-02
7.239068299531936646e-02
7.212261110544204712e-02
7.286585867404937744e-02
7.009389996528625488e-02
7.163841277360916138e-02
9.036868065595626831e-02
9.187449514865875244e-02
9.338423609733581543e-02
9.490552544593811035e-02
9.634183347225189209e-02
9.777855873107910156e-02
8.907735347747802734e-02
8.800307661294937134e-02
8.693048357963562012e-02
8.587314933538436890e-02
8.479754626750946045e-02
8.371162414550781250e-02
8.262662589550018311e-02
8.153118193149566650e-02
8.047415316104888916e-02
7.937759160995483398e-02
7.824703305959701538e-02
7.716089487075805664e-02
7.609020173549652100e-02
7.518975436687469482e-02
7.394793629646301270e-02
7.363398373126983643e-02
7.437026500701904297e-02
7.317623496055603027e-02
9.005521237850189209e-02
8.983865380287170410e-02
9.059671312570571899e-02
9.158287197351455688e-02
9.211508929729461670e-02
9.133280813694000244e-02
9.311833977699279785e-02
9.362693130970001221e-02
9.287502616643905640e-02
9.461231529712677002e-02
9.438113123178482056e-02
9.512682259082794189e-02
9.625315666198730469e-02
9.594072401523590088e-02
9.666875749826431274e-02
9.790755063295364380e-02
9.748703241348266602e-02
9.820245206356048584e-02
8.931259065866470337e-02
8.899335563182830811e-02
8.821504563093185425e-02
8.877870440483093262e-02
8.792308717966079712e-02
8.769543468952178955e-02
8.717478066682815552e-02
8.685924857854843140e-02
8.664895594120025635e-02
8.606769144535064697e-02
8.578309416770935059e-02
8.502280712127685547e-02
8.556388318538665771e-02
8.471549302339553833e-02
8.391772210597991943e-02
8.446340262889862061e-02
8.360350131988525391e-02
8.284417539834976196e-02
8.339530229568481445e-02
8.253102004528045654e-02
8.230449259281158447e-02
8.177225291728973389e-02
8.144825696945190430e-02
8.068311214447021484e-02
8.121320605278015137e-02
8.035144209861755371e-02
7.958649843931198120e-02
8.014442026615142822e-02
7.925989478826522827e-02
7.849764078855514526e-02
7.902339100837707520e-02
7.815033197402954102e-02
7.792954146862030029e-02
7.736612856388092041e-02
7.687385380268096924e-02
7.673887163400650024e-02
7.622344791889190674e-02
7.627184689044952393e-02
7.591786980628967285e-02
7.553131878376007080e-02
7.550934702157974243e-02
7.473030686378479004e-02
7.516311109066009521e-02
9.083064645528793335e-02
9.235066175460815430e-02
9.386628121137619019e-02
9.543547779321670532e-02
9.707424789667129517e-02
8.952288329601287842e-02
8.848576247692108154e-02
8.741472661495208740e-02
8.631798624992370605e-02
8.525916934013366699e-02
8.415972441434860229e-02
8.307898044586181641e-02
8.198262006044387817e-02
8.090350031852722168e-02
7.979211211204528809e-02
7.870332151651382446e-02
7.750363647937774658e-02
7.657745480537414551e-02
7.589011639356613159e-02
9.052145481109619141e-02
9.030365943908691406e-02
9.106962382793426514e-02
9.205847233533859253e-02
9.182631969451904297e-02
9.258687496185302734e-02
9.356276690959930420e-02
9.408760070800781250e-02
9.332847595214843750e-02
9.498380869626998901e-02
9.562980383634567261e-02
9.479670226573944092e-02
9.725542366504669189e-02
9.673728048801422119e-02
9.758833050727844238e-02
8.976703137159347534e-02
8.944797515869140625e-02
8.922845870256423950e-02
8.868712186813354492e-02
8.838644623756408691e-02
8.762005716562271118e-02
8.816327154636383057e-02
8.729451894760131836e-02
8.654400706291198730e-02
8.709846436977386475e-02
8.625203371047973633e-02
8.547937870025634766e-02
8.601723611354827881e-02
8.513639867305755615e-02
8.438619226217269897e-02
8.492741733789443970e-02
8.406714349985122681e-02
8.385714888572692871e-02
8.328710496425628662e-02
8.296716958284378052e-02
8.274665474891662598e-02
8.221051096916198730e-02
8.187364041805267334e-02
8.166530728340148926e-02
8.111464977264404297e-02
8.078712224960327148e-02
8.056432753801345825e-02
8.001444488763809204e-02
7.989683002233505249e-02
7.957983016967773438e-02
7.904883474111557007e-02
7.775364071130752563e-02
7.729753106832504272e-02
7.794587314128875732e-02
7.701326161623001099e-02
7.709408551454544067e-02
7.630574703216552734e-02
7.666247338056564331e-02
9.129815548658370972e-02
9.281551837921142578e-02
9.427899867296218872e-02
9.617558121681213379e-02
9.621403366327285767e-02
9.557949751615524292e-02
9.670349210500717163e-02
8.998823165893554688e-02
8.893607556819915771e-02
8.785782009363174438e-02
8.676801621913909912e-02
8.570294827222824097e-02
8.462087810039520264e-02
8.351424336433410645e-02
8.243970572948455811e-02
8.130919933319091797e-02
8.033263683319091797e-02
7.925403118133544922e-02
7.956591993570327759e-02
7.870337367057800293e-02
7.847766578197479248e-02
7.742722332477569580e-02
9.097078442573547363e-02
9.151621162891387939e-02
9.075678884983062744e-02
9.247978031635284424e-02
9.302960336208343506e-02
9.225478768348693848e-02
9.390293806791305542e-02
9.442942589521408081e-02
9.368917346000671387e-02
9.526222944259643555e-02
9.511934965848922729e-02
9.571638703346252441e-02
9.651539474725723267e-02
9.635683149099349976e-02
9.689537435770034790e-02
9.022548049688339233e-02
8.991035819053649902e-02
8.970724046230316162e-02
8.916905522346496582e-02
8.884036540985107422e-02
8.808537572622299194e-02
8.861007541418075562e-02
8.780285716056823730e-02
8.702181279659271240e-02
8.753375709056854248e-02
8.669509738683700562e-02
8.645771443843841553e-02
8.592134714126586914e-02
8.558650314807891846e-02
8.535490930080413818e-02
8.483594655990600586e-02
8.450801670551300049e-02
8.375166356563568115e-02
8.429919928312301636e-02
8.339787274599075317e-02
8.263438940048217773e-02
8.318687975406646729e-02
8.242993056774139404e-02
8.215887844562530518e-02
8.160868287086486816e-02
8.126693218946456909e-02
8.102840185165405273e-02
8.057737350463867188e-02
8.070919662714004517e-02
7.998098433017730713e-02
8.030477166175842285e-02
7.865369319915771484e-02
7.820112258195877075e-02
7.895114272832870483e-02
7.785285264253616333e-02
9.171696007251739502e-02
9.316639602184295654e-02
9.458773583173751831e-02
9.589657932519912720e-02
9.045507013797760010e-02
8.937461674213409424e-02
8.832901716232299805e-02
8.724197000265121460e-02
8.613923192024230957e-02
8.502824604511260986e-02
8.394828438758850098e-02
8.293204009532928467e-02
8.185938000679016113e-02
8.099451661109924316e-02
8.021695911884307861e-02
7.973264902830123901e-02
8.046925067901611328e-02
7.943907380104064941e-02
9.138657897710800171e-02
9.119746834039688110e-02
9.193062037229537964e-02
9.288915991783142090e-02
9.338497370481491089e-02
9.265914559364318848e-02
9.429498016834259033e-02
9.410046041011810303e-02
9.479833394289016724e-02
9.569539129734039307e-02
9.548006951808929443e-02
9.611372649669647217e-02
9.065639972686767578e-02
9.036523848772048950e-02
9.014737606048583984e-02
8.958888798952102661e-02
8.933460712432861328e-02
8.908137679100036621e-02
8.855836093425750732e-02
8.825032413005828857e-02
8.748593181371688843e-02
8.801531791687011719e-02
8.713470399379730225e-02
8.634819090366363525e-02
8.691401779651641846e-02
8.601222932338714600e-02
8.578139543533325195e-02
8.526366204023361206e-02
8.487524092197418213e-02
8.413267135620117188e-02
8.467905223369598389e-02
8.392655849456787109e-02
8.366759121417999268e-02
8.318863809108734131e-02
8.216820657253265381e-02
8.174458146095275879e-02
8.230209350585937500e-02
8.144672214984893799e-02
8.175854384899139404e-02
8.099985122680664062e-02
8.125452697277069092e-02
9.213683009147644043e-02
9.358394145965576172e-02
9.498506784439086914e-02
9.089276939630508423e-02
8.985138684511184692e-02
8.878615498542785645e-02
8.767329156398773193e-02
8.655808866024017334e-02
8.544020354747772217e-02
8.442635834217071533e-02
8.359263837337493896e-02
8.302462846040725708e-02
8.375959098339080811e-02
8.289092779159545898e-02
8.197908103466033936e-02
9.186959266662597656e-02
9.164206683635711670e-02
9.237007796764373779e-02
9.330216795206069946e-02
9.308847784996032715e-02
9.380292892456054688e-02
9.473605453968048096e-02
9.455422312021255493e-02
9.520202875137329102e-02
9.113964438438415527e-02
9.084424376487731934e-02
9.058030694723129272e-02
9.008340537548065186e-02
8.982633054256439209e-02
8.960740268230438232e-02
8.901336789131164551e-02
8.878206461668014526e-02
8.794315904378890991e-02
8.851566165685653687e-02
8.750115334987640381e-02
8.673651516437530518e-02
8.732976764440536499e-02
8.622221648693084717e-02
8.611479401588439941e-02
8.557607233524322510e-02
8.497422933578491211e-02
8.445528149604797363e-02
8.491940051317214966e-02
8.427624404430389404e-02
8.327966928482055664e-02
8.274929225444793701e-02
8.343827724456787109e-02
8.251702785491943359e-02
9.259927272796630859e-02
9.403000771999359131e-02
9.136536717414855957e-02
9.031532704830169678e-02
8.928817510604858398e-02
8.813822269439697266e-02
8.686896413564682007e-02
8.559639751911163330e-02
8.477224409580230713e-02
8.418750017881393433e-02
8.487156033515930176e-02
8.401510119438171387e-02
9.229952096939086914e-02
9.208509325981140137e-02
9.278164803981781006e-02
9.375504404306411743e-02
9.354392439126968384e-02
9.427815675735473633e-02
9.154886007308959961e-02
9.121629595756530762e-02
9.052874147891998291e-02
9.102846682071685791e-02
9.032367169857025146e-02
8.954184502363204956e-02
9.007900953292846680e-02
8.897083997726440430e-02
8.825810253620147705e-02
8.887521922588348389e-02
8.764964342117309570e-02
8.693304657936096191e-02
8.758966624736785889e-02
8.621492236852645874e-02
8.561456203460693359e-02
8.621625602245330811e-02
8.549465239048004150e-02
9.303957223892211914e-02
9.173619747161865234e-02
9.077674895524978638e-02
9.028055518865585327e-02
8.952917158603668213e-02
9.030273556709289551e-02
8.830443024635314941e-02
8.964814245700836182e-02
8.692908287048339844e-02
9.267473965883255005e-02
9.248510003089904785e-02
9.321749210357666016e-02
9.193893522024154663e-02
9.150531142950057983e-02
9.090854227542877197e-02
9.135790169239044189e-02
9.088122099637985229e-02
9.209808707237243652e-02
