9.588070213794708252e-02
9.841452538967132568e-02
9.774635732173919678e-02
9.808406978845596313e-02
9.678596258163452148e-02
9.715379029512405396e-02
1.002498269081115723e-01
9.979686886072158813e-02
1.000308543443679810e-01
9.876312315464019775e-02
9.900119155645370483e-02
9.931993484497070312e-02
9.670293331146240234e-02
9.755772352218627930e-02
9.628587961196899414e-02
1.017117500305175781e-01
1.007688641548156738e-01
1.009861603379249573e-01
1.019681394100189209e-01
1.018119081854820251e-01
1.008762642741203308e-01
1.010186523199081421e-01
9.970203042030334473e-02
1.006317734718322754e-01
9.406011551618576050e-02
9.493790566921234131e-02
9.538433700799942017e-02
9.924713522195816040e-02
9.800003468990325928e-02
9.885495901107788086e-02
1.027195453643798828e-01
1.014622449874877930e-01
1.022047623991966248e-01
1.042228341102600098e-01
1.029471680521965027e-01
1.030569523572921753e-01
1.041768044233322144e-01
1.042028367519378662e-01
1.030480191111564636e-01
1.065805703401565552e-01
1.065080910921096802e-01
1.065405160188674927e-01
1.053485423326492310e-01
1.054040789604187012e-01
1.001482456922531128e-01
1.018676608800888062e-01
9.497456252574920654e-02
9.452190995216369629e-02
9.585875272750854492e-02
9.765207767486572266e-02
9.716636687517166138e-02
9.847505390644073486e-02
1.034677475690841675e-01
1.054394617676734924e-01
1.083696484565734863e-01
1.074704527854919434e-01
1.074648052453994751e-01
1.088920310139656067e-01
1.086729466915130615e-01
1.077262386679649353e-01
1.019134745001792908e-01
1.005817428231239319e-01
1.014713793992996216e-01
1.035859137773513794e-01
1.023402810096740723e-01
1.031495928764343262e-01
9.238244593143463135e-02
9.321546554565429688e-02
9.368962049484252930e-02
9.632676094770431519e-02
1.001445800065994263e-01
9.889668226242065430e-02
9.971880912780761719e-02
1.053707376122474670e-01
1.040654480457305908e-01
1.047795712947845459e-01
1.071778759360313416e-01
1.056863814592361450e-01
1.068802624940872192e-01
1.091088503599166870e-01
1.078769713640213013e-01
1.087242886424064636e-01
1.108434945344924927e-01
1.096187382936477661e-01
1.098640784621238708e-01
1.113801002502441406e-01
1.110938265919685364e-01
1.101619899272918701e-01
1.027640551328659058e-01
1.010375767946243286e-01
1.045037806034088135e-01
9.342843294143676758e-02
9.289829432964324951e-02
9.421949833631515503e-02
9.591160714626312256e-02
9.548749029636383057e-02
9.677685797214508057e-02
9.834879636764526367e-02
9.797793626785278320e-02
9.927625954151153564e-02
1.062541231513023376e-01
1.081117019057273865e-01
1.099565327167510986e-01
1.131222993135452271e-01
1.122521609067916870e-01
1.119929552078247070e-01
1.139020323753356934e-01
1.135053709149360657e-01
1.126669496297836304e-01
1.044012308120727539e-01
1.039931103587150574e-01
1.031429916620254517e-01
1.026308387517929077e-01
1.013699471950531006e-01
1.022730916738510132e-01
1.062021702527999878e-01
1.049155890941619873e-01
1.058044508099555969e-01
9.087736904621124268e-02
9.164342284202575684e-02
9.219053387641906738e-02
9.471714496612548828e-02
9.716068953275680542e-02
1.008588895201683044e-01
9.962988644838333130e-02
1.005119681358337402e-01
1.080070510506629944e-01
1.066626757383346558e-01
1.076050177216529846e-01
1.098174005746841431e-01
1.085098087787628174e-01
1.094651967287063599e-01
1.116219609975814819e-01
1.112227737903594971e-01
1.103641539812088013e-01
1.135444790124893188e-01
1.121974289417266846e-01
1.133031919598579407e-01
1.155202090740203857e-01
1.143004745244979858e-01
1.146976426243782043e-01
1.164416298270225525e-01
1.160372272133827209e-01
1.152111664414405823e-01
1.052706837654113770e-01
1.034770905971527100e-01
1.017481833696365356e-01
1.070798784494400024e-01
9.196656942367553711e-02
9.272808581590652466e-02
9.144426882266998291e-02
9.435208141803741455e-02
9.512296319007873535e-02
9.389318525791168213e-02
9.661602973937988281e-02
9.630230069160461426e-02
9.752874076366424561e-02
9.909982979297637939e-02
9.872496128082275391e-02
9.998570382595062256e-02
1.089226976037025452e-01
1.107362359762191772e-01
1.125723123550415039e-01
1.145423799753189087e-01
1.180083081126213074e-01
1.172325313091278076e-01
1.167801469564437866e-01
1.190746277570724487e-01
1.185232177376747131e-01
1.177502200007438660e-01
1.069383323192596436e-01
1.056941598653793335e-01
1.065884009003639221e-01
1.051642894744873047e-01
1.039045602083206177e-01
1.047950387001037598e-01
1.033781915903091431e-01
1.021032109856605530e-01
1.029672920703887939e-01
1.086966767907142639e-01
1.075097247958183289e-01
1.083566695451736450e-01
8.948692679405212402e-02
9.019602835178375244e-02
9.073717892169952393e-02
9.317049384117126465e-02
9.547828882932662964e-02
9.789212048053741455e-02
1.016534268856048584e-01
1.003717184066772461e-01
1.012330204248428345e-01
1.105260699987411499e-01
1.092490404844284058e-01
1.101649105548858643e-01
1.123524755239486694e-01
1.119587346911430359e-01
1.110670119524002075e-01
1.141721755266189575e-01
1.129127591848373413e-01
1.138408780097961426e-01
1.160170137882232666e-01
1.147695183753967285e-01
1.158060580492019653e-01
1.179926395416259766e-01
1.167673319578170776e-01
1.180209293961524963e-01
1.202371343970298767e-01
1.191591918468475342e-01
1.196636408567428589e-01
1.078502982854843140e-01
1.060559079051017761e-01
1.042800545692443848e-01
1.025239527225494385e-01
1.096722558140754700e-01
9.065034985542297363e-02
9.129843860864639282e-02
9.007354080677032471e-02
9.281089901924133301e-02
9.241589903831481934e-02
9.358407557010650635e-02
9.488238394260406494e-02
9.459267556667327881e-02
9.576817601919174194e-02
9.736856818199157715e-02
9.700246155261993408e-02
9.822697937488555908e-02
9.984040260314941406e-02
9.949583560228347778e-02
1.007371991872787476e-01
1.114410310983657837e-01
1.132296770811080933e-01
1.150791868567466736e-01
1.169872954487800598e-01
1.191086769104003906e-01
1.216500103473663330e-01
1.209540665149688721e-01
1.203561425209045410e-01
1.094792336225509644e-01
1.081984266638755798e-01
1.091251745820045471e-01
1.077246218919754028e-01
1.073340252041816711e-01
1.064333990216255188e-01
1.059301346540451050e-01
1.046373099088668823e-01
1.055509597063064575e-01
1.041680127382278442e-01
1.037557423114776611e-01
1.029124259948730469e-01
1.112738698720932007e-01
1.099882870912551880e-01
1.109302043914794922e-01
8.830389380455017090e-02
8.887876570224761963e-02
8.947838097810745239e-02
9.174934029579162598e-02
9.385775029659271240e-02
9.609287977218627930e-02
9.862533956766128540e-02
1.024172753095626831e-01
1.020221263170242310e-01
1.011146456003189087e-01
1.130812466144561768e-01
1.117943823337554932e-01
1.127241402864456177e-01
1.148463413119316101e-01
1.136260777711868286e-01
1.145014837384223938e-01
1.166469380259513855e-01
1.154241338372230530e-01
1.163963451981544495e-01
1.185217574238777161e-01
1.172384321689605713e-01
1.182493790984153748e-01
1.203539818525314331e-01
1.191703230142593384e-01
1.202811598777770996e-01
1.230742707848548889e-01
1.223590299487113953e-01
1.216803342103958130e-01
1.103549301624298096e-01
1.085689365863800049e-01
1.068360358476638794e-01
1.050459891557693481e-01
1.033047288656234741e-01
1.121571436524391174e-01
8.973587304353713989e-02
8.902902901172637939e-02
9.021498262882232666e-02
9.259707480669021606e-02
9.163109958171844482e-02
9.270173311233520508e-02
9.373310953378677368e-02
9.560569375753402710e-02
9.527741372585296631e-02
9.646375477313995361e-02
9.810629487037658691e-02
9.771148860454559326e-02
9.898742288351058960e-02
1.006501540541648865e-01
1.002348661422729492e-01
1.014973968267440796e-01
1.139937937259674072e-01
1.157735735177993774e-01
1.176190376281738281e-01
1.194178164005279541e-01
1.220372468233108521e-01
1.211437657475471497e-01
1.212115958333015442e-01
1.242496371269226074e-01
1.236889585852622986e-01
1.229181885719299316e-01
1.225380748510360718e-01
1.119924187660217285e-01
1.116356402635574341e-01
1.107499003410339355e-01
1.102146878838539124e-01
1.089702248573303223e-01
1.098638474941253662e-01
1.084580868482589722e-01
1.071708798408508301e-01
1.080740988254547119e-01
1.066829115152359009e-01
1.062824130058288574e-01
1.054662466049194336e-01
1.049136593937873840e-01
1.045305728912353516e-01
1.036574095487594604e-01
1.137881651520729065e-01
1.125395447015762329e-01
1.134385317564010620e-01
8.721043169498443604e-02
8.774553239345550537e-02
8.848537504673004150e-02
9.116686135530471802e-02
9.409084916114807129e-02
9.686818718910217285e-02
9.939563274383544922e-02
1.031494215130805969e-01
1.028066873550415039e-01
1.019151210784912109e-01
1.155778989195823669e-01
1.143666654825210571e-01
1.152164787054061890e-01
1.174045279622077942e-01
1.161016374826431274e-01
1.170526891946792603e-01
1.191961765289306641e-01
1.179266124963760376e-01
1.188672482967376709e-01
1.210308074951171875e-01
1.197477430105209351e-01
1.206856071949005127e-01
1.228334456682205200e-01
1.215841099619865417e-01
1.224063038825988770e-01
1.256143748760223389e-01
1.243284791707992554e-01
1.249118819832801819e-01
1.242532879114151001e-01
1.231569498777389526e-01
1.236543655395507812e-01
1.128680258989334106e-01
1.111460551619529724e-01
1.093541085720062256e-01
1.075565665960311890e-01
1.058018803596496582e-01
1.040266975760459900e-01
1.147042438387870789e-01
8.867385983467102051e-02
8.923180401325225830e-02
8.791314065456390381e-02
9.118442237377166748e-02
9.187211096286773682e-02
9.044963121414184570e-02
9.381115436553955078e-02
9.469600021839141846e-02
9.321322292089462280e-02
9.637212753295898438e-02
9.721058607101440430e-02
9.597167372703552246e-02
9.889131039381027222e-02
9.849929809570312500e-02
9.976512193679809570e-02
1.014205291867256165e-01
1.010155081748962402e-01
1.022604331374168396e-01
1.164797842502593994e-01
1.182902380824089050e-01
1.200915575027465820e-01
1.219120174646377563e-01
1.235311552882194519e-01
1.268452405929565430e-01
1.262513399124145508e-01
1.255270242691040039e-01
1.249592006206512451e-01
1.145445406436920166e-01
1.132844239473342896e-01
1.141615584492683411e-01
1.127499565482139587e-01
1.115155816078186035e-01
1.123771667480468750e-01
1.109574735164642334e-01
1.097311824560165405e-01
1.106199324131011963e-01
1.092032939195632935e-01
1.079597547650337219e-01
1.088284030556678772e-01
1.074295789003372192e-01
1.070926040410995483e-01
1.061711609363555908e-01
1.057057529687881470e-01
1.044339984655380249e-01
1.053202450275421143e-01
1.163194030523300171e-01
1.159749776124954224e-01
1.150756776332855225e-01
8.629716932773590088e-02
8.676257729530334473e-02
8.747329562902450562e-02
8.990100026130676270e-02
9.247313439846038818e-02
9.506797790527343750e-02
9.762603789567947388e-02
1.001611202955245972e-01
1.039499640464782715e-01
1.027086526155471802e-01
1.035646647214889526e-01
1.181456893682479858e-01
1.168581098318099976e-01
1.177349984645843506e-01
1.199105307459831238e-01
1.186541169881820679e-01
1.195526272058486938e-01
1.217479407787322998e-01
1.204499825835227966e-01
1.213645264506340027e-01
1.235602498054504395e-01
1.223029494285583496e-01
1.232004985213279724e-01
1.253667175769805908e-01
1.240702494978904724e-01
1.248215436935424805e-01
1.279266029596328735e-01
1.273337602615356445e-01
1.267531365156173706e-01
1.268216967582702637e-01
1.255675852298736572e-01
1.262012124061584473e-01
1.294061392545700073e-01
1.286628544330596924e-01
1.281391829252243042e-01
1.154049187898635864e-01
1.136354655027389526e-01
1.119073182344436646e-01
1.100959926843643188e-01
1.083369255065917969e-01
1.065759658813476562e-01
1.048111543059349060e-01
1.172123402357101440e-01
8.786278963088989258e-02
8.706857264041900635e-02
8.823412656784057617e-02
8.999346196651458740e-02
8.930929005146026611e-02
9.055986255407333374e-02
9.212408959865570068e-02
9.167724102735519409e-02
9.295885264873504639e-02
9.462633728981018066e-02
9.551342576742172241e-02
9.422414004802703857e-02
9.716324508190155029e-02
9.803097695112228394e-02
9.678052365779876709e-02
9.971379488706588745e-02
9.927619993686676025e-02
1.005553007125854492e-01
1.021988987922668457e-01
1.018137037754058838e-01
1.030524149537086487e-01
1.190243884921073914e-01
1.208435595035552979e-01
1.226525753736495972e-01
1.244529858231544495e-01
1.260862648487091064e-01
1.273777782917022705e-01
1.303551048040390015e-01
1.291000396013259888e-01
1.298761963844299316e-01
1.319547146558761597e-01
1.311440467834472656e-01
1.306796818971633911e-01
1.170356720685958862e-01
1.167012006044387817e-01
1.158484369516372681e-01
1.152829676866531372e-01
1.140086203813552856e-01
1.149382516741752625e-01
1.134890764951705933e-01
1.122072637081146240e-01
1.131358668208122253e-01
1.117641776800155640e-01
1.105006411671638489e-01
1.113536432385444641e-01
1.099633425474166870e-01
1.086966171860694885e-01
1.095558777451515198e-01
1.082314550876617432e-01
1.069557517766952515e-01
1.078302189707756042e-01
1.064492985606193542e-01
1.051968857645988464e-01
1.060987412929534912e-01
1.188387721776962280e-01
1.175788640975952148e-01
1.185204163193702698e-01
8.554635941982269287e-02
8.593410253524780273e-02
8.669294416904449463e-02
8.891114592552185059e-02
9.108155220746994019e-02
9.341634809970855713e-02
9.593728184700012207e-02
9.840928018093109131e-02
1.009471043944358826e-01
1.047113612294197083e-01
1.034750193357467651e-01
1.043389588594436646e-01
1.206264048814773560e-01
1.193775981664657593e-01
1.202661693096160889e-01
1.224313676357269287e-01
1.211779192090034485e-01
1.221089512109756470e-01
1.242676004767417908e-01
1.229934543371200562e-01
1.239005029201507568e-01
1.260645091533660889e-01
1.256741583347320557e-01
1.247982904314994812e-01
1.278690099716186523e-01
1.266125291585922241e-01
1.273612976074218750e-01
1.296693533658981323e-01
1.282587349414825439e-01
1.287751346826553345e-01
1.299839317798614502e-01
1.323998272418975830e-01
1.321562528610229492e-01
1.313530802726745605e-01
1.344444155693054199e-01
1.333870440721511841e-01
1.332040429115295410e-01
1.179760992527008057e-01
1.161895394325256348e-01
1.144156754016876221e-01
1.126250475645065308e-01
1.108335256576538086e-01
1.091073080897331238e-01
1.073401793837547302e-01
1.055843234062194824e-01
1.197548359632492065e-01
8.739786595106124878e-02
8.647684752941131592e-02
8.762158453464508057e-02
9.003144502639770508e-02
8.893199265003204346e-02
8.998306095600128174e-02
9.109629690647125244e-02
9.294135868549346924e-02
9.380184113979339600e-02
9.254673123359680176e-02
9.546789526939392090e-02
9.502224624156951904e-02
9.630786627531051636e-02
9.794274717569351196e-02
9.756883233785629272e-02
9.880798310041427612e-02
1.004750132560729980e-01
1.013062298297882080e-01
1.000663489103317261e-01
1.029680669307708740e-01
1.038532555103302002e-01
1.025763899087905884e-01
1.215448305010795593e-01
1.233481913805007935e-01
1.251794099807739258e-01
1.269483566284179688e-01
1.287661492824554443e-01
1.315448284149169922e-01
1.309432685375213623e-01
1.306404769420623779e-01
1.320054531097412109e-01
1.338397413492202759e-01
1.331471651792526245e-01
1.341589689254760742e-01
1.356746256351470947e-01
1.369210779666900635e-01
1.362969726324081421e-01
1.356715261936187744e-01
1.350552737712860107e-01
1.373382508754730225e-01
1.393154859542846680e-01
1.383049935102462769e-01
1.381152421236038208e-01
1.371148228645324707e-01
1.395332068204879761e-01
1.416365653276443481e-01
1.406146287918090820e-01
1.404443979263305664e-01
1.394276469945907593e-01
1.418290734291076660e-01
1.438811421394348145e-01
1.428507268428802490e-01
1.427796036005020142e-01
1.417004168033599854e-01
1.196140870451927185e-01
1.183530092239379883e-01
1.192172914743423462e-01
1.178205162286758423e-01
1.165450140833854675e-01
1.174189522862434387e-01
1.159981265664100647e-01
1.147685423493385315e-01
1.156778857111930847e-01
1.142890751361846924e-01
1.129907518625259399e-01
1.139065921306610107e-01
1.124939173460006714e-01
1.112151369452476501e-01
1.121159717440605164e-01
1.107482910156250000e-01
1.094781607389450073e-01
1.103763505816459656e-01
1.089923828840255737e-01
1.077281087636947632e-01
1.085881441831588745e-01
1.072475910186767578e-01
1.068675965070724487e-01
1.059687510132789612e-01
1.213647052645683289e-01
1.201085150241851807e-01
1.210423484444618225e-01
8.498106151819229126e-02
8.527618646621704102e-02
8.617994934320449829e-02
8.870366960763931274e-02
9.146602451801300049e-02
9.418836236000061035e-02
9.665610641241073608e-02
9.919942915439605713e-02
1.017299592494964600e-01
1.054669767618179321e-01
1.050888746976852417e-01
1.042324602603912354e-01
1.231998354196548462e-01
1.228247582912445068e-01
1.219427138566970825e-01
1.250128448009490967e-01
1.245920732617378235e-01
1.236964315176010132e-01
1.267392337322235107e-01
1.255315244197845459e-01
1.264143139123916626e-01
1.286054998636245728e-01
1.273016035556793213e-01
1.282049119472503662e-01
1.303685009479522705e-01
1.291272193193435669e-01
1.300239413976669312e-01
1.321682929992675781e-01
1.309253275394439697e-01
1.318836212158203125e-01
1.327335983514785767e-01
1.347429752349853516e-01
1.365399062633514404e-01
1.384746432304382324e-01
1.407086104154586792e-01
1.439836323261260986e-01
1.428929716348648071e-01
1.439071893692016602e-01
1.461286842823028564e-01
1.450373232364654541e-01
1.450067162513732910e-01
1.204994544386863708e-01
1.187051534652709961e-01
1.169240623712539673e-01
1.151411533355712891e-01
1.134221851825714111e-01
1.116306483745574951e-01
1.098773553967475891e-01
1.081279888749122620e-01
1.063360124826431274e-01
1.222748830914497375e-01
8.693936467170715332e-02
8.719375729560852051e-02
8.595331758260726929e-02
8.897660672664642334e-02
8.950938284397125244e-02
8.819295465946197510e-02
9.123535454273223877e-02
9.206758439540863037e-02
9.062996506690979004e-02
9.373107552528381348e-02
9.459728002548217773e-02
9.333436191082000732e-02
9.621580690145492554e-02
9.581756591796875000e-02
9.708365052938461304e-02
9.873999655246734619e-02
9.962445497512817383e-02
9.835753589868545532e-02
1.012411564588546753e-01
1.008761227130889893e-01
1.021073162555694580e-01
1.037689968943595886e-01
1.033892109990119934e-01
1.046142727136611938e-01
1.241137683391571045e-01
1.258656382560729980e-01
1.276651620864868164e-01
1.295082420110702515e-01
1.312639564275741577e-01
1.330661475658416748e-01
1.349699348211288452e-01
1.344243884086608887e-01
1.353065818548202515e-01
1.361685544252395630e-01
1.374897956848144531e-01
1.374087035655975342e-01
1.385220587253570557e-01
1.397648602724075317e-01
1.397042125463485718e-01
1.408299207687377930e-01
1.421732902526855469e-01
1.430975198745727539e-01
1.420201659202575684e-01
1.460644900798797607e-01
1.460481584072113037e-01
1.450392305850982666e-01
1.481977105140686035e-01
1.471590995788574219e-01
1.471595764160156250e-01
1.479272842407226562e-01
1.502140313386917114e-01
1.490432918071746826e-01
1.492099761962890625e-01
1.480361819267272949e-01
1.221359074115753174e-01
1.208650916814804077e-01
1.217972114682197571e-01
1.203552484512329102e-01
1.190762743353843689e-01
1.199804693460464478e-01
1.185694634914398193e-01
1.173121556639671326e-01
1.181872338056564331e-01
1.168102771043777466e-01
1.155697926878929138e-01
1.164138689637184143e-01
1.150297373533248901e-01
1.146719753742218018e-01
1.137574687600135803e-01
1.132585331797599792e-01
1.128758043050765991e-01
1.119970604777336121e-01
1.115343198180198669e-01
1.111287325620651245e-01
1.102507114410400391e-01
1.097508966922760010e-01
1.085071861743927002e-01
1.093575581908226013e-01
1.079946830868721008e-01
1.067370176315307617e-01
1.076274067163467407e-01
1.238936334848403931e-01
1.226495802402496338e-01
1.235433518886566162e-01
8.454558253288269043e-02
8.477966487407684326e-02
8.572137355804443359e-02
8.796912431716918945e-02
9.010076522827148438e-02
9.246683120727539062e-02
9.498088061809539795e-02
9.746824949979782104e-02
1.000002250075340271e-01
1.024775132536888123e-01
1.062795072793960571e-01
1.050255745649337769e-01
1.059013456106185913e-01
1.256741136312484741e-01
1.253461539745330811e-01
1.244185268878936768e-01
1.274911761283874512e-01
1.271574646234512329e-01
1.262276768684387207e-01
1.293031722307205200e-01
1.280303895473480225e-01
1.289565563201904297e-01
1.310555040836334229e-01
1.298652291297912598e-01
1.307573616504669189e-01
1.328907310962677002e-01
1.316317468881607056e-01
1.325005292892456055e-01
1.335547417402267456e-01
1.362230926752090454e-01
1.386423408985137939e-01
1.409508436918258667e-01
1.441391259431838989e-01
1.440657228231430054e-01
1.431820541620254517e-01
1.450645327568054199e-01
1.469739824533462524e-01
1.499619185924530029e-01
1.489309221506118774e-01
1.500631272792816162e-01
1.521455645561218262e-01
1.510463654994964600e-01
1.511720418930053711e-01
1.212650462985038757e-01
1.230336129665374756e-01
1.194744631648063660e-01
1.177121698856353760e-01
1.159374266862869263e-01
1.141705140471458435e-01
1.124150454998016357e-01
1.106325611472129822e-01
1.088868677616119385e-01
1.071465164422988892e-01
1.247883886098861694e-01
8.653699606657028198e-02
8.551939576864242554e-02
8.676048368215560913e-02
8.915264159440994263e-02
8.803564310073852539e-02
8.907386660575866699e-02
9.017495810985565186e-02
9.203295409679412842e-02
9.285637736320495605e-02
9.160222858190536499e-02
9.447948634624481201e-02
9.409183263778686523e-02
9.536409378051757812e-02
9.699019789695739746e-02
9.787335991859436035e-02
9.664374589920043945e-02
9.953127056360244751e-02
1.004017591476440430e-01
9.912280738353729248e-02
1.020574644207954407e-01
1.029054448008537292e-01
1.016389802098274231e-01
1.045406311750411987e-01
1.041607186198234558e-01
1.053886413574218750e-01
1.266046166419982910e-01
1.283512562513351440e-01
1.302125751972198486e-01
1.319584548473358154e-01
1.339090764522552490e-01
1.354475021362304688e-01
1.364812552928924561e-01
1.351851075887680054e-01
1.378576904535293579e-01
1.377158910036087036e-01
1.388385444879531860e-01
1.402835994958877563e-01
1.400653272867202759e-01
1.412611007690429688e-01
1.427116692066192627e-01
1.423973143100738525e-01
1.434748917818069458e-01
1.454405784606933594e-01
1.448012888431549072e-01
1.457156240940093994e-01
1.466959267854690552e-01
1.479522287845611572e-01
1.489596664905548096e-01
1.479586362838745117e-01
1.518054008483886719e-01
1.519248485565185547e-01
1.508708000183105469e-01
1.228889450430870056e-01
1.216058731079101562e-01
1.224701926112174988e-01
1.246662288904190063e-01
1.233790516853332520e-01
1.242861449718475342e-01
1.211044192314147949e-01
1.207363158464431763e-01
1.198385283350944519e-01
1.193357408046722412e-01
1.189577728509902954e-01
1.180555522441864014e-01
1.175551861524581909e-01
1.172035261988639832e-01
1.162869930267333984e-01
1.157860457897186279e-01
1.145625561475753784e-01
1.154029890894889832e-01
1.140220910310745239e-01
1.127669960260391235e-01
1.136584803462028503e-01
1.123233214020729065e-01
1.118681728839874268e-01
1.110489964485168457e-01
1.105290204286575317e-01
1.092742681503295898e-01
1.101416051387786865e-01
1.087719127535820007e-01
1.075177192687988281e-01
1.084398478269577026e-01
1.264261454343795776e-01
1.251749545335769653e-01
1.260763406753540039e-01
8.425670862197875977e-02
8.438935875892639160e-02
8.541622757911682129e-02
8.783894777297973633e-02
9.057007730007171631e-02
9.329295158386230469e-02
9.574663639068603516e-02
9.823965281248092651e-02
1.007588207721710205e-01
1.032798737287521362e-01
1.070704907178878784e-01
1.058044433593750000e-01
1.066491454839706421e-01
1.282133460044860840e-01
1.269652247428894043e-01
1.278436779975891113e-01
1.300144791603088379e-01
1.287663877010345459e-01
1.296459734439849854e-01
1.317893415689468384e-01
1.305503547191619873e-01
1.314285397529602051e-01
1.335873603820800781e-01
1.323481798171997070e-01
1.332316100597381592e-01
1.341981291770935059e-01
1.366558969020843506e-01
1.390739381313323975e-01
1.414992809295654297e-01
1.441062688827514648e-01
1.466612815856933594e-01
1.498291492462158203e-01
1.498659551143646240e-01
1.488814353942871094e-01
1.539627015590667725e-01
1.528605073690414429e-01
1.530391573905944824e-01
1.508225202560424805e-01
1.237647086381912231e-01
1.219814792275428772e-01
1.255535185337066650e-01
1.202110126614570618e-01
1.184264123439788818e-01
1.166790351271629333e-01
1.149278283119201660e-01
1.131648793816566467e-01
1.113934665918350220e-01
1.096936315298080444e-01
1.079306825995445251e-01
1.273176670074462891e-01
8.642955869436264038e-02
8.537452667951583862e-02
8.650544285774230957e-02
8.820933103561401367e-02
8.866702765226364136e-02
8.740015327930450439e-02
9.029998630285263062e-02
9.119893610477447510e-02
8.975211530923843384e-02
9.278906881809234619e-02
9.368068724870681763e-02
9.238690137863159180e-02
9.529573470354080200e-02
9.617297351360321045e-02
9.492283314466476440e-02
9.778754413127899170e-02
9.738586097955703735e-02
9.865397214889526367e-02
1.002914607524871826e-01
9.989334642887115479e-02
1.011874899268150330e-01
1.028143540024757385e-01
1.024034470319747925e-01
1.036852896213531494e-01
1.053133904933929443e-01
1.061742454767227173e-01
1.049107611179351807e-01
1.290998458862304688e-01
1.309007108211517334e-01
1.326986849308013916e-01
1.345317363739013672e-01
1.361258924007415771e-01
1.357776969671249390e-01
1.369660198688507080e-01
1.385731697082519531e-01
1.382325589656829834e-01
1.394256502389907837e-01
1.410135924816131592e-01
1.418988853693008423e-01
1.406478732824325562e-01
1.435317844152450562e-01
1.431145668029785156e-01
1.445032060146331787e-01
1.460050642490386963e-01
1.457305550575256348e-01
1.469834595918655396e-01
1.484239548444747925e-01
1.481782495975494385e-01
1.491831839084625244e-01
1.531593501567840576e-01
1.524824202060699463e-01
1.535394042730331421e-01
1.507188677787780762e-01
1.503314077854156494e-01
1.512670814990997314e-01
1.556561738252639771e-01
1.544047296047210693e-01
1.547948718070983887e-01
1.253924965858459473e-01
1.241408884525299072e-01
1.250491738319396973e-01
1.236431747674942017e-01
1.232443451881408691e-01
1.223512962460517883e-01
1.271848082542419434e-01
1.259204596281051636e-01
1.268093883991241455e-01
1.218351572751998901e-01
1.215074360370635986e-01
1.205977201461791992e-01
1.201309785246849060e-01
1.188507676124572754e-01
1.197046041488647461e-01
1.183346584439277649e-01
1.170699074864387512e-01
1.179431676864624023e-01
1.165783405303955078e-01
1.152911409735679626e-01
1.161577999591827393e-01
1.148126572370529175e-01
1.144034266471862793e-01
1.135451197624206543e-01
1.130398437380790710e-01
1.126611307263374329e-01
1.117956638336181641e-01
1.113089546561241150e-01
1.109169572591781616e-01
1.100598350167274475e-01
1.095415428280830383e-01
1.092052608728408813e-01
1.082978844642639160e-01
1.289843320846557617e-01
1.276866048574447632e-01
1.285610646009445190e-01
8.413679897785186768e-02
8.420194685459136963e-02
8.528609573841094971e-02
8.734428137540817261e-02
8.927631378173828125e-02
9.154459834098815918e-02
9.404543042182922363e-02
9.653648734092712402e-02
9.905148297548294067e-02
1.015373170375823975e-01
1.040476635098457336e-01
1.078172326087951660e-01
1.074053719639778137e-01
1.065663844347000122e-01
1.307450681924819946e-01
1.303856223821640015e-01
1.295268088579177856e-01
1.324893236160278320e-01
1.312874853610992432e-01
1.321688145399093628e-01
1.343083381652832031e-01
1.330448091030120850e-01
1.339585781097412109e-01
1.348529607057571411e-01
1.373084485530853271e-01
1.398221254348754883e-01
1.422752737998962402e-01
1.447781920433044434e-01
1.471943855285644531e-01
1.495858430862426758e-01
1.519887298345565796e-01
1.547434031963348389e-01
1.539454460144042969e-01
1.551697701215744019e-01
1.263139843940734863e-01
1.245310232043266296e-01
1.227467209100723267e-01
1.280660927295684814e-01
1.209493428468704224e-01
1.192544996738433838e-01
1.174364089965820312e-01
1.156831532716751099e-01
1.139473915100097656e-01
1.121942028403282166e-01
1.104269549250602722e-01
1.086844056844711304e-01
1.298537105321884155e-01
8.661974966526031494e-02
8.653798699378967285e-02
8.538686484098434448e-02
8.870159089565277100e-02
8.757144212722778320e-02
8.846754580736160278e-02
8.951459825038909912e-02
9.111897647380828857e-02
9.070584923028945923e-02
9.196898341178894043e-02
9.356505423784255981e-02
9.320005774497985840e-02
9.443826973438262939e-02
9.610135853290557861e-02
9.691540896892547607e-02
9.568383544683456421e-02
9.856212139129638672e-02
9.817668050527572632e-02
9.944503009319305420e-02
1.010921373963356018e-01
1.006681248545646667e-01
1.019248291850090027e-01
1.035960018634796143e-01
1.044576615095138550e-01
1.031735464930534363e-01
1.060543134808540344e-01
1.057022884488105774e-01
1.069281399250030518e-01
1.315887570381164551e-01
1.334102451801300049e-01
1.352140009403228760e-01
1.367975175380706787e-01
1.364462971687316895e-01
1.376786679029464722e-01
1.392979770898818970e-01
1.389286518096923828e-01
1.401927322149276733e-01
1.418089270591735840e-01
1.414279937744140625e-01
1.426713168621063232e-01
1.442660391330718994e-01
1.439482569694519043e-01
1.451058089733123779e-01
1.467595994472503662e-01
1.463607847690582275e-01
1.475794911384582520e-01
1.492601186037063599e-01
1.488369703292846680e-01
1.499800086021423340e-01
1.520279943943023682e-01
1.514319777488708496e-01
1.526242196559906006e-01
1.572664529085159302e-01
1.559669524431228638e-01
1.564542949199676514e-01
1.534143686294555664e-01
1.279572248458862305e-01
1.266789287328720093e-01
1.275294125080108643e-01
1.261748373508453369e-01
1.249361261725425720e-01
1.257744878530502319e-01
1.244110316038131714e-01
1.231231242418289185e-01
1.240341886878013611e-01
1.296817064285278320e-01
1.284089684486389160e-01
1.293416470289230347e-01
1.226249486207962036e-01
1.213622391223907471e-01
1.222657561302185059e-01
1.208714246749877930e-01
1.196100860834121704e-01
1.204523593187332153e-01
1.191022843122482300e-01
1.178041398525238037e-01
1.187227666378021240e-01
1.173297390341758728e-01
1.169429272413253784e-01
1.160721182823181152e-01
1.155989319086074829e-01
1.143450736999511719e-01
1.152043715119361877e-01
1.138328313827514648e-01
1.134548932313919067e-01
1.125905513763427734e-01
1.120683699846267700e-01
1.116679683327674866e-01
1.108268797397613525e-01
1.103533506393432617e-01
1.090909689664840698e-01
1.099420264363288879e-01
1.315099596977233887e-01
1.302431225776672363e-01
1.311128288507461548e-01
8.419576287269592285e-02
8.417962491512298584e-02
8.540262281894683838e-02
8.764685690402984619e-02
8.987396955490112305e-02
9.234124422073364258e-02
9.483969211578369141e-02
9.734283387660980225e-02
9.984497725963592529e-02
1.023171097040176392e-01
1.048034206032752991e-01
1.085925698280334473e-01
1.073679700493812561e-01
1.081786453723907471e-01
1.332700550556182861e-01
1.319755613803863525e-01
1.328761875629425049e-01
1.350311636924743652e-01
1.346444636583328247e-01
1.337531805038452148e-01
1.355433762073516846e-01
1.380622684955596924e-01
1.405433416366577148e-01
1.430232077836990356e-01
1.455074995756149292e-01
1.480279117822647095e-01
1.506491303443908691e-01
1.561865806579589844e-01
1.567374169826507568e-01
1.555175781250000000e-01
1.540291011333465576e-01
1.543688029050827026e-01
1.530528068542480469e-01
1.551592200994491577e-01
1.288000941276550293e-01
1.270413100719451904e-01
1.252569854259490967e-01
1.234867051243782043e-01
1.305881440639495850e-01
1.217413768172264099e-01
1.199754178524017334e-01
1.182327941060066223e-01
1.164745539426803589e-01
1.146974787116050720e-01
1.129226535558700562e-01
1.112140119075775146e-01
1.094237416982650757e-01
1.323721408843994141e-01
8.584997057914733887e-02
8.623254299163818359e-02
8.499889820814132690e-02
8.940550684928894043e-02
8.802506327629089355e-02
8.903609216213226318e-02
9.025055915117263794e-02
9.187441319227218628e-02
9.146991372108459473e-02
9.274498373270034790e-02
9.435100853443145752e-02
9.520006179809570312e-02
9.397917985916137695e-02
9.685637801885604858e-02
9.773508459329605103e-02
9.648207575082778931e-02
9.937442839145660400e-02
9.896343946456909180e-02
1.002349853515625000e-01
1.018423810601234436e-01
1.014648079872131348e-01
1.027267947793006897e-01
1.043468415737152100e-01
1.039854139089584351e-01
1.052097678184509277e-01
1.068672835826873779e-01
1.064762845635414124e-01
1.077332347631454468e-01
1.341495811939239502e-01
1.359150260686874390e-01
1.375425904989242554e-01
1.371524780988693237e-01
1.384249627590179443e-01
1.400168240070343018e-01
1.396812051534652710e-01
1.408982574939727783e-01
1.425163149833679199e-01
1.421557962894439697e-01
1.433835625648498535e-01
1.449984461069107056e-01
1.446499526500701904e-01
1.458975076675415039e-01
1.474747359752655029e-01
1.471330225467681885e-01
1.483553498983383179e-01
1.500464379787445068e-01
1.510654985904693604e-01
1.496370881795883179e-01
1.587162017822265625e-01
1.574440598487854004e-01
1.579732000827789307e-01
1.524394750595092773e-01
1.522312462329864502e-01
1.532171070575714111e-01
1.549115180969238281e-01
1.544343084096908569e-01
1.555585265159606934e-01
1.304370760917663574e-01
1.291951239109039307e-01
1.300847679376602173e-01
1.286924481391906738e-01
1.282820403575897217e-01
1.274204403162002563e-01
1.269142329692840576e-01
1.265311837196350098e-01
1.256963759660720825e-01
1.251216828823089600e-01
1.238975152373313904e-01
1.247598007321357727e-01
1.322256624698638916e-01
1.309587955474853516e-01
1.318611353635787964e-01
1.233903765678405762e-01
1.221126392483711243e-01
1.230042278766632080e-01
1.216330602765083313e-01
1.203601658344268799e-01
1.212436035275459290e-01
1.198749095201492310e-01
1.194683089852333069e-01
1.185929030179977417e-01
1.181131303310394287e-01
1.177517473697662354e-01
1.168006956577301025e-01
1.163849532604217529e-01
1.159919798374176025e-01
1.151082515716552734e-01
1.146185398101806641e-01
1.133559718728065491e-01
1.142049580812454224e-01
1.128412932157516479e-01
1.115806922316551208e-01
1.124991253018379211e-01
1.110999658703804016e-01
1.098420023918151855e-01
1.107536107301712036e-01
1.339818537235260010e-01
1.327620148658752441e-01
1.336175203323364258e-01
8.440038561820983887e-02
8.430653065443038940e-02
8.513476699590682983e-02
8.788618445396423340e-02
8.688644319772720337e-02
8.727207034826278687e-02
8.868313580751419067e-02
9.062138944864273071e-02
9.312760084867477417e-02
9.559452533721923828e-02
9.808197617530822754e-02
1.005780175328254700e-01
1.031279563903808594e-01
1.055871099233627319e-01
1.093730926513671875e-01
1.081236079335212708e-01
1.089641004800796509e-01
1.358201205730438232e-01
1.353929340839385986e-01
1.345098614692687988e-01
1.362751722335815430e-01
1.387794911861419678e-01
1.412870287895202637e-01
1.437604725360870361e-01
1.462590694427490234e-01
1.487780809402465820e-01
1.511891484260559082e-01
1.575291752815246582e-01
1.568255573511123657e-01
1.581473052501678467e-01
1.536686420440673828e-01
1.562105119228363037e-01
1.313268542289733887e-01
1.295957416296005249e-01
1.277950853109359741e-01
1.260518431663513184e-01
1.242737621068954468e-01
1.331011503934860229e-01
1.225141510367393494e-01
1.207393556833267212e-01
1.189795210957527161e-01
1.172242984175682068e-01
1.154698953032493591e-01
1.137505471706390381e-01
1.120023280382156372e-01
1.102449670433998108e-01
1.348883509635925293e-01
8.642885088920593262e-02
8.544157445430755615e-02
8.612391352653503418e-02
8.716884255409240723e-02
9.027927368879318237e-02
8.906619995832443237e-02
8.986440300941467285e-02
9.106816351413726807e-02
9.266095608472824097e-02
9.350109100341796875e-02
9.224519133567810059e-02
9.512525796890258789e-02
9.474903345108032227e-02
9.597814083099365234e-02
9.762626886367797852e-02
9.723967313766479492e-02
9.848183393478393555e-02
1.001324355602264404e-01
9.973238408565521240e-02
1.010088324546813965e-01
1.026404947042465210e-01
1.022278368473052979e-01
1.034811735153198242e-01
1.051375269889831543e-01
1.047241091728210449e-01
1.059837415814399719e-01
1.076382324099540710e-01
1.072431802749633789e-01
1.085167229175567627e-01
1.366457492113113403e-01
1.382546722888946533e-01
1.378899961709976196e-01
1.391424238681793213e-01
1.407620459794998169e-01
1.403947472572326660e-01
1.416441798210144043e-01
1.432504206895828247e-01
1.429213583469390869e-01
1.441066265106201172e-01
1.457532644271850586e-01
1.453987956047058105e-01
1.465954482555389404e-01
1.482806503772735596e-01
1.478715538978576660e-01
1.491615474224090576e-01
1.507458686828613281e-01
1.503377258777618408e-01
1.515889912843704224e-01
1.600985676050186157e-01
1.587864160537719727e-01
1.593846678733825684e-01
1.532111316919326782e-01
1.528432071208953857e-01
1.540180295705795288e-01
1.561492681503295898e-01
1.555214077234268188e-01
1.568374633789062500e-01
1.588811129331588745e-01
1.575420796871185303e-01
1.581655293703079224e-01
1.329688280820846558e-01
1.317107379436492920e-01
1.325790435075759888e-01
1.312290281057357788e-01
1.299429237842559814e-01
1.308453977108001709e-01
1.294570118188858032e-01
1.282135546207427979e-01
1.290723234415054321e-01
1.276954859495162964e-01
1.264016926288604736e-01
1.273320317268371582e-01
1.258988082408905029e-01
1.246704459190368652e-01
1.255593746900558472e-01
1.347688436508178711e-01
1.334681063890457153e-01
1.343631595373153687e-01
1.241481751203536987e-01
1.237570643424987793e-01
1.229077279567718506e-01
1.223867982625961304e-01
1.220332682132720947e-01
1.211321577429771423e-01
1.206419989466667175e-01
1.193689405918121338e-01
1.202624589204788208e-01
1.188878417015075684e-01
1.176099181175231934e-01
1.185069307684898376e-01
1.171095818281173706e-01
1.158697828650474548e-01
1.167565882205963135e-01
1.153829246759414673e-01
1.140969768166542053e-01
1.150051951408386230e-01
1.136313974857330322e-01
1.123791933059692383e-01
1.132425218820571899e-01
1.119291633367538452e-01
1.114916205406188965e-01
1.106309741735458374e-01
1.365024298429489136e-01
1.352485716342926025e-01
1.361153721809387207e-01
8.475749194622039795e-02
8.459773659706115723e-02
8.557577431201934814e-02
8.865867555141448975e-02
8.830897510051727295e-02
8.751236647367477417e-02
8.949074149131774902e-02
9.147976338863372803e-02
9.390273690223693848e-02
9.641776978969573975e-02
9.887851774692535400e-02
1.013424545526504517e-01
1.038582473993301392e-01
1.063695400953292847e-01
1.101366430521011353e-01
1.097482815384864807e-01
1.088869124650955200e-01
1.370061039924621582e-01
1.395142525434494019e-01
1.420280188322067261e-01
1.444915682077407837e-01
1.469990611076354980e-01
1.495008170604705811e-01
1.519336402416229248e-01
1.594534218311309814e-01
1.546966731548309326e-01
1.579594016075134277e-01
1.584018468856811523e-01
1.570415049791336060e-01
1.338339000940322876e-01
1.320700794458389282e-01
1.303503066301345825e-01
1.285347193479537964e-01
1.268169730901718140e-01
1.250461488962173462e-01
1.355887949466705322e-01
1.232626363635063171e-01
1.215074211359024048e-01
1.197724789381027222e-01
1.180048435926437378e-01
1.162608116865158081e-01
1.144876480102539062e-01
1.127436459064483643e-01
1.109925955533981323e-01
1.374199688434600830e-01
8.705157041549682617e-02
8.676402270793914795e-02
8.589404821395874023e-02
8.786652237176895142e-02
9.103520214557647705e-02
8.985489606857299805e-02
9.065269678831100464e-02
9.185065329074859619e-02
9.343953430652618408e-02
9.306285530328750610e-02
9.432102739810943604e-02
9.593035280704498291e-02
9.553907066583633423e-02
9.677964448928833008e-02
9.839349985122680664e-02
9.801525622606277466e-02
9.927588701248168945e-02
1.009173542261123657e-01
1.005305424332618713e-01
1.017294675111770630e-01
1.033903881907463074e-01
1.029764264822006226e-01
1.042768210172653198e-01
1.058943122625350952e-01
1.067530810832977295e-01
1.055019572377204895e-01
1.083756387233734131e-01
1.079972535371780396e-01
1.092823445796966553e-01
1.390246301889419556e-01
1.386085152626037598e-01
1.398825794458389282e-01
1.415040194988250732e-01
1.411410123109817505e-01
1.423861980438232422e-01
1.439976692199707031e-01
1.436523795127868652e-01
1.449078768491744995e-01
1.465121209621429443e-01
1.461210250854492188e-01
1.473871618509292603e-01
1.489542126655578613e-01
1.485795378684997559e-01
1.498791277408599854e-01
1.514805108308792114e-01
1.511236280202865601e-01
1.523394584655761719e-01
1.612856686115264893e-01
1.600605845451354980e-01
1.606672853231430054e-01
1.539924740791320801e-01
1.535861343145370483e-01
1.550923436880111694e-01
1.602549850940704346e-01
1.591010242700576782e-01
1.595676392316818237e-01
1.564234495162963867e-01
1.563082486391067505e-01
1.572129130363464355e-01
1.354846060276031494e-01
1.342390775680541992e-01
1.351246535778045654e-01
1.337330937385559082e-01
1.324611157178878784e-01
1.333292871713638306e-01
1.319589912891387939e-01
1.315645277500152588e-01
1.306946128606796265e-01
1.302354633808135986e-01
1.289380639791488647e-01
1.298137158155441284e-01
1.284322440624237061e-01
1.272007226943969727e-01
1.280821561813354492e-01
1.266630738973617554e-01
1.263169944286346436e-01
1.254190802574157715e-01
1.372431367635726929e-01
1.359936594963073730e-01
1.368474066257476807e-01
1.249379143118858337e-01
1.236494928598403931e-01
1.245372891426086426e-01
1.231765896081924438e-01
1.218903288245201111e-01
1.227756813168525696e-01
1.214235872030258179e-01
1.201693564653396606e-01
1.210394650697708130e-01
1.196525543928146362e-01
1.183858737349510193e-01
1.192548573017120361e-01
1.178990080952644348e-01
1.166366785764694214e-01
1.175145059823989868e-01
1.161525100469589233e-01
1.157450452446937561e-01
1.148728802800178528e-01
1.143793314695358276e-01
1.140271574258804321e-01
1.131340488791465759e-01
1.126307398080825806e-01
1.113685965538024902e-01
1.122703477740287781e-01
1.377472281455993652e-01
8.529515564441680908e-02
8.500458300113677979e-02
8.614520728588104248e-02
8.933442831039428711e-02
8.818645775318145752e-02
8.898476511240005493e-02
9.017942100763320923e-02
9.224817156791687012e-02
9.469360113143920898e-02
9.714528918266296387e-02
9.962961077690124512e-02
1.021509468555450439e-01
1.046573817729949951e-01
1.071514710783958435e-01
1.108990237116813660e-01
1.096443831920623779e-01
1.105104237794876099e-01
1.402442306280136108e-01
1.427609771490097046e-01
1.452364325523376465e-01
1.477656066417694092e-01
1.502439230680465698e-01
1.527114659547805786e-01
1.607635021209716797e-01
1.552382260560989380e-01
1.589000523090362549e-01
1.584011316299438477e-01
1.595437526702880859e-01
1.576409637928009033e-01
1.345974802970886230e-01
1.363731324672698975e-01
1.328523308038711548e-01
1.310836672782897949e-01
1.293339729309082031e-01
1.275476366281509399e-01
1.258031576871871948e-01
1.381480097770690918e-01
1.240433230996131897e-01
1.223048195242881775e-01
1.205299943685531616e-01
1.187936216592788696e-01
1.170198321342468262e-01
1.152414157986640930e-01
1.135279387235641479e-01
1.117762476205825806e-01
8.764907717704772949e-02
8.645465970039367676e-02
8.735221624374389648e-02
8.848864585161209106e-02
9.174939990043640137e-02
9.053938090801239014e-02
9.138713777065277100e-02
9.260004758834838867e-02
9.419683367013931274e-02
9.383560717105865479e-02
9.505209326744079590e-02
9.667172282934188843e-02
9.629831463098526001e-02
9.752684831619262695e-02
9.916914254426956177e-02
9.878677874803543091e-02
1.000292003154754639e-01
1.016759723424911499e-01
1.025272011756896973e-01
1.012676209211349487e-01
1.041997745633125305e-01
1.037605553865432739e-01
1.050311848521232605e-01
1.066539138555526733e-01
1.075154542922973633e-01
1.062756851315498352e-01
1.091524213552474976e-01
1.087651178240776062e-01
1.100147962570190430e-01
1.397540569305419922e-01
1.406557410955429077e-01
1.393682211637496948e-01
1.422640383243560791e-01
1.431475132703781128e-01
1.418945640325546265e-01
1.447987258434295654e-01
1.443846225738525391e-01
1.456423997879028320e-01
1.472423225641250610e-01
1.468662470579147339e-01
1.481522023677825928e-01
1.497814357280731201e-01
1.506316065788269043e-01
1.493603289127349854e-01
1.522174179553985596e-01
1.518714427947998047e-01
1.530976891517639160e-01
1.623995453119277954e-01
1.613235175609588623e-01
1.618380993604660034e-01
1.547517031431198120e-01
1.543406993150711060e-01
1.555540710687637329e-01
1.611051559448242188e-01
1.600192487239837646e-01
1.606847494840621948e-01
1.571840643882751465e-01
1.568060666322708130e-01
1.580341160297393799e-01
1.362307667732238770e-01
1.350081861019134521e-01
1.358666867017745972e-01
1.380027085542678833e-01
1.376349031925201416e-01
1.367309242486953735e-01
1.344969570636749268e-01
1.332400888204574585e-01
1.341105699539184570e-01
1.327205151319503784e-01
1.314371526241302490e-01
1.323568820953369141e-01
1.309595704078674316e-01
1.305914819240570068e-01
1.297420263290405273e-01
1.292199939489364624e-01
1.288212090730667114e-01
1.279468089342117310e-01
1.274475157260894775e-01
1.270880699157714844e-01
1.262265741825103760e-01
1.385236531496047974e-01
1.256993860006332397e-01
1.244223564863204956e-01
1.253487765789031982e-01
1.239418685436248779e-01
1.226635873317718506e-01
1.235273629426956177e-01
1.221877261996269226e-01
1.209140866994857788e-01
1.217993944883346558e-01
1.204356178641319275e-01
1.200428903102874756e-01
1.191589534282684326e-01
1.186391562223434448e-01
1.182779669761657715e-01
1.174219697713851929e-01
1.168902516365051270e-01
1.156807392835617065e-01
1.165001913905143738e-01
1.151349097490310669e-01
1.138996705412864685e-01
1.147660836577415466e-01
1.133785545825958252e-01
1.121594533324241638e-01
1.130294650793075562e-01
8.593131601810455322e-02
8.560960739850997925e-02
8.676987141370773315e-02
9.006442129611968994e-02
8.887170255184173584e-02
8.966989070177078247e-02
9.092244505882263184e-02
9.297480434179306030e-02
9.544515609741210938e-02
9.792236238718032837e-02
1.004307791590690613e-01
1.029000729322433472e-01
1.053944081068038940e-01
1.079053506255149841e-01
1.116935759782791138e-01
1.112984344363212585e-01
1.104104742407798767e-01
1.409942805767059326e-01
1.435303688049316406e-01
1.459937840700149536e-01
1.485001444816589355e-01
1.510213613510131836e-01
1.535011678934097290e-01
1.617972850799560547e-01
1.559368968009948730e-01
1.595571041107177734e-01
1.592328697443008423e-01
1.603749692440032959e-01
1.583499610424041748e-01
1.353873312473297119e-01
1.371408849954605103e-01
1.388626694679260254e-01
1.336647868156433105e-01
1.318319588899612427e-01
1.300741434097290039e-01
1.283384114503860474e-01
1.265842914581298828e-01
1.248098313808441162e-01
1.230642125010490417e-01
1.212840452790260315e-01
1.195442527532577515e-01
1.177896708250045776e-01
1.159937977790832520e-01
1.143046021461486816e-01
1.125236228108406067e-01
8.837445080280303955e-02
8.716683089733123779e-02
8.800311386585235596e-02
8.922150731086730957e-02
9.249477833509445190e-02
9.130387008190155029e-02
9.212591499090194702e-02
9.336638450622558594e-02
9.498348832130432129e-02
9.458120167255401611e-02
9.587340056896209717e-02
9.746053814888000488e-02
9.832394123077392578e-02
9.703819453716278076e-02
9.995190054178237915e-02
1.008240953087806702e-01
9.956037253141403198e-02
1.024195849895477295e-01
1.033124923706054688e-01
1.020514070987701416e-01
1.048986390233039856e-01
1.057786568999290466e-01
1.045227646827697754e-01
1.074036583304405212e-01
1.082867383956909180e-01
1.070538014173507690e-01
1.098851636052131653e-01
1.107920110225677490e-01
1.095447689294815063e-01
1.405135691165924072e-01
1.401228308677673340e-01
1.413888484239578247e-01
1.430095434188842773e-01
1.438919901847839355e-01
1.426641941070556641e-01
1.455336064100265503e-01
1.451624929904937744e-01
1.463777273893356323e-01
1.480433344841003418e-01
1.476569622755050659e-01
1.488989293575286865e-01
1.504975408315658569e-01
1.501475572586059570e-01
1.514026820659637451e-01
1.530127823352813721e-01
1.526407003402709961e-01
1.538342535495758057e-01
1.633728146553039551e-01
1.622618138790130615e-01
1.628769487142562866e-01
1.554857194423675537e-01
1.550768911838531494e-01
1.563242673873901367e-01
1.618661433458328247e-01
1.607135236263275146e-01
1.615100204944610596e-01
1.579639762639999390e-01
1.575808525085449219e-01
1.587560772895812988e-01
1.369880735874176025e-01
1.357536613941192627e-01
1.366004347801208496e-01
1.387833058834075928e-01
1.375064700841903687e-01
1.383624374866485596e-01
1.392771601676940918e-01
1.352705806493759155e-01
1.340040713548660278e-01
1.348723769187927246e-01
1.334924548864364624e-01
1.331389695405960083e-01
1.322182714939117432e-01
1.317473649978637695e-01
1.304792463779449463e-01
1.313618421554565430e-01
1.299920976161956787e-01
1.287228167057037354e-01
1.296145468950271606e-01
1.282350718975067139e-01
1.269473135471343994e-01
1.278206110000610352e-01
1.264356523752212524e-01
1.251922845840454102e-01
1.260650604963302612e-01
1.247109398245811462e-01
1.243155375123023987e-01
1.234727352857589722e-01
1.229716092348098755e-01
1.225574687123298645e-01
1.216581463813781738e-01
1.211841702461242676e-01
1.199165880680084229e-01
1.208065152168273926e-01
1.194308698177337646e-01
1.190538406372070312e-01
1.181599795818328857e-01
1.176449954509735107e-01
1.164178252220153809e-01
1.173076629638671875e-01
1.159297823905944824e-01
1.146803051233291626e-01
1.155802160501480103e-01
1.141702905297279358e-01
1.137905791401863098e-01
1.129094660282135010e-01
8.672815561294555664e-02
8.630175143480300903e-02
8.755479007959365845e-02
9.078460186719894409e-02
8.957310020923614502e-02
9.040446579456329346e-02
9.168886393308639526e-02
9.373231232166290283e-02
9.622097015380859375e-02
9.870128333568572998e-02
1.011897772550582886e-01
1.036796569824218750e-01
1.061726361513137817e-01
1.086631715297698975e-01
1.124168857932090759e-01
1.120519489049911499e-01
1.111703515052795410e-01
1.417418420314788818e-01
1.442916691303253174e-01
1.468040645122528076e-01
1.492920517921447754e-01
1.517985910177230835e-01
1.542588770389556885e-01
1.626136600971221924e-01
1.567319780588150024e-01
1.602962166070938110e-01
1.610514074563980103e-01
1.599257141351699829e-01
1.591315269470214844e-01
1.361523121595382690e-01
1.378946304321289062e-01
1.396542787551879883e-01
1.344016343355178833e-01
1.326398402452468872e-01
1.308647096157073975e-01
1.290947794914245605e-01
1.273417621850967407e-01
1.255576908588409424e-01
1.238365024328231812e-01
1.220514476299285889e-01
1.203013062477111816e-01
1.185326352715492249e-01
1.168027371168136597e-01
1.150475442409515381e-01
1.132922023534774780e-01
8.917537331581115723e-02
8.877114206552505493e-02
8.797113597393035889e-02
8.998108655214309692e-02
9.326484799385070801e-02
9.288185834884643555e-02
9.202426671981811523e-02
9.412871301174163818e-02
9.576837718486785889e-02
9.658594429492950439e-02
9.535250067710876465e-02
9.820841252803802490e-02
9.784568101167678833e-02
9.907535463571548462e-02
1.006880626082420349e-01
1.015653759241104126e-01
1.003146618604660034e-01
1.031833365559577942e-01
1.028156876564025879e-01
1.040618866682052612e-01
1.056585088372230530e-01
1.052795350551605225e-01
1.065472736954689026e-01
1.081735640764236450e-01
1.077785044908523560e-01
1.090347170829772949e-01
1.106966584920883179e-01
1.102759838104248047e-01
1.115358993411064148e-01
1.412854790687561035e-01
1.421585083007812500e-01
1.409133076667785645e-01
1.437926143407821655e-01
1.434378623962402344e-01
1.446470618247985840e-01
1.463163048028945923e-01
1.458957940340042114e-01
1.471496075391769409e-01
1.488012969493865967e-01
1.484012901782989502e-01
1.496912837028503418e-01
1.512701511383056641e-01
1.509031057357788086e-01
1.521164476871490479e-01
1.537756323814392090e-01
1.546534597873687744e-01
1.533801555633544922e-01
1.641235649585723877e-01
1.630290001630783081e-01
1.637504696846008301e-01
1.562912166118621826e-01
1.571092307567596436e-01
1.558880805969238281e-01
1.625976711511611938e-01
1.614256054162979126e-01
1.622129082679748535e-01
1.587182879447937012e-01
1.583234369754791260e-01
1.595185399055480957e-01
1.377723962068557739e-01
1.365047842264175415e-01
1.373964846134185791e-01
1.395157873630523682e-01
1.382470577955245972e-01
1.391584873199462891e-01
1.400298476219177246e-01
1.359844058752059937e-01
1.347845494747161865e-01
1.356465816497802734e-01
1.342535912990570068e-01
1.329941302537918091e-01
1.339068859815597534e-01
1.325174570083618164e-01
1.312575340270996094e-01
1.321266293525695801e-01
1.307429075241088867e-01
1.294662356376647949e-01
1.303443908691406250e-01
1.290149539709091187e-01
1.277242600917816162e-01
1.286258697509765625e-01
1.272408068180084229e-01
1.268319636583328247e-01
1.259576827287673950e-01
1.254580169916152954e-01
1.242118254303932190e-01
1.250965595245361328e-01
1.236907690763473511e-01
1.224596053361892700e-01
1.233366578817367554e-01
1.219473481178283691e-01
1.206785738468170166e-01
1.215685606002807617e-01
1.201856881380081177e-01
1.189486235380172729e-01
1.198037192225456238e-01
1.184393018484115601e-01
1.180476620793342590e-01
1.171731501817703247e-01
1.166874766349792480e-01
1.162664070725440979e-01
1.154524907469749451e-01
1.148895770311355591e-01
1.136422455310821533e-01
1.145603284239768982e-01
8.768406510353088379e-02
8.720944821834564209e-02
8.841761946678161621e-02
9.159953892230987549e-02
9.122075140476226807e-02
9.039524197578430176e-02
9.244688600301742554e-02
9.452938288450241089e-02
9.702196717262268066e-02
9.943842887878417969e-02
1.019214093685150146e-01
1.044326722621917725e-01
1.068873628973960876e-01
1.094134300947189331e-01
1.131687611341476440e-01
1.119030714035034180e-01
1.127820163965225220e-01
1.425680816173553467e-01
1.450659483671188354e-01
1.475518494844436646e-01
1.500117480754852295e-01
1.525317132472991943e-01
1.550577133893966675e-01
1.633734703063964844e-01
1.574804186820983887e-01
1.609804034233093262e-01
1.606391668319702148e-01
1.617850363254547119e-01
1.598735749721527100e-01
1.369328498840332031e-01
1.386325061321258545e-01
1.404209733009338379e-01
1.351856887340545654e-01
1.333696991205215454e-01
1.316308081150054932e-01
1.298836171627044678e-01
1.281252205371856689e-01
1.263588964939117432e-01
1.245931908488273621e-01
1.228462755680084229e-01
1.210651397705078125e-01
1.193120181560516357e-01
1.175430119037628174e-01
1.157951653003692627e-01
1.140576899051666260e-01
9.012134373188018799e-02
8.962626010179519653e-02
8.888674527406692505e-02
9.087856113910675049e-02
9.405155479907989502e-02
9.283667057752609253e-02
9.365842491388320923e-02
9.489069879055023193e-02
9.649710357189178467e-02
9.612607955932617188e-02
9.736650437116622925e-02
9.897909313440322876e-02
9.858807921409606934e-02
9.983014315366744995e-02
1.014599725604057312e-01
1.010908111929893494e-01
1.023250743746757507e-01
1.039167344570159912e-01
1.035466790199279785e-01
1.047750860452651978e-01
1.064266264438629150e-01
1.060497686266899109e-01
1.073055416345596313e-01
1.089171916246414185e-01
1.085309088230133057e-01
1.097938865423202515e-01
1.114267557859420776e-01
1.110316812992095947e-01
1.122869551181793213e-01
1.420306861400604248e-01
1.428944468498229980e-01
1.416431665420532227e-01
1.445625424385070801e-01
1.441850811243057251e-01
1.454262733459472656e-01
1.470694541931152344e-01
1.466683447360992432e-01
1.479431539773941040e-01
1.495690047740936279e-01
1.491968184709548950e-01
1.504223048686981201e-01
1.520693451166152954e-01
1.516811698675155640e-01
1.529458761215209961e-01
1.545533537864685059e-01
1.541946083307266235e-01
1.554303765296936035e-01
1.648133993148803711e-01
1.637091338634490967e-01
1.644779294729232788e-01
1.570229530334472656e-01
1.566628515720367432e-01
1.578713953495025635e-01
1.631738096475601196e-01
1.628350615501403809e-01
1.621015667915344238e-01
1.594925820827484131e-01
1.591028124094009399e-01
1.602293550968170166e-01
1.385336667299270630e-01
1.372828483581542969e-01
1.381429731845855713e-01
1.402888894081115723e-01
1.399107873439788818e-01
1.390253007411956787e-01
1.407698690891265869e-01
1.368085592985153198e-01
1.355238258838653564e-01
1.363880038261413574e-01
1.350438743829727173e-01
1.337884962558746338e-01
1.346474736928939819e-01
1.333105266094207764e-01
1.319960206747055054e-01
1.328957080841064453e-01
1.315456330776214600e-01
1.302670687437057495e-01
1.311420351266860962e-01
1.297654211521148682e-01
1.293656229972839355e-01
1.284821033477783203e-01
1.279910057783126831e-01
1.276164054870605469e-01
1.267554759979248047e-01
1.262459158897399902e-01
1.258577108383178711e-01
1.249863505363464355e-01
1.244680285453796387e-01
1.231919303536415100e-01
1.240728944540023804e-01
1.227366328239440918e-01
1.214397326111793518e-01
1.223218068480491638e-01
1.209492385387420654e-01
1.205821782350540161e-01
1.197093427181243896e-01
1.191841587424278259e-01
1.188087314367294312e-01
1.179403364658355713e-01
1.174361258745193481e-01
1.161621659994125366e-01
1.170800179243087769e-01
1.156818270683288574e-01
1.144213676452636719e-01
1.153077185153961182e-01
8.873319625854492188e-02
8.823065459728240967e-02
8.945599198341369629e-02
9.247913211584091187e-02
9.202875941991806030e-02
9.132149070501327515e-02
9.326740354299545288e-02
9.527985751628875732e-02
9.772592037916183472e-02
1.002113521099090576e-01
1.026832312345504761e-01
1.051891446113586426e-01
1.076782792806625366e-01
1.101519465446472168e-01
1.139321699738502502e-01
1.126489341259002686e-01
1.135235428810119629e-01
1.433261781930923462e-01
1.458224952220916748e-01
1.483078002929687500e-01
1.508150100708007812e-01
1.533233523368835449e-01
1.558281481266021729e-01
1.640153676271438599e-01
1.582016646862030029e-01
1.615652740001678467e-01
1.623977124691009521e-01
1.612741351127624512e-01
1.605804711580276489e-01
1.376464664936065674e-01
1.394240260124206543e-01
1.411644816398620605e-01
1.359155029058456421e-01
1.341492533683776855e-01
1.324135363101959229e-01
1.306509375572204590e-01
1.289096176624298096e-01
1.271266043186187744e-01
1.253403872251510620e-01
1.235939562320709229e-01
1.218451261520385742e-01
1.200791150331497192e-01
1.183270663022994995e-01
1.165542230010032654e-01
1.148009747266769409e-01
9.114644676446914673e-02
8.995911478996276855e-02
9.064856916666030884e-02
9.182542562484741211e-02
9.484196454286575317e-02
9.363806247711181641e-02
9.444591403007507324e-02
9.565915912389755249e-02
9.725420176982879639e-02
9.688219428062438965e-02
9.811067581176757812e-02
9.971605986356735229e-02
9.936773777008056641e-02
1.005963981151580811e-01
1.022019088268280029e-01
1.018097624182701111e-01
1.030585616827011108e-01
1.046924814581871033e-01
1.043297946453094482e-01
1.055484637618064880e-01
1.071867421269416809e-01
1.067712157964706421e-01
1.080035641789436340e-01
1.096749901771545410e-01
1.093124151229858398e-01
1.105515509843826294e-01
1.121529638767242432e-01
1.130417808890342712e-01
1.117709726095199585e-01
1.428006291389465332e-01
1.424247324466705322e-01
1.436918377876281738e-01
1.453387737274169922e-01
1.461795419454574585e-01
1.449678689241409302e-01
1.478377878665924072e-01
1.486933976411819458e-01
1.474506556987762451e-01
1.503308117389678955e-01
1.499497592449188232e-01
1.512066125869750977e-01
1.528104543685913086e-01
1.524859368801116943e-01
1.536889076232910156e-01
1.553564071655273438e-01
1.549340933561325073e-01
1.561954468488693237e-01
1.653011441230773926e-01
1.642568409442901611e-01
1.650571525096893311e-01
1.578073501586914062e-01
1.574174463748931885e-01
1.586285233497619629e-01
1.635484099388122559e-01
1.626018583774566650e-01
1.633518636226654053e-01
1.601656973361968994e-01
1.597821712493896484e-01
1.608567535877227783e-01
1.393150985240936279e-01
1.380496770143508911e-01
1.389340311288833618e-01
1.410791873931884766e-01
1.398042440414428711e-01
1.406827270984649658e-01
1.415635347366333008e-01
1.375726163387298584e-01
1.362808644771575928e-01
1.371693611145019531e-01
1.358223557472229004e-01
1.345602422952651978e-01
1.354429721832275391e-01
1.340403556823730469e-01
1.327703744173049927e-01
1.336283534765243530e-01
1.322853565216064453e-01
1.319203674793243408e-01
1.310303360223770142e-01
1.305472850799560547e-01
1.292875260114669800e-01
1.301302909851074219e-01
1.287473440170288086e-01
1.283849328756332397e-01
1.275232136249542236e-01
1.269962787628173828e-01
1.266356557607650757e-01
1.257504969835281372e-01
1.252518892288208008e-01
1.248653307557106018e-01
1.239752322435379028e-01
1.234622374176979065e-01
1.230828166007995605e-01
1.222034245729446411e-01
1.217258274555206299e-01
1.204587593674659729e-01
1.213415637612342834e-01
1.199462935328483582e-01
1.195549741387367249e-01
1.187248080968856812e-01
1.181788742542266846e-01
1.169187575578689575e-01
1.178152859210968018e-01
1.164327561855316162e-01
1.151859015226364136e-01
1.160452067852020264e-01
8.995819091796875000e-02
8.936672657728195190e-02
9.057341516017913818e-02
9.317529946565628052e-02
9.282711148262023926e-02
9.218733757734298706e-02
9.398727118968963623e-02
9.603126347064971924e-02
9.848064184188842773e-02
1.009730398654937744e-01
1.034651994705200195e-01
1.059325039386749268e-01
1.084196865558624268e-01
1.109257638454437256e-01
1.146588474512100220e-01
1.142776310443878174e-01
1.133769154548645020e-01
1.440777480602264404e-01
1.466005146503448486e-01
1.490714102983474731e-01
1.516052186489105225e-01
1.541038006544113159e-01
1.565790772438049316e-01
1.644703298807144165e-01
1.589735150337219238e-01
1.621299535036087036e-01
1.628384888172149658e-01
1.618323028087615967e-01
1.611671149730682373e-01
1.384432166814804077e-01
1.401755511760711670e-01
1.419069170951843262e-01
1.366785317659378052e-01
1.349429488182067871e-01
1.331931948661804199e-01
1.314182579517364502e-01
1.296470016241073608e-01
1.278948187828063965e-01
1.261121034622192383e-01
1.243867501616477966e-01
1.226088851690292358e-01
1.208249926567077637e-01
1.190600842237472534e-01
1.172989532351493835e-01
1.155409514904022217e-01
9.235490858554840088e-02
9.174369275569915771e-02
9.115988016128540039e-02
9.276526421308517456e-02
9.507060796022415161e-02
9.415335953235626221e-02
9.497638791799545288e-02
9.618692845106124878e-02
9.794504940509796143e-02
9.881195425987243652e-02
9.759604185819625854e-02
1.004731655120849609e-01
1.013388484716415405e-01
1.001025363802909851e-01
1.029375344514846802e-01
1.038061529397964478e-01
1.025715693831443787e-01
1.054369434714317322e-01
1.063141897320747375e-01
1.050444766879081726e-01
1.079352870583534241e-01
1.087871119379997253e-01
1.075219959020614624e-01
1.103843003511428833e-01
1.112853661179542542e-01
1.100185662508010864e-01
1.128752902150154114e-01
1.125486195087432861e-01
1.137834936380386353e-01
1.435754448175430298e-01
1.431822776794433594e-01
1.444566994905471802e-01
1.460818350315093994e-01
1.457129567861557007e-01
1.469853818416595459e-01
1.486130356788635254e-01
1.482209265232086182e-01
1.494220197200775146e-01
1.511013805866241455e-01
1.507274359464645386e-01
1.520042717456817627e-01
1.536515653133392334e-01
1.544350087642669678e-01
1.532567590475082397e-01
1.560848802328109741e-01
1.569740474224090576e-01
1.557082235813140869e-01
1.656880974769592285e-01
1.645964235067367554e-01
1.654873788356781006e-01
1.586038172245025635e-01
1.582387983798980713e-01
1.593907773494720459e-01
1.637551784515380859e-01
1.629253923892974854e-01
1.636563241481781006e-01
1.613896638154983521e-01
1.607847213745117188e-01
1.617692112922668457e-01
1.400761604309082031e-01
1.396890282630920410e-01
1.388265639543533325e-01
1.418441534042358398e-01
1.405768990516662598e-01
1.414620429277420044e-01
1.423083245754241943e-01
1.383445113897323608e-01
1.379416733980178833e-01
1.370843797922134399e-01
1.365710049867630005e-01
1.361894458532333374e-01
1.353006660938262939e-01
1.348599195480346680e-01
1.344424188137054443e-01
1.335574686527252197e-01
1.330803334712982178e-01
1.326723694801330566e-01
1.317898333072662354e-01
1.313154399394989014e-01
1.300404071807861328e-01
1.309127807617187500e-01
1.295530647039413452e-01
1.282555460929870605e-01
1.291397213935852051e-01
1.277470737695693970e-01
1.264874637126922607e-01
1.274002492427825928e-01
1.260110735893249512e-01
1.247605159878730774e-01
1.256086677312850952e-01
1.242000833153724670e-01
1.238392889499664307e-01
1.229602023959159851e-01
1.224608048796653748e-01
1.212249025702476501e-01
1.221120133996009827e-01
1.207211539149284363e-01
1.194489300251007080e-01
1.203451752662658691e-01
1.189176291227340698e-01
1.176725775003433228e-01
1.185767427086830139e-01
1.171723306179046631e-01
1.168092638254165649e-01
1.159233152866363525e-01
9.132327139377593994e-02
9.064032137393951416e-02
9.181129932403564453e-02
9.370370209217071533e-02
9.650034457445144653e-02
9.921724349260330200e-02
1.017171889543533325e-01
1.041941195726394653e-01
1.066748127341270447e-01
1.091601848602294922e-01
1.116497665643692017e-01
1.153856813907623291e-01
1.150498986244201660e-01
1.141567602753639221e-01
1.448287069797515869e-01
1.473683863878250122e-01
1.498454809188842773e-01
1.523837447166442871e-01
1.548458039760589600e-01
1.573659777641296387e-01
1.647513806819915771e-01
1.599676907062530518e-01
1.625767052173614502e-01
1.392341852188110352e-01
1.409776210784912109e-01
1.426835507154464722e-01
1.374573409557342529e-01
1.356987953186035156e-01
1.339287757873535156e-01
1.322098374366760254e-01
1.304342001676559448e-01
1.286576390266418457e-01
1.268823295831680298e-01
1.251245141029357910e-01
1.233766227960586548e-01
1.215887367725372314e-01
1.198091357946395874e-01
1.180550754070281982e-01
1.162786856293678284e-01
9.384223818778991699e-02
9.257828444242477417e-02
9.309007972478866577e-02
9.446936845779418945e-02
9.636223316192626953e-02
9.714264422655105591e-02
9.571226686239242554e-02
9.878786653280258179e-02
9.962524473667144775e-02
9.834638237953186035e-02
1.012125611305236816e-01
1.020857393741607666e-01
1.008443161845207214e-01
1.037218421697616577e-01
1.045540720224380493e-01
1.032875329256057739e-01
1.061361879110336304e-01
1.070322543382644653e-01
1.057796925306320190e-01
1.086327508091926575e-01
1.095102652907371521e-01
1.083040237426757812e-01
1.111334562301635742e-01
1.120075061917304993e-01
1.107798889279365540e-01
1.136368513107299805e-01
1.132524907588958740e-01
1.144980788230895996e-01
1.443378329277038574e-01
1.439824253320693970e-01
1.452503800392150879e-01
1.468324959278106689e-01
1.465080976486206055e-01
1.477542817592620850e-01
1.494151949882507324e-01
1.489886790513992310e-01
1.502435058355331421e-01
1.519141495227813721e-01
1.527596265077590942e-01
1.515163332223892212e-01
1.544340550899505615e-01
1.540236771106719971e-01
1.552743315696716309e-01
1.569252014160156250e-01
1.577297896146774292e-01
1.564820408821105957e-01
1.658886969089508057e-01
1.648280024528503418e-01
1.657499670982360840e-01
1.593827009201049805e-01
1.589838713407516479e-01
1.603790670633316040e-01
1.637782305479049683e-01
1.625907719135284424e-01
1.637841463088989258e-01
1.408651918172836304e-01
1.395830810070037842e-01
1.404649317264556885e-01
1.426156461238861084e-01
1.422004252672195435e-01
1.413683593273162842e-01
1.431109011173248291e-01
1.391063332557678223e-01
1.387192308902740479e-01
1.378215253353118896e-01
1.373698413372039795e-01
1.369788348674774170e-01
1.360950171947479248e-01
1.355920433998107910e-01
1.343460381031036377e-01
1.352079957723617554e-01
1.338164806365966797e-01
1.334546804428100586e-01
1.325682401657104492e-01
1.320489048957824707e-01
1.308029741048812866e-01
1.316581666469573975e-01
1.303319931030273438e-01
1.290211975574493408e-01
1.299164295196533203e-01
1.285157799720764160e-01
1.272526830434799194e-01
1.281710863113403320e-01
1.267713159322738647e-01
1.254827678203582764e-01
1.263679265975952148e-01
1.249757707118988037e-01
1.236989051103591919e-01
1.246156245470046997e-01
1.232457906007766724e-01
1.219870075583457947e-01
1.228375732898712158e-01
1.214496046304702759e-01
1.201794743537902832e-01
1.210845336318016052e-01
1.196728646755218506e-01
1.184347122907638550e-01
1.192555427551269531e-01
1.178974807262420654e-01
1.166475862264633179e-01
1.175168380141258240e-01
9.276890754699707031e-02
9.207402169704437256e-02
9.331969171762466431e-02
9.510675072669982910e-02
9.755125641822814941e-02
9.999999403953552246e-02
1.024510413408279419e-01
1.049266159534454346e-01
1.074011921882629395e-01
1.098625957965850830e-01
1.124003678560256958e-01
1.161519438028335571e-01
1.148457974195480347e-01
1.157586574554443359e-01
1.456004977226257324e-01
1.481358259916305542e-01
1.506239175796508789e-01
1.531450152397155762e-01
1.556540280580520630e-01
1.581274867057800293e-01
1.648138910531997681e-01
1.617584228515625000e-01
1.615785658359527588e-01
1.605399250984191895e-01
1.627396047115325928e-01
1.417535543441772461e-01
1.399950087070465088e-01
1.434632539749145508e-01
1.382291465997695923e-01
1.364581286907196045e-01
1.347443610429763794e-01
1.329812705516815186e-01
1.311901658773422241e-01
1.294205486774444580e-01
1.276637464761734009e-01
1.258878111839294434e-01
1.241199225187301636e-01
1.223624423146247864e-01
1.205554530024528503e-01
1.187663748860359192e-01
1.170014292001724243e-01
9.523751586675643921e-02
9.403037279844284058e-02
9.455469250679016113e-02
9.580476582050323486e-02
9.727317094802856445e-02
9.801933169364929199e-02
9.681177884340286255e-02
9.921993315219879150e-02
1.002225130796432495e-01
9.898336231708526611e-02
1.019375473260879517e-01
1.015848964452743530e-01
1.028117388486862183e-01
1.044249981641769409e-01
1.040420457720756531e-01
1.052913218736648560e-01
1.068984270095825195e-01
1.065287441015243530e-01
1.077914535999298096e-01
1.093817427754402161e-01
1.090005785226821899e-01
1.102501302957534790e-01
1.118902191519737244e-01
1.127481758594512939e-01
1.115018129348754883e-01
1.143420189619064331e-01
1.139924004673957825e-01
1.152603179216384888e-01
1.451362967491149902e-01
1.447310745716094971e-01
1.460052728652954102e-01
1.476346254348754883e-01
1.472594738006591797e-01
1.485007703304290771e-01
1.501851379871368408e-01
1.497682631015777588e-01
1.510147601366043091e-01
1.526786237955093384e-01
1.522667109966278076e-01
1.535213887691497803e-01
1.551837921142578125e-01
1.560594886541366577e-01
1.547554731369018555e-01
1.576733589172363281e-01
1.585196703672409058e-01
1.572677940130233765e-01
1.659247577190399170e-01
1.648590564727783203e-01
1.659295260906219482e-01
1.600812226533889771e-01
1.597118675708770752e-01
1.608899831771850586e-01
1.638227105140686035e-01
1.628153920173645020e-01
1.638029217720031738e-01
1.433499753475189209e-01
1.421366930007934570e-01
1.430114954710006714e-01
1.416298300027847290e-01
1.403527259826660156e-01
1.412659883499145508e-01
1.438845694065093994e-01
1.398869454860687256e-01
1.386299133300781250e-01
1.394992768764495850e-01
1.381108760833740234e-01
1.368900835514068604e-01
1.377298235893249512e-01
1.363479793071746826e-01
1.359925866127014160e-01
1.350945383310317993e-01
1.345714628696441650e-01
1.342078596353530884e-01
1.333128809928894043e-01
1.328607648611068726e-01
1.315707266330718994e-01
1.324700117111206055e-01
1.310610175132751465e-01
1.298085451126098633e-01
1.306996047496795654e-01
1.293088197708129883e-01
1.280060261487960815e-01
1.289158910512924194e-01
1.274996995925903320e-01
1.262528449296951294e-01
1.271523386240005493e-01
1.257415413856506348e-01
1.244973018765449524e-01
1.253342628479003906e-01
1.239440888166427612e-01
1.226695924997329712e-01
1.236103996634483337e-01
1.221598759293556213e-01
1.218257248401641846e-01
1.209166422486305237e-01
1.204013451933860779e-01
1.200445592403411865e-01
1.191299259662628174e-01
1.186403185129165649e-01
1.182638108730316162e-01
1.173768043518066406e-01
9.437097609043121338e-02
9.358081221580505371e-02
9.480342268943786621e-02
9.628254175186157227e-02
9.827257692813873291e-02
1.005808711051940918e-01
1.031525060534477234e-01
1.056806892156600952e-01
1.081409230828285217e-01
1.105991005897521973e-01
1.130946129560470581e-01
1.168450415134429932e-01
1.165102720260620117e-01
1.156034767627716064e-01
1.463492363691329956e-01
1.489023119211196899e-01
1.514178365468978882e-01
1.539495289325714111e-01
1.564293950796127319e-01
1.588434576988220215e-01
1.649038642644882202e-01
1.621100604534149170e-01
1.619559675455093384e-01
1.610664129257202148e-01
1.629848480224609375e-01
1.442682743072509766e-01
1.425303667783737183e-01
1.407463699579238892e-01
1.390028148889541626e-01
1.372130960226058960e-01
1.355000287294387817e-01
1.337141692638397217e-01
1.319431960582733154e-01
1.301620155572891235e-01
1.284044981002807617e-01
1.266843676567077637e-01
1.248751282691955566e-01
1.230682954192161560e-01
1.212907433509826660e-01
1.195237264037132263e-01
1.177371218800544739e-01
9.675508737564086914e-02
9.598871320486068726e-02
9.554791450500488281e-02
9.699256718158721924e-02
9.800694882869720459e-02
1.003330349922180176e-01
1.011158525943756104e-01
9.980504214763641357e-02
1.024129986763000488e-01
1.021783575415611267e-01
1.034396737813949585e-01
1.051461920142173767e-01
1.047730222344398499e-01
1.060191616415977478e-01
1.075842976570129395e-01
1.072662547230720520e-01
1.085180044174194336e-01
1.100911945104598999e-01
1.109804958105087280e-01
1.097158193588256836e-01
1.125457435846328735e-01
1.134798079729080200e-01
1.122317761182785034e-01
1.150832474231719971e-01
1.146672070026397705e-01
1.159373149275779724e-01
1.458964794874191284e-01
1.467798650264739990e-01
1.455350816249847412e-01
1.484109759330749512e-01
1.492898464202880859e-01
1.480367034673690796e-01
1.509528458118438721e-01
1.505493819713592529e-01
1.518115401268005371e-01
1.534272134304046631e-01
1.530690789222717285e-01
1.543063521385192871e-01
1.559457480907440186e-01
1.555575728416442871e-01
1.568037271499633789e-01
1.584344655275344849e-01
1.592478603124618530e-01
1.580777764320373535e-01
1.658146232366561890e-01
1.648072302341461182e-01
1.658545583486557007e-01
1.611507683992385864e-01
1.605913341045379639e-01
1.616060435771942139e-01
1.636716127395629883e-01
1.628350615501403809e-01
1.637691259384155273e-01
1.446483731269836426e-01
1.441589295864105225e-01
1.428895890712738037e-01
1.437742412090301514e-01
1.424227505922317505e-01
1.411696970462799072e-01
1.420150399208068848e-01
1.406611502170562744e-01
1.393791437149047852e-01
1.402679979801177979e-01
1.388824880123138428e-01
1.384795159101486206e-01
1.376219093799591064e-01
1.371410340070724487e-01
1.367312967777252197e-01
1.358882784843444824e-01
1.353684067726135254e-01
1.349719464778900146e-01
1.340963840484619141e-01
1.335803270339965820e-01
1.323267221450805664e-01
1.332057416439056396e-01
1.318316310644149780e-01
1.305692791938781738e-01
1.314242482185363770e-01
1.300384104251861572e-01
1.287571191787719727e-01
1.296875476837158203e-01
1.282535791397094727e-01
1.270227730274200439e-01
1.278881579637527466e-01
1.264927983283996582e-01
1.261234879493713379e-01
1.252452433109283447e-01
1.246913373470306396e-01
1.243550926446914673e-01
1.234338730573654175e-01
1.229384988546371460e-01
1.216640695929527283e-01
1.225519701838493347e-01
1.211527809500694275e-01
1.198749244213104248e-01
1.207786947488784790e-01
1.193731874227523804e-01
1.181163415312767029e-01
1.189886778593063354e-01
9.606908261775970459e-02
9.523090720176696777e-02
9.640726447105407715e-02
9.837937355041503906e-02
9.877634048461914062e-02
9.755754470825195312e-02
1.013957858085632324e-01
9.935633838176727295e-02
1.037511304020881653e-01
1.063820123672485352e-01
1.088477447628974915e-01
1.113393157720565796e-01
1.138207837939262390e-01
1.175707653164863586e-01
1.162915378808975220e-01
1.172156408429145813e-01
1.471925973892211914e-01
1.497105211019515991e-01
1.521903276443481445e-01
1.546898186206817627e-01
1.571828573942184448e-01
1.598262488842010498e-01
1.647514700889587402e-01
1.623885631561279297e-01
1.450428962707519531e-01
1.432775855064392090e-01
1.414939761161804199e-01
1.397860050201416016e-01
1.380343139171600342e-01
1.362528502941131592e-01
1.344582736492156982e-01
1.327216625213623047e-01
1.309208273887634277e-01
1.291577219963073730e-01
1.273641288280487061e-01
1.255736052989959717e-01
1.238224655389785767e-01
1.220047622919082642e-01
1.202615126967430115e-01
1.184923425316810608e-01
9.725309908390045166e-02
1.002380400896072388e-01
1.002995222806930542e-01
1.013246551156044006e-01
9.931524097919464111e-02
1.034007593989372253e-01
1.042924225330352783e-01
1.029094457626342773e-01
1.058449745178222656e-01
1.067384779453277588e-01
1.054930090904235840e-01
1.082976907491683960e-01
1.091793701052665710e-01
1.079886406660079956e-01
1.107944622635841370e-01
1.104146689176559448e-01
1.116905733942985535e-01
1.131664365530014038e-01
1.141615137457847595e-01
1.128855645656585693e-01
1.158283278346061707e-01
1.154670491814613342e-01
1.167129576206207275e-01
1.466872394084930420e-01
1.475539356470108032e-01
1.462778151035308838e-01
1.491986513137817383e-01
1.500601470470428467e-01
1.488229632377624512e-01
1.517280489206314087e-01
1.513378322124481201e-01
1.525749266147613525e-01
1.542103737592697144e-01
1.538078188896179199e-01
1.550955176353454590e-01
1.567382663488388062e-01
1.563654839992523193e-01
1.575851589441299438e-01
1.592004746198654175e-01
1.601749360561370850e-01
1.588261723518371582e-01
1.655162870883941650e-01
1.645804345607757568e-01
1.656726002693176270e-01
1.632449924945831299e-01
1.634862720966339111e-01
1.622530817985534668e-01
1.453991830348968506e-01
1.449199914932250977e-01
1.436870992183685303e-01
1.445359587669372559e-01
1.432158946990966797e-01
1.419244855642318726e-01
1.427698135375976562e-01
1.414376795291900635e-01
1.410798728466033936e-01
1.401645094156265259e-01
1.396598070859909058e-01
1.383856236934661865e-01
1.392703056335449219e-01
1.378747224807739258e-01
1.366397440433502197e-01
1.375162005424499512e-01
1.361322402954101562e-01
1.357351690530776978e-01
1.348631978034973145e-01
1.343150436878204346e-01
1.339513659477233887e-01
1.330832242965698242e-01
1.325602233409881592e-01
1.322105079889297485e-01
1.313094049692153931e-01
1.307718157768249512e-01
1.304151117801666260e-01
1.295329928398132324e-01
1.290006041526794434e-01
1.277346611022949219e-01
1.286313086748123169e-01
1.272105574607849121e-01
1.259348839521408081e-01
1.268577575683593750e-01
1.254270672798156738e-01
1.241818368434906006e-01
1.250717937946319580e-01
1.236254051327705383e-01
1.223839372396469116e-01
1.233373880386352539e-01
1.218745559453964233e-01
1.205897554755210876e-01
1.214987114071846008e-01
1.200387775897979736e-01
1.188118159770965576e-01
1.197081655263900757e-01
9.786625206470489502e-02
9.696526825428009033e-02
9.814579784870147705e-02
1.014590486884117126e-01
1.019418984651565552e-01
1.008560210466384888e-01
9.906549006700515747e-02
1.046377792954444885e-01
1.024537831544876099e-01
1.070738509297370911e-01
1.095670089125633240e-01
1.120122820138931274e-01
1.145112290978431702e-01
1.182201206684112549e-01
1.178877204656600952e-01
1.170418187975883484e-01
1.479542553424835205e-01
1.504884511232376099e-01
1.529803574085235596e-01
1.554865539073944092e-01
1.579594016075134277e-01
1.612838655710220337e-01
1.612420231103897095e-01
1.602509766817092896e-01
1.644349694252014160e-01
1.622944474220275879e-01
1.457979679107666016e-01
1.440631002187728882e-01
1.423126459121704102e-01
1.405181884765625000e-01
1.387784928083419800e-01
1.369986087083816528e-01
1.352173686027526855e-01
1.334829628467559814e-01
1.316688954830169678e-01
1.299002617597579956e-01
1.281389594078063965e-01
1.263221502304077148e-01
1.245451569557189941e-01
1.227613911032676697e-01
1.209865882992744446e-01
1.191544607281684875e-01
9.980356693267822266e-02
9.999924898147583008e-02
1.006220877170562744e-01
9.885945916175842285e-02
1.042559891939163208e-01
1.050303801894187927e-01
1.038426756858825684e-01
1.017978936433792114e-01
1.016233563423156738e-01
1.025998368859291077e-01
1.061157807707786560e-01
1.060023978352546692e-01
1.072057783603668213e-01
1.087283790111541748e-01
1.097396537661552429e-01
1.084977388381958008e-01
1.111403107643127441e-01
1.121873110532760620e-01
1.109609454870223999e-01
1.144419014453887939e-01
1.151462197303771973e-01
1.138119176030158997e-01
1.165299564599990845e-01
1.173770427703857422e-01
1.161927357316017151e-01
1.474586278200149536e-01
1.470875144004821777e-01
1.483491063117980957e-01
1.499558985233306885e-01
1.508705615997314453e-01
1.495825499296188354e-01
1.524911522865295410e-01
1.521034836769104004e-01
1.533349156379699707e-01
1.550202965736389160e-01
1.546299755573272705e-01
1.559104323387145996e-01
1.574981212615966797e-01
1.583677381277084351e-01
1.571096926927566528e-01
1.603603363037109375e-01
1.597896516323089600e-01
1.608570516109466553e-01
1.651305109262466431e-01
1.641832590103149414e-01
1.653286218643188477e-01
1.628256738185882568e-01
1.620798707008361816e-01
1.630458831787109375e-01
1.461947858333587646e-01
1.456966698169708252e-01
1.444515287876129150e-01
1.453269124031066895e-01
1.439556479454040527e-01
1.426776647567749023e-01
1.435814350843429565e-01
1.422206163406372070e-01
1.409307718276977539e-01
1.417974531650543213e-01
1.404254138469696045e-01
1.391745805740356445e-01
1.400391608476638794e-01
1.386680305004119873e-01
1.382910162210464478e-01
1.373937427997589111e-01
1.368607878684997559e-01
1.356055587530136108e-01
1.364765167236328125e-01
1.350971460342407227e-01
1.338448673486709595e-01
1.347339898347854614e-01
1.333478689193725586e-01
1.329711079597473145e-01
1.320690214633941650e-01
1.315527260303497314e-01
1.311690509319305420e-01
1.302699446678161621e-01
1.297545135021209717e-01
1.284821331501007080e-01
1.293773353099822998e-01
1.279631555080413818e-01
1.266868710517883301e-01
1.276029199361801147e-01
1.261634528636932373e-01
1.248871907591819763e-01
1.258200109004974365e-01
1.243790537118911743e-01
1.231290400028228760e-01
1.240279525518417358e-01
1.225437670946121216e-01
1.213098168373107910e-01
1.221986413002014160e-01
1.206984519958496094e-01
1.194443181157112122e-01
1.203694120049476624e-01
1.008209884166717529e-01
1.030059158802032471e-01
1.051936596632003784e-01
1.074073463678359985e-01
1.099405363202095032e-01
1.125558316707611084e-01
1.118189319968223572e-01
1.129036992788314819e-01
1.135147362947463989e-01
1.155142709612846375e-01
1.186319440603256226e-01
1.184245944023132324e-01
1.175710111856460571e-01
1.487180143594741821e-01
1.512011438608169556e-01
1.537230461835861206e-01
1.562866270542144775e-01
1.589339077472686768e-01
1.615625917911529541e-01
1.639807522296905518e-01
1.465955525636672974e-01
1.448347866535186768e-01
1.430718600749969482e-01
1.413002908229827881e-01
1.395166069269180298e-01
1.377463340759277344e-01
1.360055804252624512e-01
1.342346072196960449e-01
1.324526071548461914e-01
1.306107938289642334e-01
1.288679838180541992e-01
1.270761489868164062e-01
1.252506971359252930e-01
1.234654784202575684e-01
1.216417849063873291e-01
1.196465417742729187e-01
1.039159670472145081e-01
1.028675734996795654e-01
1.040530651807785034e-01
1.050118654966354370e-01
1.060915142297744751e-01
1.061272323131561279e-01
1.073912307620048523e-01
1.101663708686828613e-01
1.106178462505340576e-01
1.094239056110382080e-01
1.113163009285926819e-01
1.145561337471008301e-01
1.135786324739456177e-01
1.144807338714599609e-01
1.155569627881050110e-01
1.175146624445915222e-01
1.170330271124839783e-01
1.180745735764503479e-01
1.482510268688201904e-01
1.490928232669830322e-01
1.478244066238403320e-01
1.507276147603988647e-01
1.516319215297698975e-01
1.503577679395675659e-01
1.532645225524902344e-01
1.541219353675842285e-01
1.529078483581542969e-01
1.557905524969100952e-01
1.554104387760162354e-01
1.566751003265380859e-01
1.583000719547271729e-01
1.578952223062515259e-01
1.593091189861297607e-01
1.624833494424819946e-01
1.626593768596649170e-01
1.614035367965698242e-01
1.645009815692901611e-01
1.636719405651092529e-01
1.647787839174270630e-01
1.469774544239044189e-01
1.464605331420898438e-01
1.452141702175140381e-01
1.460883766412734985e-01
1.447054743766784668e-01
1.443244367837905884e-01
1.434376835823059082e-01
1.429536044597625732e-01
1.416970193386077881e-01
1.425723135471343994e-01
1.411789804697036743e-01
1.408347338438034058e-01
1.398904472589492798e-01
1.394170224666595459e-01
1.390739977359771729e-01
1.381563544273376465e-01
1.376252174377441406e-01
1.372759938240051270e-01
1.363596916198730469e-01
1.358814686536788940e-01
1.345717012882232666e-01
1.354752779006958008e-01
1.340715289115905762e-01
1.328207552433013916e-01
1.336903721094131470e-01
1.322807073593139648e-01
1.319295465946197510e-01
1.310248821973800659e-01
1.304942667484283447e-01
1.292140185832977295e-01
1.301285177469253540e-01
1.286903619766235352e-01
1.274447888135910034e-01
1.283652633428573608e-01
1.269120275974273682e-01
1.256112158298492432e-01
1.265339553356170654e-01
1.250682175159454346e-01
1.247207373380661011e-01
1.238414943218231201e-01
1.233320534229278564e-01
1.229544579982757568e-01
1.219900026917457581e-01
1.197512298822402954e-01
1.191294342279434204e-01
1.202322244644165039e-01
1.049829274415969849e-01
1.083868071436882019e-01
1.072581782937049866e-01
1.085368245840072632e-01
1.092393919825553894e-01
1.107146739959716797e-01
1.104371175169944763e-01
1.116312891244888306e-01
1.131149679422378540e-01
1.128250062465667725e-01
1.138545423746109009e-01
1.160293221473693848e-01
1.186215579509735107e-01
1.495008021593093872e-01
1.520118266344070435e-01
1.545360684394836426e-01
1.570509374141693115e-01
1.603327989578247070e-01
1.603558212518692017e-01
1.592721641063690186e-01
1.634832918643951416e-01
1.614118367433547974e-01
1.473660469055175781e-01
1.456300318241119385e-01
1.438668072223663330e-01
1.420847475528717041e-01
1.402631700038909912e-01
1.385075449943542480e-01
1.367225199937820435e-01
1.349555999040603638e-01
1.331493258476257324e-01
1.313711702823638916e-01
1.296148598194122314e-01
1.278114616870880127e-01
1.260172128677368164e-01
1.242101714015007019e-01
1.221515163779258728e-01
1.227819174528121948e-01
1.214611157774925232e-01
1.209270358085632324e-01
1.095225363969802856e-01
1.119081676006317139e-01
1.155638471245765686e-01
1.143271178007125854e-01
1.150555908679962158e-01
1.165590882301330566e-01
1.180699840188026428e-01
1.178129613399505615e-01
1.189075484871864319e-01
1.490342319011688232e-01
1.498608291149139404e-01
1.485981643199920654e-01
1.515357941389083862e-01
1.511474698781967163e-01
1.524150073528289795e-01
1.540749073028564453e-01
1.548969149589538574e-01
1.536333262920379639e-01
1.565686762332916260e-01
1.561703830957412720e-01
1.574332863092422485e-01
1.590229868888854980e-01
1.596812903881072998e-01
1.586648225784301758e-01
1.637557148933410645e-01
1.631301343441009521e-01
1.641255915164947510e-01
1.613504439592361450e-01
1.608450561761856079e-01
1.619426012039184570e-01
1.477422714233398438e-01
1.472362577915191650e-01
1.459883153438568115e-01
1.468972563743591309e-01
1.454700827598571777e-01
1.441984176635742188e-01
1.451278328895568848e-01
1.437194943428039551e-01
1.433665901422500610e-01
1.424496620893478394e-01
1.419700980186462402e-01
1.406691670417785645e-01
1.415369957685470581e-01
1.401796936988830566e-01
1.398019790649414062e-01
1.389121264219284058e-01
1.383944302797317505e-01
1.371256709098815918e-01
1.379985809326171875e-01
1.365680098533630371e-01
1.353435218334197998e-01
1.362254917621612549e-01
1.347756087779998779e-01
1.344212740659713745e-01
1.335520446300506592e-01
1.330122947692871094e-01
1.326531767845153809e-01
1.317282021045684814e-01
1.312067657709121704e-01
1.308597028255462646e-01
1.299568712711334229e-01
1.293985247611999512e-01
1.290729045867919922e-01
1.281308233737945557e-01
1.275731027126312256e-01
1.263394653797149658e-01
1.271985173225402832e-01
1.258571892976760864e-01
1.254568696022033691e-01
1.245791539549827576e-01
1.245562136173248291e-01
1.233720034360885620e-01
1.239223703742027283e-01
1.206303387880325317e-01
1.201777458190917969e-01
1.214075833559036255e-01
1.168248280882835388e-01
1.193844974040985107e-01
1.502757817506790161e-01
1.527767479419708252e-01
1.552833020687103271e-01
1.578124463558197021e-01
1.601985096931457520e-01
1.625893861055374146e-01
1.481367051601409912e-01
1.463605612516403198e-01
1.445881277322769165e-01
1.428430676460266113e-01
1.410640776157379150e-01
1.392760872840881348e-01
1.374890059232711792e-01
1.356806755065917969e-01
1.339392662048339844e-01
1.321306824684143066e-01
1.302681565284729004e-01
1.284805685281753540e-01
1.267179846763610840e-01
1.252412348985671997e-01
1.232087165117263794e-01
1.226787641644477844e-01
1.238994151353836060e-01
1.219301223754882812e-01
1.497626900672912598e-01
1.494015455245971680e-01
1.506594568490982056e-01
1.523001790046691895e-01
1.531810164451599121e-01
1.518814861774444580e-01
1.548510789871215820e-01
1.556926667690277100e-01
1.544408500194549561e-01
1.573343575000762939e-01
1.569440960884094238e-01
1.581835001707077026e-01
1.600608080625534058e-01
1.595374643802642822e-01
1.607483774423599243e-01
1.628098785877227783e-01
1.621079146862030029e-01
1.632961332798004150e-01
1.485298424959182739e-01
1.480080187320709229e-01
1.467154175043106079e-01
1.476484239101409912e-01
1.462391614913940430e-01
1.458595991134643555e-01
1.449999213218688965e-01
1.444820910692214966e-01
1.441299617290496826e-01
1.431705355644226074e-01
1.427040696144104004e-01
1.414451301097869873e-01
1.423392295837402344e-01
1.409475803375244141e-01
1.396205723285675049e-01
1.405215859413146973e-01
1.391098648309707642e-01
1.378487050533294678e-01
1.387592256069183350e-01
1.373423784971237183e-01
1.369611322879791260e-01
1.360847055912017822e-01
1.355587840080261230e-01
1.342898905277252197e-01
1.351631730794906616e-01
1.337525844573974609e-01
1.324828863143920898e-01
1.334023624658584595e-01
1.319556385278701782e-01
1.306904852390289307e-01
1.315542161464691162e-01
1.301295459270477295e-01
1.297534704208374023e-01
1.288297921419143677e-01
1.280232965946197510e-01
1.277929842472076416e-01
1.269450038671493530e-01
1.270404011011123657e-01
1.264473646879196167e-01
1.258134841918945312e-01
1.257912218570709229e-01
1.245035752654075623e-01
1.252111196517944336e-01
1.510512232780456543e-01
1.535784602165222168e-01
1.560943126678466797e-01
1.587005257606506348e-01
1.614237427711486816e-01
1.488835513591766357e-01
1.471688300371170044e-01
1.454015970230102539e-01
1.435905694961547852e-01
1.418420970439910889e-01
1.400278061628341675e-01
1.382453441619873047e-01
1.364378333091735840e-01
1.346584856510162354e-01
1.328293830156326294e-01
1.310395300388336182e-01
1.290625333786010742e-01
1.275365352630615234e-01
1.264135986566543579e-01
1.505447328090667725e-01
1.501796841621398926e-01
1.514537036418914795e-01
1.530994772911071777e-01
1.527084410190582275e-01
1.539728045463562012e-01
1.555949002504348755e-01
1.564647257328033447e-01
1.552033424377441406e-01
1.579575836658477783e-01
1.590288579463958740e-01
1.576425731182098389e-01
1.617325991392135620e-01
1.608681976795196533e-01
1.622816324234008789e-01
1.492919027805328369e-01
1.487715244293212891e-01
1.484026312828063965e-01
1.475067734718322754e-01
1.470172554254531860e-01
1.457465291023254395e-01
1.466431468725204468e-01
1.452132165431976318e-01
1.439678966999053955e-01
1.448845416307449341e-01
1.434952020645141602e-01
1.422130167484283447e-01
1.430989503860473633e-01
1.416518688201904297e-01
1.404077112674713135e-01
1.413014978170394897e-01
1.398894637823104858e-01
1.395366340875625610e-01
1.385954618453979492e-01
1.380759775638580322e-01
1.377053558826446533e-01
1.368227303028106689e-01
1.362732797861099243e-01
1.359235644340515137e-01
1.350147128105163574e-01
1.344860494136810303e-01
1.341100335121154785e-01
1.332040727138519287e-01
1.330227255821228027e-01
1.324870288372039795e-01
1.316158920526504517e-01
1.294900774955749512e-01
1.287289857864379883e-01
1.297974884510040283e-01
1.282645761966705322e-01
1.284106522798538208e-01
1.271071732044219971e-01
1.276895701885223389e-01
1.518357992172241211e-01
1.543555557727813721e-01
1.567881703376770020e-01
1.599390357732772827e-01
1.599997431039810181e-01
1.589485406875610352e-01
1.608143150806427002e-01
1.496647298336029053e-01
1.479281187057495117e-01
1.461456418037414551e-01
1.443443596363067627e-01
1.425891816616058350e-01
1.408028006553649902e-01
1.389792859554290771e-01
1.372079253196716309e-01
1.353432536125183105e-01
1.337368190288543701e-01
1.319714784622192383e-01
1.324798315763473511e-01
1.310514211654663086e-01
1.306876838207244873e-01
1.289554685354232788e-01
1.513010263442993164e-01
1.522018760442733765e-01
1.509391814470291138e-01
1.538056582212448120e-01
1.547149568796157837e-01
1.534277796745300293e-01
1.561716198921203613e-01
1.570411324501037598e-01
1.558107286691665649e-01
1.584318876266479492e-01
1.581889092922210693e-01
1.591813564300537109e-01
1.605096161365509033e-01
1.602446287870407104e-01
1.611393690109252930e-01
1.500625610351562500e-01
1.495485901832580566e-01
1.492065191268920898e-01
1.483171582221984863e-01
1.477780044078826904e-01
1.465279459953308105e-01
1.473911106586456299e-01
1.460684388875961304e-01
1.447725147008895874e-01
1.456148326396942139e-01
1.442376673221588135e-01
1.438386142253875732e-01
1.429547369480133057e-01
1.424097418785095215e-01
1.420170068740844727e-01
1.411660313606262207e-01
1.406320631504058838e-01
1.393800526857376099e-01
1.402807980775833130e-01
1.387996226549148560e-01
1.375349014997482300e-01
1.384460031986236572e-01
1.372095942497253418e-01
1.367530375719070435e-01
1.358460187911987305e-01
1.352883577346801758e-01
1.348901540040969849e-01
1.341462135314941406e-01
1.343776732683181763e-01
1.331725418567657471e-01
1.337022185325622559e-01
1.309933662414550781e-01
1.302356719970703125e-01
1.314779520034790039e-01
1.296677291393280029e-01
1.525385528802871704e-01
1.549464911222457886e-01
1.573079228401184082e-01
1.594826132059097290e-01
1.504486650228500366e-01
1.486631631851196289e-01
1.469362527132034302e-01
1.451412737369537354e-01
1.433218568563461304e-01
1.414873003959655762e-01
1.397089660167694092e-01
1.380368024110794067e-01
1.362669616937637329e-01
1.348442286252975464e-01
1.335771977901458740e-01
1.327689588069915771e-01
1.339867413043975830e-01
1.322927176952362061e-01
1.519975662231445312e-01
1.516806185245513916e-01
1.528967618942260742e-01
1.544949114322662354e-01
1.553115844726562500e-01
1.541077494621276855e-01
1.568299829959869385e-01
1.565024256706237793e-01
1.576615869998931885e-01
1.591584384441375732e-01
1.587969362735748291e-01
1.598491072654724121e-01
1.507871747016906738e-01
1.503126174211502075e-01
1.499453037977218628e-01
1.490187197923660278e-01
1.486132442951202393e-01
1.481836438179016113e-01
1.473197042942047119e-01
1.468210667371749878e-01
1.455523371696472168e-01
1.464236080646514893e-01
1.449809670448303223e-01
1.436732262372970581e-01
1.446078866720199585e-01
1.431268453598022461e-01
1.427400410175323486e-01
1.418874710798263550e-01
1.412508189678192139e-01
1.400199532508850098e-01
1.409195214509963989e-01
1.396862417459487915e-01
1.392522305250167847e-01
1.384646296501159668e-01
1.367906033992767334e-01
1.360844373703002930e-01
1.370041668415069580e-01
1.355987787246704102e-01
1.361236721277236938e-01
1.348722577095031738e-01
1.352866739034652710e-01
1.532456427812576294e-01
1.556497216224670410e-01
1.579759418964385986e-01
1.511844992637634277e-01
1.494611799716949463e-01
1.477032154798507690e-01
1.458652913570404053e-01
1.440304815769195557e-01
1.421846896409988403e-01
1.405122876167297363e-01
1.391449570655822754e-01
1.381999552249908447e-01
1.394160687923431396e-01
1.379829943180084229e-01
1.364839673042297363e-01
1.528098285198211670e-01
1.524260491132736206e-01
1.536350250244140625e-01
1.551903635263442993e-01
1.548298299312591553e-01
1.560169607400894165e-01
1.575699299573898315e-01
1.572666615247726440e-01
1.583413332700729370e-01
1.515994369983673096e-01
1.511154770851135254e-01
1.506712436676025391e-01
1.498529613018035889e-01
1.494314670562744141e-01
1.490675508975982666e-01
1.480862200260162354e-01
1.477163434028625488e-01
1.463206112384796143e-01
1.472665220499038696e-01
1.456019878387451172e-01
1.443309932947158813e-01
1.453116238117218018e-01
1.434896588325500488e-01
1.433075368404388428e-01
1.424159705638885498e-01
1.414285451173782349e-01
1.405662298202514648e-01
1.413315832614898682e-01
1.402755677700042725e-01
1.386402398347854614e-01
1.377587467432022095e-01
1.388953179121017456e-01
1.373773217201232910e-01
1.540217995643615723e-01
1.563997268676757812e-01
1.519772410392761230e-01
1.502413749694824219e-01
1.485479325056076050e-01
1.466516554355621338e-01
1.445591747760772705e-01
1.424539089202880859e-01
1.411063075065612793e-01
1.401346623897552490e-01
1.412652283906936646e-01
1.398558616638183594e-01
1.535316407680511475e-01
1.531712114810943604e-01
1.543297320604324341e-01
1.559507250785827637e-01
1.555967628955841064e-01
1.568177193403244019e-01
1.522845625877380371e-01
1.517417430877685547e-01
1.506012678146362305e-01
1.514278650283813477e-01
1.502711772918701172e-01
1.489738225936889648e-01
1.498588323593139648e-01
1.480440199375152588e-01
1.468592584133148193e-01
1.478747427463531494e-01
1.458622813224792480e-01
1.446708738803863525e-01
1.457572877407073975e-01
1.434905529022216797e-01
1.424932479858398438e-01
1.434868574142456055e-01
1.423026919364929199e-01
1.547628343105316162e-01
1.526017785072326660e-01
1.510173231363296509e-01
1.502125263214111328e-01
1.489577591419219971e-01
1.502414941787719727e-01
1.469435989856719971e-01
1.491653323173522949e-01
1.446729004383087158e-01
1.541651487350463867e-01
1.538460701704025269e-01
1.550615280866622925e-01
1.529412418603897095e-01
1.522336602210998535e-01
1.512393057346343994e-01
1.519840359687805176e-01
1.512013375759124756e-01
1.532144248485565186e-01
