2.477178332614045266e-03
2.475243833809876413e-03
2.470999579627397493e-03
2.473110288870221732e-03
2.474087746190560110e-03
2.476216805429300345e-03
2.468162539691947689e-03
2.462819955741047707e-03
2.465551609504501411e-03
2.466959649829510420e-03
2.469584525341832898e-03
2.471719413440238468e-03
2.480172360221936153e-03
2.477681572175304773e-03
2.478647923977227250e-03
2.460484272047388718e-03
2.461709349132723892e-03
2.464343729740548720e-03
2.453064747076208214e-03
2.456901223056802246e-03
2.458068065090195271e-03
2.472604990785533252e-03
2.473918109730022675e-03
2.470365480695799112e-03
2.481458492905156982e-03
2.479316612654861810e-03
2.480796667292773077e-03
2.478578695108485906e-03
2.479347700664562629e-03
2.476878559598962720e-03
2.464138488785100767e-03
2.466178691870491747e-03
2.462327881516734440e-03
2.452397227292680594e-03
2.456574743083982364e-03
2.452771431960145462e-03
2.442006278691945861e-03
2.447336718618390097e-03
2.447594119817740783e-03
2.440331356440159083e-03
2.429421809684574780e-03
2.434994857972135399e-03
2.435788820116617775e-03
2.441104647287471816e-03
2.475570533207689227e-03
2.468399938593068312e-03
2.483253983679027492e-03
2.482330188592172734e-03
2.481710143384836809e-03
2.482463374970421324e-03
2.481289540166043642e-03
2.480509848160688483e-03
2.458438429658935456e-03
2.446460490327006555e-03
2.428744540401154856e-03
2.429161273875192917e-03
2.434574715009516117e-03
2.416102605178532987e-03
2.422633540085716158e-03
2.422953288072381313e-03
2.476758732822062058e-03
2.477649090587663409e-03
2.474648364549671131e-03
2.469581466557291272e-03
2.471074482378930823e-03
2.466837916361630176e-03
2.483626373336281223e-03
2.482544964052322070e-03
2.483478338348992821e-03
2.482888134241648549e-03
2.481677293749183673e-03
2.482074897806444986e-03
2.480107245829705175e-03
2.460468797522319829e-03
2.462355656747552447e-03
2.456536273692256842e-03
2.449629122184755411e-03
2.451083177516957898e-03
2.444987824778283025e-03
2.436572618561906253e-03
2.438418737001518330e-03
2.432703807651118762e-03
2.420149955223908130e-03
2.424611708130245541e-03
2.418163880879023453e-03
2.402216168871238160e-03
2.411421160855726272e-03
2.409343825951191110e-03
2.473149902795469899e-03
2.479212313600169439e-03
2.465002383179305985e-03
2.484528953550585884e-03
2.484067389303292687e-03
2.483924573710587051e-03
2.484718955636897649e-03
2.483984328913829177e-03
2.483618722959469571e-03
2.484705357031198689e-03
2.483601661260288057e-03
2.483200855821778540e-03
2.455003396232346285e-03
2.443103260919796908e-03
2.428477503240528308e-03
2.404791226678636672e-03
2.403588774499092803e-03
2.412651377845927755e-03
2.388238749371845819e-03
2.396594096889202979e-03
2.395239482391486093e-03
2.474921722836052017e-03
2.472239899373853810e-03
2.475827130314334299e-03
2.480693112226668891e-03
2.481183790202959576e-03
2.478720229113451530e-03
2.467192072121666708e-03
2.468365510203764362e-03
2.463842813767302617e-03
2.483792490136913118e-03
2.483741887871786323e-03
2.484208081554888179e-03
2.484659320188857372e-03
2.484718887044422633e-03
2.484526106847724167e-03
2.484612065032609264e-03
2.483111599678239009e-03
2.457552733308382767e-03
2.458992292564565578e-03
2.453583839599195789e-03
2.445945191947094654e-03
2.447775203199491212e-03
2.441268314566098774e-03
2.432145562256192699e-03
2.426253692378635071e-03
2.434360718541252969e-03
2.416406046021165894e-03
2.418332589102999055e-03
2.410666853678299169e-03
2.396186714630238468e-03
2.400617503284883242e-03
2.392125660743211601e-03
2.374171582401780022e-03
2.385211013966370090e-03
2.381109007869567588e-03
2.471057434807986952e-03
2.477808963874684241e-03
2.482612218944213380e-03
2.462363712645314687e-03
2.483948756285186098e-03
2.484259049131404187e-03
2.483861765732063229e-03
2.485084638338243192e-03
2.484933338712084355e-03
2.484795905304014191e-03
2.485863831467067121e-03
2.485305874054924945e-03
2.485296023312657480e-03
2.486420197422879730e-03
2.485569789870626344e-03
2.485470683285518484e-03
2.451729241245978203e-03
2.439032615088411026e-03
2.424244918915154784e-03
2.406387819252543692e-03
2.378774672510308458e-03
2.376382475774347670e-03
2.387619360202445241e-03
2.360173829884832861e-03
2.369519565643693829e-03
2.367023019149609633e-03
2.473060113115788019e-03
2.473994338790357506e-03
2.470145775405730056e-03
2.479541998641374926e-03
2.480112043672021323e-03
2.477237146176059727e-03
2.484092233052138596e-03
2.484305264908798043e-03
2.482397250209551764e-03
2.464682266002736488e-03
2.465943822906707574e-03
2.461128885693217912e-03
2.481947862204933724e-03
2.482939110449747418e-03
2.483038760618385462e-03
2.484531051971973926e-03
2.485482095813171428e-03
2.486142299754572939e-03
2.486734014855866964e-03
2.486574307108274217e-03
2.485631451569619236e-03
2.454424816733108850e-03
2.455971179969979826e-03
2.450188846293107486e-03
2.442201319382049200e-03
2.437174763908114133e-03
2.444059711434187765e-03
2.428188962799408303e-03
2.430136928233625655e-03
2.422305759680668663e-03
2.411770513657739753e-03
2.414071158682513148e-03
2.404078476083061459e-03
2.393804387153587211e-03
2.394975279732635635e-03
2.386393124366285607e-03
2.372055448573754180e-03
2.375436910543511550e-03
2.366050833860112654e-03
2.468881713012432977e-03
2.476301394123996222e-03
2.481808884698291466e-03
2.485404820407880605e-03
2.459551914800727282e-03
2.481401302303773426e-03
2.482789168513311814e-03
2.481682486629687746e-03
2.483751179393635117e-03
2.483872553523579652e-03
2.484384531922127076e-03
2.485034256167476235e-03
2.485056479074530290e-03
2.485462598962874005e-03
2.486383474411890844e-03
2.486130050825678759e-03
2.486402828429440902e-03
2.487472302793772381e-03
2.486946199663463142e-03
2.487094851929085894e-03
2.448297338554368454e-03
2.435168603404843594e-03
2.419945192289820520e-03
2.402755921537582263e-03
2.382992388560225237e-03
2.346973769077058576e-03
2.359526997043870887e-03
2.353505880504061249e-03
2.471020087412088406e-03
2.472051436294953140e-03
2.467876779757997678e-03
2.478171636067531478e-03
2.475626637249178207e-03
2.478847892490413339e-03
2.483415132117604285e-03
2.483746310729621938e-03
2.481479035177961649e-03
2.486776631194952646e-03
2.485433857706469216e-03
2.486748886926562138e-03
2.462010126302475142e-03
2.463359307647508198e-03
2.458233424344377985e-03
2.478282251932314908e-03
2.480191459959839827e-03
2.479930164574392290e-03
2.482649406831893661e-03
2.484346901225711803e-03
2.485706169941176002e-03
2.486927883834785628e-03
2.488260673943127384e-03
2.487495350344530020e-03
2.487861390186207194e-03
2.451162208184567027e-03
2.452777740425225641e-03
2.446683540856199081e-03
2.438423941633955164e-03
2.440293113463041109e-03
2.433302972050963194e-03
2.423844754584781897e-03
2.425994934536380467e-03
2.417800772780340484e-03
2.407420150261840256e-03
2.409553958467502456e-03
2.400629226722499759e-03
2.389350905482285226e-03
2.391553286617434469e-03
2.380773987449030620e-03
2.357228239341203381e-03
2.351938726617200468e-03
2.364567662448430023e-03
2.466527094424597090e-03
2.474594628338677629e-03
2.480780607844212168e-03
2.485083737059398234e-03
2.487506690074851434e-03
2.456583186481612734e-03
2.477547568221289982e-03
2.477892683260532990e-03
2.479563747883417688e-03
2.481712436393265341e-03
2.481522720812742288e-03
2.482809133343883128e-03
2.483467844822571761e-03
2.484459789125241774e-03
2.484748252635857278e-03
2.485409355416663170e-03
2.486320120848210975e-03
2.486351918754107441e-03
2.486887797713185997e-03
2.487875543041478607e-03
2.487670948730519478e-03
2.488055970920074675e-03
2.444772580244142669e-03
2.431107290764743939e-03
2.415598592686967350e-03
2.398335406112053411e-03
2.374046593821577730e-03
2.373058577739963013e-03
2.381719537407234188e-03
2.334468539499265707e-03
2.345777152934088415e-03
2.340620820572939745e-03
2.365685080909178412e-03
2.468783650412039333e-03
2.465426261719507774e-03
2.469915948350269452e-03
2.476580746084848343e-03
2.477364480629726685e-03
2.473812226703206701e-03
2.482493958703523365e-03
2.482944398689532726e-03
2.480331404626061071e-03
2.486551615853240405e-03
2.484981223360080687e-03
2.486655272512826916e-03
2.488755767500351081e-03
2.487763110511307177e-03
2.488500411621985021e-03
2.459164273640601726e-03
2.460603451437393119e-03
2.455179910817626224e-03
2.472824949922773890e-03
2.475633547005798817e-03
2.475279880667562681e-03
2.479737492480691731e-03
2.483147351486762223e-03
2.485379637943738434e-03
2.487093730033293482e-03
2.489112193777261520e-03
2.488682240090735794e-03
2.488486873859538807e-03
2.447745035988554019e-03
2.449435680639803006e-03
2.443083678143660124e-03
2.434466493219355262e-03
2.436424361009017787e-03
2.429152165855940487e-03
2.419380695347361776e-03
2.421588316768909840e-03
2.413394838351233182e-03
2.402506465450765603e-03
2.404935867017067488e-03
2.395912486140299499e-03
2.384479069480986181e-03
2.386876178118682145e-03
2.379297402000609719e-03
2.346228686569859674e-03
2.351641112695109122e-03
2.340229957452149342e-03
2.367013379777032581e-03
2.370626833583556158e-03
2.362034265140372166e-03
2.463986711139283352e-03
2.472679485950850069e-03
2.479520860991997998e-03
2.484507140228769517e-03
2.487638457610534884e-03
2.488918740306195806e-03
2.453450197525206943e-03
2.472378842307814545e-03
2.475042488321181882e-03
2.472596400297804968e-03
2.476879511825162087e-03
2.479401817695851135e-03
2.477207268611929507e-03
2.480529067487481729e-03
2.482466512314738822e-03
2.481150062457347996e-03
2.483288033746119342e-03
2.484791888188192781e-03
2.483869273462742996e-03
2.485633942666069015e-03
2.485973062859933667e-03
2.486741816611395036e-03
2.487630410361163676e-03
2.487747567462922794e-03
2.488355645621406417e-03
2.441081436059494396e-03
2.426895745363769064e-03
2.410911514578007332e-03
2.393473697344184695e-03
2.375750800478180526e-03
2.323005262249848522e-03
2.334564662025015881e-03
2.328662419890058493e-03
2.356618274009132218e-03
2.466341985432712360e-03
2.467579250478945004e-03
2.462785279495589754e-03
2.474764320715674027e-03
2.475658556766054206e-03
2.471786541837632176e-03
2.481326305371087202e-03
2.481897732772394682e-03
2.478950642071314683e-03
2.486058374612036027e-03
2.486293922591595231e-03
2.484272709032919659e-03
2.488960164998066556e-03
2.487751680364056611e-03
2.488847968553711820e-03
2.490034997379842255e-03
2.489564420482782373e-03
2.489390250736290416e-03
2.456132037200188870e-03
2.451955602606036705e-03
2.457666765300556277e-03
2.465826136587841253e-03
2.469414419476476195e-03
2.469198676984964754e-03
2.474702051488979811e-03
2.478755285410464814e-03
2.481898183816637869e-03
2.484454137631511312e-03
2.486625595131316310e-03
2.489289823247225163e-03
2.488451511181322996e-03
2.489194793933242628e-03
2.444158805900424614e-03
2.445931751797775222e-03
2.439310022309401811e-03
2.430355921071860204e-03
2.432388536715986496e-03
2.424864992804639813e-03
2.414781320715332722e-03
2.417055499319628598e-03
2.408639786817636831e-03
2.397450116301246166e-03
2.399949310069204433e-03
2.390972951443797768e-03
2.378988731816492671e-03
2.381721858462640222e-03
2.373000276018357151e-03
2.336189368044416358e-03
2.329478417765033782e-03
2.341161945358872804e-03
2.359093181993495401e-03
2.363088720770473855e-03
2.352609664554825963e-03
2.312708289157009659e-03
2.324373136459926062e-03
2.317807928813898910e-03
2.461250291316298237e-03
2.470548934600468993e-03
2.478025287685808355e-03
2.483673351788979067e-03
2.487490895577039365e-03
2.489479401290881772e-03
2.489644011667723270e-03
2.450139109733179190e-03
2.464913413705744141e-03
2.465340357961909572e-03
2.468769582631933149e-03
2.471500717294763255e-03
2.471948623515961806e-03
2.474217169915497380e-03
2.474882011048408579e-03
2.475861841948685457e-03
2.477714342619894046e-03
2.478388492112513705e-03
2.480826765684774043e-03
2.479450753977220732e-03
2.481551814662217702e-03
2.483578219890154870e-03
2.482411673863843971e-03
2.484323676789732850e-03
2.484972086404474510e-03
2.485960511857127596e-03
2.486735144897260323e-03
2.487175336004472399e-03
2.487993462441281424e-03
2.437228938011715227e-03
2.422536796019895706e-03
2.406084811853326927e-03
2.388193493663577291e-03
2.369033860737403650e-03
2.347627467699368517e-03
2.328339686025668580e-03
2.332220595744160033e-03
2.320475407098970214e-03
2.303710857051639339e-03
2.315984396299098236e-03
2.308201915436004954e-03
2.463684955403847888e-03
2.459943000941779666e-03
2.465032046553736374e-03
2.472714980091422071e-03
2.473723584583567472e-03
2.469541567957738142e-03
2.479907480973078150e-03
2.480602415574585749e-03
2.477331509433225356e-03
2.485294752381985144e-03
2.485663432586483930e-03
2.483305743589664123e-03
2.488874148079659072e-03
2.488905127073000583e-03
2.487460901860862831e-03
2.490646638239553661e-03
2.490329642092164921e-03
2.489797294687332019e-03
2.490616760240393392e-03
2.489942720354571329e-03
2.490318858124479506e-03
2.452900295474514259e-03
2.454536902360920578e-03
2.448546588706683024e-03
2.457374733160967283e-03
2.461738460221663937e-03
2.461272567343980849e-03
2.468294917003673733e-03
2.473197750303395698e-03
2.476638890599622451e-03
2.479966940592638613e-03
2.482931051342750651e-03
2.485521064882770248e-03
2.488792549528765895e-03
2.487753633243863696e-03
2.489033094756982947e-03
2.440387225353573067e-03
2.442250800502680178e-03
2.435366811689712845e-03
2.426073068582756172e-03
2.428189784101643725e-03
2.420421678353051973e-03
2.410021116168116831e-03
2.412373950436494038e-03
2.403733067830162839e-03
2.392344811870317743e-03
2.385666510563365719e-03
2.394868040751139092e-03
2.372794135074204978e-03
2.375881425626877753e-03
2.365938723598819907e-03
2.351189131987009052e-03
2.355172405759021429e-03
2.343629775329804550e-03
2.339744606763761569e-03
2.317867610802557335e-03
2.310759284063584190e-03
2.323029397221228892e-03
2.296103045201298726e-03
2.306958937831222849e-03
2.299916643802028988e-03
2.458306232169238641e-03
2.468194232927193969e-03
2.476287847198645631e-03
2.482578958324938977e-03
2.487063097220203103e-03
2.489739428533116038e-03
2.490610710424128686e-03
2.489683236111529547e-03
2.446635602291648802e-03
2.457441277103107266e-03
2.457417802347035534e-03
2.461280078635291139e-03
2.466163396059204479e-03
2.465525049557362649e-03
2.468944417960428246e-03
2.470644491986813407e-03
2.471703940342154411e-03
2.475024015355166071e-03
2.473297505582566433e-03
2.475646109844812249e-03
2.477009958764112441e-03
2.478583503794280947e-03
2.479208028583399642e-03
2.480371491870806550e-03
2.481748120583547254e-03
2.482384832386455142e-03
2.484539947209122353e-03
2.483345413088644971e-03
2.485185432286766277e-03
2.486966744492928854e-03
2.485950982634736392e-03
2.433197682767704144e-03
2.418011341636026618e-03
2.401145286842897020e-03
2.382539817527049453e-03
2.361957809129738069e-03
2.334387652076362358e-03
2.331321306371318420e-03
2.342833065433491419e-03
2.326149354617396657e-03
2.322867100896672254e-03
2.320290936513426730e-03
2.309596699983572973e-03
2.309815007385578479e-03
2.289969826089412359e-03
2.299755057711228273e-03
2.293077084513565119e-03
2.302873881440797941e-03
2.309722921886346071e-03
2.285182920754830205e-03
2.297514987402925115e-03
2.287615935884386269e-03
2.299941248979520386e-03
2.306171409666456229e-03
2.281863711017446603e-03
2.294100944494609998e-03
2.283595483479246898e-03
2.295831991083528527e-03
2.302574518751981415e-03
2.279926638274059301e-03
2.291341450137437865e-03
2.280982128629698447e-03
2.292384833132080860e-03
2.460800878727975333e-03
2.462263431697714593e-03
2.456887061484172834e-03
2.470423829203036332e-03
2.471551436313403592e-03
2.467067801723643941e-03
2.478231281876995713e-03
2.479053008419283225e-03
2.475467221290286301e-03
2.484257133254591087e-03
2.484760930386257106e-03
2.482076182538452830e-03
2.488496580454271218e-03
2.488671473348130249e-03
2.486889143624518902e-03
2.490948357560958046e-03
2.490784486447569519e-03
2.489904155060597424e-03
2.491614705240819370e-03
2.491103356911123206e-03
2.491122828787772914e-03
2.490501317908705003e-03
2.490550287857368813e-03
2.489634950122893674e-03
2.449454583151883334e-03
2.451200107019030090e-03
2.444937712965509005e-03
2.447846323218906116e-03
2.452739330372091884e-03
2.452763400177105594e-03
2.461928764419681146e-03
2.469018612170505601e-03
2.473660680674077787e-03
2.477420717574748462e-03
2.480788153139850023e-03
2.483775030821084532e-03
2.487617265188141972e-03
2.488195093742602993e-03
2.486389515685209252e-03
2.436412900640852041e-03
2.431235985577551769e-03
2.438375973354837273e-03
2.421597529829237934e-03
2.415801549672419966e-03
2.423808753005959188e-03
2.405075862294232553e-03
2.407519186175370151e-03
2.398702742409864006e-03
2.386890297784959904e-03
2.389588434062617662e-03
2.379838563761035256e-03
2.367032206113604299e-03
2.369882586956574295e-03
2.359113495876734561e-03
2.346753678152942689e-03
2.348922579008398334e-03
2.340601617960411888e-03
2.328669534186486069e-03
2.316318642003042678e-03
2.309714607762088957e-03
2.308002450066916431e-03
2.304442249295119999e-03
2.300216563768734714e-03
2.301469346075155509e-03
2.290241226056265872e-03
2.279377777524858699e-03
2.289895906115240257e-03
2.279727339960760119e-03
2.455141474402769766e-03
2.465605102203745954e-03
2.474301000787148923e-03
2.481219057870534105e-03
2.486352697463211150e-03
2.489698885930989852e-03
2.491258113509584211e-03
2.491034352633078163e-03
2.489034992195798390e-03
2.442923731550283081e-03
2.448874888620260031e-03
2.453285877048613350e-03
2.448371305780952176e-03
2.457793782364712729e-03
2.462116381949819299e-03
2.457641948105110472e-03
2.463149615841323230e-03
2.467409215688305592e-03
2.464669607237087497e-03
2.467942662091741988e-03
2.471776994864502159e-03
2.469810992597916421e-03
2.472303194916763633e-03
2.473964784648753461e-03
2.475736443482560219e-03
2.476255990077256847e-03
2.479298981443373191e-03
2.477721673904539814e-03
2.479810089341112026e-03
2.481086799118251141e-03
2.482474301575663886e-03
2.482974887601739275e-03
2.484069137508853470e-03
2.485270746147812734e-03
2.428968928859817286e-03
2.413297652849885275e-03
2.395940597281392796e-03
2.376909979597767453e-03
2.356827162883044866e-03
2.334808458455413238e-03
2.334362365308512155e-03
2.328583626887668467e-03
2.322077099582753150e-03
2.322118523717602023e-03
2.330033694931207214e-03
2.320041695310547537e-03
2.318186607131590086e-03
2.325437769175234433e-03
2.315949393866453647e-03
2.314084816288560290e-03
2.320689699516354475e-03
2.310519166658597540e-03
2.311770880446529369e-03
2.300578909136623360e-03
2.290128469804427781e-03
2.300456550885750413e-03
2.280099230967443796e-03
2.290434697070878062e-03
2.279806957436474393e-03
2.302313741846768753e-03
2.282038782386011568e-03
2.292288654554392856e-03
2.281136757567266311e-03
2.291379014891088001e-03
2.457676695557832035e-03
2.459261042200602734e-03
2.453603696908235061e-03
2.467880551627710944e-03
2.469132507631356405e-03
2.464354257450984773e-03
2.476290075555757746e-03
2.477242594287383352e-03
2.473349522660111925e-03
2.482940492637487548e-03
2.483582098592637764e-03
2.480578417980297719e-03
2.487824955460733126e-03
2.486033350975361093e-03
2.488145190376746686e-03
2.490940069508312815e-03
2.489710228100242267e-03
2.490929535931171203e-03
2.492285882651289197e-03
2.491608446035959226e-03
2.491936277405301138e-03
2.491865851271060812e-03
2.491169989674494809e-03
2.491730859446129008e-03
2.489686783085911723e-03
2.488638612537918439e-03
2.490083726333719872e-03
2.445779033160032367e-03
2.447641204031026849e-03
2.441112353433623136e-03
2.437355831306848436e-03
2.442735045366697510e-03
2.443239398471666948e-03
2.453425539226429097e-03
2.460540181099119417e-03
2.465544685982838310e-03
2.470116015444794814e-03
2.474271253393553645e-03
2.478022813659388861e-03
2.481380568120091813e-03
2.485758756708234939e-03
2.484353358002646100e-03
2.486676628185404032e-03
2.432217124608076000e-03
2.426898105390319985e-03
2.434289240754321931e-03
2.416907556395262585e-03
2.410982042430411931e-03
2.419224367816483635e-03
2.399923160971058518e-03
2.402468763210774145e-03
2.393396110734055497e-03
2.381291417454384218e-03
2.384057694643770212e-03
2.374144176055114838e-03
2.361041464835626075e-03
2.363995556288014596e-03
2.353867727957201835e-03
2.340579035835724762e-03
2.332255600582118418e-03
2.327804280772488316e-03
2.323132213038662120e-03
2.316470905081402347e-03
2.308462332408350685e-03
2.318639959927849391e-03
2.308601329866416269e-03
2.301510133075969616e-03
2.302659586863919309e-03
2.302542330285169744e-03
2.292506702540377580e-03
2.285136186847535819e-03
2.294011767407482059e-03
2.283627984718559611e-03
2.462769861249679716e-03
2.451741560912942298e-03
2.472055781312563604e-03
2.479587330806032417e-03
2.485355940039321847e-03
2.489356487290363303e-03
2.491587300513693759e-03
2.492050135102381100e-03
2.490750128295217240e-03
2.487695730275753768e-03
2.438986236173699279e-03
2.439140703868056519e-03
2.438274354295211048e-03
2.444152211413818526e-03
2.451023994361386724e-03
2.449958976221796886e-03
2.454521470329496143e-03
2.457209467902908388e-03
2.458478808947703580e-03
2.463179817368660839e-03
2.460819775915493255e-03
2.463632470158763806e-03
2.465776117255328963e-03
2.467946360895172195e-03
2.468368895979793261e-03
2.472289223478870302e-03
2.470324251108012726e-03
2.472684336353649526e-03
2.476222165366389130e-03
2.474458019775940994e-03
2.476589677863296271e-03
2.479755541264169923e-03
2.478187513859879745e-03
2.480095021022790149e-03
2.481522366843358970e-03
2.482898613400561991e-03
2.424522509844618048e-03
2.408372132479417397e-03
2.390559846051206090e-03
2.371116420982376065e-03
2.347741185937405207e-03
2.353720439111525904e-03
2.341869578160618668e-03
2.344108065787147994e-03
2.348350100191810928e-03
2.339257263164262052e-03
2.336898543300701316e-03
2.341924843877781458e-03
2.333732839353197443e-03
2.331296702881199053e-03
2.335349687823694287e-03
2.328060316812481916e-03
2.325892782515390569e-03
2.324369029103259907e-03
2.320418111907295803e-03
2.312574320893916874e-03
2.313414588205695271e-03
2.321305379012649460e-03
2.312079901913587521e-03
2.311986667672738527e-03
2.305147803901523487e-03
2.295256061575871431e-03
2.303941372279703914e-03
2.465073511715887896e-03
2.466455822662048068e-03
2.461388593876516657e-03
2.454298055349496844e-03
2.456011171829854730e-03
2.450077809295867892e-03
2.474074894756510788e-03
2.470968778652457218e-03
2.475162874751927079e-03
2.481338473697055139e-03
2.478805462618538687e-03
2.482121248887944436e-03
2.486855456272730591e-03
2.484889109977145554e-03
2.487323119734484098e-03
2.490620415750495042e-03
2.490764072665173270e-03
2.489213587707093597e-03
2.492631299977091704e-03
2.492443102966206310e-03
2.491776177109664408e-03
2.492889416719846433e-03
2.492577561159717812e-03
2.492362591586305687e-03
2.491399396107983697e-03
2.490528257800702326e-03
2.491621788817202383e-03
2.488169130731539887e-03
2.486949088931697527e-03
2.488916216437907832e-03
2.441856548969474541e-03
2.443843713462509355e-03
2.437052623966143392e-03
2.426210442875692541e-03
2.431897440243375313e-03
2.432769968726980567e-03
2.445224798960943160e-03
2.454838778765255393e-03
2.461037595486530866e-03
2.465991718537381347e-03
2.470516006183086019e-03
2.474624764693399669e-03
2.478328600240522778e-03
2.483209694644717292e-03
2.481637249337915845e-03
2.484471426779559858e-03
2.427780018631222909e-03
2.429971307750538982e-03
2.422332426716911503e-03
2.411980836122500430e-03
2.414414534298359172e-03
2.405939650434215336e-03
2.394536337009626863e-03
2.397197526599224079e-03
2.387899959185138619e-03
2.375473659483181947e-03
2.378347743853243164e-03
2.368241254845895784e-03
2.357354439485743677e-03
2.350975465729033837e-03
2.345093420718404476e-03
2.338589660151851012e-03
2.329848828496366379e-03
2.322881812290847597e-03
2.318456819525062385e-03
2.310681853952405510e-03
2.319945284964368849e-03
2.289343571764908963e-03
2.297342446400613917e-03
2.287272838154225628e-03
2.311893133202683453e-03
2.459675523891485024e-03
2.469541894289087672e-03
2.448090776168107205e-03
2.477676122479267450e-03
2.484067746150907946e-03
2.488709653556606810e-03
2.491598105044917459e-03
2.492732730156209907e-03
2.492116501451590270e-03
2.489755685692874622e-03
2.485659773260920444e-03
2.434804639843328542e-03
2.429379362673307792e-03
2.427772625527570196e-03
2.434363826705905273e-03
2.440457702791722864e-03
2.445896725867124574e-03
2.439848758782559458e-03
2.447211700037994937e-03
2.452834657190395944e-03
2.449120504802913389e-03
2.453223324160281119e-03
2.458403163785584985e-03
2.455836967010900911e-03
2.458746607332862322e-03
2.463532451678732658e-03
2.461175865385834081e-03
2.463828962371644553e-03
2.466085161910973583e-03
2.468229657286454166e-03
2.468480147442188993e-03
2.470568394757123067e-03
2.472506391124078187e-03
2.472711877229698870e-03
2.474636846606374958e-03
2.476373562688313507e-03
2.476535243030178642e-03
2.479841387334678210e-03
2.478301128423181839e-03
2.419837214442689070e-03
2.403211668888634300e-03
2.384954798776137141e-03
2.364536164210967288e-03
2.369401350879205177e-03
2.361544395193336098e-03
2.358803850009826009e-03
2.363025258969228808e-03
2.355659999242029363e-03
2.352408317498335625e-03
2.356554139894343359e-03
2.345886643792957464e-03
2.349215250531117970e-03
2.349420678628901839e-03
2.342355256071097444e-03
2.336891068217270603e-03
2.342572687160795510e-03
2.333510147313802661e-03
2.331927804044665181e-03
2.335643128539737542e-03
2.328530193413308035e-03
2.327032058968402355e-03
2.312272811707238515e-03
2.308725781098813420e-03
2.300881542035531756e-03
2.326810324189440386e-03
2.322645083261573335e-03
2.316026599847688557e-03
2.294593713772205557e-03
2.303510725286287558e-03
2.291987222791057408e-03
2.461989858894910854e-03
2.463509137877354510e-03
2.458157218706865429e-03
2.471575527696434019e-03
2.468314072640280608e-03
2.472804260839089798e-03
2.450649441452929823e-03
2.452498888131354488e-03
2.446293103318157840e-03
2.479443464104032560e-03
2.476749033317013522e-03
2.480371398220731442e-03
2.485583017860868577e-03
2.486200822907503032e-03
2.483450716074037199e-03
2.489986814663542811e-03
2.490286129948414851e-03
2.488411040587877078e-03
2.492650783940785451e-03
2.492624254954829525e-03
2.491625261793813540e-03
2.493574162921418681e-03
2.493091976369318959e-03
2.493215468781639389e-03
2.492759477922582359e-03
2.492813106011671637e-03
2.492063349395845246e-03
2.490212503562997184e-03
2.490793858222190189e-03
2.489174731488350174e-03
2.485942200747622618e-03
2.487042665241646997e-03
2.484559634874120189e-03
2.437668945072106550e-03
2.439789996202199225e-03
2.432739519707199320e-03
2.414472387754069277e-03
2.420457365668414809e-03
2.421997617720616364e-03
2.434965394060681094e-03
2.443938866865120584e-03
2.450217500666554415e-03
2.455974342270483748e-03
2.461276612491761391e-03
2.466141767255465144e-03
2.470581750546747488e-03
2.474607971301166862e-03
2.479960634523224999e-03
2.481571102367592825e-03
2.478231173189711280e-03
2.423080821839087001e-03
2.417517315017667437e-03
2.425401855312175458e-03
2.406793942357397798e-03
2.409356442352336269e-03
2.400650335030886113e-03
2.388888681650406728e-03
2.391678920101706577e-03
2.382165535177578359e-03
2.372399940853800113e-03
2.366174580590376525e-03
2.359750382051751649e-03
2.352951503442057835e-03
2.345957454441098110e-03
2.339046492849080564e-03
2.331199155123008133e-03
2.319586708200861019e-03
2.317975120708517297e-03
2.315122708936262312e-03
2.306367209605671501e-03
2.456307913043932582e-03
2.466747814224347270e-03
2.475476527058657894e-03
2.444172277518722510e-03
2.482481783831643179e-03
2.487754568598587492e-03
2.491289157288871861e-03
2.493083133514946165e-03
2.493137381181059244e-03
2.491456054657385354e-03
2.488046527288036852e-03
2.482919319188532040e-03
2.430359458787939055e-03
2.418211142655087801e-03
2.423899966208838824e-03
2.416379331691662167e-03
2.434293281972411266e-03
2.431811064725125301e-03
2.437422617452941059e-03
2.440774526669119929e-03
2.441091361832749794e-03
2.444146321743154160e-03
2.447134515050030518e-03
2.447414342281078667e-03
2.450302655712771529e-03
2.453053139793319459e-03
2.453267553904518034e-03
2.458518978132992819e-03
2.455991674200174238e-03
2.458667667801877482e-03
2.461232878250583633e-03
2.463543249862179887e-03
2.463628541930642981e-03
2.466038939760847957e-03
2.468138347846506736e-03
2.468162892897020951e-03
2.472316173951912780e-03
2.470422037354274951e-03
2.472282872514382918e-03
2.474393787004194531e-03
2.476088005292770983e-03
2.414891014427023985e-03
2.397791459862527643e-03
2.379084963134930376e-03
2.382955099510183482e-03
2.376155700624897962e-03
2.372932161434654613e-03
2.376706500240931275e-03
2.369844993436564205e-03
2.366568352134747460e-03
2.370115225425241303e-03
2.363309180104227174e-03
2.359707393143500778e-03
2.363260070805046128e-03
2.356318001338983219e-03
2.352828682429059393e-03
2.355793454175227931e-03
2.349136620440702219e-03
2.345643680691804258e-03
2.348001038552322093e-03
2.341788584503714556e-03
2.337368905926863732e-03
2.336991126868403438e-03
2.331864218338391102e-03
2.324667052867975068e-03
2.300813731250462169e-03
2.309477102544934667e-03
2.297701984825458680e-03
2.327537626281317353e-03
2.458615632684735264e-03
2.460279046648176753e-03
2.454645402048121448e-03
2.468780608864164661e-03
2.470155963707145689e-03
2.465373303286164282e-03
2.477246673078202770e-03
2.478324345740451524e-03
2.474399635067668548e-03
2.446714289184015716e-03
2.448708153319399672e-03
2.442232217537556455e-03
2.484001390146191833e-03
2.484772643919600909e-03
2.481711243949557763e-03
2.489035510671167364e-03
2.489492541607877737e-03
2.487298181936710255e-03
2.492343015944603005e-03
2.492478990725159257e-03
2.491153755064301305e-03
2.493921139870181481e-03
2.493274548127759511e-03
2.493730224735036995e-03
2.493770368385953874e-03
2.493247748992848730e-03
2.493660426364637580e-03
2.491894416994714073e-03
2.492314514813197962e-03
2.491036309094811236e-03
2.488300187043985048e-03
2.489243155997024250e-03
2.487103837961726106e-03
2.482997701579106251e-03
2.481461382626931351e-03
2.484455846765962032e-03
2.433197071627399549e-03
2.435461391436227925e-03
2.428153074742998851e-03
2.402565614939266778e-03
2.408613950346691086e-03
2.410469464688614998e-03
2.426328113673063315e-03
2.437698211715984883e-03
2.444245455639986516e-03
2.450329273524476294e-03
2.455954066279169862e-03
2.461133108116936308e-03
2.465879426356273885e-03
2.470205443432899831e-03
2.476000021400802473e-03
2.474123011447931092e-03
2.477965155203356185e-03
2.418097798611011651e-03
2.420559631788272385e-03
2.412430229539321708e-03
2.401322292874461667e-03
2.395088657836030085e-03
2.404026096439061243e-03
2.385886974344379741e-03
2.379795271171071796e-03
2.373375028280390667e-03
2.366650116334050990e-03
2.359489434135053198e-03
2.351858363251614192e-03
2.342490023452437498e-03
2.323323695271611953e-03
2.312132680712097096e-03
2.320628955386522425e-03
2.335764643820751208e-03
2.326990283702387238e-03
2.336381182221879300e-03
2.329663296775402910e-03
2.452651771765801576e-03
2.463660882243362896e-03
2.472978471295494193e-03
2.480590538095957514e-03
2.439968215621982333e-03
2.486486235495410056e-03
2.490657926484307963e-03
2.493101217575966529e-03
2.493814969418559329e-03
2.492801285214788637e-03
2.490065477558129833e-03
2.485616014407616113e-03
2.479464444956675472e-03
2.425630265953979993e-03
2.404126807727577884e-03
2.411313866254169089e-03
2.403368857100102608e-03
2.427341896670723743e-03
2.422849714816261227e-03
2.430809384800925853e-03
2.434182688593643923e-03
2.434401703310374449e-03
2.437731243399627983e-03
2.440878533156595320e-03
2.441026445699032588e-03
2.447114993996764905e-03
2.444203465321855961e-03
2.447177657940646442e-03
2.452889468305484866e-03
2.450205451886506083e-03
2.452866984317187814e-03
2.455750314234611022e-03
2.458213578129845971e-03
2.458112588247428777e-03
2.460853740075837244e-03
2.463102674619876455e-03
2.462926865146423516e-03
2.465528259053848068e-03
2.467569104559928610e-03
2.467323142386777281e-03
2.469786618459287979e-03
2.471625306219295010e-03
2.409660808825693154e-03
2.392085349647060828e-03
2.395541362313196535e-03
2.389228877396445180e-03
2.386067946466754758e-03
2.389425348998821738e-03
2.383044611605896097e-03
2.379712665754443301e-03
2.382948201251086726e-03
2.376509039704444767e-03
2.373042563862299854e-03
2.376083634779564604e-03
2.369645416916794142e-03
2.365878789776726734e-03
2.368806965099869155e-03
2.362274708512400370e-03
2.358345070797516693e-03
2.360789045771335797e-03
2.348852646509863237e-03
2.354366718191322917e-03
2.307963956035838284e-03
2.315722180395348925e-03
2.304372371413139671e-03
2.353697079706224340e-03
2.345364356490924410e-03
2.344723553879454400e-03
2.344187232798414840e-03
2.340001635687598454e-03
2.333769718256674917e-03
2.454935861764473252e-03
2.456751081358790004e-03
2.450837383793485688e-03
2.465677708477508751e-03
2.462133281233769809e-03
2.467206084804256933e-03
2.474738208374396928e-03
2.471746644703570403e-03
2.475970749871805356e-03
2.482103201684956323e-03
2.483031772785190567e-03
2.479662617898658120e-03
2.442475088312069838e-03
2.444621932757681977e-03
2.437876830242192549e-03
2.487761624263005664e-03
2.488378991700666322e-03
2.485869451995267963e-03
2.491705568185651181e-03
2.492005439500814042e-03
2.490358569863092286e-03
2.493930320433903475e-03
2.493124607780407374e-03
2.493907374111261569e-03
2.494434379717629970e-03
2.494165434732822234e-03
2.494084286630119524e-03
2.493219451669923762e-03
2.493482149670992604e-03
2.492538887672563798e-03
2.490290422867618564e-03
2.489277072496201126e-03
2.491079057237241198e-03
2.485655314245287587e-03
2.484307865582124908e-03
2.486963622557939249e-03
2.479325214486653370e-03
2.477643345322637532e-03
2.481146405812909364e-03
2.428420894148990671e-03
2.430838307547511599e-03
2.423272412440025027e-03
2.390548390235917951e-03
2.396602700873647594e-03
2.397346285818081728e-03
2.412455692735392902e-03
2.408389902094082956e-03
2.415333091425612717e-03
2.419864036632814706e-03
2.430851803948099864e-03
2.437700995279495648e-03
2.444087422524555010e-03
2.450006324496319804e-03
2.455472579361385899e-03
2.460501398285272305e-03
2.465105702812630997e-03
2.471314194250773949e-03
2.469298549734370418e-03
2.473640977334294697e-03
2.412808392495550611e-03
2.407047696111714111e-03
2.415422477939313528e-03
2.398398887063681994e-03
2.392449655043032888e-03
2.386152529929786142e-03
2.379481272295193468e-03
2.372410834279515407e-03
2.364765354067334922e-03
2.357195028156999165e-03
2.330916394002213385e-03
2.327108585563933321e-03
2.319456418576119200e-03
2.348909121425711653e-03
2.337580855883582449e-03
2.448690864277257729e-03
2.460267400820384184e-03
2.470170797817564014e-03
2.478385381286223130e-03
2.484898533415093053e-03
2.435459825415545003e-03
2.489700764029887173e-03
2.492785760291004165e-03
2.494150414439227394e-03
2.493794829770989464e-03
2.491722305198675394e-03
2.487939298906402443e-03
2.482455371675863429e-03
2.475283110612265004e-03
2.420595768285250735e-03
2.396489757446416697e-03
2.393487946033665166e-03
2.400343403071746647e-03
2.404462392312279890e-03
2.420265115293739402e-03
2.416359673788455020e-03
2.423772301608200039e-03
2.427294303797997588e-03
2.427129992842038710e-03
2.434045208930509310e-03
2.430744015296085886e-03
2.434041964572775021e-03
2.437514904972210017e-03
2.440573526682158524e-03
2.440451809900451557e-03
2.443795961497519098e-03
2.446622559950649509e-03
2.446406909824765368e-03
2.449618512753360365e-03
2.452222166061967558e-03
2.451913302188995624e-03
2.454994841606848721e-03
2.457381948392318039e-03
2.456985874339777300e-03
2.459938622253105434e-03
2.462116011000060108e-03
2.461639201966822014e-03
2.464463814119903506e-03
2.466438034059935044e-03
2.404122890759789136e-03
2.407189468522428870e-03
2.401345702285422566e-03
2.398252922980095153e-03
2.401217383833359822e-03
2.395299673250688311e-03
2.392026175846806955e-03
2.394868083484031837e-03
2.388884628861571730e-03
2.385417719040456436e-03
2.388117168015391027e-03
2.382075403782878652e-03
2.378401403727990315e-03
2.380940963553175842e-03
2.374846422896973418e-03
2.370806461657957998e-03
2.373311099553248368e-03
2.367027317644208959e-03
2.363417205379709802e-03
2.315986075542420322e-03
2.323494104358986029e-03
2.311948047183111019e-03
2.365205476991904740e-03
2.359401453981240307e-03
2.354661392021621408e-03
2.354227696241360107e-03
2.349176335861655456e-03
2.342558758823331654e-03
2.337643221460624938e-03
2.345968111345745049e-03
2.334247637102706760e-03
2.450934659432830055e-03
2.452909810708790109e-03
2.446716472986819671e-03
2.462253419688004152e-03
2.463941704262375288e-03
2.458579822528528160e-03
2.471907152571577952e-03
2.473300204993824757e-03
2.468778393728375022e-03
2.479880023484404804e-03
2.480970309288873035e-03
2.477295682196279519e-03
2.486159202622597892e-03
2.486940064862652993e-03
2.484118193196223779e-03
2.437913486573118921e-03
2.440222296965538669e-03
2.433207759049308815e-03
2.490734940638579704e-03
2.489235520603979429e-03
2.491200638958067717e-03
2.493600623295160607e-03
2.492640404531649024e-03
2.493746365062028160e-03
2.494752804932171084e-03
2.494574768059565004e-03
2.494328767374141744e-03
2.494191220761226343e-03
2.493686567979450531e-03
2.494299728317234382e-03
2.491918778168837178e-03
2.491085662642874687e-03
2.492555596551003939e-03
2.487941527341734974e-03
2.486779089646338255e-03
2.489101843548783416e-03
2.482268611711527066e-03
2.480776968245695067e-03
2.483947054956201720e-03
2.474912198594537201e-03
2.477102862569545861e-03
2.473092421728528920e-03
2.423319628313540253e-03
2.425900336359650567e-03
2.418075882841516470e-03
2.378582584587764660e-03
2.384576767401922186e-03
2.387512488199115736e-03
2.404224507572483120e-03
2.408321934579401007e-03
2.400348542963847125e-03
2.412217236750933014e-03
2.423679850447891995e-03
2.430571575862885449e-03
2.437229421505592974e-03
2.443411025632327791e-03
2.449140681071072627e-03
2.454429212916572553e-03
2.459291363714574252e-03
2.465887391245842088e-03
2.468583857436928639e-03
2.463741481294262018e-03
2.409967553401762188e-03
2.404171460399222304e-03
2.398010368998910753e-03
2.391460034426193867e-03
2.384496376522027370e-03
2.377091701108158088e-03
2.369224778345143615e-03
2.326812019902528561e-03
2.359704783932477755e-03
2.353827678933960877e-03
2.345809197783467904e-03
2.354001812170714025e-03
2.444408076161588231e-03
2.456552725711278265e-03
2.467041347129401291e-03
2.475856643213364752e-03
2.482984274885708092e-03
2.488412947323651991e-03
2.430627546855241954e-03
2.492134475163621139e-03
2.494143826581416042e-03
2.494439146174074352e-03
2.493021756732616018e-03
2.489896140167172263e-03
2.485069897983787496e-03
2.478553691768768229e-03
2.470361164439590761e-03
2.415234011070362119e-03
2.386844770901213903e-03
2.391654739937044798e-03
2.382694285276665009e-03
2.395496709628135764e-03
2.412032097222513178e-03
2.408114008842000310e-03
2.416130496701718658e-03
2.419538225768593214e-03
2.419327097618700212e-03
2.423203945485640810e-03
2.426645878216637710e-03
2.426409157623454684e-03
2.430204626494956218e-03
2.433390972191800707e-03
2.433070824676931629e-03
2.436741122215171224e-03
2.439698445206952594e-03
2.439265443464074413e-03
2.442816461240225265e-03
2.445548523974282878e-03
2.445009703461130217e-03
2.448442260346757934e-03
2.450956718345130569e-03
2.450319940082695130e-03
2.455938477567829858e-03
2.453634177344866333e-03
2.455212122844847161e-03
2.458407484714510410e-03
2.460508843165725747e-03
2.417871880919927104e-03
2.412541224377275691e-03
2.409522485417721523e-03
2.412055744489948177e-03
2.406645676938587441e-03
2.403438199291257037e-03
2.405848877004694488e-03
2.400366050967457383e-03
2.396957835305366449e-03
2.399228621364068916e-03
2.393678831017444740e-03
2.390057853237716277e-03
2.392172299751302907e-03
2.386560419662567094e-03
2.382713737602417791e-03
2.384656745439514558e-03
2.378986613354098015e-03
2.374902621395828372e-03
2.324822181350874681e-03
2.331253839715903727e-03
2.320366339169212169e-03
2.376663278545247410e-03
2.370934552358800514e-03
2.365434405911537048e-03
2.343295516069352630e-03
2.348658045185103484e-03
2.340426932289807471e-03
2.368147132500656414e-03
2.361235879168183290e-03
2.361015132726269807e-03
2.446595323667726061e-03
2.448738937596592596e-03
2.442265151119921152e-03
2.458493445638876024e-03
2.460348968070855472e-03
2.454697840670161130e-03
2.468741638808650933e-03
2.465482250020814992e-03
2.470301317499101930e-03
2.477322432815009644e-03
2.478579326839497159e-03
2.474600271187855569e-03
2.484221270694267781e-03
2.485169297180956673e-03
2.482036707618472029e-03
2.489426598866442426e-03
2.487779367391453923e-03
2.490060572656393762e-03
2.433010406514887064e-03
2.435490534555167716e-03
2.428205087656509342e-03
2.492929937087263754e-03
2.493245602796798424e-03
2.491819136013824487e-03
2.494725927972190997e-03
2.494719984059460931e-03
2.494150028494920065e-03
2.494812365873256502e-03
2.494482480426581886e-03
2.494769220490060651e-03
2.493190205082686673e-03
2.492535023151794000e-03
2.493677058522986937e-03
2.489863547402250844e-03
2.488882689842808731e-03
2.490877049388858736e-03
2.484839609276642998e-03
2.486375829007306682e-03
2.483533663208192365e-03
2.478128669365222119e-03
2.480183111394724128e-03
2.476499170142691664e-03
2.469743996046051132e-03
2.467793401421654407e-03
2.472311617702932247e-03
2.420626394865471424e-03
2.366856589507528377e-03
2.372716013779953715e-03
2.376820677776637306e-03
2.394665609112874103e-03
2.390731737741730659e-03
2.399426866263452106e-03
2.403316258264689108e-03
2.415660307678959163e-03
2.422850002604891393e-03
2.429720576879933376e-03
2.436147422936341383e-03
2.442115922419345678e-03
2.447642388296140774e-03
2.452742971120313881e-03
2.459701756451042332e-03
2.457433413137659686e-03
2.462776986745382739e-03
2.414994839775787706e-03
2.408983548888461116e-03
2.402570023459008747e-03
2.395731594274121135e-03
2.388445298056781838e-03
2.380689948678957075e-03
2.334033449862803374e-03
2.372434947173035838e-03
2.359962214962329358e-03
2.356925665360330800e-03
2.351608856307737649e-03
2.364088333008758456e-03
2.452501358849105539e-03
2.439785522322560508e-03
2.463577039017872047e-03
2.472993681013643200e-03
2.480735263285314095e-03
2.486788724241073990e-03
2.491144042249832363e-03
2.425451153250812557e-03
2.493794295406658468e-03
2.494735700753336963e-03
2.493967632823358965e-03
2.491492621507158771e-03
2.487316329370472569e-03
2.481447508945001067e-03
2.473897940241483705e-03
2.464682348874124192e-03
2.375723831202939534e-03
2.371269994666475554e-03
2.381273872761360301e-03
2.385155089935111789e-03
2.402893842005466782e-03
2.398763630805282078e-03
2.407444968787445135e-03
2.411071156878146632e-03
2.410770060516126412e-03
2.415026823524835369e-03
2.418546837018075660e-03
2.418131296027396619e-03
2.422248166970571159e-03
2.425557479370414517e-03
2.425008948260510243e-03
2.429018441797032354e-03
2.432093301317127688e-03
2.431418624825139405e-03
2.438170181376688762e-03
2.435321166119802649e-03
2.437378734849960857e-03
2.441173978376712586e-03
2.443805466309648729e-03
2.442907032654631407e-03
2.449016024316100822e-03
2.446593919711893394e-03
2.448020908093497070e-03
2.451597667753639079e-03
2.453818306284966545e-03
2.427746151621269083e-03
2.419909850612014454e-03
2.422848285158772479e-03
2.422100497157351692e-03
2.413982363241069014e-03
2.417116296293992782e-03
2.416052799277504989e-03
2.410987638173813126e-03
2.407647049352747322e-03
2.409582130303178360e-03
2.404440544808085674e-03
2.400882122463699354e-03
2.402667356036831351e-03
2.393665440252184650e-03
2.397453062800486510e-03
2.395287321746859474e-03
2.390003358885120326e-03
2.385977244261051119e-03
2.334392726795521140e-03
2.338853974600991169e-03
2.329556258934848811e-03
2.387421203391152692e-03
2.382069815219343967e-03
2.377784548827514659e-03
2.352953929166318615e-03
2.356478606888205447e-03
2.348147577831034404e-03
2.379037559795390243e-03
2.373620952844900100e-03
2.369494175577374455e-03
2.454382686887158008e-03
2.456413175338772754e-03
2.450471439730231901e-03
2.441900435827636887e-03
2.437465178864772590e-03
2.444221398431960061e-03
2.465228926559925003e-03
2.466961781573812334e-03
2.461844699288338097e-03
2.474420077089351574e-03
2.475848936335772917e-03
2.471565279167721278e-03
2.481939882662710130e-03
2.479616314651337129e-03
2.483059227498750441e-03
2.487775012543966963e-03
2.485983860829567120e-03
2.488580208227277654e-03
2.491915145579748705e-03
2.490656979789201541e-03
2.492402474273049551e-03
2.430407263609715100e-03
2.494353035253767288e-03
2.494519721305071391e-03
2.493627808094207865e-03
2.495084554752298629e-03
2.494928781905055015e-03
2.494891604062583756e-03
2.494108721711366539e-03
2.493629642053793623e-03
2.494446774566144286e-03
2.491427702642542725e-03
2.492294881321968029e-03
2.490625437119448927e-03
2.487046796550801148e-03
2.488440626469650644e-03
2.485922427207008702e-03
2.480974399108632367e-03
2.479529952993084901e-03
2.482891818196923932e-03
2.473221946273413199e-03
2.471460371250010311e-03
2.475659316332670407e-03
2.463803838277643567e-03
2.461728971268598368e-03
2.466756958035954891e-03
2.355521582751869940e-03
2.361171883137266458e-03
2.365566653559950019e-03
2.384953801540064342e-03
2.380324055785866880e-03
2.389785047516971000e-03
2.393878976343069651e-03
2.406813748945339608e-03
2.414429769695295835e-03
2.421547928888398947e-03
2.428190666715787822e-03
2.434374792131405608e-03
2.440118380880262026e-03
2.445439010490898287e-03
2.452737345606486544e-03
2.456201465289484329e-03
2.450353873544087926e-03
2.424952527701285630e-03
2.419105895051840323e-03
2.412846584607306315e-03
2.406153574466385336e-03
2.399005722745361016e-03
2.391381987376472399e-03
2.343641604030464575e-03
2.383255817856174200e-03
2.371196481798345471e-03
2.365613448132313727e-03
2.362075638370052938e-03
2.375142698343122270e-03
2.459763954002375155e-03
2.448097041127225530e-03
2.434804648899984575e-03
2.469784948973340923e-03
2.478142350558126816e-03
2.484821358168871203e-03
2.489810140044293289e-03
2.493099908082643725e-03
2.494684972951573525e-03
2.494562779018421033e-03
2.492733918930914883e-03
2.489202127660415913e-03
2.483974256295226699e-03
2.477060225978667748e-03
2.468472961601663081e-03
2.458228306670960130e-03
2.365544146806843398e-03
2.360508971602894805e-03
2.370604917482760886e-03
2.375202517361481649e-03
2.393550582811986103e-03
2.389232632206162669e-03
2.398197396361160388e-03
2.402113977513850671e-03
2.401613581798390639e-03
2.406168051114925856e-03
2.409825658112508054e-03
2.409170529076409394e-03
2.417042676210716650e-03
2.413627607281845690e-03
2.416238898333193663e-03
2.423781529798754632e-03
2.420601307903073787e-03
2.422840401200907455e-03
2.430062577766594310e-03
2.427107626276755678e-03
2.428995333727518476e-03
2.435904645160435946e-03
2.433165936594813145e-03
2.434723074186027295e-03
2.441326113036240263e-03
2.438794795988898263e-03
2.440042496660997824e-03
2.446344920048013506e-03
2.444012334499993857e-03
2.436831952200378855e-03
2.432297693842129949e-03
2.429446325185211693e-03
2.431371298740038229e-03
2.423690946561485055e-03
2.426743304686569246e-03
2.425499479444925832e-03
2.420782201438704054e-03
2.417518555078022619e-03
2.419197178294018105e-03
2.414394270853251114e-03
2.410908928142035251e-03
2.412444856546493155e-03
2.407559191227992296e-03
2.403841725116827137e-03
2.405222967850666194e-03
2.400256612259487818e-03
2.396296775484263192e-03
2.344587829075632773e-03
2.348804254774905509e-03
2.339475176753046809e-03
2.397511129926543222e-03
2.392465826390162333e-03
2.388247568292469966e-03
2.363565913761650310e-03
2.367409483371068005e-03
2.358296616293835586e-03
2.389289230094451908e-03
2.384161461924350859e-03
2.380210337866832393e-03
2.461355477335020175e-03
2.463268454944175876e-03
2.457851426428033555e-03
2.449905327191577702e-03
2.452118864884083715e-03
2.445884006046233124e-03
2.439339458127646066e-03
2.471161738034398717e-03
2.472768350217143234e-03
2.468178730334961036e-03
2.479306173917413588e-03
2.476847408943954557e-03
2.480601449147481607e-03
2.485773694709957678e-03
2.486753536278145122e-03
2.483841787403635870e-03
2.490552153797993482e-03
2.491213373862144736e-03
2.489149125685717872e-03
2.493632428397006204e-03
2.493972774514219368e-03
2.492759700926093416e-03
2.495008480437947186e-03
2.495026654232161516e-03
2.494666870385432982e-03
2.494677397717524545e-03
2.494867114554431484e-03
2.494373065362536813e-03
2.492639414769747246e-03
2.493360059954922124e-03
2.492013209243899505e-03
2.488897913780329079e-03
2.487951428491946750e-03
2.490148481805280756e-03
2.483459404306415531e-03
2.485238285652004511e-03
2.482195178861614730e-03
2.476333483632648519e-03
2.474754981236037751e-03
2.478638469680577005e-03
2.467532776029240579e-03
2.465644353186762297e-03
2.470361066084803339e-03
2.457072853615697907e-03
2.460421063483644952e-03
2.454879722286216169e-03
2.344680349019589299e-03
2.350066138531424660e-03
2.355048952585560990e-03
2.374799000433629615e-03
2.370150386726288701e-03
2.379851330773003273e-03
2.384127196827054429e-03
2.397560008847915425e-03
2.405368706837264677e-03
2.412680162673014762e-03
2.419514106505350325e-03
2.425891726896859009e-03
2.431832619087252040e-03
2.437355911101938676e-03
2.444972136433642713e-03
2.448836309943117854e-03
2.442480319871868488e-03
2.434074803322351828e-03
2.428408644347120754e-03
2.422321820337643584e-03
2.415794892770222087e-03
2.408808326917792880e-03
2.401342207933287662e-03
2.354077290174200199e-03
2.393376320282651105e-03
2.381898054800577185e-03
2.372706317544593518e-03
2.376551701611690371e-03
2.385559539497204059e-03
2.466218068523771782e-03
2.455587414283950422e-03
2.443322841990871932e-03
2.475195495327163746e-03
2.482503173652339089e-03
2.488127478187354431e-03
2.492057768828494137e-03
2.494286461279600527e-03
2.494809078118946383e-03
2.493624279842678818e-03
2.490733875733753926e-03
2.486142814267915894e-03
2.479859152991487157e-03
2.471894008378851954e-03
2.462261485777960703e-03
2.450978589877624535e-03
2.355010875604271643e-03
2.360247130160227861e-03
2.349814854279081051e-03
2.364850719772207486e-03
2.383655135032914252e-03
2.388576752163606032e-03
2.379206595179021548e-03
2.392584673287294957e-03
2.391951136087224622e-03
2.400509487765755193e-03
2.396756315877078287e-03
2.399500341072401816e-03
2.404311064187421559e-03
2.407818773731576576e-03
2.406732024788019262e-03
2.414735772987003284e-03
2.411461782020623765e-03
2.413502661983112519e-03
2.418148760104681192e-03
2.421199139228964910e-03
2.419832402766255042e-03
2.424392056299611280e-03
2.427228665724015435e-03
2.425741947337338271e-03
2.430211708921298664e-03
2.432844154545003076e-03
2.431251775855159357e-03
2.435627398484086544e-03
2.438065116301966866e-03
2.445044919285242931e-03
2.438161250376347580e-03
2.440918297794977734e-03
2.439784475613916703e-03
2.435556538782311913e-03
2.432594272592202012e-03
2.434106562381293994e-03
2.429780517878884182e-03
2.426603529930478238e-03
2.427993395731544574e-03
2.423571686926705854e-03
2.420170366075812159e-03
2.421426959121302305e-03
2.416911282344209530e-03
2.413275985940809346e-03
2.414388977581467116e-03
2.405901147053653329e-03
2.409780377206973811e-03
2.355445107820246502e-03
2.359534996388528479e-03
2.350041263997208404e-03
2.406860096870945109e-03
2.398027815075388317e-03
2.402159549834478360e-03
2.373796969249861426e-03
2.377817389776056868e-03
2.368687363423175631e-03
2.399183078941803660e-03
2.394214889928373158e-03
2.390482215378697713e-03
2.467535396454833673e-03
2.469325946939006453e-03
2.464427849047307224e-03
2.457107030621560016e-03
2.459207434709783507e-03
2.453487396522333053e-03
2.447449901009577690e-03
2.476310413740793158e-03
2.477786662289468110e-03
2.473719518862544601e-03
2.483415241838361071e-03
2.484573610069891209e-03
2.481345015521187452e-03
2.488835915124762866e-03
2.489673729972620084e-03
2.487289808985423956e-03
2.492561438048107245e-03
2.493076959741830165e-03
2.491542326479684235e-03
2.494583861695186429e-03
2.494776303949351563e-03
2.494094030872429264e-03
2.494898341169791804e-03
2.494939479821615871e-03
2.494767883291731155e-03
2.493503173104673603e-03
2.493050963797497667e-03
2.494076365103975717e-03
2.490399813087288815e-03
2.489627965968224145e-03
2.491505531765358505e-03
2.485592872664489292e-03
2.484504453181432277e-03
2.487230977115924193e-03
2.479090095113233028e-03
2.477689099648360677e-03
2.481259828409612157e-03
2.470902311213118725e-03
2.473602300951301732e-03
2.469193637937620433e-03
2.461043374432874895e-03
2.464271635297774540e-03
2.459032786893789596e-03
2.449530076183633730e-03
2.447224159287185886e-03
2.453284015320533491e-03
2.334390714997076725e-03
2.339483836480080788e-03
2.344646605407065335e-03
2.364946162497740239e-03
2.369839615272234523e-03
2.359960917723807027e-03
2.374245915310707090e-03
2.387780475505263140e-03
2.395698109604204543e-03
2.403088621593322226e-03
2.410089365572971442e-03
2.416639135636025788e-03
2.422758493546913524e-03
2.428468057548178495e-03
2.436382041230989066e-03
2.433788151060945534e-03
2.440658465925611524e-03
2.442389561841693500e-03
2.436920631656920751e-03
2.431025495692862044e-03
2.424686248753541752e-03
2.417884742507550155e-03
2.410602115326867818e-03
2.364594458482286235e-03
2.402997180155667326e-03
2.391782225568001193e-03
2.386812465676270856e-03
2.382748505959532588e-03
2.395455448071250569e-03
2.471883821680496019e-03
2.462279898734030716e-03
2.451032064968013732e-03
2.479825602806164098e-03
2.486089831080124778e-03
2.490664019390701357e-03
2.493538690446297796e-03
2.494707443825552352e-03
2.494167003462322701e-03
2.491917245158817035e-03
2.487961203816586777e-03
2.482305059833503792e-03
2.474958104788116311e-03
2.465932686938449372e-03
2.455244136362671244e-03
2.442910670308508312e-03
2.345921652511603287e-03
2.350421574053844064e-03
2.340151771466778430e-03
2.355377114860926838e-03
2.373881220187204402e-03
2.369391248557980393e-03
2.378737723241462071e-03
2.382861691333835238e-03
2.381230614188474624e-03
2.386567365491806987e-03
2.390311425318253705e-03
2.389083224298242485e-03
2.394265441660724074e-03
2.397853338347160756e-03
2.396456982116362128e-03
2.401569870433525270e-03
2.404926294904198656e-03
2.403375397839958589e-03
2.408415521411768050e-03
2.411551306161207990e-03
2.409860832457104765e-03
2.414824233786860841e-03
2.417749918212586981e-03
2.415935518951522077e-03
2.420817534079147682e-03
2.423543525225629273e-03
2.421621603626070238e-03
2.426416732732473037e-03
2.428953278901082105e-03
2.452468681937599454e-03
2.446081958203758216e-03
2.448736937214687770e-03
2.447424964085076222e-03
2.443583824505317793e-03
2.440720640606000927e-03
2.441959931769918657e-03
2.438011371742617936e-03
2.434931245608396889e-03
2.436057251477893783e-03
2.432002525244911749e-03
2.428696589554668259e-03
2.429700286037083691e-03
2.425539956645597368e-03
2.421999240616644431e-03
2.422872201102636673e-03
2.418606168639297199e-03
2.414821870139926847e-03
2.366851474319878190e-03
2.370283920396343280e-03
2.361158897554335029e-03
2.415555518677665273e-03
2.411183972024447380e-03
2.407319365464082386e-03
2.385255560431092780e-03
2.379516132037670217e-03
2.388485829855915409e-03
2.407771605892916524e-03
2.403452296465453681e-03
2.399726944066515964e-03
2.472942059120280395e-03
2.474604727173816427e-03
2.470221365831280508e-03
2.463528298299300177e-03
2.460299130985851065e-03
2.465509336392188687e-03
2.454764134352011625e-03
2.480691374996756883e-03
2.482032586132368671e-03
2.478484542467633729e-03
2.486760459433380848e-03
2.487778032672455404e-03
2.485072344549455001e-03
2.491136438811201916e-03
2.491829128756525499e-03
2.489971350005310870e-03
2.493809444582730482e-03
2.494176963330084831e-03
2.493171124697551085e-03
2.494772686849257293e-03
2.494664297520604243e-03
2.494815717848991674e-03
2.494022508586186439e-03
2.494446616209481868e-03
2.493742712168278957e-03
2.491558419937947317e-03
2.492516983274776013e-03
2.490958430405580681e-03
2.487383111951999015e-03
2.486466526314420108e-03
2.488877471585601315e-03
2.481502449445489953e-03
2.480273807582583992e-03
2.483533319328168950e-03
2.473925442726343949e-03
2.476492903717502150e-03
2.472390199513230680e-03
2.464664198137944944e-03
2.467767694211099681e-03
2.462828687844362003e-03
2.453733847571079336e-03
2.451605241092435009e-03
2.457372184832707501e-03
2.441152458858191279e-03
2.438738713474321914e-03
2.445323807003518812e-03
2.324732525850858444e-03
2.329566789981029305e-03
2.335327620597414059e-03
2.355847213471373713e-03
2.360358461842134315e-03
2.350868594857351192e-03
2.364807507296988291e-03
2.377523120147236654e-03
2.385128838523261057e-03
2.392739952971387196e-03
2.399885779401326070e-03
2.406587452008548608e-03
2.412867386312948607e-03
2.418747811147744196e-03
2.426940924849045264e-03
2.424250727333673080e-03
2.431642821832284002e-03
2.449923363371647560e-03
2.444669410170325231e-03
2.438986129312677512e-03
2.432857028558745287e-03
2.426265364788029576e-03
2.419193837597340049e-03
2.376001364310683598e-03
2.411643211127916138e-03
2.401323059969651553e-03
2.393235212447985486e-03
2.396535907251311822e-03
2.404518290813161766e-03
2.476779232843545359e-03
2.468195679160242219e-03
2.457956608405330312e-03
2.483690072554360292e-03
2.488913860588281343e-03
2.492439219617529397e-03
2.494257815660032296e-03
2.494364422051170704e-03
2.492756963778745664e-03
2.489436541509069609e-03
2.484407434920898883e-03
2.477677085008172121e-03
2.469256055172256922e-03
2.459157971172425908e-03
2.447399440996173882e-03
2.433999954675413867e-03
2.337622446113372943e-03
2.331226543967621859e-03
2.341729432176761251e-03
2.346681780200880665e-03
2.363049395483961430e-03
2.359413599345753024e-03
2.368441692466965055e-03
2.372069244013363856e-03
2.369933252802022220e-03
2.375552581296552519e-03
2.379448573030809588e-03
2.377886762636915053e-03
2.383458351758370453e-03
2.387115021064859042e-03
2.385380691889955797e-03
2.390893477049458801e-03
2.394321627173397887e-03
2.392426588366538664e-03
2.397876884547421594e-03
2.401088513351017518e-03
2.399049565831347808e-03
2.404432388620060795e-03
2.407438798652275849e-03
2.405273666546972004e-03
2.410583143729847031e-03
2.413395591201145367e-03
2.411122832671450372e-03
2.418981763310626247e-03
2.416352192687291119e-03
2.459127022997147777e-03
2.455778416417938800e-03
2.453233750782059328e-03
2.454317554534514358e-03
2.448096341519936329e-03
2.450850966310168244e-03
2.449085355406630925e-03
2.442528939619844838e-03
2.445501541872297131e-03
2.443415441858570129e-03
2.439714486110748388e-03
2.436515728936403200e-03
2.437292463626955594e-03
2.433473808365131576e-03
2.430040588085873466e-03
2.430700942934120156e-03
2.426763341679864707e-03
2.423087323293212931e-03
2.378574690876796797e-03
2.381874571108606124e-03
2.372702908135454827e-03
2.423626966875589480e-03
2.419567543182557599e-03
2.415665231930456611e-03
2.395783367753281674e-03
2.398519151574785273e-03
2.390507239500105127e-03
2.415972425695936572e-03
2.411856042788255994e-03
2.408601264522515668e-03
2.477592982474111864e-03
2.479121766155952845e-03
2.475250542671166270e-03
2.469189810305371952e-03
2.471044718818087450e-03
2.466340925215588196e-03
2.461305427099912731e-03
2.484318922582517443e-03
2.485519862502250446e-03
2.482489162171748302e-03
2.489352865401620821e-03
2.490225184583413215e-03
2.488041504676387784e-03
2.492683005170409551e-03
2.493226892516154595e-03
2.491895227628575325e-03
2.494300585497740644e-03
2.494041016035618372e-03
2.494517211593201209e-03
2.494199970380247405e-03
2.494091494938148121e-03
2.494472654791575310e-03
2.492378695688655943e-03
2.493187081570055405e-03
2.491948266431118827e-03
2.488837500135265487e-03
2.490184419462252146e-03
2.488089243047870210e-03
2.483580335198787552e-03
2.485467988843495686e-03
2.482519336248365828e-03
2.476614353606700590e-03
2.479044298067080258e-03
2.475246632054672880e-03
2.467949876356239410e-03
2.466282349748459123e-03
2.470923012850575941e-03
2.457600336634667513e-03
2.461116903516813621e-03
2.455640778524831227e-03
2.445582203939525821e-03
2.443339194715232754e-03
2.449641771780960986e-03
2.431914887687838898e-03
2.429397758241022293e-03
2.436516357779429029e-03
2.315907406518020930e-03
2.320359076456733876e-03
2.326787925769078450e-03
2.346984805997536384e-03
2.351382328914710523e-03
2.342288549266455765e-03
2.354951797346821040e-03
2.366444113151289219e-03
2.373875498979648516e-03
2.381601839823956155e-03
2.388870840623302273e-03
2.395705139229432380e-03
2.402128696191560032e-03
2.408165534924020315e-03
2.416620621036034196e-03
2.421762226565702877e-03
2.413839388888346527e-03
2.456700495896662739e-03
2.451680260397819978e-03
2.446229953473986248e-03
2.440334399473035112e-03
2.433978166959533274e-03
2.427146698868691034e-03
2.387157294184954169e-03
2.419787843265051169e-03
2.409034005184636576e-03
2.402366567423147060e-03
2.405157761543450477e-03
2.412491484730400464e-03
2.480920211951001195e-03
2.473353855180406274e-03
2.464118704704620997e-03
2.486801575155298243e-03
2.490984651848721174e-03
2.493459154955072164e-03
2.494217883779372130e-03
2.493256785361787874e-03
2.490574995780097441e-03
2.486174860614763765e-03
2.480061934195554665e-03
2.472244957360121044e-03
2.462735812893651448e-03
2.451549459348714797e-03
2.438703844828649710e-03
2.424219800968069674e-03
2.329665149606727909e-03
2.333603874406300471e-03
2.322853328512998212e-03
2.338316384742078480e-03
2.347307168603932331e-03
2.347111182160699534e-03
2.355234513930731192e-03
2.358642801163308208e-03
2.357909543364145825e-03
2.367828889474084438e-03
2.363897540581062339e-03
2.365879695481170903e-03
2.375569277504394148e-03
2.371857718401226747e-03
2.373468234412619195e-03
2.382888372721099317e-03
2.379398495996760607e-03
2.380622472390933001e-03
2.389778307498472820e-03
2.386499948536724685e-03
2.387365505825579572e-03
2.396263733804744871e-03
2.393184432498826272e-03
2.393724282647848988e-03
2.402369732180551550e-03
2.399477420989841198e-03
2.399724321101377039e-03
2.405403632590075343e-03
2.408120912761678445e-03
2.465041668609611099e-03
2.462065489406142609e-03
2.459639887051787068e-03
2.460484996760933102e-03
2.457381733535847317e-03
2.454745633723184970e-03
2.455506581666215722e-03
2.452275783626037611e-03
2.449421839980077051e-03
2.450092700190256538e-03
2.446733287067904584e-03
2.443653964663187930e-03
2.444229182202764181e-03
2.437427144914853811e-03
2.440739488373800097e-03
2.437901278070049756e-03
2.430725666874651754e-03
2.434279233479526641e-03
2.390543845905981728e-03
2.393128154506676559e-03
2.384570411729142018e-03
2.431097583951592062e-03
2.427338437630422591e-03
2.423515319182526113e-03
2.406756028168464869e-03
2.407873951249024473e-03
2.401319280671116406e-03
2.421886882924755707e-03
2.418900520840774893e-03
2.415435609408826418e-03
2.481503577577658798e-03
2.479531843503789915e-03
2.482891920792254167e-03
2.474110164345860990e-03
2.475831640586481815e-03
2.471632417791187145e-03
2.467094983673089569e-03
2.487205230247695187e-03
2.485746615160969522e-03
2.488260098373752238e-03
2.491201353591405033e-03
2.490262462144080848e-03
2.491923382892134286e-03
2.493481194328438406e-03
2.493068101605355833e-03
2.493872017511427047e-03
2.494037102839607653e-03
2.494155327545209775e-03
2.494099358623438293e-03
2.492864602035105379e-03
2.492601936060302292e-03
2.493519080783377414e-03
2.489962436163048031e-03
2.489379493016101799e-03
2.491157499162500316e-03
2.485332598118617387e-03
2.484435004651792522e-03
2.487071946696214463e-03
2.478980336055265198e-03
2.477774675651652544e-03
2.481267021877348131e-03
2.470914136660588064e-03
2.473750543598114693e-03
2.469407915276258282e-03
2.461145685343066672e-03
2.459347289344035459e-03
2.464533514813315330e-03
2.449689804536230725e-03
2.447608451266428294e-03
2.453630063594437055e-03
2.436564367912203745e-03
2.434210051027312603e-03
2.441057362285864452e-03
2.421790200527751142e-03
2.426835529311013005e-03
2.419173627655768228e-03
2.307908916216369708e-03
2.311945011960670447e-03
2.318831346200789754e-03
2.338547016651814758e-03
2.352644996571692446e-03
2.361849809945686107e-03
2.369638974989013869e-03
2.377010311858012651e-03
2.383958736000895470e-03
2.390509873063507203e-03
2.396689614567006250e-03
2.405390955043068806e-03
2.410987509291677260e-03
2.402523473974839136e-03
2.462743198683554728e-03
2.457976432841871024e-03
2.452781211493470104e-03
2.447143581574229461e-03
2.441049070334248231e-03
2.434485142810752494e-03
2.398662787292802322e-03
2.426502127329335096e-03
2.414372920458195040e-03
2.484320552116150473e-03
2.477771431999323173e-03
2.469538516627959885e-03
2.489170644921395985e-03
2.492309442111513909e-03
2.493727736419163333e-03
2.493419460261028699e-03
2.491381744632399121e-03
2.487614957271162049e-03
2.482122719623506852e-03
2.474911901933104369e-03
2.465992594936424094e-03
2.455378058992613560e-03
2.443084650081918732e-03
2.429131726805392952e-03
2.413541541362522035e-03
2.324187015696238708e-03
2.316130271634605012e-03
2.326904031650305071e-03
2.335825785879982325e-03
2.337425573957543565e-03
2.347595051833597374e-03
2.342376984189816196e-03
2.346223201526452789e-03
2.355975502172406692e-03
2.352025295238022607e-03
2.353334593363934270e-03
2.363335623487574332e-03
2.359577125582865142e-03
2.360711347082063757e-03
2.370605659641417898e-03
2.367063373012688425e-03
2.367937668042417471e-03
2.377591615464932570e-03
2.374255094754070070e-03
2.374785593753129479e-03
2.384196965815853393e-03
2.381052240943749149e-03
2.381253463095783351e-03
2.390433378256482527e-03
2.387467362321298719e-03
2.387392946046616379e-03
2.393538919567418481e-03
2.396339082950305847e-03
2.470232279464616969e-03
2.467618849126916331e-03
2.465321573052255740e-03
2.465947995396061167e-03
2.463197852742203976e-03
2.460690745882505685e-03
2.461245342365799265e-03
2.458356837888039850e-03
2.455633182328009929e-03
2.456111771378167909e-03
2.450135516667461405e-03
2.453082669284091348e-03
2.450534259884007849e-03
2.447361750763590513e-03
2.444183953972953530e-03
2.444499184510581444e-03
2.437761031031068001e-03
2.441179920417858602e-03
2.402521883400980315e-03
2.404650458059112272e-03
2.396599010968062521e-03
2.437995325886365729e-03
2.434521552055233379e-03
2.429957335091803214e-03
2.417902023872659911e-03
2.419849358751210121e-03
2.412413913070933502e-03
2.484687142893127632e-03
2.485927927885893743e-03
2.483079622926029351e-03
2.478305867862038835e-03
2.476191161006818971e-03
2.479886061880743741e-03
2.472151934387857575e-03
2.489360339448661811e-03
2.488268008948976186e-03
2.490262761810462834e-03
2.492312668646678823e-03
2.491743036151706885e-03
2.492878790080204406e-03
2.493534423415965859e-03
2.493767333074725819e-03
2.493494470533225843e-03
2.493019065448460417e-03
2.493515214627935617e-03
2.492922883092313097e-03
2.490763292046714074e-03
2.490343162179466802e-03
2.491801375416019104e-03
2.486767082066229217e-03
2.486029158817152415e-03
2.488352311742476983e-03
2.481033720248096517e-03
2.479985143363039411e-03
2.483170660160024558e-03
2.473569798972757427e-03
2.472218660584804724e-03
2.476262339216129919e-03
2.464385196157625659e-03
2.462740498623377551e-03
2.467636530057193932e-03
2.453493028306595082e-03
2.451564634433799159e-03
2.457305633101263161e-03
2.440909577803970255e-03
2.438708154195670490e-03
2.445285200869204249e-03
2.426654199052831386e-03
2.424191156978865690e-03
2.431593847904255611e-03
2.410749212906069736e-03
2.408036645618905243e-03
2.416253147651726933e-03
2.300782705403249181e-03
2.304371377439179674e-03
2.312550438319495305e-03
2.330855657286724780e-03
2.341799192422191339e-03
2.349731058775251027e-03
2.356981846136419791e-03
2.364287520303172147e-03
2.371324216941489253e-03
2.377982184037855107e-03
2.384286472774884130e-03
2.393219794312406463e-03
2.390270362002439204e-03
2.399287515377341445e-03
2.468071655497721707e-03
2.463579146801406130e-03
2.458662142378067583e-03
2.453307847069464108e-03
2.447502881222430801e-03
2.441234813892767010e-03
2.410267810179363927e-03
2.432059642973570090e-03
2.427058513810411485e-03
2.435026507584828626e-03
2.425002062249520529e-03
2.481463313154956551e-03
2.486991923730522656e-03
2.474234128972739241e-03
2.490805675121187703e-03
2.492893312162894424e-03
2.493246706537506630e-03
2.491860933765450634e-03
2.488734329669137733e-03
2.483868525615004399e-03
2.477268461642392634e-03
2.468942376396947042e-03
2.458901772689764918e-03
2.447161357551622205e-03
2.433738957679312115e-03
2.418655422394564661e-03
2.401934536992139657e-03
2.317952785838227683e-03
2.309484479925395101e-03
2.321070670787205026e-03
2.327704645089371995e-03
2.328983011843505525e-03
2.337539157511449219e-03
2.333161221933080249e-03
2.330123631017707187e-03
2.341752248384786159e-03
2.338231704060262858e-03
2.339847809644709283e-03
2.346565029663318352e-03
2.350201569470133055e-03
2.347101655364090995e-03
2.353879647764200046e-03
2.357452565729716443e-03
2.354376573305210635e-03
2.361131648029820163e-03
2.364519619821464375e-03
2.361237024953095117e-03
2.367988127415847962e-03
2.371185719358512908e-03
2.367825111488455238e-03
2.377551888765861137e-03
2.374517895002002232e-03
2.374093406712004650e-03
2.380723834591910292e-03
2.383602841796148702e-03
2.474716443333184902e-03
2.472457119484630043e-03
2.470297955745515486e-03
2.470725199886343593e-03
2.468319000896057169e-03
2.465951868676449863e-03
2.466321322411177668e-03
2.463765413103002899e-03
2.461184179889048477e-03
2.461493359945404139e-03
2.458784357395603880e-03
2.455982598552327277e-03
2.456230168851534102e-03
2.450334935213266396e-03
2.453363749478140645e-03
2.450517335934836519e-03
2.444229638707484057e-03
2.447489828380194476e-03
2.414540217411934118e-03
2.416189849728308560e-03
2.408616963363532319e-03
2.444598642511744413e-03
2.441285183844055934e-03
2.438319327628682854e-03
2.428213689829662823e-03
2.430154800093492669e-03
2.423133771373953919e-03
2.481791331638589105e-03
2.483221837992665576e-03
2.480032613729968392e-03
2.487154859138402448e-03
2.488240398921935485e-03
2.485906120363601864e-03
2.476493327743294059e-03
2.490792154916516600e-03
2.491535177572219532e-03
2.490062316547203732e-03
2.492691401864534275e-03
2.493095410058181714e-03
2.492488894640945262e-03
2.492843942614016151e-03
2.493176668050359115e-03
2.492913498040729130e-03
2.491244365253888864e-03
2.492119657629289237e-03
2.490985085018652956e-03
2.487890567881249817e-03
2.487309111608418735e-03
2.489315157435181402e-03
2.482783801893810594e-03
2.481887849415292772e-03
2.484763779387468268e-03
2.475928693112323681e-03
2.474726912486476145e-03
2.478469476056930926e-03
2.467333238807316309e-03
2.465835244779768926e-03
2.470439540125707236e-03
2.457008778991799560e-03
2.455225082262528936e-03
2.460684579094085059e-03
2.444969939707970687e-03
2.442911887810875898e-03
2.449218463567646043e-03
2.431234546379061785e-03
2.436058247550906917e-03
2.428914259204816798e-03
2.415823508359010371e-03
2.421224062454193759e-03
2.413253826343845533e-03
2.398762017796757587e-03
2.404739653013304376e-03
2.395955839105786116e-03
2.294594266528600466e-03
2.297705711632331768e-03
2.306382789327863104e-03
2.323513491815719367e-03
2.329538343601340444e-03
2.335028971133759190e-03
2.343419597713372517e-03
2.350696917213610394e-03
2.357767885626002851e-03
2.364491943281641848e-03
2.370920406644059456e-03
2.380081406641068077e-03
2.386633255004547843e-03
2.377050010897025813e-03
2.472703985772415659e-03
2.468507570097460985e-03
2.463892936743406013e-03
2.458848746770288425e-03
2.453362207424657476e-03
2.447546421387342217e-03
2.421426315971493288e-03
2.439131963833363580e-03
2.435624359687563103e-03
2.441850864770802459e-03
2.433684747713272135e-03
2.478221541453500595e-03
2.484442294762384106e-03
2.488943869723946479e-03
2.491712913677082870e-03
2.492739182280184762e-03
2.492015635468602421e-03
2.489538512629460056e-03
2.485307386585908218e-03
2.479325195956799070e-03
2.471598254376172234e-03
2.462136234820924176e-03
2.450952127110348454e-03
2.438062166282567531e-03
2.423485729930864412e-03
2.407245845054739423e-03
2.389370881160317490e-03
2.311635823892840488e-03
2.314816321777431879e-03
2.303211867162506619e-03
2.320350522663735312e-03
2.320962308268509876e-03
2.321789105371719047e-03
2.330756734236575419e-03
2.325984140862930819e-03
2.322502133392225811e-03
2.331238928218912990e-03
2.334835648451572768e-03
2.332934617890746430e-03
2.339989839217326492e-03
2.343581263948497570e-03
2.340188863416892660e-03
2.347256340479801726e-03
2.350646993262106316e-03
2.346719838290823191e-03
2.357210925431582269e-03
2.353955075729704648e-03
2.353404093825276888e-03
2.363687195872612567e-03
2.360593860748623225e-03
2.359795202145224206e-03
2.366925811943938057e-03
2.369882020833876963e-03
2.478509668129832543e-03
2.474586113794744000e-03
2.476596847978116724e-03
2.474833195895100989e-03
2.470547136657205104e-03
2.472762794833263753e-03
2.470752166266730956e-03
2.468520171413258676e-03
2.466093984602480207e-03
2.466256949746659793e-03
2.463858447508682648e-03
2.461216315470510403e-03
2.461339260553842279e-03
2.458767957497328543e-03
2.455902593016914045e-03
2.456010286643492153e-03
2.450286428350811289e-03
2.453248022330986339e-03
2.426166827953716004e-03
2.427216004978066839e-03
2.420445178877183700e-03
2.449631728208904926e-03
2.447094412562769022e-03
2.444365792341175736e-03
2.438529688822747583e-03
2.438812132288302112e-03
2.433467075480191463e-03
2.480134123759009709e-03
2.484578865278508440e-03
2.485850714520240669e-03
2.483170135884151409e-03
2.488915785480560333e-03
2.489837815937652899e-03
2.488021455632526482e-03
2.491506440552033758e-03
2.492082522945473447e-03
2.491136372239255610e-03
2.492339986654182934e-03
2.492503549968161369e-03
2.492575083908703682e-03
2.491408830434328585e-03
2.492114858494428459e-03
2.491308996502363503e-03
2.488708712576340881e-03
2.489965457622231575e-03
2.488281081742218636e-03
2.484238769742685548e-03
2.483491536697262584e-03
2.486053860561352868e-03
2.478001575988306605e-03
2.476943965865704804e-03
2.480381976309247241e-03
2.470003160889765181e-03
2.468645388732112686e-03
2.472955129374089338e-03
2.460253000849622809e-03
2.458606221175386932e-03
2.463782054058507968e-03
2.448763983413703837e-03
2.452874862404777652e-03
2.446840229223327425e-03
2.435552337971240520e-03
2.440248981482444693e-03
2.433364450660133703e-03
2.420637526288037678e-03
2.418199078630440917e-03
2.425923055452940385e-03
2.404042096527840306e-03
2.401367958007922295e-03
2.409918809204701987e-03
2.385791555181381290e-03
2.382899760786450719e-03
2.392261577600484929e-03
2.289374206401316447e-03
2.291981123523875816e-03
2.300608529617293591e-03
2.307202317591817813e-03
2.318767643557762426e-03
2.309428753795519148e-03
2.322159427292786512e-03
2.314549870825908726e-03
2.327775356507035941e-03
2.336514897986901023e-03
2.343410410193362981e-03
2.350019287259977590e-03
2.356552943783015754e-03
2.365968399501406760e-03
2.362841057043020988e-03
2.373008186808018508e-03
2.476656236949151095e-03
2.472778818015207349e-03
2.468492165715738089e-03
2.463787354121879224e-03
2.458665727798808268e-03
2.452821159970101830e-03
2.432424217164786892e-03
2.444137450115254403e-03
2.481514663077488952e-03
2.486719061450689237e-03
2.490183801620469203e-03
2.491896458832907821e-03
2.491847807551178864e-03
2.490031916286787952e-03
2.486446220242808161e-03
2.481091573162669175e-03
2.473972277417498759e-03
2.465096088726843968e-03
2.454474194412020228e-03
2.442121161102408546e-03
2.428054847349385773e-03
2.412296253902102006e-03
2.394869434940012816e-03
2.375827297389065691e-03
2.298351432085677694e-03
2.305417207769111521e-03
2.313661160149503310e-03
2.313999189210203672e-03
2.306274284817657824e-03
2.309060666409673470e-03
2.320952540573364541e-03
2.315819126016209831e-03
2.318697891043189525e-03
2.329374610152240305e-03
2.325788945042827922e-03
2.324364020913446526e-03
2.335467938034836363e-03
2.332259134760773008e-03
2.331180591655449431e-03
2.338927542323565589e-03
2.342227630495227753e-03
2.334954546494098435e-03
2.347342555953296512e-03
2.344174439755146878e-03
2.344769696643319440e-03
2.352260627959251553e-03
2.355310325255920503e-03
2.481625378995662001e-03
2.478201052554374235e-03
2.480052500650233027e-03
2.478286506122006402e-03
2.474492631143351568e-03
2.476544787697135177e-03
2.474553456107276509e-03
2.472637726956252325e-03
2.470380184747578232e-03
2.470416633833885569e-03
2.468321686864510030e-03
2.465854898104071109e-03
2.465866000014420040e-03
2.463587583846859469e-03
2.460915617095533244e-03
2.460980580102423761e-03
2.455312190082621811e-03
2.458480303803362108e-03
2.437356660079048176e-03
2.437938645561049233e-03
2.431890514868192271e-03
2.448116097108906167e-03
2.443426132403711103e-03
2.448825346929403568e-03
2.483087190339628315e-03
2.486678675117003079e-03
2.487782324392883229e-03
2.485614985231069177e-03
2.489976856244460399e-03
2.490726527773967722e-03
2.489433625446956476e-03
2.491506814713299964e-03
2.491494867201927369e-03
2.491907823075636963e-03
2.491258692916019368e-03
2.491317484672940941e-03
2.491788353830782371e-03
2.489225987874959210e-03
2.488950132527013425e-03
2.490307031621913185e-03
2.485405630160802005e-03
2.487047231087034967e-03
2.484803802641031602e-03
2.479798044002490091e-03
2.482008727937041765e-03
2.478879998209464978e-03
2.472407190468561312e-03
2.475194785427207219e-03
2.471183720267986807e-03
2.463240579983820740e-03
2.466612169895555495e-03
2.461723469395843238e-03
2.452309256924410739e-03
2.450511220916155863e-03
2.456271138776171432e-03
2.439627760673148370e-03
2.437562369791643809e-03
2.444185403572021915e-03
2.425214025908692915e-03
2.422895630486953875e-03
2.430372045625816147e-03
2.409089273430765551e-03
2.406532859107861529e-03
2.414851410058344462e-03
2.391277096145789927e-03
2.388498684008880102e-03
2.397646544284460189e-03
2.371810552718576874e-03
2.368848794270147270e-03
2.378786970262487463e-03
2.285205108582478734e-03
2.287276522554386026e-03
2.296281144919650775e-03
2.299526255111102035e-03
2.311106402159466590e-03
2.302455718946662313e-03
2.295351504692637670e-03
2.313871071514683828e-03
2.304324034585449911e-03
2.321476489866668332e-03
2.327715653966339580e-03
2.333006649628076041e-03
2.339850874753471571e-03
2.350712355658396858e-03
2.358325613542762694e-03
2.347703320720268515e-03
2.479942383655160763e-03
2.476407945691651204e-03
2.472474694907253814e-03
2.468132837643296790e-03
2.463417244485194973e-03
2.456518387070249967e-03
2.453120342492417713e-03
2.458737764564554798e-03
2.442841389225287700e-03
2.452336704949854840e-03
2.484125309980300331e-03
2.488302183746604265e-03
2.490716995490472631e-03
2.491358253890356596e-03
2.490217772107678872e-03
2.487290759062225909e-03
2.482575888712116804e-03
2.476075352437969324e-03
2.467794887373437034e-03
2.457743774081223680e-03
2.445934811169314747e-03
2.432384247056734988e-03
2.417111678410721262e-03
2.400139798840059992e-03
2.381491981712869320e-03
2.361218414595117349e-03
2.282150037361661658e-03
2.293860128708722496e-03
2.290855935728340793e-03
2.283646910301447789e-03
2.298286522945571907e-03
2.308469326661046362e-03
2.303680695899220851e-03
2.280264373179193872e-03
2.289932942559484187e-03
2.294679409328333371e-03
2.302281626756965544e-03
2.310492554864545297e-03
2.313250898419536451e-03
2.305243175143143267e-03
2.318157105833929671e-03
2.314805301625717099e-03
2.315706267756402394e-03
2.325257454271516949e-03
2.323432533889658886e-03
2.326590746930602346e-03
2.335652154157226608e-03
2.330745002305698987e-03
2.331961946354715529e-03
2.341276452419160936e-03
2.338335694894461830e-03
2.484074919992661657e-03
2.482836461815293022e-03
2.481155707109836041e-03
2.481097599756351170e-03
2.477802387982352278e-03
2.479678476500209866e-03
2.477738779304050273e-03
2.476132669899197558e-03
2.474056559159219879e-03
2.473989405946678839e-03
2.472189717526926400e-03
2.469908560832764603e-03
2.469839567229891245e-03
2.465398816929912328e-03
2.467839935589144669e-03
2.464661768749510165e-03
2.462802026628196656e-03
2.460556739859532174e-03
2.447851796391011317e-03
2.447981939890409107e-03
2.442720557149211536e-03
2.456722458997551498e-03
2.456593412252810419e-03
2.452500696243605123e-03
2.485363303090364854e-03
2.488098862910099931e-03
2.489024185524316667e-03
2.487376315809888567e-03
2.490342876807254396e-03
2.490910745556845253e-03
2.490148499777704218e-03
2.490794743630597805e-03
2.491011944801723842e-03
2.491140343856966966e-03
2.489445619849219981e-03
2.489320110851021665e-03
2.490342490838428485e-03
2.486290131272034850e-03
2.487748996085688020e-03
2.485831023620126666e-03
2.481326445670891095e-03
2.480543981881559116e-03
2.483357403192630163e-03
2.474556333511323744e-03
2.473461857389525845e-03
2.477168803979484628e-03
2.465985228561890733e-03
2.469187890995816047e-03
2.464591128787444168e-03
2.455622212735449235e-03
2.459422956348737352e-03
2.453941867073611977e-03
2.443480002162963429e-03
2.441527712379834569e-03
2.447885876835400199e-03
2.429574921637422513e-03
2.427365805070837591e-03
2.434592083641348801e-03
2.413926801011851298e-03
2.411476697683268867e-03
2.419560455028700770e-03
2.396557862861722291e-03
2.393883773972682680e-03
2.402812719884493860e-03
2.377502561355530290e-03
2.374611549479716064e-03
2.384378273550407084e-03
2.353457682093801785e-03
2.352036924301981365e-03
2.362639036847137466e-03
2.281150792698688392e-03
2.289333882160619893e-03
2.300260422916149301e-03
2.303683926106121858e-03
2.310439040949100950e-03
2.309706410587489701e-03
2.312652042987905880e-03
2.322358323469718086e-03
2.318192495143931667e-03
2.329272410707263624e-03
2.337321561772751424e-03
2.344003124838867427e-03
2.334609545772743915e-03
2.482574333466020401e-03
2.479407979732884109e-03
2.475855735666785198e-03
2.471908136999567598e-03
2.467253292300338428e-03
2.460734372343922199e-03
2.452368963296079531e-03
2.486063205610402563e-03
2.489198115265881233e-03
2.490546586437773074e-03
2.490098080197208734e-03
2.487845482148947750e-03
2.483785183452625993e-03
2.477917149476205772e-03
2.470244983471057542e-03
2.460775943939701258e-03
2.449520931723063455e-03
2.436494477919859923e-03
2.421714647560899592e-03
2.405202921573009259e-03
2.386984570273943066e-03
2.365465966936244804e-03
2.345315213528488454e-03
2.279455864790290703e-03
2.279763050359628982e-03
2.288986307252720460e-03
2.290858031739157093e-03
2.280129432060399707e-03
2.291252329369534383e-03
2.292616479979810162e-03
2.298138876703225125e-03
2.306919949538334836e-03
2.301618345188427388e-03
2.303931483667481881e-03
2.310941159272700447e-03
2.310265000643914324e-03
2.318824860002745378e-03
2.321442710226726339e-03
2.318960038641619103e-03
2.325441511629961627e-03
2.328088779534681456e-03
2.485867554934718081e-03
2.483460942845470802e-03
2.484959035414725532e-03
2.483276894979013615e-03
2.480488395885104957e-03
2.482175301806241116e-03
2.480319693353420611e-03
2.477137494015216670e-03
2.479017549018068881e-03
2.476968033697368645e-03
2.475477891670434770e-03
2.473398194406570619e-03
2.473268788270274830e-03
2.471542556367718572e-03
2.468977916013169200e-03
2.463453803114092153e-03
2.460181877716264773e-03
2.464030614276742619e-03
2.457378351874768118e-03
2.457031038805175364e-03
2.452723927302137390e-03
2.486971145001636713e-03
2.488845424503328702e-03
2.489581697863815172e-03
2.488461176593742639e-03
2.490016515949045918e-03
2.490169816002089660e-03
2.490392535445211299e-03
2.489369531931213877e-03
2.489393588317534781e-03
2.490073187783289552e-03
2.486896686715419930e-03
2.488162970196115212e-03
2.486578278770853329e-03
2.482593785677397226e-03
2.484434372226530189e-03
2.481943593821769444e-03
2.476460265994860459e-03
2.478886191449359861e-03
2.475490141103053182e-03
2.468499368408271638e-03
2.467222266633858907e-03
2.471520925086201706e-03
2.458718053254300203e-03
2.457148000694507096e-03
2.462344765521247945e-03
2.447127122322925123e-03
2.451367650620092827e-03
2.445279102019335543e-03
2.433741173946148400e-03
2.431631028426973519e-03
2.438603243186780300e-03
2.418577654170958602e-03
2.416222522737956208e-03
2.424068417793655283e-03
2.401661641715548134e-03
2.399077378013052611e-03
2.407785653013586307e-03
2.383142921227553862e-03
2.389839930655244648e-03
2.380286802173102369e-03
2.362588610931288732e-03
2.370033798070641379e-03
2.358018576565314942e-03
2.328668036135901447e-03
2.332964092281277976e-03
2.341098890824336830e-03
2.279737957489136151e-03
2.282015024194719230e-03
2.280976631968199223e-03
2.293655525013944558e-03
2.290083767733172657e-03
2.285277269669097871e-03
2.291732528716355303e-03
2.297460753312856839e-03
2.290058052966983428e-03
2.299894499808050226e-03
2.300425996952563078e-03
2.314935187407018893e-03
2.323804077002126524e-03
2.484561927661389693e-03
2.481789914682327580e-03
2.478647302253361717e-03
2.475123472026054174e-03
2.470287673507230719e-03
2.467542272714983928e-03
2.471754031768485464e-03
2.460514004409005296e-03
2.466944682286408355e-03
2.487335980370180243e-03
2.489411188045841019e-03
2.489673559830062922e-03
2.488113548055218959e-03
2.484725160234315527e-03
2.479506005166418753e-03
2.472457423742665042e-03
2.463584506069662738e-03
2.452896162157543018e-03
2.440404945362994234e-03
2.426127337419104954e-03
2.410083797434073999e-03
2.392362432474724743e-03
2.372825065485091155e-03
2.340886319538968124e-03
2.351742556357778839e-03
2.347131251787735323e-03
2.334852244246663367e-03
2.283570991389766245e-03
2.287610412662151663e-03
2.296171915495688436e-03
2.293057398781914863e-03
2.303530190518795432e-03
2.307501735737346044e-03
2.303732821052061151e-03
2.311327927921443415e-03
2.316208931711354058e-03
2.487010471976440137e-03
2.485125565729157018e-03
2.486428447356871328e-03
2.484832763730632308e-03
2.484044660738938745e-03
2.482560646007312289e-03
2.482305955174400700e-03
2.479633721318423578e-03
2.481303037843555787e-03
2.479408367258750540e-03
2.478196017754643026e-03
2.476340242338810095e-03
2.476236089740691589e-03
2.473228118435305024e-03
2.474753594100711877e-03
2.465806940797340280e-03
2.464665714746513709e-03
2.461668471690317203e-03
2.472424978976353084e-03
2.471319040677298368e-03
2.468063356709399372e-03
2.487917308254410792e-03
2.488922245192331031e-03
2.489458136506240721e-03
2.488874508878437947e-03
2.488998290567570083e-03
2.489171806473236808e-03
2.489499167360455407e-03
2.487228315256723252e-03
2.488291619179326848e-03
2.487049278964645511e-03
2.483605584424708121e-03
2.483085108793986733e-03
2.485244593687428380e-03
2.478126980630957280e-03
2.480354437025389554e-03
2.477277396062740281e-03
2.470793987552771537e-03
2.469628591029332867e-03
2.473621602183010987e-03
2.461610651201574362e-03
2.460144150515119945e-03
2.465049706089247374e-03
2.450585739259111741e-03
2.454646622832062832e-03
2.448833926451647689e-03
2.437732437527750755e-03
2.442424366523496780e-03
2.435711475037704611e-03
2.422992770016844672e-03
2.428361619497350962e-03
2.420756837360159546e-03
2.406608615339369921e-03
2.412587470105128761e-03
2.404103200969744201e-03
2.388658020697785166e-03
2.385869875205846261e-03
2.395152603626323623e-03
2.369171487424057490e-03
2.376144418557803607e-03
2.365857472313518447e-03
2.347477113496420752e-03
2.344204494730416696e-03
2.355011217031463284e-03
2.312710848749637785e-03
2.320685852559655968e-03
2.326871709196783218e-03
2.299911343077373771e-03
2.308220462260925435e-03
2.485912948969300120e-03
2.483562807778899248e-03
2.480860477233836313e-03
2.477827694940768714e-03
2.474358016699080773e-03
2.469223636955656612e-03
2.487949173438296861e-03
2.488943600132384297e-03
2.488096738098765238e-03
2.485400094823963808e-03
2.480848671065869013e-03
2.474441647133658259e-03
2.466181906193103644e-03
2.456075710407386401e-03
2.444134080922514499e-03
2.430335432756081451e-03
2.414764925856620337e-03
2.397603943442252594e-03
2.378888695535399250e-03
2.358304720258110401e-03
2.322946741488544822e-03
2.331963853902913487e-03
2.335202009621224588e-03
2.317850221103149016e-03
2.487508829626702226e-03
2.487250871917624784e-03
2.486156333095794653e-03
2.485770968567760277e-03
2.484026781353502588e-03
2.485293597984143937e-03
2.483704274720876463e-03
2.481555926840291887e-03
2.482997357877681725e-03
2.481289385977041365e-03
2.480356498348403309e-03
2.478763230392627866e-03
2.478340503602082662e-03
2.477274699087600972e-03
2.475395549646520598e-03
2.472823658497623912e-03
2.472592059546149280e-03
2.469423049711116838e-03
2.488206310542194141e-03
2.488331027160172858e-03
2.488654610073953027e-03
2.488619108162966071e-03
2.487286574681193269e-03
2.488135999393622372e-03
2.487246306948258292e-03
2.484365970100279285e-03
2.485791639785212871e-03
2.483973350347566927e-03
2.479562347507863022e-03
2.478830586426478133e-03
2.481579192518043857e-03
2.472878460753626193e-03
2.471820240068796446e-03
2.475498605339614827e-03
2.464312314710049006e-03
2.462943448633873531e-03
2.467549425798332228e-03
2.453870998461291867e-03
2.457737284172370300e-03
2.452208043898306423e-03
2.441566528938512396e-03
2.439626601681953253e-03
2.446072536367290516e-03
2.427353059474681839e-03
2.425147256183265466e-03
2.432539358641561383e-03
2.411012410585578695e-03
2.408776137233452092e-03
2.416998390895148344e-03
2.390740972294109947e-03
2.398688428951220412e-03
2.389652076033098142e-03
2.375247237375159928e-03
2.381962583494090773e-03
2.372193641587607132e-03
2.356703032061195201e-03
2.362911046420414045e-03
2.352113289818982041e-03
2.334334454712755271e-03
2.328674110028970071e-03
2.340874513203499829e-03
2.486632887376354593e-03
2.484733004208900843e-03
2.482502129253844753e-03
2.479823204553241456e-03
2.475670434193584426e-03
2.487906204984263736e-03
2.487795407091768825e-03
2.485812759656771953e-03
2.481950122385205831e-03
2.476205240005620832e-03
2.468579028992230317e-03
2.459073671251615911e-03
2.447698350621510446e-03
2.434436672127099528e-03
2.419163228255643769e-03
2.400873909049452016e-03
2.382931138043528890e-03
2.365986179058845052e-03
2.345556044666170011e-03
2.487366022771796571e-03
2.487430597500880046e-03
2.486557704638370139e-03
2.486097762356288387e-03
2.485928330542808498e-03
2.484892565934290580e-03
2.484507044193369832e-03
2.482893439488331050e-03
2.484100139595377295e-03
2.482772063180064756e-03
2.480566005318332167e-03
2.482039684291303863e-03
2.478193940487586309e-03
2.478230263481586478e-03
2.475644349023773359e-03
2.487840607668005168e-03
2.487071378508147121e-03
2.487695639514666754e-03
2.487170116192694274e-03
2.484877644801388851e-03
2.484611617073950816e-03
2.486077639640856072e-03
2.480773942859268878e-03
2.480156952240736637e-03
2.482566269605720848e-03
2.474748943191383208e-03
2.473799872541574199e-03
2.477152714990861048e-03
2.466832960254846958e-03
2.465556820498051270e-03
2.469853796008699212e-03
2.456997586072140298e-03
2.460653167204226738e-03
2.455416802857958696e-03
2.445408894579138240e-03
2.449637166394477792e-03
2.443469495882113780e-03
2.431812701748858451e-03
2.436703824539211347e-03
2.429577398947320964e-03
2.416741452497457501e-03
2.422038175049535686e-03
2.413871146629471744e-03
2.400475970039386928e-03
2.405717810529450773e-03
2.395630267676038174e-03
2.369387114839020814e-03
2.372279527239380334e-03
2.380104686840435729e-03
2.363054969996546909e-03
2.346762873104654180e-03
2.340607035650426378e-03
2.351725700122577357e-03
2.486725788180142206e-03
2.485297600959171776e-03
2.483615003221972383e-03
2.481093980540713916e-03
2.479784997899119742e-03
2.481903910553103984e-03
2.479699001156645665e-03
2.487208315428889472e-03
2.485964562309663905e-03
2.482816285773778442e-03
2.477751366770278903e-03
2.470778581966051601e-03
2.461901812832966580e-03
2.451186254406013346e-03
2.438618376243806112e-03
2.424280752503872594e-03
2.408590958708564742e-03
2.381647598372832811e-03
2.391136601924631535e-03
2.386152421523321781e-03
2.375595475559513954e-03
2.358139527727367429e-03
2.486585991684895584e-03
2.486335452402537848e-03
2.486971770823887505e-03
2.485835218848844903e-03
2.485172978850636732e-03
2.485964813767111217e-03
2.484868649847285244e-03
2.483823038857620701e-03
2.484699132699153250e-03
2.483634766914506915e-03
2.483192980639633250e-03
2.482331316761909618e-03
2.481980253537558953e-03
2.481510270126458233e-03
2.480178701382917440e-03
2.486821656654018223e-03
2.485139647904725021e-03
2.486102270364314720e-03
2.485001063601790204e-03
2.481762674956640696e-03
2.481260945922238864e-03
2.483317522863862526e-03
2.476388620169038893e-03
2.475557605834103996e-03
2.478578629369487894e-03
2.469120916215768180e-03
2.471934808754485541e-03
2.467961788095754307e-03
2.459976479303549110e-03
2.463405753445211711e-03
2.458470583671069735e-03
2.448825503278854749e-03
2.447099261861500254e-03
2.452911836646916571e-03
2.436548658446223946e-03
2.434200788791454975e-03
2.440968701025117687e-03
2.421504007075683459e-03
2.426667681604978595e-03
2.419112874953658308e-03
2.408186572633093381e-03
2.412450331427046842e-03
2.404344809465510345e-03
2.392896799033400034e-03
2.387369246331963804e-03
2.396669571892018260e-03
2.360066647316211123e-03
2.364683734633239894e-03
2.370976922643385203e-03
2.353493338475796774e-03
2.486204732359532932e-03
2.485345148563801367e-03
2.484248136626066028e-03
2.482821755722748342e-03
2.485855452254857618e-03
2.483447347490474934e-03
2.479067151338818376e-03
2.472739145703295623e-03
2.464533048567983491e-03
2.454391943330815583e-03
2.442664734498052864e-03
2.429021941641321732e-03
2.414812482248141715e-03
2.400620239017951709e-03
2.373860691730484730e-03
2.377788139639048625e-03
2.383524767875571868e-03
2.367051931473634126e-03
2.485139869089351625e-03
2.485861267232218359e-03
2.485487926362417530e-03
2.484944692877623547e-03
2.484897568541628941e-03
2.485392141917624684e-03
2.484512373267218702e-03
2.484681604994007018e-03
2.484075027835713420e-03
2.483810096308854912e-03
2.483710734957853775e-03
2.482927321435363360e-03
2.485134214401959682e-03
2.482589167471986689e-03
2.483862765880578884e-03
2.482174911850328937e-03
2.478173481267800533e-03
2.479961138069644404e-03
2.477282908204815962e-03
2.471353347629086893e-03
2.470224909463256905e-03
2.473864271384241566e-03
2.462518879451435199e-03
2.461223780123582283e-03
2.465823295454291474e-03
2.451548738061248844e-03
2.455777721672182216e-03
2.450160707532142521e-03
2.439936139261595499e-03
2.438233548300449468e-03
2.444406738320945710e-03
2.430005914077503631e-03
2.433263198809834660e-03
2.425779077736928743e-03
2.405620643722248056e-03
2.406858162933772378e-03
2.413632288341487596e-03
2.399287663901951157e-03
2.388012694144528870e-03
2.381060580492583203e-03
2.390491029375708260e-03
2.485042591619517939e-03
2.484731335848002626e-03
2.484180524181985039e-03
2.483855298991835287e-03
2.480381993747885882e-03
2.474781194654516580e-03
2.466917519998472561e-03
2.457036292933856975e-03
2.445740418487144744e-03
2.434937574338331533e-03
2.417786961783943180e-03
2.419561062390955010e-03
2.423983855951228079e-03
2.411745190458324754e-03
2.396941405785199368e-03
2.483088156207304519e-03
2.484108047459464372e-03
2.484016020676655615e-03
2.483441281340976418e-03
2.484192371249161271e-03
2.483985285382002937e-03
2.483632650499516606e-03
2.484063823929011285e-03
2.483744180406767619e-03
2.482835027146349481e-03
2.479584579616600330e-03
2.481086159722319107e-03
2.478884497151027152e-03
2.474474517465499648e-03
2.476324315007070141e-03
2.472937135196175574e-03
2.464263157145980647e-03
2.463357243175901077e-03
2.467802771341405955e-03
2.453080261653696817e-03
2.452266294849490564e-03
2.457845248092238762e-03
2.441314399003114387e-03
2.446518321576493255e-03
2.440651943460591181e-03
2.429586293818398936e-03
2.429731934784631290e-03
2.434814584996912445e-03
2.423717155856160588e-03
2.402299464711663782e-03
2.403890264442785484e-03
2.410165250170906697e-03
2.395272963755471635e-03
2.483267104738364189e-03
2.483555509123745036e-03
2.481324476844381718e-03
2.477028629592422076e-03
2.469479202490209181e-03
2.458648222915922176e-03
2.447227766825974416e-03
2.435476662270751047e-03
2.416237917901288730e-03
2.416972145101011372e-03
2.422993378352861216e-03
2.409309835588028994e-03
2.480544836639067378e-03
2.481814558253331738e-03
2.481993954405857777e-03
2.481431926421820422e-03
2.482430600646156390e-03
2.482551178908647821e-03
2.480054923847896386e-03
2.475848041473567313e-03
2.475156030407030250e-03
2.477723964202008418e-03
2.470118539046174330e-03
2.467248145701460022e-03
2.472349975782636537e-03
2.453292893985162086e-03
2.453120309301779541e-03
2.458831459810250503e-03
2.441875616209258134e-03
2.441647608869223184e-03
2.447604829404749233e-03
2.429586566955087117e-03
2.429514958191406667e-03
2.435559985417848784e-03
2.422929033539599365e-03
2.480988914537681639e-03
2.478197577596478584e-03
2.472929299738086794e-03
2.462781048678135132e-03
2.463498710250024756e-03
2.466596511249545456e-03
2.447586168648876841e-03
2.458081849744184720e-03
2.435787587953731296e-03
2.477202642621396163e-03
2.478882622117754408e-03
2.479328665135871988e-03
2.476509758734682289e-03
2.471011347690101057e-03
2.470497244578166631e-03
2.473439686947072162e-03
2.466995421791783397e-03
2.474108802367972447e-03
