5.532623511598840950e-03
5.537294066529726937e-03
5.543238492172527371e-03
5.540296802740675257e-03
5.537981226212222545e-03
5.534987823836970758e-03
5.546365656082651897e-03
5.552082318847280026e-03
5.549262247242711665e-03
5.547739733644144015e-03
5.544838343959013899e-03
5.541830996547973676e-03
5.527294578386829187e-03
5.532264865164367509e-03
5.529945954485550146e-03
5.552880596055000118e-03
5.552480587856111274e-03
5.549627677359230023e-03
5.558818181714308623e-03
5.555945157030278171e-03
5.555541582314279039e-03
5.541318030717397314e-03
5.539327638149350343e-03
5.543813056482020316e-03
5.520422865038943777e-03
5.526520098957473336e-03
5.523885546918256423e-03
5.532545983924513737e-03
5.529924543240630729e-03
5.534894132436653062e-03
5.549194857247493826e-03
5.547798917385536079e-03
5.550997006062696575e-03
5.556466096377954585e-03
5.554800896557756350e-03
5.557601827003759432e-03
5.563176155006653752e-03
5.559937453790882514e-03
5.561183986356401862e-03
5.559890834682437374e-03
5.565462194851645422e-03
5.562771403605103540e-03
5.564508239939073078e-03
5.561591810765231271e-03
5.536898832473313541e-03
5.545216648931060310e-03
5.515712243780503468e-03
5.518025117949764725e-03
5.521456073910342363e-03
5.522934436292341841e-03
5.525072879897076870e-03
5.527687972699675892e-03
5.552856214531875882e-03
5.558340519284106322e-03
5.561497049524418736e-03
5.563401681061866562e-03
5.560796633770227933e-03
5.565159851615226333e-03
5.563370332853340150e-03
5.565424908625967240e-03
5.536413467796789598e-03
5.534477265191419491e-03
5.538830664601130001e-03
5.543973175270251220e-03
5.542642657957710418e-03
5.546525430983934371e-03
5.506941674074083450e-03
5.513643830507815660e-03
5.511352539620289169e-03
5.519329763650137818e-03
5.527787365624850860e-03
5.525336160577597709e-03
5.530139022002791838e-03
5.549933896987767866e-03
5.549537489513297304e-03
5.553182089632739855e-03
5.554154203171528595e-03
5.555336557215260172e-03
5.557146292658987977e-03
5.556817720757022995e-03
5.558375465848522899e-03
5.559176594752445084e-03
5.558600231452076601e-03
5.560088161449448785e-03
5.561765761735585831e-03
5.562345212483900056e-03
5.560447118287451494e-03
5.563870646584942112e-03
5.540162651107424438e-03
5.532079731748098389e-03
5.546915860083128334e-03
5.502942760942621664e-03
5.504871798290652055e-03
5.509258308799616470e-03
5.511525964668129857e-03
5.513561513826309782e-03
5.517179399661901323e-03
5.517725162789957963e-03
5.520302163407129342e-03
5.522753108362436249e-03
5.552051188789375313e-03
5.555558638321642442e-03
5.557749584434589114e-03
5.556311332822341277e-03
5.559216286985112394e-03
5.557530462632498044e-03
5.557455980815887049e-03
5.556744533136958805e-03
5.559921205364174238e-03
5.538706976623081896e-03
5.541321888280562914e-03
5.537546754636301326e-03
5.531428372712807358e-03
5.529594694684661881e-03
5.533912174784874280e-03
5.544524193113969587e-03
5.544222374500706180e-03
5.547218753950484103e-03
5.492479393920908677e-03
5.499648466225017136e-03
5.497741239797940618e-03
5.507229966336521856e-03
5.514605317727024926e-03
5.522735331335459907e-03
5.520227718155593967e-03
5.525260711147249315e-03
5.548838274643469806e-03
5.549372571561575311e-03
5.551536124597470506e-03
5.551609405221532428e-03
5.552905479882376365e-03
5.554243746296111221e-03
5.552883445070679741e-03
5.555725051680060478e-03
5.554840999024083202e-03
5.552238089141597888e-03
5.555360999969684820e-03
5.554340425211403906e-03
5.550028716017475598e-03
5.553139411556153211e-03
5.553532800093922452e-03
5.550090048611511229e-03
5.549896748272581393e-03
5.553668595462798313e-03
5.541624009454054929e-03
5.535074597997520496e-03
5.527092724718010372e-03
5.546695721090109422e-03
5.490508689759902687e-03
5.496655900945830557e-03
5.491407069892977055e-03
5.498774640259653998e-03
5.505119476251003202e-03
5.500805443142619058e-03
5.506286119850573903e-03
5.508875795407158424e-03
5.511993812292510786e-03
5.512680881947370874e-03
5.515198989792542000e-03
5.517716559316402855e-03
5.550249784345429038e-03
5.552278394721868807e-03
5.552618013753098103e-03
5.551225383921462239e-03
5.543127173227472421e-03
5.546373215323317611e-03
5.546671121740148758e-03
5.540613064219054341e-03
5.541720255034806621e-03
5.545262069888433169e-03
5.539792864500043580e-03
5.539246186596702773e-03
5.542173070609576410e-03
5.533988330214529433e-03
5.532707519283529794e-03
5.536357549752602379e-03
5.526755768822899824e-03
5.524747346071626208e-03
5.529101158791395638e-03
5.544122523002640614e-03
5.544318697308196764e-03
5.546503169313893138e-03
5.477189059456708149e-03
5.484849188138451841e-03
5.483984481452788134e-03
5.494631060368833017e-03
5.502518932260205310e-03
5.509478969140225481e-03
5.518133038555608078e-03
5.515408732222393251e-03
5.520444088893935834e-03
5.546934182207440868e-03
5.547885923011356378e-03
5.549301153306117340e-03
5.548206424153592428e-03
5.550576573046726164e-03
5.549910888653627160e-03
5.547838813216211633e-03
5.550361953733058858e-03
5.550100242059426842e-03
5.545800718726652014e-03
5.549037174635665891e-03
5.547931211262292252e-03
5.541616568694770172e-03
5.545753373005926114e-03
5.542480495155707038e-03
5.534562107568560645e-03
5.538770698355136891e-03
5.537446487490270061e-03
5.541977776148942006e-03
5.536907705301543497e-03
5.530387451753752785e-03
5.522457471965333715e-03
5.545554730367966041e-03
5.474986278068784407e-03
5.482805357747169012e-03
5.476185650380673529e-03
5.486800071438037787e-03
5.488581974423748476e-03
5.492737244223033430e-03
5.493384671717126827e-03
5.496069876622758886e-03
5.499848460050827184e-03
5.501297965231848920e-03
5.503794239822568275e-03
5.506996622366654853e-03
5.508158790942345451e-03
5.510426754210222614e-03
5.513156290884632313e-03
5.547603430503395862e-03
5.548066105539075678e-03
5.546886404608990413e-03
5.543832803499669851e-03
5.538246198319274338e-03
5.529354637229005019e-03
5.531871578006187021e-03
5.534905066984923371e-03
5.539877811805231887e-03
5.539833740087866075e-03
5.542020695602990071e-03
5.535526512861954108e-03
5.537678462383421353e-03
5.534758786484988979e-03
5.529731765964674903e-03
5.528245090090902827e-03
5.531877000791379263e-03
5.522527680240860333e-03
5.524656021546497410e-03
5.520331585565934132e-03
5.542741228458150302e-03
5.543430196825818897e-03
5.544864205034967346e-03
5.461896799080470134e-03
5.469547881127083573e-03
5.468582009605608453e-03
5.481047769291118830e-03
5.490066435399774437e-03
5.497344475068421596e-03
5.504731237106515532e-03
5.513950663260267990e-03
5.516053746596194518e-03
5.511055756183427454e-03
5.544075618436824192e-03
5.545507681261107290e-03
5.546174691475346669e-03
5.543850296260094054e-03
5.546031183641864613e-03
5.545890581575060180e-03
5.542019180529936077e-03
5.544941855385281983e-03
5.543968235022327801e-03
5.538526544336373064e-03
5.542174198309824697e-03
5.540178240719813643e-03
5.533299882681127178e-03
5.537503695160037216e-03
5.533999939871941075e-03
5.522804770631819724e-03
5.525867453915773303e-03
5.528668299871041664e-03
5.541333926720187417e-03
5.537724642205012204e-03
5.532649836135920644e-03
5.526147465726407443e-03
5.518254399337836451e-03
5.543439104053352572e-03
5.461988689678491486e-03
5.461832336434504186e-03
5.468517644580585084e-03
5.477280778298912467e-03
5.476232582849167516e-03
5.482087406718786325e-03
5.485502164820750537e-03
5.488644739879256808e-03
5.491062662630635804e-03
5.494974064440460472e-03
5.496871285667359955e-03
5.499089992561211580e-03
5.502523261905727624e-03
5.504036161347732395e-03
5.506107494241799932e-03
5.509006637457731018e-03
5.544001353226162519e-03
5.542979911606439603e-03
5.540335354245646236e-03
5.536002729885564251e-03
5.527213817624623826e-03
5.530755720306696280e-03
5.530360136376809808e-03
5.516500283016331427e-03
5.519474128300763151e-03
5.522870673303011471e-03
5.524945483097487217e-03
5.538985357275500593e-03
5.540887894810012093e-03
5.539429972651193322e-03
5.536066314575613899e-03
5.535798287638742446e-03
5.537995182738664028e-03
5.531691639541094600e-03
5.530713366212944120e-03
5.533630531122348678e-03
5.525891966633300102e-03
5.527830434663646292e-03
5.524211311703215548e-03
5.518701112654018914e-03
5.520630532061311137e-03
5.516327238788331679e-03
5.540405882355734467e-03
5.541571647155810187e-03
5.542271469162811555e-03
5.446352216113278105e-03
5.454046051296478070e-03
5.454210552724591057e-03
5.469809242258454572e-03
5.483093780991311200e-03
5.492753170618150209e-03
5.500454472970929022e-03
5.510151878347103842e-03
5.512065426723770922e-03
5.507095242905281872e-03
5.540290413028220798e-03
5.542185900711391576e-03
5.542108787004887058e-03
5.538612454924033389e-03
5.541235230201981866e-03
5.540360885151757696e-03
5.535331786141533053e-03
5.538682328826430128e-03
5.536987808461906954e-03
5.530413291486983504e-03
5.534484335503099366e-03
5.531926274407362662e-03
5.523936071979200502e-03
5.528619599207133806e-03
5.525613165783828037e-03
5.510315559703406023e-03
5.516482169903143273e-03
5.513272157197637337e-03
5.517502644816986782e-03
5.522348817269956411e-03
5.520036364777639384e-03
5.539723896892613866e-03
5.537552460557677338e-03
5.533904118975865698e-03
5.528813922618751840e-03
5.522316119469601950e-03
5.514444019462294046e-03
5.540382890691218642e-03
5.448381998772037701e-03
5.455133221913854510e-03
5.447253181043778050e-03
5.462306653050301442e-03
5.469877037575910858e-03
5.462051510110890046e-03
5.474474324811566539e-03
5.481530147004852818e-03
5.475949652063001605e-03
5.484265603092055782e-03
5.490575894968889939e-03
5.486457217999595945e-03
5.492818585681774786e-03
5.494853761067492945e-03
5.498438957762700335e-03
5.500275898842223524e-03
5.502168669707182928e-03
5.505229862156133316e-03
5.539493440931689966e-03
5.537019589950551747e-03
5.532927032879214960e-03
5.527232630309348964e-03
5.520726627551171724e-03
5.502424542396719236e-03
5.506263676079690451e-03
5.509426615785094350e-03
5.513858840851234948e-03
5.537141175264437276e-03
5.538061326796723735e-03
5.538801533369035017e-03
5.535633369586423838e-03
5.535851988874166199e-03
5.537336176809690494e-03
5.532660752644611574e-03
5.532178130644388112e-03
5.534389014551752833e-03
5.528250588309385760e-03
5.527073030046286174e-03
5.529993677045330798e-03
5.522434027625720832e-03
5.524183090162614572e-03
5.520569172906770843e-03
5.515241319713089056e-03
5.512698083009995483e-03
5.516989288241730752e-03
5.537143083231899250e-03
5.538750980474717311e-03
5.538772240179187269e-03
5.431056339489945782e-03
5.438609410572193929e-03
5.439758860594943665e-03
5.455365879834681020e-03
5.468360396688285753e-03
5.479351456029396029e-03
5.488543191435968881e-03
5.496548174039852380e-03
5.506701660313165388e-03
5.503490173925834443e-03
5.508443285263212377e-03
5.535604595059184611e-03
5.537950493953529806e-03
5.537150084067061703e-03
5.532503840584255227e-03
5.535561602974234385e-03
5.533964598876890510e-03
5.527802794756089995e-03
5.531571449543671269e-03
5.529159876564613933e-03
5.521474860283604943e-03
5.525945868818054815e-03
5.522750853447552961e-03
5.513623091895455269e-03
5.518763617143603029e-03
5.515553577272995327e-03
5.498181586800010914e-03
5.500207907931298733e-03
5.504215705104552672e-03
5.505617973533505523e-03
5.511553535632800899e-03
5.507902012172846348e-03
5.487389649735267827e-03
5.492743092107774984e-03
5.494886689428236763e-03
5.537173870077465206e-03
5.536417663729200148e-03
5.534176263307640474e-03
5.530481833668438388e-03
5.525365902951669995e-03
5.518859175792201199e-03
5.510991384071463675e-03
5.536412269819691867e-03
5.433443791837658417e-03
5.432125729439365135e-03
5.440866917464828000e-03
5.449364137962765288e-03
5.448775279782480489e-03
5.455744823592886816e-03
5.459615918302483661e-03
5.460902428880407000e-03
5.467016798355128424e-03
5.470444908089394133e-03
5.477356241785575133e-03
5.472440425060096786e-03
5.480329786588715966e-03
5.486583666024709947e-03
5.482303574517881188e-03
5.489103350290511392e-03
5.490972437089869720e-03
5.494704540962054226e-03
5.496843008310665045e-03
5.498574882855270657e-03
5.501791109693933424e-03
5.534100039107151675e-03
5.530204367035525606e-03
5.524694684007159205e-03
5.517598713604170840e-03
5.509616399910889292e-03
5.501847470922352143e-03
5.484583519610863357e-03
5.491365357841733463e-03
5.485981000692700255e-03
5.471790357332860164e-03
5.478206168805644163e-03
5.479595540088208830e-03
5.534369687129342928e-03
5.535787464944499046e-03
5.535753187954294517e-03
5.534251676305408825e-03
5.534944912226523461e-03
5.535726605616853035e-03
5.532662632399008851e-03
5.532663868469160466e-03
5.534177142887417543e-03
5.529626509598806021e-03
5.528940541627403067e-03
5.531169848252798574e-03
5.525171775369014382e-03
5.523804741566506332e-03
5.526734907890299558e-03
5.519326106377988629e-03
5.517285431660310172e-03
5.520901741747759502e-03
5.512116238883826846e-03
5.509410577375318738e-03
5.513698849483555584e-03
5.532977412879992903e-03
5.535057703270143854e-03
5.534328552256272647e-03
5.416110375982779654e-03
5.423543918264647767e-03
5.424829089638901272e-03
5.441447469113134920e-03
5.454428820522926394e-03
5.465009140795007436e-03
5.475386106469974819e-03
5.484717002245308171e-03
5.492974510549427682e-03
5.503567820074835304e-03
5.500206980226863759e-03
5.505153658138593580e-03
5.530043326521781079e-03
5.532827164584958220e-03
5.531318507149991619e-03
5.525549532658836568e-03
5.529030226080964595e-03
5.526725929374648981e-03
5.519460998865820256e-03
5.523635563312079971e-03
5.520520441378642083e-03
5.511770334696343594e-03
5.512740684799572431e-03
5.516621458530390071e-03
5.502410782635048028e-03
5.508001097882543433e-03
5.504015792032759813e-03
5.491446682182254783e-03
5.498523519296585720e-03
5.494740883365836770e-03
5.487930445234237738e-03
5.471926735771599250e-03
5.471870080461965422e-03
5.478281323205030223e-03
5.455870308512272837e-03
5.463982806698555218e-03
5.463821721213783789e-03
5.533708412369216928e-03
5.534344484118050404e-03
5.533490040616563348e-03
5.531174416748784600e-03
5.527426404055847155e-03
5.522274082100660231e-03
5.515744663491854716e-03
5.507864343974125561e-03
5.531552130289813136e-03
5.421554351370282132e-03
5.418728336217685029e-03
5.427461503115360748e-03
5.440732236962592984e-03
5.436991842355223294e-03
5.445012103136860973e-03
5.450207938645632022e-03
5.455487333534775503e-03
5.462961237558840340e-03
5.457567170541211335e-03
5.466599624303828189e-03
5.468525179677334765e-03
5.473473607685562861e-03
5.476662762711773276e-03
5.478506802128167881e-03
5.482897322351271141e-03
5.485691900932621913e-03
5.491285572121665411e-03
5.487412362680289986e-03
5.493705262013232060e-03
5.498658148591586969e-03
5.495292341431516452e-03
5.527845762371882618e-03
5.522559679641513009e-03
5.515675067491274987e-03
5.507145464366594405e-03
5.496953487452333441e-03
5.479277547804083624e-03
5.481847640642446839e-03
5.485435258143165141e-03
5.475524652322120642e-03
5.465081274385373902e-03
5.468417287478384570e-03
5.460459486389168497e-03
5.452164864753488230e-03
5.439970610387214432e-03
5.445994321702347062e-03
5.447935500774768111e-03
5.453872560438987986e-03
5.442777080989837438e-03
5.424412808910210500e-03
5.433680750295087104e-03
5.432186339098170856e-03
5.441392140259242345e-03
5.429253286636456094e-03
5.409363387783311904e-03
5.419438241878108201e-03
5.416849279743013099e-03
5.426929502637677614e-03
5.415428191796670468e-03
5.395107501341373478e-03
5.405393850831771013e-03
5.402196361080416169e-03
5.412494041958454405e-03
5.530693127339164974e-03
5.532528890052649737e-03
5.531869116923241077e-03
5.531943221252721109e-03
5.533100055224696341e-03
5.533189665481768639e-03
5.531718906751935394e-03
5.532193162838805293e-03
5.533017742843561286e-03
5.530040913566305893e-03
5.529835920946391502e-03
5.531381303230319471e-03
5.526935028392278293e-03
5.526055457218706675e-03
5.528307798390071602e-03
5.522426340264477602e-03
5.520878154939246225e-03
5.523824014631014377e-03
5.516539099755167659e-03
5.514329507595612349e-03
5.517955921615708831e-03
5.509296586189511326e-03
5.510728531358713433e-03
5.506433978239037332e-03
5.527931260877524261e-03
5.530451520269662018e-03
5.529027812318317373e-03
5.401866821268661543e-03
5.408954588545339739e-03
5.411773962077637105e-03
5.431209396165542422e-03
5.448126513623271702e-03
5.461036118984536475e-03
5.471631436558412921e-03
5.481178619014071517e-03
5.489700117906415669e-03
5.500720981458211319e-03
5.502165757278310206e-03
5.497214863979763867e-03
5.523628981457158645e-03
5.524637315281441356e-03
5.526839566656762716e-03
5.517772230980359620e-03
5.518669233292596531e-03
5.521664598605631989e-03
5.510328788733856974e-03
5.514898407966092181e-03
5.511105892025576318e-03
5.501275978581924610e-03
5.506526328031319424e-03
5.501892456484924927e-03
5.490572148828440878e-03
5.496477654788182489e-03
5.491047398553169402e-03
5.478594569575731890e-03
5.484972709788809610e-03
5.478972676526052549e-03
5.472159953706709837e-03
5.458552483556644574e-03
5.447319486668232569e-03
5.435950817846281306e-03
5.422303914785479850e-03
5.402170119365829262e-03
5.408757789124506339e-03
5.398706380548502944e-03
5.381767308091681482e-03
5.392088910798334064e-03
5.388364725556994347e-03
5.529349842915550969e-03
5.531355030008776666e-03
5.531867258736528070e-03
5.530913072390047230e-03
5.528518543575461179e-03
5.524709119131851996e-03
5.519509475194346246e-03
5.512943380580640103e-03
5.505033565834423909e-03
5.525824846474874930e-03
5.409498576453790515e-03
5.415503030453716268e-03
5.405593040385743564e-03
5.426569990597769622e-03
5.433619970070759607e-03
5.423974123937043597e-03
5.439327010659399456e-03
5.447377346266176097e-03
5.439984290763553998e-03
5.451656177472096083e-03
5.459136537331836861e-03
5.453570080400554736e-03
5.462981338916593141e-03
5.464800972294267360e-03
5.469836268748556017e-03
5.473273426805183063e-03
5.479500613628164769e-03
5.474982636510452617e-03
5.482551632179002293e-03
5.484139704451426733e-03
5.488149813211865360e-03
5.490833258110220348e-03
5.492290287459594689e-03
5.495801604684892247e-03
5.520753068833816023e-03
5.514107828862602548e-03
5.505863619059239364e-03
5.495990958826513055e-03
5.484664010916823207e-03
5.471864538779285837e-03
5.461980336882428164e-03
5.463464697250485988e-03
5.456967076768131850e-03
5.452484412853607701e-03
5.447573745414335984e-03
5.445275946492422053e-03
5.438552805548751978e-03
5.434146083608716246e-03
5.431803109111513032e-03
5.424911038508181162e-03
5.419929361174105793e-03
5.411151224175024359e-03
5.417764926187612975e-03
5.390778098149627898e-03
5.386335273990416200e-03
5.396421903591591511e-03
5.369555638829156922e-03
5.380307476766252317e-03
5.375586870869200444e-03
5.380987730087093482e-03
5.358642825958552687e-03
5.369893278633651457e-03
5.364015734234187094e-03
5.375278138441079608e-03
5.526131515195604159e-03
5.528409558396171070e-03
5.527067691762774758e-03
5.528727874037066455e-03
5.530338347017124331e-03
5.529746410886703448e-03
5.529849198833524174e-03
5.530786639460318239e-03
5.530931617804210783e-03
5.529513089144567385e-03
5.529779403942352081e-03
5.530648496566576908e-03
5.527742670946599046e-03
5.528921789353875675e-03
5.527341097417193955e-03
5.524560444099937788e-03
5.525775648751151022e-03
5.523495514771777082e-03
5.519988154136516029e-03
5.521233498679008200e-03
5.518265654281577330e-03
5.514046672068208255e-03
5.511673591110414876e-03
5.515317904198620974e-03
5.506755882150560395e-03
5.503740358206274559e-03
5.508050448309100358e-03
5.522024687447772695e-03
5.524974916704757447e-03
5.522869989846652256e-03
5.388445560721349947e-03
5.395141925383880634e-03
5.399045469619941778e-03
5.418074549387058569e-03
5.432887656651247225e-03
5.445465036633840954e-03
5.457319000841689971e-03
5.468128604238078026e-03
5.477914064351274703e-03
5.486694184298797003e-03
5.498134579370416233e-03
5.494485839074522877e-03
5.499451617381630880e-03
5.516381556422843453e-03
5.517127712102876808e-03
5.520008867280101761e-03
5.509191666492363991e-03
5.509815462373010043e-03
5.513485836928269136e-03
5.500424179784356958e-03
5.505380356169322156e-03
5.500909161874537219e-03
5.490055096931721959e-03
5.495669118576675290e-03
5.490377382707190002e-03
5.478065686155590523e-03
5.484318784539848196e-03
5.478392076267189076e-03
5.470327781756018949e-03
5.454692590098872244e-03
5.440839792001616465e-03
5.427019333186291865e-03
5.407389831700110984e-03
5.404848778136994367e-03
5.413642975054156099e-03
5.399188162054400358e-03
5.385826947313582420e-03
5.369680122142553823e-03
5.375242866666447503e-03
5.364155196170915241e-03
5.348946933528287047e-03
5.359385639339197399e-03
5.353685450635551832e-03
5.527469247564567069e-03
5.524118202580485977e-03
5.529327662727527917e-03
5.529717253089292545e-03
5.528661402521452620e-03
5.526182933902400000e-03
5.522303977041106114e-03
5.517045844641675981e-03
5.510428915810713230e-03
5.502472528564303876e-03
5.519250449964690358e-03
5.397519918386530814e-03
5.392902615248416215e-03
5.403522130700583181e-03
5.418858301015776896e-03
5.414103511885190456e-03
5.422680009604688607e-03
5.429118412396630004e-03
5.435554491974653284e-03
5.443598843001350163e-03
5.437441571399553863e-03
5.448084205496678441e-03
5.449877867157601474e-03
5.455546810346941812e-03
5.459611055299125153e-03
5.466460472327227919e-03
5.461310862605519602e-03
5.470128560584683157e-03
5.476361681773047642e-03
5.471719097446132649e-03
5.479653085014818230e-03
5.485267813334397495e-03
5.481123486513938582e-03
5.488200379081925942e-03
5.489540701505139786e-03
5.493194884106299310e-03
5.512841802965728726e-03
5.504867985474471218e-03
5.495304670970043749e-03
5.484130151216294081e-03
5.470104408669072479e-03
5.464096933834598942e-03
5.455952886102719002e-03
5.463091629563197361e-03
5.450965516241014670e-03
5.449385631214906031e-03
5.442684475032166964e-03
5.436812797342681532e-03
5.435574889201929411e-03
5.428467916645110698e-03
5.422102807347440462e-03
5.421091221571858361e-03
5.414802613125547538e-03
5.403717261066955102e-03
5.405561839011691419e-03
5.397258164675863487e-03
5.392446918681612078e-03
5.389062709173112614e-03
5.379467149936252406e-03
5.385069644762937625e-03
5.360754191796111671e-03
5.354843721949218045e-03
5.365157374430726614e-03
5.524623326553556972e-03
5.526678568247323474e-03
5.525415698527526287e-03
5.520702596561743308e-03
5.523414075730797429e-03
5.521402094260022438e-03
5.527071049092982004e-03
5.527937472626337501e-03
5.528462879952246965e-03
5.528060340709615474e-03
5.528989889575394896e-03
5.528789286998837121e-03
5.527611699622663605e-03
5.528595019252754636e-03
5.527679602139587076e-03
5.525745048787663455e-03
5.525155037256221889e-03
5.526774396186791630e-03
5.522479621281158740e-03
5.521236081936250865e-03
5.523548894260695528e-03
5.517833852823095762e-03
5.518938608975646094e-03
5.515942389641549301e-03
5.511825281915317190e-03
5.509292671664263973e-03
5.512962747350290751e-03
5.504470458354075203e-03
5.501304600159850032e-03
5.505639525908150034e-03
5.515275378778048028e-03
5.518646763490548009e-03
5.515873922303201823e-03
5.375848414586415457e-03
5.382223984332193227e-03
5.386836274221037252e-03
5.408267948720937336e-03
5.427226022635738174e-03
5.441809944937195040e-03
5.453848725036775265e-03
5.464871375262141291e-03
5.474892587909498294e-03
5.483928675253877012e-03
5.495784861252479142e-03
5.491994721933333469e-03
5.496986078766520796e-03
5.508318527090278437e-03
5.512353804215249301e-03
5.508808318193741775e-03
5.499824847708520079e-03
5.504512319584514701e-03
5.500182346053124685e-03
5.489765817808938374e-03
5.495099337005453742e-03
5.489972976656700039e-03
5.478119125902999008e-03
5.484091571765440515e-03
5.478159102711014847e-03
5.471098636032039296e-03
5.457537222007873175e-03
5.443912935291412430e-03
5.429469899522815744e-03
5.412921982107644567e-03
5.396301547553159980e-03
5.377673624749571002e-03
5.373717106198803301e-03
5.383334172379408526e-03
5.340668145644642852e-03
5.350773076800390340e-03
5.344723741139405931e-03
5.369273077374796602e-03
5.522704857388645999e-03
5.525888868980998771e-03
5.518031211267349599e-03
5.527604379415186099e-03
5.527872127596211022e-03
5.526712334783434946e-03
5.524144586888471778e-03
5.520187723498598022e-03
5.514859734193710596e-03
5.508177662822365955e-03
5.500157520954814319e-03
5.511846526665527095e-03
5.387198377529030767e-03
5.381590288641305633e-03
5.392428356945458759e-03
5.404676213851008701e-03
5.411761480974186002e-03
5.401027497254588285e-03
5.418270672343297560e-03
5.426893484703265713e-03
5.418517511373221844e-03
5.432002145790971320e-03
5.440056402012507890e-03
5.433777035343903029e-03
5.444726711400394749e-03
5.452187831766442880e-03
5.446420573291640282e-03
5.456456135498599473e-03
5.458052294105353482e-03
5.463314604726979794e-03
5.467198737552914946e-03
5.468685301218684583e-03
5.473451157379643876e-03
5.476969636763030259e-03
5.478335707405448431e-03
5.482612961853179992e-03
5.485782826758542514e-03
5.490814211016776213e-03
5.487018376729178859e-03
5.504129239160679074e-03
5.494857735445388310e-03
5.484010105660909809e-03
5.471185465350384899e-03
5.465470261827197994e-03
5.464861877859719490e-03
5.458316643864639071e-03
5.452140305151305551e-03
5.451641854412108031e-03
5.444555680324436771e-03
5.438309790145067976e-03
5.430280900223980432e-03
5.437637337089619612e-03
5.423506973296269781e-03
5.422870122550215409e-03
5.413684969955989863e-03
5.408510486017997602e-03
5.406175964158941097e-03
5.398906547655999734e-03
5.393046853927223501e-03
5.391137420482631191e-03
5.385428761816553681e-03
5.356885587449991895e-03
5.358780925935079965e-03
5.348762616124586207e-03
5.376926265870698475e-03
5.377324401316851445e-03
5.368857050237894890e-03
5.333867671642352794e-03
5.345435762705492456e-03
5.337197314062655344e-03
5.519645045956395046e-03
5.522137298453592448e-03
5.520214137352326411e-03
5.523399857177027292e-03
5.524051853908647225e-03
5.525238354251145803e-03
5.514421809797787240e-03
5.517559033710275895e-03
5.514888891005476773e-03
5.525697916576737673e-03
5.526421875752872241e-03
5.526881846238713633e-03
5.526557140239710987e-03
5.527086982249244246e-03
5.527343650481623960e-03
5.525994899279297080e-03
5.525872409823347382e-03
5.526836123427554016e-03
5.524027919656591262e-03
5.523256108812731220e-03
5.524917627143269457e-03
5.520672187842862698e-03
5.521605776983724498e-03
5.519255290466451060e-03
5.515942863250593645e-03
5.516917373600632724e-03
5.513886303720978883e-03
5.509854198138402180e-03
5.510868312935258799e-03
5.507164549413925969e-03
5.502419465651656703e-03
5.503473504579172761e-03
5.499104403319468419e-03
5.507698634031690972e-03
5.511483552806193363e-03
5.508056006192041561e-03
5.364650580451330551e-03
5.370354369201179971e-03
5.376068695649435097e-03
5.396033807261851716e-03
5.411438955068822824e-03
5.425121501516400220e-03
5.438365238484350883e-03
5.450592989793583663e-03
5.461829252433269243e-03
5.472086181471480341e-03
5.481378382198939456e-03
5.493650896456561857e-03
5.494746799300220634e-03
5.489719148318876821e-03
5.499454949587965526e-03
5.499695198728388537e-03
5.503890639902479960e-03
5.489686714916972542e-03
5.494759988319906051e-03
5.489786124217556351e-03
5.478367704861940128e-03
5.484071356875589928e-03
5.478309030327089581e-03
5.471804708862507138e-03
5.458814787958339403e-03
5.445229298536783183e-03
5.430913212467207776e-03
5.416015807825092995e-03
5.400795299903336441e-03
5.384999608479899835e-03
5.366948418669218075e-03
5.351612963247541141e-03
5.354181481014172461e-03
5.342683148614712531e-03
5.517077315659738371e-03
5.521566312498334822e-03
5.524589775080639316e-03
5.511104243215786229e-03
5.526165853737391095e-03
5.526312203288726368e-03
5.525045880835653678e-03
5.522383248526405684e-03
5.518339882612370920e-03
5.512930489623483338e-03
5.506168830409116123e-03
5.498067652608099216e-03
5.503628265482775513e-03
5.377956392581385511e-03
5.382649875010216828e-03
5.371255700144553571e-03
5.400086473908489830e-03
5.393668762567614856e-03
5.402406950151560083e-03
5.409211240822393851e-03
5.414780619257388537e-03
5.416521736979421596e-03
5.423404792987540808e-03
5.428640073080001453e-03
5.430336004787838546e-03
5.436703129611365239e-03
5.441552756925339789e-03
5.449027802968957335e-03
5.443159282058557431e-03
5.453486996758368996e-03
5.454994149974047406e-03
5.460369160433527214e-03
5.464457373543786869e-03
5.465853274839699294e-03
5.470742441640521689e-03
5.474477484014738174e-03
5.480161458110071465e-03
5.475751154855081938e-03
5.483559623456703627e-03
5.484700925335644385e-03
5.488638631436270135e-03
5.494630374056774617e-03
5.484091464763222665e-03
5.471989726175473939e-03
5.466240596081625713e-03
5.465924773977792923e-03
5.459261808922938157e-03
5.453395914619987156e-03
5.452836305603172076e-03
5.445924399190535219e-03
5.439840081544291758e-03
5.439142219287192680e-03
5.431743405542227565e-03
5.425649267692639159e-03
5.424646486235362719e-03
5.417158705852102504e-03
5.410608098623020251e-03
5.409632074338925796e-03
5.401895424841538992e-03
5.394936362917793389e-03
5.394056483081813638e-03
5.385969525664382682e-03
5.375331742013165874e-03
5.376139340443275398e-03
5.366092710924899936e-03
5.328512158755305435e-03
5.340073905973035176e-03
5.331121608002695363e-03
5.363536536359829292e-03
5.513806248774602049e-03
5.516728879563279238e-03
5.514156058963938858e-03
5.518848841541773576e-03
5.521127371388120583e-03
5.519289106759280375e-03
5.522438955925575849e-03
5.524071275278689790e-03
5.522958725018826780e-03
5.507302281221747656e-03
5.510858714054742841e-03
5.507542301208869298e-03
5.524591982555063924e-03
5.525577245288657707e-03
5.525181800882774698e-03
5.525322777719924965e-03
5.525661395657304083e-03
5.525974731618065079e-03
5.524645577967630256e-03
5.524339208009614380e-03
5.525353329715784398e-03
5.522573919254377718e-03
5.523332732370717611e-03
5.521625443762599207e-03
5.519120561891119325e-03
5.517534062810809659e-03
5.519927316792179288e-03
5.514297422144598393e-03
5.515150622230116303e-03
5.512078149281796242e-03
5.508115511069116774e-03
5.509015279377109907e-03
5.505269844980622933e-03
5.500584881063381310e-03
5.497120290982531778e-03
5.501532947762802217e-03
5.499307403534693661e-03
5.503499408127934464e-03
5.499430254814020175e-03
5.354411269806771435e-03
5.359616465208498666e-03
5.366317760685204719e-03
5.389097809365560494e-03
5.407445467369423851e-03
5.421710460451472681e-03
5.435098057542290563e-03
5.447521785312573091e-03
5.458974266496639111e-03
5.469469655820133683e-03
5.479020914791584741e-03
5.491714579964895523e-03
5.487639577055614115e-03
5.492714261226760812e-03
5.489803538347486946e-03
5.494633259983973221e-03
5.489802150368401981e-03
5.478789546214145496e-03
5.478640233186462226e-03
5.484242468576573659e-03
5.472309156401313629e-03
5.459823181288696661e-03
5.446621909295984443e-03
5.432747961929721564e-03
5.418133283349518652e-03
5.402771662319484636e-03
5.385138301046013889e-03
5.346807407196989097e-03
5.337641220928441947e-03
5.349134464469284395e-03
5.364792598140512118e-03
5.358189339197803706e-03
5.369971752619385509e-03
5.355825275018679527e-03
5.510599798368840362e-03
5.516373213847938252e-03
5.520686620118815148e-03
5.523555644847659082e-03
5.503350342272147859e-03
5.524995423064479709e-03
5.525020510297977763e-03
5.523644799391840346e-03
5.520881442538342829e-03
5.516742779560180991e-03
5.511240273163879252e-03
5.504384451704512522e-03
5.496184859617900612e-03
5.494608501983246421e-03
5.362907159064602726e-03
5.370440208842202842e-03
5.358650502384512855e-03
5.396384602083364665e-03
5.387184559791181881e-03
5.398293237263795605e-03
5.405602535146268248e-03
5.411363756177109408e-03
5.413088142707351072e-03
5.420025801083185220e-03
5.425434867250555904e-03
5.433518776566901957e-03
5.427058249961464950e-03
5.438535299461731004e-03
5.446038882111791865e-03
5.440067919022209715e-03
5.450677194327823057e-03
5.452108580769768863e-03
5.457597636628276801e-03
5.461880704065842640e-03
5.463197851199099418e-03
5.468211752356502350e-03
5.472155635300389800e-03
5.473347433125496340e-03
5.477892318829025511e-03
5.481512613054025963e-03
5.482568781332641979e-03
5.486650015539318997e-03
5.484357703486954054e-03
5.472580957357490485e-03
5.467143061484752882e-03
5.466754870800110723e-03
5.460336580105932570e-03
5.454754863710030606e-03
5.454139086625202880e-03
5.447365240791005210e-03
5.441629964560619655e-03
5.440798929611196343e-03
5.433707955084762439e-03
5.427771210567869202e-03
5.426774473159958791e-03
5.419255861498837971e-03
5.413178387895629072e-03
5.411955679803859449e-03
5.404123173230037346e-03
5.397429054275187238e-03
5.386453807850589623e-03
5.396239765288080026e-03
5.324613274929613539e-03
5.335732371160443674e-03
5.326507182440856115e-03
5.382273768312154268e-03
5.378867918257317256e-03
5.373632545488609726e-03
5.364996443939657952e-03
5.364926300884044139e-03
5.355913940678708011e-03
5.507117893434252537e-03
5.510465399208708606e-03
5.507253510423670492e-03
5.513429017399992284e-03
5.513661350627665353e-03
5.516142048257661676e-03
5.518294453661909231e-03
5.518612545931464095e-03
5.520369641117622329e-03
5.521727132902091821e-03
5.523162339155569811e-03
5.522121493436251555e-03
5.499354830717861388e-03
5.503325089282275900e-03
5.499374214162338487e-03
5.523739444345985954e-03
5.524533765688168126e-03
5.524202094369733140e-03
5.524343164494866648e-03
5.524496927648333416e-03
5.524867674224379598e-03
5.523549389696647341e-03
5.524130906252513497e-03
5.523064141432750332e-03
5.521368473753465733e-03
5.522003739809367567e-03
5.520246964178591488e-03
5.517809971452530653e-03
5.518497334586580476e-03
5.516056131329392757e-03
5.512882588650507877e-03
5.510501501098281907e-03
5.513622001478080820e-03
5.506594139298670761e-03
5.503592006254976431e-03
5.507387150562264785e-03
5.498951509608909945e-03
5.495335613273274675e-03
5.499801246537274445e-03
5.490112279070947891e-03
5.494706100486453602e-03
5.490008321276907202e-03
5.345550184975333789e-03
5.350092423312858593e-03
5.354311197920257059e-03
5.378087379373830239e-03
5.370479944991434981e-03
5.377984571058482335e-03
5.387225336248470733e-03
5.403880615830909499e-03
5.418403892968981332e-03
5.431987333109713524e-03
5.444608429751186980e-03
5.456281288951122035e-03
5.467020631729451255e-03
5.476836699393159390e-03
5.489960629415365639e-03
5.485739289013821449e-03
5.490871771529137052e-03
5.479374523933763091e-03
5.479140435621750009e-03
5.484593140735633497e-03
5.472970729586620030e-03
5.460953438405131803e-03
5.448196863565366553e-03
5.434704743259414356e-03
5.420478931427693929e-03
5.405308030123088213e-03
5.389857696554324271e-03
5.344354794783259116e-03
5.345550687316801691e-03
5.334463197173795745e-03
5.373652205756540741e-03
5.354697323464733573e-03
5.503283199679223116e-03
5.510320564022621985e-03
5.515905922177113084e-03
5.520052452456327731e-03
5.522772826628013013e-03
5.494780219261012448e-03
5.524079137100802381e-03
5.523982827462178835e-03
5.522494627514454649e-03
5.519624493829896131e-03
5.515381556569941800e-03
5.509774073091481053e-03
5.502809388608844755e-03
5.494493904042375282e-03
5.484797654046115467e-03
5.359124071522783188e-03
5.352349537413441175e-03
5.361046637230354808e-03
5.368637385081819619e-03
5.393689139568135817e-03
5.385869739012840232e-03
5.395047746080830833e-03
5.402541131940033839e-03
5.408105273826313911e-03
5.416802699350165527e-03
5.409758113144494396e-03
5.422364707845185941e-03
5.423926066581988975e-03
5.430479634418491908e-03
5.435641215547840598e-03
5.437116416632073110e-03
5.443191469009157901e-03
5.448003006371645272e-03
5.449370534300471310e-03
5.454976280916662597e-03
5.459447730998628033e-03
5.460696647929196533e-03
5.465838097610157577e-03
5.469985912243031240e-03
5.471104958787303095e-03
5.475787377941938351e-03
5.479626450694492605e-03
5.480605195425092280e-03
5.484833051027083323e-03
5.473321235241220342e-03
5.468175778831447717e-03
5.467718887483740894e-03
5.461528689624613707e-03
5.456212827829509150e-03
5.455543994395654558e-03
5.448985308115259808e-03
5.443488980018611201e-03
5.442619944279237371e-03
5.435694165582721608e-03
5.430005347960785086e-03
5.428948743605525526e-03
5.421655881989648033e-03
5.415760723623224207e-03
5.414529506424861638e-03
5.406661136534358578e-03
5.400750507641722230e-03
5.399153402426319116e-03
5.391587790579334405e-03
5.322196931755208103e-03
5.333292375258698141e-03
5.323364222886105106e-03
5.384979577076906901e-03
5.383692965406194041e-03
5.375037686663573268e-03
5.364801073682309157e-03
5.364924250573610554e-03
5.354563947452431298e-03
5.341631756259896183e-03
5.353248802870503274e-03
5.342954123622184123e-03
5.499588684035904874e-03
5.503356688878136005e-03
5.499516258418412837e-03
5.507149190749287271e-03
5.510292295607809900e-03
5.507178472084399076e-03
5.513273242573385816e-03
5.515786857653407448e-03
5.513393265549070693e-03
5.517971384416309535e-03
5.519852113529611498e-03
5.518172623723615298e-03
5.521253596082975786e-03
5.522499248340172369e-03
5.521528013331639985e-03
5.490587976808572294e-03
5.494967828165417227e-03
5.490394189586511424e-03
5.523129234303360453e-03
5.523470316802287471e-03
5.523738829138208871e-03
5.523606978333827494e-03
5.524009769302852188e-03
5.523580744010055978e-03
5.522694780118357800e-03
5.522034145952499536e-03
5.523155900040129310e-03
5.520399819850078937e-03
5.519107402419345769e-03
5.520917478812531476e-03
5.516728467563364151e-03
5.514808051160177173e-03
5.517302468573061398e-03
5.511686251138111191e-03
5.509142762738465128e-03
5.512317984500746636e-03
5.505277830949042474e-03
5.502117309943933311e-03
5.505970259899267694e-03
5.497506981055329082e-03
5.498264618939094524e-03
5.493736544070720700e-03
5.480121495708894196e-03
5.485113042623376844e-03
5.479799447126784857e-03
5.338016725324674569e-03
5.341890824163803356e-03
5.348658191447382311e-03
5.374640946537608682e-03
5.376366930174931481e-03
5.366890912993069196e-03
5.384188873490377072e-03
5.400892699699936031e-03
5.415242078711779948e-03
5.429005363328979518e-03
5.441824638299958515e-03
5.453727958831505740e-03
5.464719522525367419e-03
5.474808974546397852e-03
5.488376576881039137e-03
5.489205456266649068e-03
5.484004378013484018e-03
5.473779329135211071e-03
5.462198521673219953e-03
5.449855141476715736e-03
5.436751386531498732e-03
5.422887262220663952e-03
5.408261219758545707e-03
5.392870018814395483e-03
5.331858435171492674e-03
5.374896403720946965e-03
5.355978300986038131e-03
5.348781351952705196e-03
5.360296680611464394e-03
5.495136136685318737e-03
5.503417123189842906e-03
5.510256504449426510e-03
5.515665091818654567e-03
5.519653159717235330e-03
5.522230386337515298e-03
5.485402257398656542e-03
5.523405797340985232e-03
5.523187713656013340e-03
5.521583704302699541e-03
5.518600544955763049e-03
5.514244182771789633e-03
5.508519707761817819e-03
5.501431330787204255e-03
5.492982368102028445e-03
5.474203783514168878e-03
5.354593206434981462e-03
5.356914952157524647e-03
5.346321078875285009e-03
5.364657032499340131e-03
5.390230288418011891e-03
5.382435081202088106e-03
5.391981567310373709e-03
5.399197135241666501e-03
5.405045272181152431e-03
5.406606034818383852e-03
5.413737862492514104e-03
5.419358970650254605e-03
5.420892407405238957e-03
5.427535121426165822e-03
5.432853448064636250e-03
5.434279854241877081e-03
5.440464825309091791e-03
5.445443475789651065e-03
5.446757601353058482e-03
5.452484135689533891e-03
5.457140314285116242e-03
5.458330099443610417e-03
5.463603318605327920e-03
5.467952930207141231e-03
5.473831272727133594e-03
5.469006951785974034e-03
5.477888590054992048e-03
5.478796223779923598e-03
5.483175232670509450e-03
5.469340990543193094e-03
5.468810541038254293e-03
5.462832629083781526e-03
5.457774479751462821e-03
5.457046239064060333e-03
5.450687719723702578e-03
5.445423504434708864e-03
5.444508967228065682e-03
5.437770389128493073e-03
5.432287454467548717e-03
5.431199022872435986e-03
5.424079775784268476e-03
5.418363634586540259e-03
5.417114586248135757e-03
5.409612206415751953e-03
5.403647142306889500e-03
5.402251194319503472e-03
5.394366160313326247e-03
5.321232235336668080e-03
5.331408143976438564e-03
5.321687107353989706e-03
5.388130442419923269e-03
5.386602220105443303e-03
5.376538387181759027e-03
5.338158709193917967e-03
5.347064271880919151e-03
5.339852433784072865e-03
5.371794315179055646e-03
5.368344835807554831e-03
5.363950662707886105e-03
5.491225088124209071e-03
5.495410334689183537e-03
5.490951802061718248e-03
5.500015967163467828e-03
5.503585819449703480e-03
5.499848131249107826e-03
5.507381991713431423e-03
5.507308625530083282e-03
5.510330675938875100e-03
5.513331404276340490e-03
5.515654298609880789e-03
5.513342944523108233e-03
5.517871842489030509e-03
5.519565496794797722e-03
5.517960191212323458e-03
5.521010293998418299e-03
5.521168859098349660e-03
5.522072443152368365e-03
5.481007966685789122e-03
5.485794312846481793e-03
5.480609475757006709e-03
5.522753054587438773e-03
5.523182625521494589e-03
5.522976782162347664e-03
5.523105690596688717e-03
5.522902803208451679e-03
5.523391088792967661e-03
5.522073006431886880e-03
5.521238968521120435e-03
5.522418160563302529e-03
5.519659017775692053e-03
5.518196314168347105e-03
5.520063596600606991e-03
5.515866930832617927e-03
5.513779206884963924e-03
5.516332184013277365e-03
5.510699127844465896e-03
5.511227874685549304e-03
5.507991167516085480e-03
5.504157158895709931e-03
5.504753768558245941e-03
5.500834857531319844e-03
5.496241739705344520e-03
5.492312071763030476e-03
5.496912103216285844e-03
5.474727319316529360e-03
5.331832752904295224e-03
5.335012107251646887e-03
5.343288825753558270e-03
5.370252430145900507e-03
5.362422207765623651e-03
5.372482924270157410e-03
5.380287895425387573e-03
5.397635233426492131e-03
5.412204441622720484e-03
5.426109231924154501e-03
5.439151210869301763e-03
5.451294745961392241e-03
5.462549565489465721e-03
5.472923775151929821e-03
5.486952755194758093e-03
5.482423737582875142e-03
5.487704249601697316e-03
5.463553756624176840e-03
5.451594982750542114e-03
5.438851466159588116e-03
5.425321550564062532e-03
5.411001547568921113e-03
5.395884975195460072e-03
5.329665836777469287e-03
5.379969283603490589e-03
5.355375216308199543e-03
5.355691735708379732e-03
5.346771121353911457e-03
5.363576521253004409e-03
5.495669434246553547e-03
5.486164973998277836e-03
5.503745009258416941e-03
5.510400234658409391e-03
5.515643062819267778e-03
5.519480816669322665e-03
5.521920146058989162e-03
5.475222557110874869e-03
5.522966987936439066e-03
5.522626531251070142e-03
5.520903187277027835e-03
5.517800565846772004e-03
5.513321457768829634e-03
5.507467823532515884e-03
5.500240788193834843e-03
5.491640642198809645e-03
5.349230072620502451e-03
5.340550222689846929e-03
5.351964634942472585e-03
5.359798993378768819e-03
5.386338902642815590e-03
5.378305271506322524e-03
5.388319745502618760e-03
5.395734579287204263e-03
5.401843290933536733e-03
5.403479250544978088e-03
5.410639365442998852e-03
5.416439347149524727e-03
5.417934275313882053e-03
5.424685577673370347e-03
5.430149203981123225e-03
5.431537975914355575e-03
5.437837357618357723e-03
5.442980530088502647e-03
5.450103096864448299e-03
5.444250324895395614e-03
5.454943030890495315e-03
5.456081427477795127e-03
5.461492015624908568e-03
5.466044086761936809e-03
5.472011431095835828e-03
5.467039421281316182e-03
5.476289268474438497e-03
5.477130714109074150e-03
5.481666847827347880e-03
5.470618831499308651e-03
5.464245000654109966e-03
5.470025065266430168e-03
5.459422440352213260e-03
5.452471300518743971e-03
5.458643758773321954e-03
5.447418544962858572e-03
5.446466208878378637e-03
5.439901033639944587e-03
5.434604863626778595e-03
5.433490966854853145e-03
5.426531718522853258e-03
5.420977176793865572e-03
5.412358837155784724e-03
5.419714654475387902e-03
5.406529550808333168e-03
5.405131741306796848e-03
5.397375873667412984e-03
5.321704778332418499e-03
5.329903959259228892e-03
5.321460353994530816e-03
5.391253965769463898e-03
5.389736919596241176e-03
5.381569427278715990e-03
5.340038445776581523e-03
5.347674780838681217e-03
5.339102703963893339e-03
5.375216738233506812e-03
5.373553783231572144e-03
5.365342056219702879e-03
5.492033776604498055e-03
5.496028137855919413e-03
5.491675783469179839e-03
5.482031373872947415e-03
5.481565406640232646e-03
5.486631704897291205e-03
5.500625220712479849e-03
5.504006690542911570e-03
5.500364193754272817e-03
5.507811737430007293e-03
5.510574500594074727e-03
5.507638066835087408e-03
5.513598698661604028e-03
5.513504221801564763e-03
5.515738073419356596e-03
5.517990783716772429e-03
5.517968827207325039e-03
5.519503242999133225e-03
5.520991949267375909e-03
5.521037363348089803e-03
5.521875135917921756e-03
5.475809681701104305e-03
5.522605403562612890e-03
5.522858139673940230e-03
5.522714588325218152e-03
5.522833585626934529e-03
5.522455876033499980e-03
5.523004508782534960e-03
5.521678149988109088e-03
5.520671179994294207e-03
5.521910355983125455e-03
5.519139957427374524e-03
5.519434567773827231e-03
5.517506084786042916e-03
5.515219071450786284e-03
5.515578776468995151e-03
5.512961812865441007e-03
5.509914761275758015e-03
5.507038773310730245e-03
5.510343803145686253e-03
5.503225510181648274e-03
5.499736564911860207e-03
5.503729657770494062e-03
5.495149029494337048e-03
5.491053984949596789e-03
5.495735545222753086e-03
5.327046565904333154e-03
5.329508994135854529e-03
5.338198679262725656e-03
5.366569042730778838e-03
5.357912251062565100e-03
5.368452435745884807e-03
5.376493380005775528e-03
5.394097522646711974e-03
5.409144530615466774e-03
5.423297222102249453e-03
5.436567883892602995e-03
5.448964898528288817e-03
5.460496748941278365e-03
5.471169918707701613e-03
5.485682277513623598e-03
5.486359876672511175e-03
5.480989043158271574e-03
5.465016884346430778e-03
5.453416730460085640e-03
5.441007953834554184e-03
5.427787309263346592e-03
5.413749717593759406e-03
5.398888311495928134e-03
5.330897949555929785e-03
5.383232712518938763e-03
5.359306415308935125e-03
5.357382089513750521e-03
5.349721742011222421e-03
5.367251909412871363e-03
5.496375917632300399e-03
5.487081853793816452e-03
5.476373869387760225e-03
5.504262418160627002e-03
5.510747069450399292e-03
5.515834907736763201e-03
5.519530259603156602e-03
5.521836713931607861e-03
5.522757098534290636e-03
5.522293462060954769e-03
5.520447061702786484e-03
5.517218356841572732e-03
5.512607008808633607e-03
5.506611886611908688e-03
5.499231078229009466e-03
5.490461907198495445e-03
5.345610057132512034e-03
5.336341375220727407e-03
5.347465434015592593e-03
5.356129847692273419e-03
5.383088687973699993e-03
5.374832251957337333e-03
5.384750583811974238e-03
5.392505891888075241e-03
5.398761937969798370e-03
5.400340196636495282e-03
5.407643087120987679e-03
5.413568565097053899e-03
5.421903047002798841e-03
5.415043194703721488e-03
5.427510013973530639e-03
5.435290779690722315e-03
5.428870486932995364e-03
5.440598720017067284e-03
5.447817732143654494e-03
5.441831947592689483e-03
5.452843238951804276e-03
5.459491568748962333e-03
5.453936603588917069e-03
5.464249534309551480e-03
5.470318050708290053e-03
5.465191144860441670e-03
5.474821482247934669e-03
5.480300953660893759e-03
5.475600285667971655e-03
5.472009659536065419e-03
5.471360154570041427e-03
5.465764824673882694e-03
5.461159967743582470e-03
5.454337736031418180e-03
5.460336998772055174e-03
5.449480295975447745e-03
5.448494823169530710e-03
5.442090472423520564e-03
5.436966711311136402e-03
5.435830534078802886e-03
5.429018973948054015e-03
5.423613422572456065e-03
5.422339147005867527e-03
5.415117367159280951e-03
5.409412948426179334e-03
5.408013902113173801e-03
5.400377907047786315e-03
5.323666543076832104e-03
5.331838690649920269e-03
5.322704873119781487e-03
5.394356325724812898e-03
5.392846737182884799e-03
5.384829482083451982e-03
5.343530677931882487e-03
5.351405329221983927e-03
5.341821896509417120e-03
5.378431858788434820e-03
5.376866464141366944e-03
5.368910601229971366e-03
5.493005329641396234e-03
5.496818361628485507e-03
5.492563391615469005e-03
5.483204913297144711e-03
5.487622613320023400e-03
5.482664717442222758e-03
5.477023993202823939e-03
5.501414826375159751e-03
5.504616213429285032e-03
5.501061476898170058e-03
5.508436594707968870e-03
5.508163596528166221e-03
5.511020450948838321e-03
5.514073076072389251e-03
5.516034635091863168e-03
5.513873667549865944e-03
5.518325942879178519e-03
5.519661580796034021e-03
5.518194874361992235e-03
5.521196083835121921e-03
5.521903336781359625e-03
5.521129646224026168e-03
5.522683594369761327e-03
5.522761170370668257e-03
5.522679639480138070e-03
5.522787772703778922e-03
5.522845725133816025e-03
5.522235557878184091e-03
5.521507121784605121e-03
5.521627982150443745e-03
5.520326180933327227e-03
5.518839357559339985e-03
5.517031928901982608e-03
5.519025696939459588e-03
5.514781422595293678e-03
5.515037368479051502e-03
5.512350907135830057e-03
5.509329506005496493e-03
5.506280451151535082e-03
5.509660719791420469e-03
5.502479068570128966e-03
5.498817146185008137e-03
5.502892714763775624e-03
5.494224872475604593e-03
5.494729580143250559e-03
5.489956851524175653e-03
5.323684505437486537e-03
5.325421180879106285e-03
5.334677073587599030e-03
5.363079737539290688e-03
5.354351230240498791e-03
5.364860976154276276e-03
5.373129281828723479e-03
5.390928502025202351e-03
5.406168917534258898e-03
5.420542837136535855e-03
5.434057698752397039e-03
5.446724368691686566e-03
5.458549827432234748e-03
5.469538979818657116e-03
5.484561014298425935e-03
5.485166831651551098e-03
5.479694728382180323e-03
5.466588270568471797e-03
5.455323547630389590e-03
5.443226857525576383e-03
5.430293339992768413e-03
5.416516352185427215e-03
5.401887697219118559e-03
5.333638800548742669e-03
5.386396437615212189e-03
5.363258457254951005e-03
5.353447406091527486e-03
5.361329137701578186e-03
5.370841225538748598e-03
5.497254069757559133e-03
5.488151584052746411e-03
5.477656596353050293e-03
5.504967620744310487e-03
5.511295064334596934e-03
5.516238466508325590e-03
5.519799114787421468e-03
5.521977506008717528e-03
5.522773339496599154e-03
5.522185516033320876e-03
5.520212142909436057e-03
5.516850544957637402e-03
5.512097281362110350e-03
5.505948168243198979e-03
5.498398306212743357e-03
5.489442111906640831e-03
5.342396379925268453e-03
5.344038739838727348e-03
5.333043099482194169e-03
5.352781675694732837e-03
5.379901073647140770e-03
5.381533694134806034e-03
5.371497955041301502e-03
5.389377033405129240e-03
5.395829236714934536e-03
5.404745397373358906e-03
5.397336201952286465e-03
5.410729384134937807e-03
5.412193066943848940e-03
5.419169756545815300e-03
5.424920801167831472e-03
5.432809832553490807e-03
5.426260804859220528e-03
5.438285322535053520e-03
5.439488383654429542e-03
5.445615355605134753e-03
5.450831013023145662e-03
5.451884345122171016e-03
5.457592094182326693e-03
5.462562165624064610e-03
5.463453647350977570e-03
5.468744078059560761e-03
5.473480961769452459e-03
5.474199303901216597e-03
5.479073353012431889e-03
5.473529587474282310e-03
5.467393787486385208e-03
5.472816105331177947e-03
5.463005990032722414e-03
5.462129062901921982e-03
5.456291531997680549e-03
5.451630373434951209e-03
5.450600725802980107e-03
5.444346000958615213e-03
5.439397141456839627e-03
5.438226339353909554e-03
5.431551512090048058e-03
5.426298971629339891e-03
5.424999357203474058e-03
5.417900680327293432e-03
5.412326924202945366e-03
5.403384600980322590e-03
5.410911617326433914e-03
5.327049289742273944e-03
5.335277378347888858e-03
5.325387757977546183e-03
5.397469630268017689e-03
5.387993397008056413e-03
5.395953144816058658e-03
5.347296722595217683e-03
5.355283272576268593e-03
5.345456839981903643e-03
5.382075341543827128e-03
5.380296285496016274e-03
5.372714899133204311e-03
5.494141046553071422e-03
5.497780846405792531e-03
5.493614568763535363e-03
5.484522643394414490e-03
5.488767052080173806e-03
5.483907535969029245e-03
5.478370498546041023e-03
5.502385901425945434e-03
5.505414030066088649e-03
5.501939727169400177e-03
5.509257491724094645e-03
5.511667966202697319e-03
5.508884759372700488e-03
5.514755270851816327e-03
5.516543218159019983e-03
5.514450621756909580e-03
5.518877857444141888e-03
5.520039539895341130e-03
5.518637466911624663e-03
5.521623036436841200e-03
5.522155871729308475e-03
5.521444636711066167e-03
5.522987766029750951e-03
5.522870660936800118e-03
5.522890341854526375e-03
5.522968190793144799e-03
5.522240273861717466e-03
5.522913261799749368e-03
5.521559661061548052e-03
5.520202200523558790e-03
5.521569364604484234e-03
5.518756758393095381e-03
5.516771883433037836e-03
5.518835114583699880e-03
5.514553326890023893e-03
5.511944338547711091e-03
5.514705899472408836e-03
5.508942509945759410e-03
5.509176377855344413e-03
5.505713867158562591e-03
5.501916791316263308e-03
5.502240512395366843e-03
5.498074091288798065e-03
5.493468040364185567e-03
5.489017992858605775e-03
5.493891607423880170e-03
5.321727633246949724e-03
5.322712584241605892e-03
5.332079000401807045e-03
5.360379890957511079e-03
5.361764522520590798e-03
5.351401191283822537e-03
5.370181635609337645e-03
5.387871008010075048e-03
5.403282916058927202e-03
5.417829696512842068e-03
5.431606722723855002e-03
5.444561830630397468e-03
5.456700284787868727e-03
5.468025270436888650e-03
5.483587560498564065e-03
5.478537956274225941e-03
5.484122349796001321e-03
5.468270994642362298e-03
5.457321323939820501e-03
5.445516815238032535e-03
5.432851009681815072e-03
5.419315776495121743e-03
5.404900877168237160e-03
5.337221979493662893e-03
5.389773989366568319e-03
5.367171611213832592e-03
5.365263865939729100e-03
5.357287519127633749e-03
5.374622318889646366e-03
5.498305095969492108e-03
5.489375546968452632e-03
5.479072284458661249e-03
5.505861637018373729e-03
5.512045048243117105e-03
5.516854373198803313e-03
5.520287819049970665e-03
5.522342760512344469e-03
5.523015749796249436e-03
5.522302532862035512e-03
5.520198071830622645e-03
5.516696573400344319e-03
5.511791522973200595e-03
5.505475723666105464e-03
5.497741339569426830e-03
5.488579942660132618e-03
5.341349484868531186e-03
5.341893675393181821e-03
5.331542301413722852e-03
5.350880111893685856e-03
5.377291765266562981e-03
5.368843602228743316e-03
5.378634415977810550e-03
5.386607622778358251e-03
5.392627662841245097e-03
5.394277513239351465e-03
5.401743317872301914e-03
5.407909508960481205e-03
5.409370159102442309e-03
5.416468960007528137e-03
5.422368694414256458e-03
5.423694394479487875e-03
5.430381617365101499e-03
5.436030375378370430e-03
5.437208280926298515e-03
5.443486029751176333e-03
5.448899173630596116e-03
5.449916100320148851e-03
5.455786447528802006e-03
5.460977590477147751e-03
5.461821180610084564e-03
5.467285185406235183e-03
5.472266139238142653e-03
5.472924852454552798e-03
5.477982562330884278e-03
5.475175470023631655e-03
5.469136277925386140e-03
5.474395894226119323e-03
5.464960173986846241e-03
5.464025753559941835e-03
5.458339883738348546e-03
5.453871264282141203e-03
5.452792505132171043e-03
5.446677570656369843e-03
5.441901501168420856e-03
5.440689743573907597e-03
5.434142072180198763e-03
5.429042017101212182e-03
5.427709387808420105e-03
5.420724502253810619e-03
5.415282469054932477e-03
5.413841785810722881e-03
5.406414243977732993e-03
5.331828704037932382e-03
5.339564667359232748e-03
5.329492049914779685e-03
5.400611120739993130e-03
5.399075955075472409e-03
5.391379986999118683e-03
5.352659517943962088e-03
5.350034978499874916e-03
5.359917265498262764e-03
5.385342781717919990e-03
5.383744660210607741e-03
5.376289393845657717e-03
5.495444971873072841e-03
5.498918173024495114e-03
5.494831984307850005e-03
5.485988756828738371e-03
5.485296691701830110e-03
5.490067767087682821e-03
5.479852078855314973e-03
5.503542331378241843e-03
5.506402547249902163e-03
5.503001443571865423e-03
5.510278145525510443e-03
5.512519272034327802e-03
5.509803875898986771e-03
5.515648823355385338e-03
5.517265861552862402e-03
5.515237220113063284e-03
5.519649883746160189e-03
5.520638967893195734e-03
5.519298550602466137e-03
5.522275972724428883e-03
5.521984086412705731e-03
5.522634393203437048e-03
5.523520887299882519e-03
5.523289206578707068e-03
5.523247108134672449e-03
5.523377606085171955e-03
5.523208471948776871e-03
5.522471276867369459e-03
5.521838326132092085e-03
5.520300288244709037e-03
5.521735653300551515e-03
5.518894506193148045e-03
5.516726793086869189e-03
5.518863765678551532e-03
5.514536915710516532e-03
5.514585108653369087e-03
5.511742747034423934e-03
5.508755687774868036e-03
5.508891311234175719e-03
5.505339457601165880e-03
5.501540376754885178e-03
5.497507635592951969e-03
5.501773381349177663e-03
5.492880018784695485e-03
5.488237449583661942e-03
5.493221758772069002e-03
5.321221662101601954e-03
5.321478810245939065e-03
5.331285556949168052e-03
5.358869028570335813e-03
5.359647350466369836e-03
5.350110076898242917e-03
5.368112811708757905e-03
5.384963276007042297e-03
5.400281364102000985e-03
5.415143110484660349e-03
5.429203434669034774e-03
5.442468716916268323e-03
5.454942337276674422e-03
5.466625812169488910e-03
5.482763195300867365e-03
5.477518582861953811e-03
5.483226371233714674e-03
5.470070778792163191e-03
5.459418589285517688e-03
5.447889145794757373e-03
5.435474395576729394e-03
5.422164733256651728e-03
5.407949116692268264e-03
5.342328020128754053e-03
5.392977792688514842e-03
5.371686328982189229e-03
5.362244148238850400e-03
5.369472350433785422e-03
5.378508511822986497e-03
5.499532958892007148e-03
5.490757858566125936e-03
5.480625191862199992e-03
5.506948266200065688e-03
5.513000648261091180e-03
5.517686075073953943e-03
5.520999632911495307e-03
5.522935544797110720e-03
5.523487197705729927e-03
5.522647176273020805e-03
5.520407302824728579e-03
5.516758683557347089e-03
5.511691759662364250e-03
5.505196362708037611e-03
5.497261773805131764e-03
5.487876785586297441e-03
5.341435425724245199e-03
5.331335578040596705e-03
5.341393572676918743e-03
5.350145405613141759e-03
5.374280557572494628e-03
5.366569784309178220e-03
5.375833772097860473e-03
5.383528391178484841e-03
5.389556828800188409e-03
5.391157089530660383e-03
5.398795717693117245e-03
5.405090938528606809e-03
5.406555230360586030e-03
5.413788155990793306e-03
5.419843532486608335e-03
5.421160020862526505e-03
5.427996111590742759e-03
5.433826702973655089e-03
5.434983056240176580e-03
5.441422569732494267e-03
5.447043220101481682e-03
5.448026026307565411e-03
5.454070190989122185e-03
5.459494091815301521e-03
5.460290695343316368e-03
5.465939734452559054e-03
5.471178097457916022e-03
5.477029766753525701e-03
5.471776692380285294e-03
5.476954365187331787e-03
5.476105212318481581e-03
5.470999400616976920e-03
5.467032409994674637e-03
5.460492708416777446e-03
5.466035591900408191e-03
5.456215657632999642e-03
5.449097891932546019e-03
5.455081479652596800e-03
5.444495216267546990e-03
5.443234823153933824e-03
5.436806087181131862e-03
5.431860658879899585e-03
5.430485992002983750e-03
5.423606925290630661e-03
5.418300197222336578e-03
5.416823886851111075e-03
5.409488561426321722e-03
5.338023457556882040e-03
5.345347046777349648e-03
5.335001451241409495e-03
5.403802537924415166e-03
5.402236094497011275e-03
5.394596511670864299e-03
5.359085371814669742e-03
5.365393360686064768e-03
5.355938631785198134e-03
5.388840307530427982e-03
5.387116971966534121e-03
5.380291584205276756e-03
5.496923924060452202e-03
5.500235693437765562e-03
5.496221067622668668e-03
5.487610198707798016e-03
5.491530253110010924e-03
5.486837751270997286e-03
5.481474359406992951e-03
5.504890794816707372e-03
5.507586962793192473e-03
5.504251906308595815e-03
5.511505082102312672e-03
5.513579401646832336e-03
5.510926066174415966e-03
5.516760094679789075e-03
5.518207424056111206e-03
5.516238412375406089e-03
5.520648205980121376e-03
5.520182895274734769e-03
5.521464539831125347e-03
5.523160888146874670e-03
5.523343383457082929e-03
5.522752576038928059e-03
5.524288753348399750e-03
5.523939659142060657e-03
5.523835750082732414e-03
5.524021602200666556e-03
5.523735531875699836e-03
5.522932638129409919e-03
5.522348478766418711e-03
5.522130810244394242e-03
5.520624298419413330e-03
5.519257731609887759e-03
5.519115391150982916e-03
5.516900289200188899e-03
5.514737080753430443e-03
5.511749536139537962e-03
5.514678510456207973e-03
5.508773687137469115e-03
5.508808804308063314e-03
5.505160395861033451e-03
5.501354226357284445e-03
5.497120723041968617e-03
5.501494374966086828e-03
5.492464963882228227e-03
5.487617939752765378e-03
5.492722858663338578e-03
5.322134485987547146e-03
5.321684287786663560e-03
5.331788571290066100e-03
5.356968479636182480e-03
5.357935983389840347e-03
5.349197222922516363e-03
5.365688167495089381e-03
5.381926010868772446e-03
5.397327227410124093e-03
5.412471335535406179e-03
5.426839338499753543e-03
5.440439197939870263e-03
5.453272881291305017e-03
5.465340290064233005e-03
5.482091834965282379e-03
5.482481497318542236e-03
5.476639107823334622e-03
5.471996097149003924e-03
5.461626633418465056e-03
5.450357906377057034e-03
5.438180257681002328e-03
5.425082580305470685e-03
5.411053428486170026e-03
5.348653184054888605e-03
5.396322055597898952e-03
5.375455469049479282e-03
5.367333496414938843e-03
5.373605372414587064e-03
5.382158845494585536e-03
5.500944405175241247e-03
5.492305398425524621e-03
5.482322317707158735e-03
5.508234109139560977e-03
5.514168307021028240e-03
5.518739844465393382e-03
5.521940646514100423e-03
5.523761755177905748e-03
5.524193374308835822e-03
5.523224921258001498e-03
5.520845084956644069e-03
5.517041889931072716e-03
5.511802764768575398e-03
5.505114613824044732e-03
5.496963891793726215e-03
5.487336680827603272e-03
5.342657860715151717e-03
5.342030777581850687e-03
5.332429891462898801e-03
5.349808049285218435e-03
5.366639034365329464e-03
5.361768955952353997e-03
5.370461897109608806e-03
5.378183526050076685e-03
5.386169823994157307e-03
5.395697364681074915e-03
5.387948513810568787e-03
5.402258472093726151e-03
5.411118122126257375e-03
5.403733510282287753e-03
5.417337237622952932e-03
5.425646295618031904e-03
5.418648497107905054e-03
5.431669594221409138e-03
5.439420444163648935e-03
5.432806758219850714e-03
5.445261247375392591e-03
5.452441554456860344e-03
5.446210931646631309e-03
5.458112521865319394e-03
5.464708722734661593e-03
5.458861759059021115e-03
5.470220521408192260e-03
5.470757208632970846e-03
5.476218770278465722e-03
5.478876087344992062e-03
5.477952493626004130e-03
5.472993005569148223e-03
5.469235345037965455e-03
5.468169844431420776e-03
5.462762670735105824e-03
5.458678985418802775e-03
5.457481705332417610e-03
5.451622387152994277e-03
5.447196447051504825e-03
5.445878362326297788e-03
5.439561675394439903e-03
5.434775731567574944e-03
5.426568667724638272e-03
5.433348619940050854e-03
5.421403463893361210e-03
5.412630904320473411e-03
5.419880023249766011e-03
5.345561478234457653e-03
5.352349508436491862e-03
5.341870878016777638e-03
5.407071367284427103e-03
5.405459741806574979e-03
5.397970737172325985e-03
5.367020506696999586e-03
5.371208462795987008e-03
5.363071363236088414e-03
5.389030535993015979e-03
5.388944522072226274e-03
5.382193380250363708e-03
5.498587517479960884e-03
5.497790033435936106e-03
5.501741554119655639e-03
5.489396691589024449e-03
5.493162780627770109e-03
5.488539046514008535e-03
5.483245719888223992e-03
5.506440781313100621e-03
5.505699198160535039e-03
5.508975284510331250e-03
5.512947649535951747e-03
5.512259266402022226e-03
5.514856209703935044e-03
5.518098274533673499e-03
5.517461973654417921e-03
5.519375592738290717e-03
5.521881838293845116e-03
5.521298100404263033e-03
5.522523760665441761e-03
5.524286603973819522e-03
5.524290150927872907e-03
5.523757514885228002e-03
5.525299975283548375e-03
5.524663365340820934e-03
5.524829223342226855e-03
5.524908563299855795e-03
5.523631230912869755e-03
5.524501427664728521e-03
5.523098259994887321e-03
5.521180867211297229e-03
5.522761589605572861e-03
5.519854318300814779e-03
5.519596501403570450e-03
5.517298759815361144e-03
5.515161436454028496e-03
5.511970837300976533e-03
5.514992361563258311e-03
5.509003845577425083e-03
5.505182551871939597e-03
5.508934853515647968e-03
5.501365396560110518e-03
5.496918960411122101e-03
5.501409226174326303e-03
5.492229650642088332e-03
5.492400376571946082e-03
5.487164809535247101e-03
5.324525817670072367e-03
5.323357571417868667e-03
5.333602988815064339e-03
5.354710494254411209e-03
5.376406552836547614e-03
5.394224216247535918e-03
5.409806622616785028e-03
5.424508729562262793e-03
5.438470023261293002e-03
5.451691442078506443e-03
5.464171002148769316e-03
5.481579988013554963e-03
5.481892943203581572e-03
5.475904628545925565e-03
5.474058180321537612e-03
5.463959495587100874e-03
5.452939892541186322e-03
5.440988091933715749e-03
5.428091401407255864e-03
5.414239065220045020e-03
5.356365529431795364e-03
5.398055901346550042e-03
5.378071515274953675e-03
5.502548985476272102e-03
5.494027833258765224e-03
5.484173428311425562e-03
5.509728583867477998e-03
5.515557293219631660e-03
5.520024783768674205e-03
5.523119778730292868e-03
5.524830109716949607e-03
5.525142779801290628e-03
5.524044033655942272e-03
5.521519434367702303e-03
5.517553945787640607e-03
5.512132018688603065e-03
5.505237678512593831e-03
5.496854613835549033e-03
5.486966272130347141e-03
5.347361609857358318e-03
5.336007375329812619e-03
5.344962256679020030e-03
5.356985283590277869e-03
5.367427700939036983e-03
5.376801903558598231e-03
5.367012009100270015e-03
5.384107482113070775e-03
5.393243303226238211e-03
5.385185406166580202e-03
5.399580962134342861e-03
5.408529108540726348e-03
5.400984044332603727e-03
5.414852811260444619e-03
5.423332428487612038e-03
5.416159169329022409e-03
5.429562875232543315e-03
5.437480649434051419e-03
5.430679108248359817e-03
5.443559977796997608e-03
5.450904278068443611e-03
5.444473171531800069e-03
5.456836301980350079e-03
5.463595728930484459e-03
5.457536545014242749e-03
5.469399690059525802e-03
5.469871400680600959e-03
5.475555957580259883e-03
5.480953229276410571e-03
5.479948939689459168e-03
5.475129710324695351e-03
5.471584402612411982e-03
5.470442543881449265e-03
5.465165195804605296e-03
5.461279459351354136e-03
5.460010001133826056e-03
5.454269240521002725e-03
5.450026155385058295e-03
5.442429735998077951e-03
5.448639920778462938e-03
5.437810937468893699e-03
5.436319522769918720e-03
5.429633202758191862e-03
5.424618724304693454e-03
5.415866706245297570e-03
5.423034732480353469e-03
5.354497783868952983e-03
5.360706501414319591e-03
5.350094638310736415e-03
5.410520751802487711e-03
5.408812898858736395e-03
5.399815527436940127e-03
5.376295248949259330e-03
5.382643894557745043e-03
5.371726739573117436e-03
5.500448178212430719e-03
5.503446712930242131e-03
5.499549900768075858e-03
5.491360755000750972e-03
5.490411696865908457e-03
5.494976416587334447e-03
5.485177317933419110e-03
5.508204602969444391e-03
5.507354219222392738e-03
5.510578342570064680e-03
5.514618024719042562e-03
5.513814238876690692e-03
5.516360379628153232e-03
5.519675382472741774e-03
5.520780884634523059e-03
5.518918509003609488e-03
5.523362620119071954e-03
5.522654593864220057e-03
5.523826960974057183e-03
5.525664756307259451e-03
5.525484819504009569e-03
5.525009133392865326e-03
5.526565962576404645e-03
5.525739851050471413e-03
5.525967911895844978e-03
5.526049649189958626e-03
5.524576706036947449e-03
5.525515934361871669e-03
5.524098558423412401e-03
5.521979381197365117e-03
5.523637509837022938e-03
5.520694863861421234e-03
5.517931311420511999e-03
5.520316341175958950e-03
5.515820274305953223e-03
5.512415465492697016e-03
5.515535619326371666e-03
5.509456137775849138e-03
5.505414441707793746e-03
5.509278119467993055e-03
5.501583538396950281e-03
5.496910561821968973e-03
5.501526293353952747e-03
5.492183392859477896e-03
5.486885972139185497e-03
5.492262361481141386e-03
5.328398493986678634e-03
5.326506638042239651e-03
5.337903199289048550e-03
5.357392864253409173e-03
5.375742705691421292e-03
5.391844846238259825e-03
5.407221743143612869e-03
5.422215327729497381e-03
5.436566745087605644e-03
5.450203059174417788e-03
5.463122780439041461e-03
5.481236685575699950e-03
5.475322797170539997e-03
5.481468478567354773e-03
5.476271036403210744e-03
5.466433993391281269e-03
5.455654691405684327e-03
5.443920232261273244e-03
5.431216279064642917e-03
5.417570429760628151e-03
5.365517533282722872e-03
5.396686824850800007e-03
5.392880414162002506e-03
5.403601650453808934e-03
5.386615223297259135e-03
5.495937634633817938e-03
5.504359068144506865e-03
5.486191078157321398e-03
5.511443934745577367e-03
5.517179705636196703e-03
5.521552823763552047e-03
5.524548769381993664e-03
5.526152134012502805e-03
5.526346702361139424e-03
5.525115541853504487e-03
5.522441098927429945e-03
5.518305300750864575e-03
5.512689659692003585e-03
5.505575375368756443e-03
5.496943434487224639e-03
5.486774743980068342e-03
5.351199050565202259e-03
5.339943301141574991e-03
5.349267390883916812e-03
5.359315231028358682e-03
5.367622914571342982e-03
5.375890464120799440e-03
5.367499992478990019e-03
5.378365343690473185e-03
5.389056957532446269e-03
5.381242924112606373e-03
5.396741508022766254e-03
5.398244134515343268e-03
5.405875637714922625e-03
5.412435662097699746e-03
5.413714715190504935e-03
5.421070894787505430e-03
5.427528822437763766e-03
5.428613342767957782e-03
5.435618155014316187e-03
5.441922119576851971e-03
5.442807716833193525e-03
5.449452994104002704e-03
5.455671803894005661e-03
5.462606881250996714e-03
5.456319977883335344e-03
5.468725101468103686e-03
5.469127059575775579e-03
5.475050425118083500e-03
5.483201180195991856e-03
5.482108539978170977e-03
5.477424919829322787e-03
5.474097802436348088e-03
5.472870510874089031e-03
5.467718499199061312e-03
5.464038089420290671e-03
5.462685979630182639e-03
5.457059443564709483e-03
5.453008123355574527e-03
5.451541877423421098e-03
5.445434008173000336e-03
5.440996788826691494e-03
5.432829180130427198e-03
5.439425870518343510e-03
5.427990087384508208e-03
5.419272393265540944e-03
5.426323305746022507e-03
5.364545048418677131e-03
5.370464669653166392e-03
5.359600863919021345e-03
5.414605985178775650e-03
5.412586350404841908e-03
5.405680702861126452e-03
5.385394698045250020e-03
5.391023735688412963e-03
5.380935089338238081e-03
5.493517719258871924e-03
5.496985039220870714e-03
5.492469626134597986e-03
5.502521153949121481e-03
5.505364949839900747e-03
5.501514505802592402e-03
5.487283107920388689e-03
5.510197400048834002e-03
5.512409795673288773e-03
5.509230695509614688e-03
5.516531213956638730e-03
5.518105424529093882e-03
5.515604575666980570e-03
5.521506262834444990e-03
5.520621451530511627e-03
5.522436641856165798e-03
5.525105204809840735e-03
5.524265623912949508e-03
5.525387285787978879e-03
5.527309777921798374e-03
5.526940310668008831e-03
5.526520468589173583e-03
5.528100897511854100e-03
5.527077878667640415e-03
5.527368523985596617e-03
5.527458762317205739e-03
5.525781459463577003e-03
5.526791587084982707e-03
5.525362968501916494e-03
5.523031936891962743e-03
5.524770817065990415e-03
5.521792630178073112e-03
5.518809721189321324e-03
5.521286845239953799e-03
5.516726503853414294e-03
5.513094863308118203e-03
5.516319889522610515e-03
5.510143110069892769e-03
5.509849868068229968e-03
5.505867165184014263e-03
5.502020816315465572e-03
5.501856489832162092e-03
5.497106277220263973e-03
5.492339080354287188e-03
5.492319905827079858e-03
5.486792427294703844e-03
5.333713896081583410e-03
5.331114622474080605e-03
5.342551066972981051e-03
5.359455148426697964e-03
5.372935097870897708e-03
5.387558510873064962e-03
5.404596413425106008e-03
5.419984314030486597e-03
5.434732167778264650e-03
5.448803704243822439e-03
5.462203250918822722e-03
5.481081264866232740e-03
5.481222158513167873e-03
5.474907849577053016e-03
5.478651469890883328e-03
5.469069741797330172e-03
5.458524700274201662e-03
5.447003806027550868e-03
5.434494566358994208e-03
5.421296744892942394e-03
5.375118781712629433e-03
5.402266905957356195e-03
5.399519201484078747e-03
5.408450039150413356e-03
5.393917044109457215e-03
5.488390625864468866e-03
5.498050090790319692e-03
5.506389846992050703e-03
5.513395235628925153e-03
5.519050470949216428e-03
5.523338715445297656e-03
5.526242164475841587e-03
5.527742139358473965e-03
5.527819188951814053e-03
5.526453199672249836e-03
5.523623512748688201e-03
5.519309046799661389e-03
5.513488421708632840e-03
5.506140071607126124e-03
5.497242877907554219e-03
5.486778022820816732e-03
5.355830334110097887e-03
5.353554194516703911e-03
5.344940288094024612e-03
5.361737999501125194e-03
5.367211674962611180e-03
5.380253630100895711e-03
5.388497002034827073e-03
5.379262090915253730e-03
5.391577231818756727e-03
5.394169992473985681e-03
5.402097618979469912e-03
5.410259931976377744e-03
5.411426775683529124e-03
5.418955033632170439e-03
5.425719381338994091e-03
5.426691910083791294e-03
5.433897616083441240e-03
5.440373898520705839e-03
5.448102383003828979e-03
5.441219647823247914e-03
5.454625478186188835e-03
5.461749579995298434e-03
5.455219194291716263e-03
5.468214506541027760e-03
5.468538410419983807e-03
5.474717515249740048e-03
5.485638137141095501e-03
5.479896841506046862e-03
5.484448086675238442e-03
5.476796565648709217e-03
5.470443595287310078e-03
5.475473365146103256e-03
5.466978671807789895e-03
5.465532041215470649e-03
5.460016769215109839e-03
5.456171529862051915e-03
5.454610715149734931e-03
5.448604380768196608e-03
5.444367914191404305e-03
5.442700358622831053e-03
5.436196178197205166e-03
5.431610739031819159e-03
5.423120016570267751e-03
5.429815264074580941e-03
5.375976666473585713e-03
5.380649088893675776e-03
5.370329860917412955e-03
5.416465473341808973e-03
5.415547570087914965e-03
5.409332571652587449e-03
5.396391695906302584e-03
5.399302094169674583e-03
5.390888789286864963e-03
5.489579853552618849e-03
5.495885733267237561e-03
5.499205346881145401e-03
5.494729573195009965e-03
5.504824518496843726e-03
5.507512871994916376e-03
5.503700509047078186e-03
5.512437141152588989e-03
5.514486131445799424e-03
5.511345181901326426e-03
5.518705047701718928e-03
5.517646696355109175e-03
5.520107682037491380e-03
5.523608573233335095e-03
5.522587054174391344e-03
5.524359020182068210e-03
5.527127041513510246e-03
5.526147244521928230e-03
5.527220676414332755e-03
5.529238872952826900e-03
5.528672318041908881e-03
5.528307342433278447e-03
5.529921702157001087e-03
5.528692860950424649e-03
5.529046616094540970e-03
5.529152506182038844e-03
5.527260590750823245e-03
5.528343643867196337e-03
5.526907740538121450e-03
5.524353291004299726e-03
5.526176439374104639e-03
5.523163483408734253e-03
5.522522583760913935e-03
5.519948377544952114e-03
5.517895583309374852e-03
5.517359362253568614e-03
5.514023033213965273e-03
5.511079806998837004e-03
5.506554331304628139e-03
5.510663900465968996e-03
5.502691846336020022e-03
5.497519848935296383e-03
5.502413218052100950e-03
5.492706708532411539e-03
5.486898738430544611e-03
5.492584498777319801e-03
5.340530237915831584e-03
5.337196306639609318e-03
5.348279122437123861e-03
5.362395509355159448e-03
5.370451619998510909e-03
5.359186227526729386e-03
5.385832846033818642e-03
5.371442866962552673e-03
5.400926937508696013e-03
5.417983134204026711e-03
5.433051802144606320e-03
5.447507248851468815e-03
5.461424169838800455e-03
5.481152499583188606e-03
5.474684587968347248e-03
5.481183216784912653e-03
5.481219089907171833e-03
5.471889149776871207e-03
5.461576399663096992e-03
5.450270800604215850e-03
5.437990154435164494e-03
5.424038448256045947e-03
5.386249350630357285e-03
5.406489244699403535e-03
5.490790243514995228e-03
5.500383312752937445e-03
5.508659343706763523e-03
5.515600387418982155e-03
5.521187335423614548e-03
5.525400015260988409e-03
5.528217294627056459e-03
5.529617193781962391e-03
5.529577008133329009e-03
5.528073440606550912e-03
5.525082741271297553e-03
5.520580853607920217e-03
5.514543561195813133e-03
5.506946597724388624e-03
5.497765594659095346e-03
5.486999817409341819e-03
5.351686590390593648e-03
5.371869548294556061e-03
5.376100226569867011e-03
5.381852479961642816e-03
5.367191319476663329e-03
5.391166050955792724e-03
5.400742625989459963e-03
5.391361458694661143e-03
5.408251489434764622e-03
5.417050616088050011e-03
5.409300952943810366e-03
5.423497664107668377e-03
5.432032514482886681e-03
5.424688944443532487e-03
5.438935642421600068e-03
5.439738565132929554e-03
5.446862133267514443e-03
5.452331515980952774e-03
5.460419449100271071e-03
5.453581964463867157e-03
5.468210148830310313e-03
5.468272723775939072e-03
5.474743187843173105e-03
5.488285109271738224e-03
5.482566489204861865e-03
5.486987182008013289e-03
5.479704511794600795e-03
5.473364290059789215e-03
5.478273526007746558e-03
5.470127779093221336e-03
5.468573370938087548e-03
5.463169079540344288e-03
5.459537576090976556e-03
5.457871558608932104e-03
5.451968448938380139e-03
5.447915726486971498e-03
5.446155265488659969e-03
5.439773430986627641e-03
5.435470941950767791e-03
5.426000465830542810e-03
5.433551548999400634e-03
5.388415036793177577e-03
5.392330305395389399e-03
5.382209334395248249e-03
5.408018245615334174e-03
5.402269387073884571e-03
5.412239513158498445e-03
5.492087133891408908e-03
5.498485767811472393e-03
5.501656861953608917e-03
5.497211097424961439e-03
5.507379171970034314e-03
5.509909913916613729e-03
5.506127397756582428e-03
5.514944618293007861e-03
5.513717059872279454e-03
5.516826661356745258e-03
5.521160169268499174e-03
5.522386302911119586e-03
5.519959839848123835e-03
5.526002766624390182e-03
5.526566971021506375e-03
5.524834375023070059e-03
5.529448350377115518e-03
5.528318293952946133e-03
5.529345845435692554e-03
5.531471984227963497e-03
5.530388332978558585e-03
5.530699274589242868e-03
5.532047996724471194e-03
5.531020464800317366e-03
5.530602910331996330e-03
5.531150134421290374e-03
5.530190039494928961e-03
5.529031852531291445e-03
5.528751718899867738e-03
5.525960799467027201e-03
5.527871931070076246e-03
5.524825823969144352e-03
5.521364210574670507e-03
5.524040697161657423e-03
5.519345440963763921e-03
5.515216460347385080e-03
5.518670737194826710e-03
5.512283749388453835e-03
5.507491990997425389e-03
5.511736507174248498e-03
5.503614339379517099e-03
5.498165142978154660e-03
5.503212610172477162e-03
5.493304676364837470e-03
5.487232555798510387e-03
5.493071199415059530e-03
5.348779268552292070e-03
5.344733583745669807e-03
5.355735009476553579e-03
5.375883157002172251e-03
5.383805882201475254e-03
5.373967881818657484e-03
5.360562693353262964e-03
5.399705214029953786e-03
5.383588347865776898e-03
5.415864624843517473e-03
5.431225398005076407e-03
5.445622073781463367e-03
5.460370726460474222e-03
5.481104897280417165e-03
5.481198216913672414e-03
5.474660930226603328e-03
5.483996310711744190e-03
5.474917411655405228e-03
5.464833671816582070e-03
5.453727277262785007e-03
5.441692383810511728e-03
5.424031526172506772e-03
5.420269942253121143e-03
5.429767575253586359e-03
5.398364748301202366e-03
5.416178065951844471e-03
5.493410920345527873e-03
5.502958236190766232e-03
5.511188405649210600e-03
5.518080110090781837e-03
5.523610850336613601e-03
5.527757063752921675e-03
5.530494246505599301e-03
5.531797084992513651e-03
5.531639603910448212e-03
5.529995321804236259e-03
5.526837414719305494e-03
5.522138895100297921e-03
5.515872789788840887e-03
5.508012404160434784e-03
5.498528196809422848e-03
5.487303698207944384e-03
5.358412764805672683e-03
5.365304313921442220e-03
5.367402088311996021e-03
5.353683000727043131e-03
5.391328509446822320e-03
5.399788489401191431e-03
5.391244761208567431e-03
5.369376353903841485e-03
5.372802795283768834e-03
5.380424209469190228e-03
5.403396870566881151e-03
5.405889311738784619e-03
5.413589919681890440e-03
5.419021697013621727e-03
5.429139415261865186e-03
5.421388235929651758e-03
5.435933632776059413e-03
5.444284138065363585e-03
5.437526921422082549e-03
5.456804392285178294e-03
5.462452743128697920e-03
5.454545253597668786e-03
5.469011516191150772e-03
5.475114497839156727e-03
5.468631512366502363e-03
5.491165920036169754e-03
5.489748241289341829e-03
5.485457683227460725e-03
5.482848268006256312e-03
5.476507183333161402e-03
5.481296214820846092e-03
5.473514785471560694e-03
5.471837939210075392e-03
5.466541766157104881e-03
5.463146263158960222e-03
5.461355191989593696e-03
5.455542873890294187e-03
5.451724299707813061e-03
5.443605761786436681e-03
5.449829417200236815e-03
5.437564797493216195e-03
5.436524011570989696e-03
5.430745799043895997e-03
5.401675174713666157e-03
5.404924321121233957e-03
5.395123239686107700e-03
5.420141925808247621e-03
5.422057837042350455e-03
5.414096924098079494e-03
5.494827346080892114e-03
5.501341616333738256e-03
5.504361931344582334e-03
5.499936580899453080e-03
5.510208837154128084e-03
5.512578333241239040e-03
5.508817484361094689e-03
5.517743436514752596e-03
5.519453509897707076e-03
5.516368530026356798e-03
5.523920017002548546e-03
5.524963233166392367e-03
5.522566049900993514e-03
5.528712066983089077e-03
5.527385256152181174e-03
5.529082216835787440e-03
5.532092092080971059e-03
5.531784245170077476e-03
5.530800367125547623e-03
5.534031752210766784e-03
5.533042311259000513e-03
5.532784737732194570e-03
5.534502048392657240e-03
5.533311020505172172e-03
5.532828787892761502e-03
5.533473490532900448e-03
5.532351330005518160e-03
5.531115589539016206e-03
5.530916268146778524e-03
5.527874344594015978e-03
5.529877405148320157e-03
5.526800504607061980e-03
5.523076611539580287e-03
5.525860822270163911e-03
5.521096393679761176e-03
5.516694070497503606e-03
5.520273133540799099e-03
5.513774511810063013e-03
5.508698536642472887e-03
5.513086197191922021e-03
5.504817652345661387e-03
5.499064724798205517e-03
5.504278609926431011e-03
5.493187796323959100e-03
5.487158592464033355e-03
5.493346573637591067e-03
5.363952580091987422e-03
5.380554741425094128e-03
5.397335391141073156e-03
5.411236829443031443e-03
5.427567627595226117e-03
5.441993401699212959e-03
5.439004060926150297e-03
5.447329365667787603e-03
5.449579235018450415e-03
5.462866763651698550e-03
5.480606803048316926e-03
5.480922031054339706e-03
5.474817752064536393e-03
5.487008357622042039e-03
5.478182530491636573e-03
5.468331241498631742e-03
5.457435621312207476e-03
5.444646073063221306e-03
5.428888690701179180e-03
5.411035767105231570e-03
5.496276464566378882e-03
5.505798620179819941e-03
5.514000699145408038e-03
5.520857928694522868e-03
5.526344350833448972e-03
5.530432957775080656e-03
5.533095827315029011e-03
5.534304274499206658e-03
5.534029039642994821e-03
5.532240456620933673e-03
5.528908651390619308e-03
5.524003735547630169e-03
5.517496385287392474e-03
5.509356648283526663e-03
5.499154433660278715e-03
5.487045260820941524e-03
5.381656725772176152e-03
5.375628660420352437e-03
5.386554294233460508e-03
5.392720040377984962e-03
5.394970633398361338e-03
5.399335372289029364e-03
5.407267533154009112e-03
5.425054927516667971e-03
5.430493048223515237e-03
5.422121224665833912e-03
5.433682240519935140e-03
5.453421034159766992e-03
5.447760514274050704e-03
5.455187769034215012e-03
5.461357349312617043e-03
5.471464378661140306e-03
5.470295039776415687e-03
5.476025778622176099e-03
5.494307208789366362e-03
5.488597055642170132e-03
5.492756495568808760e-03
5.486257256771347700e-03
5.479901663883494749e-03
5.484569454678598494e-03
5.477171796140773395e-03
5.470170734532775643e-03
5.475356474916985745e-03
5.467043045412794608e-03
5.465094348709915312e-03
5.459384321357577119e-03
5.455816769752709107e-03
5.453777440271253413e-03
5.446720296998312609e-03
5.430508738942890941e-03
5.425314408314760133e-03
5.433932491205424251e-03
5.416067005351998462e-03
5.418009716675420070e-03
5.408941463051173369e-03
5.497825706588373336e-03
5.504479893865833404e-03
5.507345724195645588e-03
5.502931228218397273e-03
5.513340051596302138e-03
5.511795901135752712e-03
5.515543201615380128e-03
5.520859996591956018e-03
5.522391597057334754e-03
5.519324598443449241e-03
5.527010797914424373e-03
5.525490153013925404e-03
5.527863188932924908e-03
5.531762441187023510e-03
5.530264296307687601e-03
5.531929222043163036e-03
5.535083919068945618e-03
5.533617779883737674e-03
5.534560022186797539e-03
5.536943468949449484e-03
5.535725208561986278e-03
5.535520529076286625e-03
5.537308704265684299e-03
5.535393839029703784e-03
5.535941849529055561e-03
5.536146965441730503e-03
5.534850637734202265e-03
5.533534673100140404e-03
5.533425201216336797e-03
5.530116259027834623e-03
5.532215470440214611e-03
5.529110231526147487e-03
5.525107014606570749e-03
5.528004888181397777e-03
5.523171697290447935e-03
5.518477815553196088e-03
5.522188175522945060e-03
5.515607365835064994e-03
5.514749592948104892e-03
5.510211080001770068e-03
5.506561412936324985e-03
5.505740912851766686e-03
5.499985788519569721e-03
5.484914872102884288e-03
5.482734047753982584e-03
5.489110816206625026e-03
5.388395547378399368e-03
5.409259475521368404e-03
5.402185821279966230e-03
5.414338221342727443e-03
5.417355435029877139e-03
5.424386427042303220e-03
5.424818972012257663e-03
5.433391122998358115e-03
5.439967274664667292e-03
5.441148360032429902e-03
5.446825075884406155e-03
5.462503081847675836e-03
5.478186265538421452e-03
5.490283261662686626e-03
5.481715268909459655e-03
5.472101259817932842e-03
5.461423045779491281e-03
5.446457549933963853e-03
5.442035991740337871e-03
5.451139316354033058e-03
5.423353012638108990e-03
5.438599004419609334e-03
5.499413503046847104e-03
5.508931043584163086e-03
5.517122697227648184e-03
5.523960152216616550e-03
5.529413927288151162e-03
5.533453523944035536e-03
5.536047516677388911e-03
5.537163844514404916e-03
5.536769929589885515e-03
5.534832902221484101e-03
5.531320134889030661e-03
5.526197884627932592e-03
5.519451075306252424e-03
5.511131911073787436e-03
5.499002712375929310e-03
5.502710032171030663e-03
5.496103251359366060e-03
5.491962595793271895e-03
5.416856293577925266e-03
5.432189926074582065e-03
5.455882918184412622e-03
5.447933585101982779e-03
5.454738543613115234e-03
5.463735071584563743e-03
5.471756974165036327e-03
5.471663358129074881e-03
5.478373749606885168e-03
5.497738429102410132e-03
5.492014043324206993e-03
5.496039990440870250e-03
5.489963707747565896e-03
5.488124071275026286e-03
5.483579912906897356e-03
5.481133837263365421e-03
5.474089535646984792e-03
5.479162522556795673e-03
5.471243639608844821e-03
5.469136188816095881e-03
5.463529928512587085e-03
5.460488872896789025e-03
5.453467449148664478e-03
5.458158570371291277e-03
5.431013137132754097e-03
5.430673498101266407e-03
5.423464690956080782e-03
5.448324683705001517e-03
5.447360767994325302e-03
5.439421314512926826e-03
5.501110249644957512e-03
5.507930038517117738e-03
5.510636228850636538e-03
5.506223067245376995e-03
5.516802150953014315e-03
5.518832387780326504e-03
5.515090588730370280e-03
5.524323463962589956e-03
5.522613052751699711e-03
5.525668612436675231e-03
5.530461426013576383e-03
5.531113614909590089e-03
5.528759713313596835e-03
5.535182899716680101e-03
5.533498995156708317e-03
5.535135317423600480e-03
5.538452143720715148e-03
5.537699980328259636e-03
5.536797521505489386e-03
5.540235034953592229e-03
5.538774344791976868e-03
5.538622309804969862e-03
5.540495272980714737e-03
5.538939037272495522e-03
5.538323895893417122e-03
5.539197830427609534e-03
5.537713803394231880e-03
5.536314495792269731e-03
5.536306740546957476e-03
5.534912794612868898e-03
5.532711737681900860e-03
5.531776653710056973e-03
5.530496158130317197e-03
5.527477575145772412e-03
5.525437409539246496e-03
5.520528331541249556e-03
5.524363440537700953e-03
5.518049791870049264e-03
5.516873424563244199e-03
5.512313728294418284e-03
5.511115981901721847e-03
5.505024777371446583e-03
5.508814842505132398e-03
5.487383601193660150e-03
5.486120889173478482e-03
5.493216074811238352e-03
5.463828801955384479e-03
5.479596359136985548e-03
5.493851863480917960e-03
5.485549273990249913e-03
5.476184503348376260e-03
5.465860869591453869e-03
5.454418667461068994e-03
5.439762274945859379e-03
5.502851482405726920e-03
5.512384898870163578e-03
5.520583656479267562e-03
5.527415852357282777e-03
5.532848530053911286e-03
5.536847449321756140e-03
5.539377421953073886e-03
5.540403431657616937e-03
5.539889320765468105e-03
5.537802209177756368e-03
5.534097947386249286e-03
5.528681187484827710e-03
5.521794429569788602e-03
5.514575323857638482e-03
5.502359767554763741e-03
5.500659188831613297e-03
5.506729974478293335e-03
5.494893312565869714e-03
5.501491894275256991e-03
5.499629600151674687e-03
5.495740884171759939e-03
5.494000074531567301e-03
5.487575532262781337e-03
5.491992363138529024e-03
5.485439374446489380e-03
5.478341397073843710e-03
5.483292980399539183e-03
5.475763223652489568e-03
5.473497833750231960e-03
5.468125898342141890e-03
5.464193807119239500e-03
5.462331555323073941e-03
5.456210751515403259e-03
5.446377797068741380e-03
5.447257890437508070e-03
5.438619967917221638e-03
5.504711852836340416e-03
5.511724265141891045e-03
5.514264219755742741e-03
5.509842941603703900e-03
5.520627256104973339e-03
5.518732275202797334e-03
5.522476539166450323e-03
5.528165659590057734e-03
5.526264391042742807e-03
5.529314967890158229e-03
5.534305342969636846e-03
5.534745702824594299e-03
5.532405840415496531e-03
5.539003636462016579e-03
5.538729757894866705e-03
5.537119078521498400e-03
5.542227579043182591e-03
5.541233499261197064e-03
5.540369147263358475e-03
5.543936727518633187e-03
5.542119189981281439e-03
5.542218555990125264e-03
5.544092127481544015e-03
5.541647538806970634e-03
5.542331149012948849e-03
5.542663235671945257e-03
5.539489707638331484e-03
5.540972746580464028e-03
5.539601556024056558e-03
5.535692419347565396e-03
5.538005699290586732e-03
5.534958726875685922e-03
5.533451307059364908e-03
5.530197513717144062e-03
5.527204601110245752e-03
5.526379329915383741e-03
5.522645775090726482e-03
5.522967532529490277e-03
5.520490908558189046e-03
5.517067337673342044e-03
5.516416817738471236e-03
5.509432016992620723e-03
5.513727019828672075e-03
5.497746531222660882e-03
5.489719787588645886e-03
5.480608743513146544e-03
5.469979088093807236e-03
5.455361958974469863e-03
5.506622706729233374e-03
5.516192350628622114e-03
5.524415608394193065e-03
5.531257342031267385e-03
5.536680402088978853e-03
5.540645206603325885e-03
5.543116376198687495e-03
5.544052789095212617e-03
5.543420666799255860e-03
5.541191115831499772e-03
5.537412330013248736e-03
5.531249568709555378e-03
5.525047612458103274e-03
5.519645630895816599e-03
5.505602989493508896e-03
5.503559174725252377e-03
5.499811253677954793e-03
5.498397125539282448e-03
5.496205760632895745e-03
5.491921395538006297e-03
5.490014849551886830e-03
5.482889422353739994e-03
5.487729574385799558e-03
5.481360082030236995e-03
5.472775508705816222e-03
5.478562185786045591e-03
5.461849775114391466e-03
5.462893518490568971e-03
5.454082489857805215e-03
5.508664318380632544e-03
5.515897479722635388e-03
5.513824420731642736e-03
5.518263213644952238e-03
5.524850100566813110e-03
5.526509060202559713e-03
5.522754413692645623e-03
5.532420180630341112e-03
5.533364140948459318e-03
5.530311202199707926e-03
5.538583769073394079e-03
5.538795174666634458e-03
5.536466440516385826e-03
5.543259271372757632e-03
5.542745261848049283e-03
5.541157037730576156e-03
5.546442632406786179e-03
5.544364253190419561e-03
5.545192610165491053e-03
5.548040009898536594e-03
5.546020864686156474e-03
5.546070419008902394e-03
5.548092373080228297e-03
5.546124831168099123e-03
5.545383511753048875e-03
5.546461355354773311e-03
5.544596660082693092e-03
5.543060130292356592e-03
5.544465572537919142e-03
5.542041974290922400e-03
5.539858904662369257e-03
5.533212638166402561e-03
5.530257883523685865e-03
5.534266788222237839e-03
5.528296065107258378e-03
5.529237129638884911e-03
5.522871793711719123e-03
5.526018640501231642e-03
5.501999853885106324e-03
5.494203533496278859e-03
5.485639591835352047e-03
5.473347377298840542e-03
5.468783424271038938e-03
5.477323935707853302e-03
5.467667044289963897e-03
5.510762263989173182e-03
5.520388313972040412e-03
5.528653475306556826e-03
5.535523025276290268e-03
5.540948392410764874e-03
5.544880974015484014e-03
5.547274239796223284e-03
5.548099357648095947e-03
5.547313843687697726e-03
5.545423141542437338e-03
5.542578263500716300e-03
5.543431820374621240e-03
5.538720983905541691e-03
5.538094978959969862e-03
5.531300365644361422e-03
5.510159979464142321e-03
5.504287596380794644e-03
5.507891151066916791e-03
5.503390954365527943e-03
5.496710821372731252e-03
5.500900404430873747e-03
5.496041529451996255e-03
5.488687531736875791e-03
5.493034939199762171e-03
5.487246297632932500e-03
5.484269400959845137e-03
5.480303195126676706e-03
5.477339393133590258e-03
5.475313751414174687e-03
5.469571272820543395e-03
5.513029006048905320e-03
5.520486693321860656e-03
5.518203694680722839e-03
5.522669251885612210e-03
5.529506738724802688e-03
5.530965989289302054e-03
5.527191957223751527e-03
5.537195889574868593e-03
5.537890815039244602e-03
5.534822438719787067e-03
5.543367721948072938e-03
5.540998520264107073e-03
5.543314757367271903e-03
5.547985465124459850e-03
5.545648630032745836e-03
5.547216426637624313e-03
5.551122362573783844e-03
5.549583725646944736e-03
5.548814224468362304e-03
5.552478470743983305e-03
5.550295862953217793e-03
5.550285610609009823e-03
5.553039980980618850e-03
5.550588299173314991e-03
5.549768762837577890e-03
5.550408931491873817e-03
5.548426254136195994e-03
5.547458218898710693e-03
5.550181232801537114e-03
5.546437383126059939e-03
5.547227034539291626e-03
5.540213731369880018e-03
5.536842583428690061e-03
5.541462501302439267e-03
5.534903123241328472e-03
5.506775902704226684e-03
5.499715654249535263e-03
5.491672101908342402e-03
5.482323122053280560e-03
5.515332974866372050e-03
5.525010867292724955e-03
5.533357147711521866e-03
5.540305328611060814e-03
5.545704753539920824e-03
5.549593466972768847e-03
5.551837108114976611e-03
5.552782431498530513e-03
5.551786327096549026e-03
5.550242868527711926e-03
5.549888205325623040e-03
5.546103354940085280e-03
5.549968724796678146e-03
5.545259273653867227e-03
5.515237685202366291e-03
5.512707257698258069e-03
5.509325717816465802e-03
5.508831081858933318e-03
5.502437038545111327e-03
5.506115541263715933e-03
5.501459742428552006e-03
5.498746050250604561e-03
5.494340194628461252e-03
5.492350054484508061e-03
5.489821801301424282e-03
5.484852217049876466e-03
5.517862258738680768e-03
5.525393326611098381e-03
5.522947785803313317e-03
5.527456941452710097e-03
5.534292312215425939e-03
5.531900830579994724e-03
5.535746728613372136e-03
5.542396603276755589e-03
5.542883764224815560e-03
5.539806526828185661e-03
5.548751841325448748e-03
5.548364458859258823e-03
5.546091595352960028e-03
5.553523868287376340e-03
5.550796986610202592e-03
5.552325684412272831e-03
5.556029604977807956e-03
5.554266472276956669e-03
5.553613914489104013e-03
5.556640846209691571e-03
5.554546081589420599e-03
5.554940114347837153e-03
5.555525988606205973e-03
5.552998702927938041e-03
5.554382952756543000e-03
5.553058540078231742e-03
5.557254993356732127e-03
5.553661935465100015e-03
5.553599860452235713e-03
5.512041131630320001e-03
5.505147586446095843e-03
5.496972374783652172e-03
5.520320113306578964e-03
5.529835586127860095e-03
5.538336354411182300e-03
5.545606247671738820e-03
5.551211963325235893e-03
5.554858032156590082e-03
5.556333079971167814e-03
5.559080139058642303e-03
5.556110148571141022e-03
5.557900808953739231e-03
5.557599313811599842e-03
5.556463869095209195e-03
5.520488666085962039e-03
5.517866593696184839e-03
5.514654042411444058e-03
5.514581370693852520e-03
5.511698651324069102e-03
5.508007915364022088e-03
5.506943738429062943e-03
5.504173580650473241e-03
5.499659205760312058e-03
5.522940697629194484e-03
5.530439445761368630e-03
5.527914104696247423e-03
5.532367929818972525e-03
5.538913082702321029e-03
5.536585320588354592e-03
5.540667013123367832e-03
5.549309374314342208e-03
5.549024406623980638e-03
5.545867991308120123e-03
5.555853030480289653e-03
5.554697122247350197e-03
5.552383876908861642e-03
5.559491258091828030e-03
5.556564281082546075e-03
5.557741949508381366e-03
5.560607621873495804e-03
5.558616660996643435e-03
5.558391817918490949e-03
5.560093909941526968e-03
5.562122178055751640e-03
5.558932774007452685e-03
5.560799999001989589e-03
5.559904030339642318e-03
5.517533971316809782e-03
5.510771445862106162e-03
5.525464089214423072e-03
5.534643447951278182e-03
5.544148388758364521e-03
5.552752929202321198e-03
5.557821832114814668e-03
5.560207056632512218e-03
5.564924218658784394e-03
5.562097460484566498e-03
5.562944803949592884e-03
5.563861491885043788e-03
5.526083014888338169e-03
5.523290303832457601e-03
5.520328768150594041e-03
5.520432564922334202e-03
5.517495157727135904e-03
5.513659398527687161e-03
5.528255648262369280e-03
5.536255804037610272e-03
5.537574343650093593e-03
5.533345152851584965e-03
5.544281804937531422e-03
5.546961250861584536e-03
5.541532851650468085e-03
5.558620679928515627e-03
5.557277101463574745e-03
5.554103211987881580e-03
5.563297064180524644e-03
5.561346065309709027e-03
5.559665276023691843e-03
5.565274633615911737e-03
5.563011920324741413e-03
5.562502509036404592e-03
5.565392120249978980e-03
5.523254827509715276e-03
5.531196279971384126e-03
5.540215158475672932e-03
5.552112612348914303e-03
5.550585838661738387e-03
5.548150677845084706e-03
5.561193881700553579e-03
5.555580212217944673e-03
5.564487730465109312e-03
5.532629154343915098e-03
5.529368357417044529e-03
5.526538172438351902e-03
5.534448218866481334e-03
5.543227266341350414e-03
5.543722109645512347e-03
5.539764727573979336e-03
5.547748772988605331e-03
5.537991302209380705e-03
