3.810238337995501892e-03
3.915108218919272076e-03
3.888004349056848989e-03
3.901520759568209880e-03
3.849049236984867280e-03
3.862662820839190669e-03
3.988864678181097169e-03
3.970679253102404882e-03
3.979736401686960814e-03
3.929273158799742073e-03
3.938427601807469730e-03
3.951916829809403245e-03
3.845557565172609982e-03
3.880270133314264475e-03
3.827869482839942310e-03
4.048909180850573074e-03
4.009793323836280919e-03
4.018835320967837493e-03
4.057883475932967492e-03
4.053350009922512300e-03
4.014218387744005259e-03
4.021080904229250297e-03
3.968083961957619317e-03
4.004942105784646718e-03
3.737720471456649259e-03
3.773905982769302711e-03
3.791621839619126189e-03
3.950358145593696121e-03
3.897945075144640826e-03
3.932706848043712733e-03
4.090221535931980006e-03
4.039533655204915162e-03
4.069548094744910791e-03
4.151133875878845574e-03
4.099991695560174440e-03
4.104510556585440513e-03
4.149199797806261275e-03
4.150089299871226843e-03
4.103486302679267006e-03
4.247422315331643439e-03
4.244177533362917219e-03
4.245735567906179161e-03
4.196642307468818195e-03
4.198316685149218290e-03
3.985655458751785965e-03
4.055576699138281963e-03
3.776723509060635718e-03
3.757199069719255238e-03
3.811075145640694956e-03
3.884033484234942785e-03
3.864773135062334313e-03
3.917138249890189834e-03
4.120580727647040267e-03
4.199217493695864452e-03
4.320472978562364501e-03
4.282328830516509907e-03
4.283906660715318913e-03
4.342337679551278896e-03
4.331340377575680287e-03
4.293221534929784339e-03
4.057138751154150229e-03
4.003739181278263316e-03
4.039077987345244918e-03
4.127834621650216911e-03
4.074450330469443771e-03
4.108990765740063236e-03
3.670747148928556365e-03
3.704161131185739007e-03
3.723712520961363140e-03
3.830359752072777513e-03
3.986313289985938049e-03
3.935162701090534447e-03
3.968307426808608332e-03
4.197401910839781980e-03
4.143809464214237397e-03
4.174207157559512403e-03
4.270821351044882565e-03
4.210984361025132613e-03
4.259060756220477140e-03
4.349578721267743225e-03
4.298508134014320838e-03
4.334988430334145611e-03
4.421443152994455374e-03
4.370957101719542479e-03
4.381875799721504650e-03
4.443179410962331231e-03
4.432194240016166208e-03
4.392733938079360946e-03
4.092419029894074980e-03
4.021665652675370135e-03
4.162551440870711911e-03
3.714160467748998593e-03
3.692435337909095224e-03
3.745376635975124040e-03
3.815286029959858577e-03
3.795984962678866821e-03
3.849597219020067015e-03
3.913468924822654030e-03
3.898723414955138598e-03
3.949831713349712635e-03
4.234047149077419143e-03
4.310133508420914590e-03
4.385424593796778854e-03
4.513133838923084548e-03
4.478151461864643412e-03
4.467245518955702960e-03
4.546187929389373765e-03
4.529580622306863223e-03
4.494670347780542301e-03
4.159286845395968393e-03
4.143518509058489487e-03
4.108207911023425973e-03
4.087130572976670900e-03
4.036714227251783638e-03
4.072100447750115135e-03
4.231917826030228563e-03
4.179875515857286138e-03
4.214610871932139916e-03
3.609571755938254922e-03
3.640089566483513308e-03
3.661838600717424314e-03
3.764701434615911474e-03
3.864363989198505659e-03
4.015443199728250048e-03
3.964445448729230458e-03
4.000847415743571597e-03
4.305034402118719516e-03
4.251221400825949161e-03
4.287874946689729759e-03
4.378645526485722660e-03
4.324740226146020841e-03
4.364053903444009390e-03
4.452786051457427105e-03
4.437038119066791936e-03
4.401191782189246143e-03
4.530419966708101528e-03
4.475946396410055567e-03
4.521718578991512812e-03
4.612817554774358356e-03
4.562985862914654966e-03
4.579465168640778003e-03
4.650838302680830941e-03
4.631698907962468297e-03
4.598511156516017599e-03
4.195542227912669661e-03
4.123149846096305429e-03
4.051229293939441305e-03
4.268414820554701332e-03
3.654885644452769873e-03
3.684473185632996129e-03
3.632219991328886934e-03
3.749971047712107215e-03
3.782565802526585003e-03
3.732048622345350130e-03
3.844731726605314214e-03
3.829984284182852850e-03
3.879040477973700815e-03
3.944210136507875393e-03
3.928812350064835035e-03
3.979770397622977608e-03
4.341777600452193832e-03
4.415649105768060766e-03
4.491537839053823256e-03
4.571529785136960178e-03
4.714316414312598631e-03
4.682563288194966852e-03
4.663540465227218601e-03
4.756608044492670676e-03
4.735389641446934202e-03
4.703731532691422280e-03
4.262316476507977542e-03
4.210799752232876995e-03
4.247074352754243338e-03
4.190069159993493539e-03
4.138594628586153394e-03
4.174640419235018524e-03
4.118259711492243576e-03
4.066842927511707395e-03
4.102662649191682158e-03
4.335010174607485840e-03
4.283465443377223146e-03
4.319974183448671914e-03
3.554405212387103628e-03
3.581923208225497052e-03
3.604606107272412957e-03
3.702411144168974138e-03
3.797335251733950732e-03
3.894457317879165305e-03
4.046877758880224225e-03
3.995532178618698381e-03
4.031132967064734486e-03
4.408159217244855821e-03
4.356601640663879463e-03
4.393348861739518330e-03
4.481774067833546073e-03
4.467218400752485247e-03
4.430218011652723581e-03
4.555855097866935190e-03
4.504332353699349971e-03
4.543067807185031080e-03
4.632259986512264789e-03
4.581354851359765827e-03
4.622441480038970082e-03
4.712197773303204024e-03
4.662522572493818518e-03
4.713187055258013201e-03
4.805896209116413895e-03
4.760123436224871982e-03
4.781192697353385188e-03
4.298606951261002215e-03
4.226137564503813088e-03
4.154110366245666527e-03
4.082515898631591117e-03
4.371527267918449630e-03
3.602801183667097683e-03
3.628774927740537580e-03
3.578593840578713978e-03
3.689493357318624628e-03
3.672177110214979931e-03
3.719687833019351148e-03
3.772943337587089749e-03
3.761437132056583837e-03
3.808778586998621662e-03
3.873421801522199896e-03
3.859054828223575876e-03
3.908761076348960320e-03
3.975913480537744335e-03
3.960039186337191604e-03
4.011344055531392873e-03
4.444907730935716145e-03
4.518755823646955494e-03
4.593993510947786893e-03
4.672171089091057584e-03
4.758983255459647843e-03
4.862977885647113904e-03
4.834319741077065281e-03
4.809810668913182957e-03
4.365352550308896837e-03
4.313834810433915187e-03
4.350137832111748010e-03
4.293039617490731520e-03
4.277639730864739136e-03
4.241551408365996922e-03
4.221135186125888998e-03
4.169691223444984413e-03
4.205568975830313930e-03
4.149630191871598976e-03
4.133916775709157131e-03
4.098244544454773819e-03
4.438082357574899689e-03
4.386549865172451913e-03
4.423071946574977029e-03
3.505416549524577232e-03
3.529851651301119456e-03
3.554073655160937262e-03
3.646116493178933483e-03
3.731207315710887828e-03
3.823165396103070379e-03
3.924652685016156474e-03
4.078515361994619615e-03
4.062673310167213246e-03
4.027201829722465432e-03
4.511237048684041580e-03
4.459705053048988385e-03
4.496450830361097516e-03
4.584823986189422683e-03
4.533309294568297829e-03
4.570279794618599227e-03
4.658849843068775011e-03
4.607366068476699897e-03
4.645485105785456328e-03
4.733473739708162105e-03
4.682883145929152106e-03
4.722761433168370764e-03
4.809028443899563722e-03
4.760630919652752459e-03
4.807369819118707463e-03
4.920197662127968191e-03
4.891542163018324993e-03
4.863063313847835675e-03
4.401664836865776774e-03
4.329144497486440979e-03
4.257036907309976782e-03
4.185333337292530993e-03
4.114024608876150867e-03
4.474606126730110676e-03
3.566032705639364878e-03
3.535719087244002922e-03
3.584372581240643455e-03
3.680885637686646169e-03
3.641837065179094959e-03
3.685158428035335484e-03
3.726846026713533534e-03
3.803067238834733060e-03
3.787988234375874123e-03
3.838191025588143061e-03
3.905356586581609259e-03
3.889371355305388817e-03
3.940584769555163965e-03
4.007781093712262967e-03
3.991828864923190577e-03
4.043101274364663267e-03
4.547976058649268183e-03
4.621781672048372834e-03
4.696105800865364374e-03
4.771196281675924890e-03
4.876807950476954451e-03
4.841350269372312123e-03
4.842891963036731300e-03
4.969443650772887439e-03
4.944734380318174631e-03
4.916236325191683521e-03
4.898451711745859145e-03
4.468377687337616450e-03
4.453185829189814163e-03
4.416867557972596614e-03
4.396024983839911561e-03
4.344531515349961924e-03
4.380649797892936965e-03
4.324051502621384380e-03
4.272589359329286192e-03
4.308511727035346101e-03
4.252448975246676637e-03
4.236763294808378391e-03
4.201032430596036635e-03
4.181208752230951634e-03
4.165395644328840838e-03
4.129851774554286516e-03
4.541117425796649572e-03
4.489605573101547800e-03
4.526127732501286638e-03
3.462735552975915263e-03
3.484024331034764766e-03
3.514339843620837688e-03
3.623409393998245666e-03
3.741947560851821390e-03
3.854193824834822087e-03
3.956553140016653460e-03
4.110321883156865461e-03
4.094399664000582251e-03
4.059038121092385307e-03
4.614251477908767017e-03
4.562753196605044866e-03
4.599482829640091225e-03
4.687786519183962525e-03
4.636317441406408862e-03
4.673257799553171173e-03
4.761728550003293571e-03
4.710304636363320772e-03
4.747535099518883361e-03
4.836082860959638012e-03
4.784796916487573347e-03
4.822485500275895849e-03
4.909938349214173180e-03
4.859504064002695238e-03
4.893329543922249336e-03
5.024938247265573095e-03
4.972594447032329876e-03
4.997135437739872767e-03
4.969538991687329384e-03
4.923193587706158232e-03
4.944825290999507392e-03
4.504698717022975404e-03
4.432153440867360288e-03
4.359991355267765420e-03
4.288204410113766185e-03
4.216784136589495253e-03
4.145721724832543593e-03
4.577634738576302244e-03
3.522126095843567013e-03
3.544041040868696393e-03
3.492428102485979884e-03
3.622878581329408605e-03
3.651825999922403594e-03
3.594451763360896439e-03
3.730297997301646688e-03
3.766628743086375582e-03
3.705581372460703665e-03
3.834722903617586182e-03
3.869990540021593216e-03
3.818881823740749755e-03
3.937417585978450138e-03
3.921373395278155392e-03
3.972553620669039796e-03
4.039779196658369563e-03
4.023765966845302931e-03
4.075008103647448886e-03
4.650968491665487085e-03
4.724706321120679051e-03
4.798853877070483574e-03
4.872962985136821724e-03
4.939695082476477928e-03
5.075518197968888028e-03
5.050147385975657308e-03
5.022512373535744680e-03
4.997172569841805932e-03
4.571374990174760337e-03
4.519880859815839612e-03
4.556201425991215567e-03
4.499008058555489104e-03
4.447517870927850461e-03
4.483653317891465526e-03
4.426990981718153390e-03
4.375519438337085835e-03
4.411473574523335113e-03
4.355316109954036029e-03
4.303877609903782216e-03
4.339654463967501652e-03
4.283975404525921203e-03
4.268187832204251367e-03
4.232584048179210794e-03
4.212960513124992985e-03
4.161630108192641841e-03
4.197065178263519221e-03
4.644098962491814697e-03
4.629125132409581990e-03
4.592615897034548617e-03
3.426455289097911534e-03
3.444552211439939806e-03
3.474239768880330557e-03
3.572466787124834765e-03
3.676557762020317074e-03
3.782488255979854150e-03
3.886051316867815148e-03
3.988581990171194760e-03
4.142262846930173416e-03
4.091006915997642650e-03
4.126277732634543553e-03
4.717186626987253731e-03
4.665729940451294501e-03
4.702431101924071585e-03
4.790644032528709913e-03
4.739229344289810388e-03
4.776125361634360467e-03
4.864476565132288578e-03
4.813119795255651513e-03
4.850213243466398871e-03
4.938688890768008072e-03
4.887406238690209480e-03
4.924247093578059883e-03
5.012450345755010452e-03
4.961217744475441768e-03
4.990935735659869990e-03
5.118221609645297841e-03
5.096809360879818104e-03
5.071603577917081426e-03
5.073554685673988159e-03
5.021574791175250317e-03
5.049180934538346349e-03
5.180737141002957936e-03
5.149417611292290975e-03
5.128163078537833174e-03
4.607691924597881461e-03
4.535147339031203942e-03
4.462956263634609497e-03
4.391111271510942694e-03
4.319604509042051892e-03
4.248427771096611842e-03
4.177572577292171588e-03
4.680596947680571579e-03
3.489278149548141836e-03
3.457865232431793067e-03
3.505661491765242870e-03
3.575901402624969642e-03
3.549012171526837699e-03
3.599356113708277773e-03
3.663614649894009635e-03
3.643241788315527627e-03
3.696907391752545912e-03
3.764871666345818296e-03
3.799749604363650106e-03
3.747576670911977742e-03
3.867414930009133948e-03
3.902371779943481726e-03
3.851059950289523279e-03
3.969571386146725570e-03
3.953485000193283395e-03
4.004634023423456722e-03
4.071873661550715409e-03
4.055816538001014680e-03
4.107030250987479293e-03
4.753868766693435804e-03
4.827513106356229669e-03
4.901534994033074528e-03
4.975525597453128376e-03
5.042946972894753015e-03
5.095799502037961365e-03
5.217878653410888343e-03
5.168080969049352290e-03
5.199230753227162063e-03
5.284662686482009125e-03
5.251211514643041277e-03
5.232737054454133369e-03
4.674328023980915507e-03
4.659168194682493207e-03
4.622858054597080851e-03
4.601972021435418725e-03
4.550493469799458957e-03
4.586633430687278058e-03
4.529936390688348025e-03
4.478464009217105954e-03
4.514437300771659799e-03
4.458214046871474857e-03
4.406762312471468671e-03
4.442572668687727253e-03
4.386797508036352142e-03
4.335380625896271233e-03
4.371031968094567233e-03
4.315678968150114640e-03
4.264310876754282345e-03
4.299807276393395258e-03
4.244850371908579119e-03
4.193544749162195391e-03
4.228890389832305231e-03
4.747011015559699995e-03
4.695564658118152150e-03
4.732048228225361336e-03
3.396634138964712939e-03
3.411510422488977807e-03
3.442909552534352546e-03
3.532546207216795929e-03
3.619738241031421767e-03
3.714219221783928836e-03
3.816121311879098078e-03
3.918473778388792232e-03
4.020705451753061460e-03
4.174303490993768948e-03
4.123073762612158855e-03
4.158272900204637579e-03
4.820027078212787974e-03
4.768619639872190806e-03
4.805279598397486918e-03
4.893381695136805355e-03
4.842028758719116137e-03
4.878867740649486459e-03
4.967079692472339998e-03
4.915797111305041101e-03
4.952817402430012908e-03
5.040989424480929633e-03
5.026651681435146193e-03
4.989861038916202675e-03
5.115521556533054494e-03
5.064011851683492167e-03
5.094465603720218193e-03
5.189240093104576478e-03
5.131434500371114156e-03
5.153636516262125565e-03
5.203461612562502829e-03
5.301561026668152703e-03
5.293058457433827586e-03
5.259741895348266950e-03
5.386884282151442604e-03
5.344212404497432171e-03
5.335810250633250124e-03
4.710628259416167057e-03
4.638109557568914285e-03
4.565914598858828756e-03
4.494036523592929294e-03
4.422468039378324098e-03
4.351201492978766169e-03
4.280228944278477096e-03
4.209542241854876549e-03
4.783477062267941192e-03
3.471802442163049625e-03
3.434214995421551279e-03
3.480520091868023573e-03
3.577433110106712465e-03
3.533346942898927048e-03
3.576653725116013625e-03
3.620458428071776386e-03
3.695933428998573848e-03
3.730356554299708340e-03
3.679769909209966265e-03
3.797763184281413053e-03
3.781313011098230530e-03
3.832545820535370254e-03
3.899689092588182367e-03
3.883547132071861474e-03
3.934590141742975826e-03
4.001784136340332670e-03
4.036791999720980122e-03
3.985672532125102661e-03
4.104030001307197237e-03
4.139133099832424147e-03
4.087946274021264301e-03
4.856661756431272618e-03
4.930187503045426432e-03
5.003991541365150793e-03
5.078210782464465285e-03
5.152331520897718634e-03
5.267851465249104477e-03
5.242845878385644920e-03
5.228541809955696007e-03
5.284668639425903897e-03
5.361655372967090265e-03
5.331593694805345993e-03
5.374145587959686457e-03
5.436021785053897840e-03
5.487021846465368197e-03
5.461490313764677702e-03
5.436987539777270520e-03
5.411387953130846959e-03
5.503625675875549808e-03
5.584723381896889750e-03
5.544152977226645199e-03
5.535902760427286774e-03
5.495226357342303941e-03
5.593920102225809037e-03
5.679665353574751482e-03
5.636784553903263252e-03
5.632218774571765701e-03
5.589221385537895131e-03
5.684817613553155326e-03
5.771551015387001334e-03
5.728191070879969961e-03
5.725625652358346841e-03
5.682148866406418544e-03
4.777220776027170900e-03
4.725782923936446868e-03
4.762070151398604782e-03
4.704900430493129566e-03
4.653441685867451723e-03
4.689573696813518176e-03
4.632870912596046345e-03
4.581406051877265177e-03
4.617386086132550110e-03
4.561125647205199231e-03
4.509669198782226794e-03
4.545500722332970409e-03
4.489657656157515671e-03
4.438223903178433773e-03
4.473910573326573062e-03
4.418459628333208829e-03
4.367062612941403042e-03
4.402608242278124341e-03
4.347523991746205831e-03
4.296177520653018944e-03
4.331586040137774297e-03
4.276842987142595413e-03
4.260836059846089506e-03
4.225560638490534482e-03
4.849838053788932922e-03
4.798436120054172006e-03
4.834881544320795109e-03
3.373299475594912153e-03
3.384942299833422572e-03
3.422494670332292595e-03
3.524558597100850652e-03
3.636644042302834053e-03
3.746823606227965217e-03
3.848703841354707451e-03
3.950716630705630034e-03
4.052889350170636902e-03
4.206408742621592714e-03
4.190350251799818647e-03
4.155203874108331398e-03
4.922757833499588620e-03
4.908013403342865316e-03
4.871407093082370278e-03
4.995985089542531905e-03
4.981470629535977163e-03
4.944701064604338503e-03
5.069524146216252379e-03
5.018322599941277620e-03
5.055190356722301208e-03
5.143356106044457039e-03
5.092196557297070693e-03
5.129365964492989260e-03
5.217551404665506792e-03
5.166563071412696821e-03
5.203312313015930751e-03
5.290704470405071906e-03
5.239998351236867767e-03
5.279230200198158605e-03
5.314781159332034738e-03
5.398851837488681353e-03
5.469828937747453837e-03
5.548794979946724583e-03
5.639391146237574676e-03
5.773386948901134894e-03
5.729119042238697314e-03
5.772384356072785168e-03
5.860106435266163732e-03
5.816764894637988133e-03
5.815838339373768061e-03
4.813491943033170253e-03
4.741023862477417201e-03
4.668849724744911743e-03
4.596963181721792045e-03
4.525357448151199127e-03
4.454025370496874844e-03
4.382959498092201672e-03
4.312152156042384395e-03
4.241595519404448185e-03
4.886259811384255358e-03
3.453576354817625236e-03
3.462673515771635784e-03
3.413431650411909851e-03
3.536683086398413264e-03
3.557027922170329180e-03
3.504239995978213236e-03
3.626992595434119001e-03
3.661418061050094718e-03
3.602215353860276775e-03
3.728437186665252510e-03
3.763058166479215511e-03
3.712185277978153741e-03
3.830122981233286938e-03
3.813942722249569900e-03
3.864867100759189315e-03
3.931985453528973745e-03
3.966848994428174603e-03
3.915836627069613912e-03
4.034021560224588555e-03
4.017901930570021152e-03
4.068993175228432374e-03
4.136213348687284470e-03
4.120120499960944725e-03
4.171281688103074294e-03
4.959332746851921776e-03
5.032715404394478946e-03
5.106400613298301555e-03
5.180413721016954506e-03
5.254094879967768743e-03
5.326128177020584241e-03
5.405064302889982415e-03
5.383308754109992177e-03
5.420443688748677498e-03
5.454335696903629682e-03
5.508332193537051301e-03
5.505883347826814704e-03
5.551110293941365764e-03
5.601264129089958237e-03
5.597504858626389281e-03
5.643033865337938014e-03
5.697116025349062592e-03
5.735251942430658056e-03
5.690885785597765353e-03
5.855346556793756055e-03
5.857642843800052977e-03
5.814369888023743736e-03
5.945080183950741080e-03
5.900240074180387699e-03
5.902594663490045614e-03
5.931471377703808993e-03
6.026238775478052166e-03
5.978891483125316729e-03
5.985652308417899886e-03
5.938196063392753472e-03
4.880037612355931850e-03
4.828639649908093509e-03
4.864891712232238992e-03
4.807777222784044742e-03
4.756346271874357934e-03
4.792458077173241196e-03
4.735778107124007964e-03
4.684328942638571122e-03
4.720303488343780690e-03
4.664034145894437218e-03
4.612581321599476362e-03
4.648421832897806950e-03
4.592538811740115405e-03
4.576806559010252254e-03
4.541096662587684914e-03
4.521285236880315597e-03
4.505450743357792241e-03
4.469867882593653308e-03
4.450266282701663759e-03
4.434347160954079867e-03
4.398887632574816076e-03
4.379474610976411345e-03
4.328148369833739566e-03
4.363488356802263518e-03
4.308902756210940960e-03
4.257642431466322590e-03
4.292866718873934555e-03
4.952564922686098978e-03
4.901214945679331809e-03
4.937610002825750313e-03
3.356450411678763967e-03
3.364860180852672147e-03
3.404953389180525973e-03
3.495086654195415834e-03
3.581810567449421161e-03
3.677687373299129685e-03
3.779254929012466034e-03
3.881031381830385082e-03
3.982982936803471097e-03
4.085099106783451894e-03
4.238543198608223615e-03
4.187362108344919870e-03
4.222474551896048325e-03
5.025364266500759874e-03
5.010617993693478392e-03
4.974077493587279047e-03
5.098440164922640738e-03
5.083920109092744839e-03
5.047232034505865633e-03
5.171796494404370080e-03
5.120682662785419961e-03
5.157508972173351254e-03
5.245436430509854350e-03
5.194421541278011409e-03
5.231420984144555426e-03
5.319362404395217188e-03
5.268484974886569402e-03
5.304964489051176846e-03
5.347926776833321003e-03
5.456726260731754180e-03
5.554822921807872280e-03
5.649216537083924516e-03
5.779408921778670521e-03
5.776337597063160509e-03
5.738282269346629133e-03
5.817396607590561916e-03
5.893403770746727041e-03
6.014140204237933274e-03
5.972806084868238947e-03
6.020121299826285133e-03
6.103362874468573271e-03
6.058789051293863442e-03
6.064785544271219728e-03
4.843874398921460718e-03
4.916267575005925893e-03
4.771745383150230273e-03
4.699874636626261842e-03
4.628255827656889594e-03
4.556882250099544319e-03
4.485746891946976872e-03
4.414842505796503190e-03
4.344161680695733316e-03
4.273696914865560484e-03
4.988930298638656266e-03
3.438551475949827487e-03
3.397492207923158945e-03
3.446054066486258817e-03
3.542954156319981767e-03
3.498253954600886399e-03
3.539816342661085153e-03
3.584912315317874670e-03
3.659470416572414321e-03
3.693913050158187123e-03
3.643235881894406770e-03
3.760863829231320468e-03
3.744654593403730272e-03
3.795455612352437082e-03
3.862468877224207314e-03
3.897192448417074583e-03
3.846299789714685644e-03
3.964269883091242792e-03
3.999114144827311396e-03
3.948131319809985475e-03
4.066248932920998004e-03
4.101202761846213692e-03
4.050138697771234891e-03
4.168388437119802462e-03
4.152304151382127211e-03
4.203440688767605578e-03
5.061867393640002814e-03
5.135083065424230625e-03
5.208580847376752081e-03
5.282363536005572381e-03
5.362154766870012856e-03
5.425080544849288609e-03
5.466677925242888030e-03
5.414965960340232566e-03
5.522281001199528735e-03
5.515217338929083793e-03
5.561750377168703241e-03
5.621499724615558816e-03
5.611304689977825860e-03
5.659297437375709200e-03
5.720437893947434398e-03
5.708712619150431780e-03
5.749910123454155322e-03
5.830866268647732185e-03
5.805103481244697564e-03
5.843023121418524680e-03
5.881201013964724306e-03
5.932290107170936841e-03
5.973237716159343798e-03
5.931805853712507869e-03
6.087696456804688773e-03
6.095471835510769820e-03
6.050906430423239578e-03
4.910586672229197425e-03
4.859191338642544246e-03
4.895270890434756487e-03
4.982763233914689130e-03
4.931412771558956083e-03
4.967617648975989827e-03
4.838641870967077402e-03
4.823173423066266091e-03
4.787216414808234156e-03
4.766923113210917370e-03
4.751319564245847470e-03
4.715482088421425570e-03
4.695424270040294938e-03
4.679703189214299945e-03
4.643982037844850141e-03
4.624138865651412390e-03
4.572709597684975619e-03
4.608317796025395569e-03
4.553060144717365094e-03
4.501657827233310552e-03
4.537156572956161336e-03
4.482181141484967851e-03
4.466212467851500383e-03
4.430819580592684943e-03
4.411494750115617369e-03
4.360187577989383528e-03
4.395478258907536441e-03
4.340993795778079305e-03
4.289754477772609459e-03
4.324946626389397468e-03
5.055176798583949603e-03
5.003886151678310461e-03
5.040218877251282856e-03
3.346060632976786530e-03
3.351250306140969842e-03
3.392247943097440998e-03
3.490688799443561301e-03
3.601167030334972551e-03
3.710139203109291423e-03
3.811640729921069153e-03
3.913346017027950936e-03
4.015238263008427504e-03
4.117299718966844005e-03
4.270671106000956466e-03
4.219512948594609028e-03
4.254610224782516201e-03
5.127832075373195235e-03
5.076616383405142645e-03
5.113079191441379651e-03
5.200733184567939843e-03
5.149607781107515964e-03
5.186202590908435030e-03
5.273883604817411475e-03
5.222864015640975299e-03
5.259592403949994548e-03
5.347286112365832490e-03
5.296388058934956705e-03
5.333251243731799290e-03
5.372254996614894695e-03
5.473707638854932028e-03
5.571921100594028411e-03
5.671000386651519655e-03
5.775699926882197320e-03
5.881597671074017229e-03
6.008667608290067276e-03
6.011358910212942844e-03
5.970491388588265377e-03
6.176247204577906859e-03
6.132011935117314891e-03
6.139782177634629107e-03
6.048212061686272269e-03
4.946645648192908584e-03
4.874585653089641250e-03
5.018940088043670825e-03
4.802754615396247206e-03
4.731146604215920662e-03
4.659755308896970302e-03
4.588574105335771133e-03
4.517596124268275816e-03
4.446814321050820799e-03
4.376221546436679342e-03
4.305810617859982120e-03
5.091473955654388095e-03
3.434632204861728239e-03
3.390331998121644264e-03
3.436592444708868720e-03
3.506508838860817375e-03
3.524711849428999177e-03
3.472524962957350414e-03
3.590815301834651696e-03
3.625103256855445079e-03
3.566893499510124903e-03
3.691998205136859477e-03
3.726394392707047930e-03
3.675742796664241592e-03
3.793225831823075159e-03
3.827813696258476877e-03
3.777053121429048508e-03
3.894766820886785223e-03
3.878626000702833660e-03
3.929487782280993192e-03
3.996507734164330729e-03
3.980396823527048399e-03
4.031350914588155594e-03
4.098431062126950755e-03
4.082347877304558920e-03
4.133385538024576117e-03
4.200519581818953907e-03
4.235574390743487676e-03
4.184461754886174834e-03
5.164251672464479845e-03
5.237277044344789377e-03
5.310553208315053550e-03
5.386148399613123298e-03
5.448915469398952355e-03
5.436917981521337609e-03
5.485570316766229942e-03
5.550312409170045889e-03
5.536223749791376395e-03
5.585882037854748329e-03
5.650474651780053488e-03
5.685436485921393709e-03
5.635914920464933989e-03
5.752025459984399548e-03
5.736162790670116564e-03
5.791422503940175243e-03
5.851271869304544918e-03
5.840976624856090808e-03
5.891788279926365307e-03
5.950566154493765886e-03
5.941370221756007292e-03
5.979617102536347907e-03
6.142666016063644957e-03
6.115146593072603304e-03
6.159405418773023812e-03
6.044720032816854223e-03
6.026661577836467040e-03
6.066173059475307716e-03
6.244696167685100281e-03
6.193735771702476786e-03
6.210442063711299303e-03
5.013313346542046071e-03
4.961961312422422110e-03
4.997996769535499768e-03
4.941446396381092392e-03
4.925980122095421389e-03
4.890052518105572968e-03
5.085382631866945322e-03
5.034087140561660859e-03
5.070233043879449064e-03
4.869776415172929161e-03
4.854177796531211966e-03
4.818355222443787209e-03
4.798297620885509651e-03
4.746863476345301348e-03
4.782584042865681805e-03
4.727003878770798771e-03
4.675570980863041383e-03
4.711192728916056317e-03
4.655888766778680868e-03
4.604471153547007312e-03
4.639997405566409321e-03
4.584945642793755716e-03
4.568991374072652739e-03
4.533557196577449322e-03
4.514167713219443927e-03
4.498167754904723765e-03
4.462822166196100254e-03
4.443548102430149721e-03
4.427519557644110995e-03
4.392259042948550886e-03
4.373079922393453486e-03
4.357039751338052588e-03
4.321860802147464188e-03
5.157659142407213827e-03
5.106435062471189126e-03
5.142693745478479558e-03
3.342080965772235065e-03
3.344074836867448001e-03
3.388296772332702409e-03
3.470533291217619935e-03
3.548634004210517948e-03
3.641376079630019146e-03
3.742583705100911966e-03
3.843970232972439890e-03
3.945613392361921323e-03
4.047447682862703039e-03
4.149455741303105516e-03
4.302756342430488073e-03
4.286721335054418519e-03
4.251620484300246833e-03
5.230147234890502109e-03
5.215383113640579237e-03
5.179009604814323667e-03
5.302850678981590148e-03
5.251814706292461631e-03
5.288304773551688598e-03
5.375772607717168271e-03
5.324853666937038633e-03
5.361461689809820901e-03
5.398129128569733627e-03
5.499643740841496029e-03
5.600423850840726206e-03
5.701283311400113726e-03
5.801680844344387841e-03
5.900951543953052505e-03
5.997678233812669089e-03
6.093739780973143720e-03
6.205538629745833631e-03
6.174071691949313545e-03
6.225073562423176846e-03
5.049322383829803196e-03
4.977354908465818004e-03
4.905587140958673001e-03
5.121494702534423737e-03
4.834013499462049696e-03
4.762628017543586029e-03
4.691424408504746117e-03
4.620396131764835726e-03
4.549536460832296660e-03
4.478838552380307904e-03
4.408295515845437988e-03
4.337900483172243971e-03
5.193876494908008720e-03
3.442522703933646126e-03
3.438590671705201492e-03
3.392283521923139099e-03
3.525913328911335978e-03
3.480250438243315172e-03
3.516219166686887065e-03
3.558328235203150284e-03
3.623805231942531929e-03
3.607323192335007683e-03
3.657866445537818947e-03
3.724247981132129941e-03
3.708135717517313783e-03
3.758704273390929551e-03
3.825504433162208763e-03
3.860106033539336540e-03
3.809377717366259353e-03
3.926982180037208968e-03
3.910887018015160588e-03
3.961718470452164562e-03
4.028663819919071042e-03
4.012598223436278193e-03
4.063524122048214199e-03
4.130532263863421691e-03
4.165505827165328322e-03
4.114494033195959660e-03
4.232570654734217966e-03
4.216557406210750918e-03
4.267646676509214906e-03
5.266471830602395023e-03
5.339284166632125329e-03
5.412316310107081856e-03
5.477450838238901061e-03
5.463115493340757294e-03
5.513857753585091510e-03
5.578905789539977990e-03
5.564541543898165327e-03
5.614670297211024445e-03
5.680125072552664675e-03
5.665233564927959868e-03
5.716059292674890296e-03
5.780810880632206855e-03
5.766351218618894110e-03
5.816029920629905980e-03
5.881807364653418753e-03
5.866476717880879550e-03
5.916182011637652512e-03
5.982245747145779891e-03
5.966349398148068466e-03
6.013470940532179843e-03
6.097360736293729565e-03
6.070985377012986899e-03
6.119963352566951294e-03
6.308522195112056287e-03
6.257087130073369328e-03
6.276573803062589219e-03
6.151507462749482465e-03
5.115942063555916665e-03
5.064640891470518526e-03
5.100620617521546205e-03
5.044176128882285094e-03
4.992821576745531259e-03
5.028708090685002699e-03
4.972578172670882868e-03
4.921184722287928574e-03
4.956980685049872451e-03
5.187881042647667605e-03
5.136647876332134724e-03
5.172723244073146841e-03
4.901142709255697401e-03
4.849724700491936727e-03
4.885432974262700345e-03
4.829863894680807949e-03
4.778435528240691788e-03
4.814059145027282591e-03
4.758735590458099129e-03
4.707310931452924480e-03
4.742853060548983361e-03
4.687751429212063010e-03
4.671808326068975156e-03
4.636344411491229688e-03
4.616904881757676223e-03
4.565529312961866086e-03
4.600918356027869360e-03
4.546189325151707601e-03
4.530176442384689986e-03
4.494858892434739836e-03
4.475598111150998898e-03
4.459575823571808317e-03
4.424326387457900092e-03
4.405124635139474713e-03
4.353925085874543396e-03
4.389109753770378125e-03
5.259997653729631822e-03
5.208847263995491222e-03
5.245020443065472743e-03
3.344442332624868175e-03
3.343274389514130397e-03
3.393419905653090232e-03
3.484165443169284261e-03
3.574827061019920926e-03
3.673995808076716430e-03
3.774847450266340717e-03
3.876216742740865376e-03
3.977798591574442481e-03
4.079575754199858163e-03
4.181531260893765409e-03
4.334762402058792326e-03
4.283648391523257534e-03
4.318771570753628282e-03
5.332295950455702774e-03
5.281243253584367615e-03
5.317516126841490866e-03
5.404779400702983128e-03
5.390213597393219563e-03
5.353839458090908082e-03
5.426638857776722169e-03
5.528206999575691234e-03
5.629545653721788195e-03
5.730499352109402408e-03
5.831342815197661754e-03
5.932061372460952463e-03
6.039855795484945500e-03
6.264582065652809020e-03
6.286522793599073726e-03
6.235032308472237932e-03
6.176653759853777820e-03
6.191066958178217602e-03
6.137010551271475552e-03
6.220656441966962782e-03
5.151889627284049131e-03
5.080037775074373527e-03
5.008356490486561355e-03
4.936840490195079471e-03
5.223916881025231392e-03
4.865484101556723749e-03
4.794281325253180355e-03
4.723225900047853254e-03
4.652311369207145879e-03
4.581531148120593713e-03
4.510878592612363111e-03
4.440347067692079243e-03
4.369930015035609211e-03
5.296123863633745051e-03
3.411237161941206662e-03
3.426874088792227369e-03
3.377834936446536332e-03
3.555192560720205931e-03
3.498810519781341000e-03
3.540568564033882981e-03
3.589464250381168165e-03
3.655527302042248846e-03
3.639682988247778302e-03
3.689855991127786311e-03
3.756475061306670683e-03
3.790961090400087833e-03
3.740378475079153466e-03
3.857679111253754182e-03
3.892305064789682717e-03
3.841608733509612253e-03
3.959079680756736469e-03
3.943047890093229028e-03
3.993849290355272648e-03
4.060702423795619492e-03
4.044700069854083486e-03
4.095598074692684970e-03
4.162516343408922612e-03
4.146541228136122956e-03
4.197527475539201275e-03
4.264505093641724615e-03
4.248554762260803828e-03
4.299621019622211840e-03
5.368514342139402325e-03
5.441091473695371453e-03
5.506506273570469651e-03
5.491916187352370929e-03
5.542686166969850933e-03
5.608018348359169840e-03
5.593399816297589186e-03
5.644055574318456760e-03
5.709302755957356042e-03
5.694651855584366602e-03
5.745044573899989529e-03
5.810346659016589650e-03
5.795517576998070880e-03
5.846068155942008709e-03
5.911137220092082048e-03
5.896410828281037006e-03
5.946686155756134191e-03
6.014004500988571686e-03
6.055687755148525878e-03
5.998064458416353488e-03
6.367544572851039329e-03
6.316119409433005108e-03
6.337993422528219109e-03
6.110980002520840539e-03
6.104098516994158931e-03
6.143827012929824020e-03
6.211859430471046960e-03
6.194223443074880174e-03
6.238208556649460328e-03
5.218457847316713451e-03
5.167215002218551907e-03
5.203127563145592757e-03
5.146815724438998270e-03
5.131342064323326721e-03
5.095508146842959996e-03
5.075312719832101270e-03
5.059712618287432601e-03
5.023954820702881269e-03
5.003943594868753494e-03
4.952549667737152564e-03
4.988234072442487149e-03
5.290243903110192561e-03
5.239080321109557473e-03
5.275073816227195990e-03
4.932702746972466266e-03
4.881286970796651706e-03
4.916900882439841775e-03
4.861584272003884218e-03
4.810160714680179576e-03
4.845707174094706846e-03
4.790582028584837448e-03
4.774646807433840720e-03
4.739164651085901910e-03
4.719689703924219264e-03
4.703713442438558871e-03
4.668292365033162652e-03
4.648900880707343940e-03
4.632900606031601330e-03
4.597537342298448765e-03
4.578209104564115797e-03
4.526893037354208851e-03
4.562201759838972227e-03
4.507607951721611522e-03
4.456352941630417099e-03
4.491610368245870476e-03
4.437091095961434757e-03
4.385910649930423524e-03
4.421119966339766283e-03
5.362178225194967271e-03
5.311108558069647934e-03
5.347185017500417741e-03
3.353058138760959660e-03
3.348770811609340977e-03
3.382122127907285451e-03
3.494405448182059080e-03
3.452791001199675101e-03
3.468485544734638791e-03
3.524771917680583327e-03
3.605326692242638055e-03
3.705969832617197774e-03
3.807047899288125339e-03
3.908352364505774876e-03
4.009866112744743180e-03
4.111586514620899253e-03
4.213489892351819123e-03
4.366652375495477106e-03
4.315559927464374460e-03
4.350724226313188933e-03
5.434264611506789931e-03
5.419464800276481073e-03
5.383303633136757305e-03
5.455668880509508510e-03
5.557289966183370268e-03
5.658689812008724750e-03
5.759855569130326557e-03
5.860774409073090524e-03
5.962606904464546297e-03
6.062523311541798653e-03
6.317429042284907620e-03
6.290966628947173254e-03
6.342466842987491173e-03
6.161459707048178892e-03
6.264697379569614949e-03
5.254332603519895964e-03
5.182619087232684038e-03
5.111047153168448050e-03
5.039611767351013724e-03
4.968307501519128241e-03
5.326192283012985002e-03
4.897128594387509422e-03
4.826069015053611674e-03
4.755122528130601399e-03
4.684282760158217304e-03
4.613543266837861166e-03
4.542897600649659084e-03
4.472339378209978615e-03
4.401862347241878790e-03
5.398202197939096919e-03
3.434739577377392446e-03
3.393876834797907114e-03
3.423006180158815956e-03
3.464547594839031443e-03
3.590490584188748592e-03
3.542414075037135165e-03
3.572862297463643561e-03
3.622981175885937270e-03
3.687657817002161671e-03
3.722038651207371009e-03
3.671613804331448020e-03
3.788633814068945085e-03
3.772575784259476605e-03
3.823131775049785214e-03
3.889672032212104346e-03
3.873696992674312365e-03
3.924354213334270945e-03
3.991023350750745949e-03
3.975072995901838928e-03
4.025844405190362810e-03
4.092587100097582961e-03
4.076666283611894877e-03
4.127536459841599920e-03
4.194346629031367631e-03
4.178453030826288946e-03
4.229413873708399475e-03
4.296285858432543313e-03
4.280417023813196976e-03
4.331460452796570722e-03
5.470365859229339191e-03
5.536039744687373809e-03
5.521215857545833279e-03
5.572013165852980447e-03
5.637607968583998805e-03
5.622756131451606999e-03
5.673443132063188746e-03
5.738955950051157981e-03
5.724072518478328167e-03
5.774642669286845532e-03
5.840070361296637730e-03
5.825151935555245887e-03
5.875598690058221607e-03
5.940937838867833137e-03
5.925981273448283418e-03
5.977471156167816352e-03
6.041544945108046766e-03
6.027718566300263245e-03
6.076266147732736940e-03
6.421588291192757182e-03
6.369565588808927606e-03
6.394523222154419040e-03
6.141878150617469806e-03
6.126378176198877569e-03
6.176873894663035755e-03
6.261262995270795544e-03
6.236507976626754803e-03
6.289329115733278616e-03
6.371285172639901476e-03
6.316336625939214175e-03
6.344322452425412567e-03
5.320845884214962795e-03
5.269668755358149215e-03
5.305502916512794612e-03
5.249350006465862417e-03
5.198096973466425665e-03
5.233866965290429399e-03
5.177964561950531425e-03
5.126649942675053084e-03
5.162358175493106729e-03
5.106684511095379783e-03
5.055322529792224094e-03
5.090971619837150915e-03
5.035504444315362822e-03
4.984109234715474943e-03
5.019701974088039073e-03
5.392456805845219012e-03
5.341369995190383552e-03
5.377270501378936599e-03
4.964418643305226753e-03
4.948543577732304397e-03
4.913004252235959879e-03
4.893421144298236783e-03
4.877490496809731325e-03
4.842001535799205642e-03
4.822505802915245075e-03
4.771094862809856577e-03
4.806536588507912683e-03
4.751666360109735310e-03
4.700277901018190714e-03
4.735675567051504664e-03
4.680896508837480326e-03
4.629544275562296266e-03
4.664901070485668461e-03
4.610189960957963157e-03
4.558887636213160462e-03
4.594206727862312940e-03
4.539540514118279961e-03
4.488301724272899564e-03
4.523586226511690928e-03
4.468942117968197764e-03
4.453033378628524705e-03
4.417780439091276851e-03
5.464186896901580132e-03
5.413204916756016172e-03
5.449173681846571256e-03
3.367825688012938794e-03
3.360469502828626435e-03
3.401251540072045779e-03
3.525833930613508048e-03
3.510144176785957599e-03
3.480255489367995152e-03
3.558135741928735059e-03
3.639043690633096510e-03
3.738114014595874703e-03
3.839123376864387628e-03
3.940320159755586991e-03
4.041779740228964614e-03
4.143443398488554780e-03
4.245294772862909238e-03
4.398388934470517063e-03
4.382542184864681410e-03
4.347317900933528149e-03
5.485177207166349982e-03
5.586850553929351149e-03
5.688310321493894248e-03
5.789543184624209443e-03
5.890535803277020116e-03
5.991274790923327258e-03
6.091746628566898497e-03
6.396425395695679202e-03
6.201625519418565990e-03
6.334021272784388402e-03
6.352644402627696113e-03
6.297639736810531699e-03
5.356636696741652777e-03
5.285083844333905191e-03
5.213643787663355122e-03
5.142311694418637280e-03
5.071082332500347761e-03
4.999950130170431259e-03
5.428306719819318664e-03
4.928909238378819703e-03
4.857953594869668205e-03
4.787076989633025186e-03
4.716273131265476780e-03
4.645535713811620171e-03
4.574858483709875329e-03
4.504235306396044483e-03
4.433660229612082677e-03
5.500097776434499826e-03
3.460622737878098470e-03
3.447709025693215107e-03
3.414190737020715832e-03
3.493202010156390858e-03
3.622181434792294107e-03
3.573974273359427703e-03
3.606361858435521220e-03
3.654895243805494909e-03
3.720151388739159019e-03
3.703930240939327760e-03
3.754368995664769063e-03
3.820431551729656754e-03
3.804558516669559552e-03
3.855030912598848229e-03
3.921488144822913961e-03
3.905606056909408444e-03
3.956238004824178325e-03
4.022776810467684760e-03
4.006926161309477125e-03
4.057667409984462223e-03
4.124281229331015590e-03
4.108460333854447970e-03
4.159302639465426062e-03
4.225985886348817069e-03
4.261127891814044458e-03
4.210192490036346324e-03
4.327875414019144613e-03
4.312106905124638012e-03
4.363127551679519406e-03
5.566009811449864134e-03
5.550972769023454663e-03
5.601796975184231142e-03
5.667633170369416537e-03
5.652568687332933800e-03
5.703286224069663117e-03
5.769043191743562608e-03
5.753947877512436554e-03
5.804551964185412742e-03
5.870226068590407749e-03
5.855096770985274493e-03
5.905580606524836983e-03
5.971167927982166251e-03
5.956001748500055169e-03
6.006358492576415256e-03
6.071854792156954408e-03
6.056649096928969946e-03
6.106871841073278559e-03
6.470483453731332851e-03
6.420933561249629433e-03
6.445990778573662539e-03
6.172272526381015513e-03
6.157024957304236407e-03
6.216794710727498868e-03
6.427365784554999947e-03
6.380733223530190429e-03
6.399295787197413314e-03
6.272406902328372946e-03
6.266786893122436135e-03
6.303231790957977351e-03
5.423091479384978437e-03
5.371987402076369537e-03
5.407732124933804785e-03
5.351763922909275745e-03
5.300572947646367550e-03
5.336267859272998682e-03
5.280518333295073502e-03
5.264902084091388490e-03
5.229254663257450718e-03
5.209349823527349883e-03
5.158027591328249312e-03
5.193630050533731141e-03
5.138253129821129285e-03
5.086886400992297191e-03
5.122446606911058853e-03
5.067222672069551619e-03
5.051346258394423874e-03
5.015825448935568205e-03
5.494505454899212271e-03
5.443502552386754630e-03
5.479299169961724357e-03
4.996252616304520076e-03
4.944838842226888069e-03
4.980323228897850368e-03
4.925336938771262760e-03
4.873920502747412613e-03
4.909371524754445673e-03
4.854469491244909479e-03
4.803064232791249936e-03
4.838484999802850420e-03
4.783644067136609730e-03
4.732263781425944359e-03
4.767657421418532680e-03
4.712854467665422709e-03
4.661512910996929403e-03
4.696882536936048888e-03
4.642094569927437964e-03
4.626154141139177112e-03
4.590805464581857245e-03
4.571358386864732282e-03
4.555466139687375585e-03
4.520135429049734754e-03
4.500640139664455544e-03
4.449497001394245137e-03
4.484812618424581857e-03
5.515122436944580250e-03
3.388629341965988719e-03
3.378261165522435626e-03
3.424593694688858169e-03
3.552817429379606737e-03
3.506688558904058443e-03
3.539355237928807837e-03
3.587472593379413283e-03
3.671134493194170775e-03
3.770259786703822943e-03
3.870929785707283906e-03
3.972104434232954021e-03
4.073502967663585224e-03
4.175109472232535826e-03
4.276908510784873871e-03
4.429934318036979519e-03
4.378884656907123737e-03
4.414187903681847207e-03
5.616847296054472069e-03
5.718365709133752146e-03
5.819663886928405812e-03
5.920727994474270922e-03
6.021544112219113544e-03
6.122098188697858850e-03
6.448918344648095317e-03
6.222376121942130821e-03
6.370774245857162808e-03
6.352375535991178039e-03
6.399081870505955554e-03
6.321625196755020250e-03
5.387417167588817203e-03
5.458787406451509269e-03
5.316131179543628210e-03
5.244924765624769947e-03
5.173792843017872498e-03
5.102729982087662354e-03
5.031730467879551826e-03
5.530246109954435260e-03
4.960788363439336615e-03
4.889897574558847368e-03
4.819051915543515544e-03
4.748245175403560496e-03
4.677471185028244348e-03
4.606723881256293701e-03
4.535997373115286876e-03
4.465286008207232371e-03
3.484790109507546023e-03
3.436673214858669816e-03
3.472741715843615830e-03
3.518778929517882553e-03
3.650946583259463262e-03
3.601846865834432490e-03
3.636594207214970381e-03
3.685525417657263634e-03
3.751361264706169242e-03
3.735786545982773803e-03
3.785876243252948251e-03
3.852088780315585190e-03
3.836290580248332034e-03
3.886771402074141145e-03
3.953079664403607620e-03
3.937314507477452340e-03
3.987914356003604589e-03
4.054303378772309945e-03
4.089281661842803818e-03
4.038570857437413612e-03
4.155747196406385513e-03
4.140045105046370223e-03
4.190859196042608266e-03
4.257396339112527218e-03
4.292631881426795144e-03
4.241722102182073420e-03
4.359235742276370944e-03
4.343586631361411911e-03
4.394584433923311335e-03
5.596375622371928954e-03
5.631996435592326322e-03
5.581145777674631318e-03
5.698053106109787422e-03
5.733543700230259860e-03
5.682796322590607380e-03
5.799523688374067822e-03
5.784236803271334756e-03
5.834873887218607579e-03
5.900773095795079984e-03
5.885453177684836154e-03
5.935972919308482067e-03
6.001786961230326511e-03
6.036826621119432273e-03
5.986431324421689557e-03
6.102550788378012167e-03
6.087157002918905727e-03
6.137420678595159433e-03
6.514065352461485651e-03
6.470747741786070720e-03
6.492228794899212486e-03
6.203049916936388339e-03
6.187615837085675558e-03
6.237740646552765618e-03
6.462461522383883619e-03
6.416645561516897550e-03
6.444873914988763844e-03
6.302473768964508664e-03
6.287396041507810861e-03
6.336640657648345658e-03
5.454042503712550928e-03
5.402921063610813431e-03
5.438529912302992805e-03
5.525180013694311505e-03
5.509800729288914442e-03
5.474156290702243514e-03
5.382958755088584728e-03
5.331753665427713638e-03
5.367329177224972221e-03
5.311923988510548235e-03
5.260649268489607337e-03
5.296193908454972094e-03
5.240933040152805263e-03
5.225119080704276886e-03
5.189602664630491025e-03
5.169980421530548549e-03
5.154099317965351625e-03
5.118608325304218644e-03
5.099060381392102673e-03
5.083128954692255931e-03
5.047660463731520886e-03
5.545463736127019191e-03
5.028166969322100596e-03
4.976753098709174941e-03
5.012202098839391856e-03
4.957294100530557947e-03
4.905880119633314156e-03
4.941312696297982601e-03
4.886435621451508046e-03
4.835035352323919719e-03
4.870454596359458967e-03
4.815585376850195845e-03
4.799621618325321942e-03
4.764212625632519189e-03
4.744737275090422403e-03
4.728807617230343895e-03
4.693405838085713128e-03
4.673885351963783658e-03
4.622609019754645582e-03
4.658006549792841587e-03
4.603023836676862698e-03
4.551816401421074527e-03
4.587212537397870361e-03
4.532147219799616267e-03
4.481022478664683714e-03
4.516419936276782482e-03
3.415341783418074460e-03
3.402024114922038052e-03
3.450039425772648272e-03
3.582745361254537596e-03
3.533729288682707723e-03
3.567815377237679251e-03
3.616823856878747558e-03
3.701119371397983658e-03
3.801692505824148371e-03
3.902553680413474706e-03
4.003662940977273377e-03
4.104998640665941632e-03
4.206547033273870355e-03
4.308293202019452747e-03
4.461250311918409442e-03
4.445623396973140233e-03
4.410222072195093754e-03
5.647239336606951592e-03
5.748815148989141338e-03
5.850176932617759396e-03
5.951310371932201637e-03
6.052201039354416535e-03
6.152834362106049393e-03
6.488268418638642142e-03
6.252797420405243646e-03
6.399348189775806196e-03
6.385017214230623468e-03
6.430921683827355885e-03
6.350943740152583707e-03
5.418494199010395231e-03
5.489604257241307607e-03
5.560770304221899878e-03
5.347435564184733862e-03
5.276423373857551391e-03
5.205452294255495140e-03
5.134516697661520128e-03
5.063610725208169197e-03
4.992728351125634741e-03
4.921863447988294310e-03
4.851009853120733656e-03
4.780161434838304038e-03
4.709312157046431635e-03
4.638456144203112128e-03
4.567587748340006838e-03
4.496701612405252027e-03
3.514437772794880635e-03
3.464848134386846242e-03
3.499650286372526804e-03
3.548569663768071872e-03
3.682428885877408065e-03
3.632550358530502611e-03
3.666722221579977320e-03
3.716875557912014457e-03
3.782797959177843557e-03
3.767114443886109519e-03
3.817426915928714016e-03
3.883485843532923087e-03
3.918269474284905018e-03
3.867822402481018926e-03
3.984407213475170406e-03
4.019345243284294308e-03
3.968778766086011531e-03
4.085564974865757426e-03
4.120649319860282891e-03
4.069969705043801657e-03
4.186946927239757615e-03
4.222168211529811130e-03
4.171382754181880530e-03
4.288539626505541089e-03
4.323887660141204070e-03
4.273003800399884436e-03
4.390328304914991459e-03
4.425792730278501307e-03
4.374817926021640907e-03
5.627096901606256502e-03
5.611694321283194030e-03
5.662570991462925231e-03
5.728827550074928020e-03
5.764175058228263211e-03
5.713398501732408832e-03
5.830357318677956840e-03
5.814898839933533084e-03
5.865568043268210019e-03
5.931671481376498030e-03
5.916180834559031307e-03
5.966735395890993519e-03
6.032755189890309094e-03
6.017229876424313138e-03
6.067662439465428166e-03
6.133593439318228181e-03
6.118031212794778663e-03
6.168334337110258254e-03
6.552174721754191154e-03
6.507349803371071002e-03
6.533075397434109227e-03
6.234171037795594068e-03
6.218569917739065478e-03
6.268337280173862103e-03
6.492310245232830838e-03
6.445859719001539694e-03
6.477345770593417873e-03
6.334472551825885180e-03
6.318432382756210969e-03
6.366927119238356692e-03
5.485270593960988456e-03
5.434131698267107360e-03
5.469624351720987591e-03
5.556170818945410650e-03
5.505126376549302966e-03
5.540638348330402356e-03
5.576160824105971109e-03
5.414391511945402906e-03
5.363172047522985798e-03
5.398647805760494259e-03
5.343528464699502135e-03
5.327703766983114646e-03
5.292242293745927709e-03
5.272676010010521504e-03
5.221336977173589473e-03
5.256786932629027229e-03
5.201828433221071350e-03
5.150450370553493265e-03
5.185891701364572955e-03
5.130979810485250883e-03
5.079576542547557805e-03
5.115012235863474963e-03
5.060124073516898344e-03
5.008709422469143947e-03
5.044142526987168904e-03
4.989255074793779408e-03
4.973276458785194296e-03
4.937842865659295560e-03
4.918366654467723476e-03
4.902407874755503395e-03
4.866970720464835337e-03
4.847452707527157879e-03
4.796086894424391074e-03
4.831530644979341316e-03
4.776507244281846636e-03
4.760638729002400309e-03
4.725185416398057330e-03
4.705524458104450199e-03
4.654260503402574307e-03
4.689726241624106104e-03
4.634498797016286219e-03
4.583306630351627331e-03
4.618787521693744694e-03
4.563425017573547078e-03
4.547817193023828697e-03
4.512318586296116228e-03
3.447825512869831955e-03
3.431625919657444162e-03
3.481112208313021962e-03
3.613377132958679305e-03
3.563868757778462359e-03
3.598099512098618721e-03
3.647883743095828128e-03
3.732578494413480059e-03
3.833108908633411568e-03
3.933915477947047892e-03
4.034956942838707414e-03
4.136228674832894033e-03
4.237717857367309313e-03
4.339410390090682988e-03
4.492298244769167212e-03
4.476810223683371642e-03
4.441291534992270959e-03
5.677986418066779430e-03
5.779618460745857521e-03
5.881042273578320108e-03
5.982243073900287735e-03
6.083205939164357777e-03
6.183915774774069452e-03
6.522257888959538848e-03
6.284357272187798306e-03
6.427989236641402059e-03
6.460169451504070223e-03
6.413629246174463311e-03
6.381260956380850960e-03
5.449828720927899287e-03
5.520717759181552331e-03
5.591630350559162639e-03
5.378958317055648752e-03
5.308101264786760191e-03
5.237251977875225298e-03
5.166404629066299360e-03
5.095553214149185425e-03
5.024691616983464719e-03
4.953813675610069245e-03
4.882913249338876813e-03
4.811984282629901306e-03
4.741020869251099355e-03
4.670017322006690674e-03
4.598968235508784502e-03
4.527868543128368665e-03
3.546502505288049237e-03
3.530511539608961746e-03
3.497121756738355743e-03
3.579922450797426003e-03
3.713661662300855697e-03
3.698083844422984674e-03
3.663481671412530290e-03
3.748213686206042748e-03
3.814147914700025295e-03
3.848803835111424491e-03
3.798511555719031631e-03
3.914591896341828269e-03
3.899078726310327685e-03
3.949490025534665473e-03
4.015434501472457327e-03
4.050493488994173774e-03
3.999960998940445440e-03
4.116522824633033796e-03
4.101084278297438546e-03
4.151731966820447137e-03
4.217841630395551683e-03
4.202434850095144135e-03
4.253191116740031620e-03
4.319376820568724719e-03
4.303998941882474644e-03
4.354856501745829611e-03
4.421114032891968089e-03
4.405761987071193236e-03
4.456713577413027282e-03
5.658133937851235126e-03
5.693480680808736538e-03
5.642578407681546164e-03
5.759916889044402674e-03
5.744335306601029874e-03
5.795140437427605262e-03
5.861504622133739510e-03
5.845894198132932720e-03
5.896594727700738003e-03
5.962881971006598648e-03
5.947240134650661619e-03
5.997828540134957781e-03
6.064033619183731121e-03
6.048358032115918638e-03
6.098826709904049508e-03
6.164944067341607443e-03
6.199573887932156510e-03
6.149232637252882543e-03
6.584658442776391250e-03
6.538516369342658313e-03
6.568374321396746110e-03
6.265597591573940361e-03
6.300054516197128689e-03
6.249848496359607618e-03
6.520360379221706339e-03
6.474206935548141272e-03
6.506300101671629033e-03
6.364894638391605484e-03
6.349646919261284737e-03
6.396460141629174180e-03
5.516736908649765188e-03
5.465580443821995045e-03
5.500976381762393702e-03
5.587438621145716586e-03
5.536373535751589609e-03
5.571772526763625784e-03
5.607173961172812367e-03
5.446023705116139445e-03
5.394789588885080117e-03
5.430185068163753855e-03
5.375293570650449375e-03
5.323995535288729777e-03
5.359393312330525648e-03
5.304540782151340172e-03
5.253192569705410729e-03
5.288595531969278625e-03
5.233759396509971712e-03
5.182374764335199308e-03
5.217785898518546850e-03
5.162943315319135085e-03
5.111536041608210658e-03
5.146958401136062823e-03
5.092086350162830163e-03
5.076106911721132119e-03
5.040670239402592935e-03
5.021182291069652658e-03
4.969771178699017820e-03
5.005225251747779172e-03
4.950224969650344857e-03
4.898832728702656042e-03
4.934307257288364848e-03
4.879208323065887740e-03
4.827848869038246782e-03
4.863346844586486847e-03
4.808126467875162464e-03
4.756813760518376066e-03
4.792338077224136093e-03
4.736973760572580835e-03
4.721275230272170727e-03
4.685721811172937311e-03
4.665744857716942057e-03
4.650152856145874959e-03
4.614567733232243993e-03
4.594434778049393681e-03
4.543346604102944074e-03
4.578965842621544532e-03
3.485934898594571143e-03
3.466924840285125035e-03
3.516208361178288066e-03
3.645552992524259215e-03
3.629503807016940756e-03
3.595986907926032768e-03
3.679590831184647529e-03
3.763869141465699380e-03
3.864337071035245201e-03
3.964981606596723607e-03
4.065948902468038452e-03
4.167154280476566622e-03
4.268583077935786570e-03
4.370221069597434241e-03
4.523038962813439277e-03
4.472053926930523796e-03
4.507709472952084115e-03
5.709048871305837797e-03
5.810736100757565858e-03
5.912220545756401158e-03
6.013486969184408254e-03
6.114519967073296994e-03
6.215303933437786414e-03
6.552532775922998397e-03
6.315279507196744704e-03
6.456442444803784687e-03
6.442181891048884800e-03
6.488423255898868175e-03
6.410698146506951800e-03
5.481382075351831466e-03
5.552088873573498423e-03
5.622786775212345114e-03
5.410661105424708663e-03
5.339920374495586188e-03
5.269154041460217923e-03
5.198356077409195704e-03
5.127520330678746532e-03
5.056640593773426527e-03
4.985710669215679368e-03
4.914724433149612187e-03
4.843675904309724736e-03
4.772559311259659542e-03
4.701369152777805545e-03
4.630100259030990074e-03
4.558747852841787788e-03
3.585726569464341585e-03
3.566153778455953202e-03
3.535784361125809527e-03
3.615630662302297526e-03
3.745545683879935184e-03
3.695511541885806040e-03
3.729642818873549290e-03
3.779833096895948534e-03
3.844849898579393629e-03
3.829544255421717027e-03
3.879711809189858446e-03
3.945352843772638625e-03
3.930017101308314227e-03
3.980387870913998198e-03
4.046120173068930986e-03
4.030822385956119372e-03
4.081319034470373523e-03
4.147137906756484527e-03
4.131875680805271664e-03
4.182490703286665529e-03
4.248391978608066777e-03
4.233162334840513338e-03
4.283888790886820896e-03
4.349868421601512172e-03
4.334668314270385611e-03
4.385499128600895725e-03
4.451553330982595952e-03
4.436379483926050984e-03
4.487307607503709939e-03
5.689447572694179660e-03
5.724686124503932869e-03
5.673758603527119873e-03
5.791282110974032074e-03
5.775567426026196639e-03
5.826400608267771029e-03
5.892926787739843561e-03
5.877183743464464705e-03
5.927914914721618168e-03
5.994366009086763564e-03
5.978592174352065358e-03
6.029213584236910867e-03
6.095584002600249254e-03
6.079777172786199162e-03
6.130280976800773184e-03
6.196564787141508983e-03
6.180722996855091134e-03
6.231101241721124194e-03
6.611370938121915314e-03
6.565893128635273170e-03
6.597976137475021138e-03
6.297292143687220449e-03
6.281413681240631194e-03
6.331115856234442729e-03
6.545924265318889095e-03
6.533104406020532814e-03
6.501209236776874130e-03
6.394794365865407067e-03
6.379816130826169301e-03
6.425639246611787765e-03
5.548403035529217084e-03
5.497228842861461018e-03
5.532547377355227433e-03
5.618944662571259858e-03
5.603164262637259918e-03
5.567858961680626807e-03
5.638463936425168119e-03
5.477817211608934644e-03
5.426568125234698149e-03
5.461902660656932189e-03
5.407181415535480644e-03
5.355871064990550164e-03
5.391224505466877572e-03
5.336489640076013709e-03
5.285131692497471029e-03
5.320507047061022107e-03
5.265735710853344624e-03
5.214343877039953438e-03
5.249744227076910859e-03
5.194913352158269347e-03
5.178929858775528638e-03
5.143501392339483794e-03
5.124016255586540981e-03
5.108057694007802664e-03
5.072597985076717116e-03
5.053038143225362273e-03
5.037121489037069827e-03
5.001627438021789655e-03
4.981972834607271625e-03
4.930583635468588008e-03
4.966115069586771354e-03
4.910814316238566041e-03
4.859460634892223338e-03
4.895032397595638386e-03
4.839556810835439656e-03
4.823867642760670989e-03
4.788252731803577592e-03
4.768194827017934942e-03
4.752615237660598631e-03
4.716954514633681789e-03
4.696723234181555094e-03
4.645560933196353492e-03
4.681269945268997680e-03
4.625137314883255406e-03
4.574067355010028556e-03
4.609826916210721902e-03
3.529516801728730616e-03
3.507771425676532023e-03
3.557620635581414375e-03
3.680819788220149845e-03
3.663223635461928043e-03
3.633234436408753262e-03
3.713169784715142363e-03
3.795165828676232752e-03
3.895067400831184971e-03
3.995704325951175868e-03
4.096598622870047980e-03
4.197736276582955846e-03
4.299103274719945876e-03
4.400685686219718736e-03
4.553432824654340960e-03
4.502469622789686404e-03
4.538281748840813055e-03
5.740387604220311378e-03
5.842129150707305735e-03
5.943673059062284589e-03
6.045003650086615797e-03
6.146105050580466696e-03
6.246961163904628245e-03
6.578674155180766307e-03
6.346076661903500733e-03
6.481010230396037908e-03
6.513494006617480750e-03
6.468698191359797955e-03
6.437927163254550909e-03
5.513116001746426985e-03
5.583679022396752234e-03
5.654200626946956874e-03
5.442505929568585560e-03
5.371842906588250588e-03
5.301120833816987121e-03
5.230333477915486903e-03
5.159474538469040021e-03
5.088537713955496901e-03
5.017516766866716472e-03
4.946405592005802092e-03
4.875198285926997215e-03
4.803889206445137450e-03
4.732473034982058110e-03
4.660944840228892737e-03
4.589300134306762043e-03
3.627747810096465780e-03
3.578583813377188283e-03
3.606774246117243430e-03
3.654281665002521908e-03
3.776238392352351033e-03
3.728498984735673007e-03
3.760937341795932056e-03
3.810531716435093790e-03
3.875315807390022297e-03
3.860132103008228743e-03
3.910328861085248485e-03
3.975735718806266451e-03
3.960593987677048754e-03
4.010925852949914078e-03
4.076425172319579453e-03
4.061322722980190494e-03
4.111782848416213609e-03
4.177370442226095715e-03
4.162304513567330506e-03
4.212885982936767117e-03
4.278557985196122272e-03
4.263525552721926168e-03
4.314221497328134432e-03
4.379974331718555422e-03
4.364972120146997335e-03
4.415775700657758630e-03
4.481606046516820735e-03
4.517534929968484297e-03
4.466630544129396134e-03
5.720999188135127318e-03
5.705196022211278875e-03
5.756148514406063746e-03
5.822884793013325538e-03
5.857916960768238743e-03
5.807056144100762249e-03
5.924585642619569111e-03
5.959490247041946374e-03
5.908728985501061209e-03
6.026085726634068489e-03
6.010198742943255110e-03
6.060852477284239294e-03
6.127368827789739757e-03
6.111449420316480974e-03
6.161987547821408742e-03
6.228418493564136064e-03
6.212464799005529281e-03
6.262879117955822902e-03
6.632174599303652940e-03
6.589074766045483443e-03
6.621739091409121342e-03
6.329218031404973410e-03
6.313228406866417015e-03
6.362030225628368708e-03
6.560245403509193211e-03
6.520647584752785331e-03
6.553060756997152771e-03
6.424081913137865557e-03
6.409413507455107538e-03
6.452566219864228243e-03
5.580230977044033612e-03
5.529038827988186702e-03
5.564299135438810322e-03
5.650650663710389716e-03
5.599544301407765635e-03
5.634775039060921885e-03
5.669992055037268580e-03
5.509734258446661280e-03
5.458469817477165469e-03
5.493762637196472794e-03
5.439154392873857442e-03
5.387831214112875911e-03
5.423159599760301632e-03
5.368485085211138590e-03
5.317116788699073268e-03
5.352483872455520049e-03
5.297719926615405278e-03
5.281729164085493221e-03
5.246320204657364469e-03
5.226852461925364859e-03
5.175435086022909213e-03
5.210889109541988126e-03
5.155876259055781376e-03
5.139957338824467301e-03
5.104455083711113492e-03
5.084784970663247874e-03
5.068927539466270248e-03
5.033373939794685489e-03
5.013572409040540148e-03
4.997793527464689488e-03
4.962185559687340777e-03
4.942232604663832421e-03
4.926549311320729298e-03
4.890884076004982546e-03
4.870759883461561399e-03
4.819463912010397283e-03
4.855189165297203215e-03
4.799148909939391673e-03
4.783707675840364465e-03
4.747919840584795097e-03
4.727394766240706515e-03
4.676247049916535010e-03
4.712099818552743791e-03
4.655493001485677164e-03
4.604441198048417859e-03
4.640361009073525750e-03
3.578411958437333062e-03
3.554009481927337347e-03
3.603092376648890042e-03
3.709293501364501790e-03
3.695088578592810834e-03
3.668490314988921610e-03
3.742747206500952883e-03
3.825746584716002707e-03
3.925491204121923060e-03
4.026047620011023905e-03
4.126866680342007425e-03
4.227934773842109348e-03
4.329238398696737093e-03
4.430764107890767731e-03
4.583439685947827101e-03
4.568487160076655472e-03
4.532498467187637790e-03
5.771964089494931519e-03
5.873759305917354047e-03
5.975361785899736128e-03
6.076755419404049341e-03
6.177923874854282862e-03
6.278850578558098881e-03
6.596246005721209150e-03
6.376682415047099824e-03
6.503459811348763844e-03
6.531874938630306306e-03
6.492216623047498449e-03
6.463795439993279268e-03
5.544992622065301503e-03
5.615450074240351842e-03
5.685833464015399401e-03
5.474455107056306995e-03
5.403831315892670094e-03
5.333114888230156871e-03
5.262299383626056933e-03
5.191378349996669632e-03
5.120345389204078793e-03
5.049194225389918439e-03
4.977918771750845968e-03
4.906513198504924671e-03
4.834971993139891046e-03
4.763290021559684478e-03
4.691462592327048930e-03
4.619485508470529134e-03
3.675003362413052730e-03
3.651413948451314069e-03
3.626658936899981693e-03
3.692165585685582788e-03
3.786655202653040498e-03
3.747975705375800048e-03
3.781505805129336140e-03
3.830961404198346583e-03
3.902685653103604539e-03
3.939205258013039196e-03
3.889052471230034641e-03
4.005700740462123099e-03
4.041064564899281460e-03
3.990773008565057060e-03
4.106309464163955363e-03
4.141845031048871709e-03
4.091422464891628606e-03
4.207179885351751240e-03
4.242877545759425433e-03
4.192330615226749074e-03
4.308298994622674488e-03
4.344148865756811660e-03
4.293484183819527497e-03
4.409653839020564320e-03
4.445645791956764729e-03
4.394869955993927282e-03
4.511231466576825881e-03
4.496474736332992279e-03
4.547355122402760123e-03
5.752750693506324467e-03
5.736852311072892889e-03
5.787829600809764330e-03
5.854687088827741082e-03
5.838763327860178529e-03
5.889651492405693564e-03
5.956443639492452549e-03
5.940492065746413863e-03
5.991283023636263978e-03
6.058003929195285124e-03
6.042022310166884555e-03
6.092707872935351765e-03
6.159351305915922344e-03
6.193909483392621117e-03
6.143337625296611815e-03
6.260468853850143303e-03
6.294871038905259716e-03
6.244421327344858684e-03
6.646942220834383200e-03
6.603614447596014778e-03
6.639530758573774366e-03
6.361339435636504010e-03
6.345256454124648983e-03
6.392736253396014666e-03
6.569323617623577458e-03
6.536398327734730535e-03
6.564764477671770036e-03
6.474305590997383487e-03
6.449171467265547505e-03
6.488885642359444074e-03
5.612183135370762098e-03
5.596193860223050084e-03
5.560972706668120685e-03
5.682518809182386145e-03
5.631391641405791675e-03
5.666566810380933850e-03
5.701720124940853202e-03
5.541737406941310215e-03
5.525727393940434336e-03
5.490457135829547065e-03
5.471175164171714414e-03
5.455161124789999552e-03
5.419838556869231889e-03
5.400489819894013430e-03
5.384488612161637995e-03
5.349110477364847106e-03
5.329674727610977936e-03
5.313703328805305381e-03
5.278266352230489775e-03
5.258723250310173500e-03
5.207299652796479501e-03
5.242798728941458312e-03
5.187628828254592199e-03
5.136203931507730101e-03
5.171768316858013116e-03
5.116385048529683080e-03
5.064972894115791005e-03
5.100605712518033533e-03
5.044985710513829290e-03
4.993600461655155025e-03
5.029304721738982881e-03
4.973424894866506143e-03
4.957859399971880493e-03
4.922080843539842696e-03
4.901697023524529545e-03
4.850408589086818018e-03
4.886264120943391125e-03
4.829796927129774778e-03
4.778578660725636001e-03
4.814513631935013298e-03
4.757719899470256621e-03
4.706586485860875420e-03
4.742603120562214475e-03
4.685461755595238427e-03
4.670528268499496254e-03
4.634428012989260173e-03
3.632455680056952303e-03
3.605477057341181877e-03
3.653754113186154836e-03
3.730764858692367340e-03
3.844619064824253678e-03
3.954157016522845403e-03
4.055971581830799047e-03
4.156712779721519029e-03
4.257709165097413317e-03
4.358947759690666446e-03
4.460415615467462278e-03
4.613018886045038534e-03
4.598285305688116012e-03
4.562099766499859259e-03
5.803740351733433118e-03
5.905588862794924725e-03
6.007249348742679795e-03
6.108705278946586180e-03
6.209939872909379585e-03
6.310936090997843438e-03
6.608176122541996843e-03
6.417869968391156851e-03
6.521870717017507792e-03
5.576974425391429714e-03
5.647364329765046202e-03
5.717647340559590258e-03
5.506471256690402202e-03
5.435848291756276325e-03
5.365098905207825800e-03
5.294216446707164341e-03
5.223194309318161810e-03
5.152025998237087789e-03
5.080705198344139320e-03
5.009225841508520814e-03
4.937582171128565567e-03
4.865768805894042821e-03
4.793780800785245495e-03
4.721613703368347445e-03
4.649263610058388188e-03
3.735945978982969408e-03
3.684143323310260475e-03
3.705504817468192186e-03
3.761327638008836807e-03
3.837521113467297178e-03
3.870104167090018116e-03
3.812142114605813255e-03
3.936134106934116930e-03
3.970915099537630950e-03
3.919463495574379043e-03
4.035293394568789660e-03
4.070805347409063579e-03
4.020554753541196423e-03
4.135710021296898180e-03
4.171453628437550576e-03
4.121069846518237226e-03
4.236539252805202223e-03
4.272431534910239512e-03
4.221920146400673368e-03
4.337589324231446580e-03
4.373637654368957121e-03
4.323004976704792647e-03
4.438865612753833956e-03
4.475068386410960969e-03
4.424320801482109662e-03
4.540388304218328716e-03
4.525871061906034006e-03
4.576727216985054109e-03
5.784664511773990499e-03
5.768689638010795692e-03
5.819691679246228808e-03
5.886651715239294563e-03
5.870651414254969037e-03
5.921566795230059389e-03
5.988463843803294023e-03
5.972435744929787890e-03
6.023256187380244403e-03
6.090084084893494960e-03
6.124743118390083528e-03
6.074026014423624352e-03
6.191495361505583266e-03
6.175405356810383453e-03
6.226010587036991638e-03
6.292680303615127979e-03
6.327041301887333970e-03
6.276556629895561033e-03
6.655557885078476101e-03
6.612457705756673992e-03
6.651229428880909775e-03
6.392536783429552012e-03
6.376920594262413047e-03
6.433469209427894117e-03
6.569915117236217218e-03
6.522128521188098188e-03
6.569607087079575199e-03
5.644222296969871391e-03
5.592993145649864661e-03
5.628194147989605371e-03
5.714511733115165172e-03
5.698501987834392324e-03
5.663363492762233178e-03
5.733610442946526775e-03
5.573789536543570858e-03
5.557759653319141631e-03
5.522492843569505420e-03
5.503206642172837545e-03
5.487191869802695784e-03
5.451855893546523474e-03
5.432466730422520589e-03
5.381075536256115822e-03
5.416484062676172467e-03
5.361562913765538334e-03
5.345629465327824195e-03
5.310145015245399183e-03
5.290488370513092738e-03
5.239057645766993787e-03
5.274621348668263703e-03
5.219236414340354055e-03
5.167806884285875042e-03
5.203453089791988326e-03
5.147800563257112078e-03
5.096386395668839331e-03
5.132118241229817121e-03
5.076174608003037811e-03
5.024790121843534726e-03
5.060610597895618540e-03
5.004352673508538109e-03
4.953012342490128832e-03
4.988924262309613750e-03
4.932329290058751377e-03
4.881047744295967210e-03
4.917053710188419580e-03
4.860099450495583215e-03
4.808891476735318790e-03
4.844993852784144212e-03
4.787658665783289802e-03
4.736539208898381779e-03
4.772740091898626004e-03
4.715003023181397503e-03
4.663987185709751043e-03
4.700288378049888652e-03
3.691478028406500449e-03
3.662006776001690191e-03
3.713745205269457748e-03
3.786683871899305682e-03
3.886790393014014338e-03
3.985681411939645188e-03
4.085468246324050652e-03
4.186091932852984386e-03
4.287033110022132887e-03
4.388197877321476682e-03
4.489598893098849242e-03
4.642129236398152836e-03
4.591232276294409873e-03
4.627635262466136233e-03
5.835678953937720875e-03
5.937580705675989459e-03
6.039299007662255955e-03
6.140816918338036154e-03
6.242117217914948391e-03
6.342639789500979092e-03
6.612788098958336837e-03
6.489355257932719057e-03
6.481812573588437154e-03
6.440973802998006641e-03
6.529681551195242947e-03
5.679384506654679143e-03
5.609024252123612567e-03
5.749604792442076541e-03
5.538517282042954709e-03
5.467856741180712396e-03
5.397035735323947245e-03
5.326047401138805752e-03
5.254884975957401297e-03
5.183541867085462301e-03
5.112011720543712875e-03
5.040288486055821866e-03
4.968366483424035279e-03
4.896240466766709973e-03
4.823905680938306469e-03
4.751357918442967836e-03
4.678593573749004891e-03
3.792354334344310435e-03
3.741861592042681778e-03
3.764181886656387324e-03
3.814954761512733689e-03
3.874401330741899987e-03
3.905261389985171042e-03
3.855995738308079686e-03
3.953468947866052921e-03
3.994376953309455684e-03
3.944871861736392281e-03
4.063582809443543921e-03
4.049500818597823355e-03
4.099651915060183172e-03
4.164778814160657351e-03
4.150309528292547324e-03
4.200671277631469469e-03
4.265458843557765056e-03
4.251064534114205699e-03
4.301540130492181695e-03
4.366340056359591278e-03
4.352030972138350509e-03
4.402622896688693048e-03
4.467567690737341002e-03
4.504001865527325690e-03
4.453283011674914228e-03
4.569034691225638822e-03
4.554777942832368906e-03
4.605609691382249286e-03
5.816703565215739120e-03
5.800670677479967917e-03
5.851697576644446924e-03
5.918741938191640628e-03
5.902683396478643034e-03
5.953626042400639480e-03
6.020609919951902533e-03
6.004523389795554666e-03
6.055373312153357161e-03
6.122290310853433122e-03
6.106173650224157833e-03
6.156922242134998252e-03
6.223719280295449130e-03
6.258232257972140902e-03
6.207593734748159849e-03
6.324836813216879600e-03
6.358721573242446905e-03
6.308744967843376433e-03
6.657919286568459057e-03
6.613931645196126537e-03
6.656725907704950755e-03
6.420910090622463685e-03
6.406710535016563526e-03
6.455169425555546715e-03
6.574153978575398780e-03
6.531770824598916170e-03
6.572024852141575280e-03
5.746592503926378076e-03
5.695422775852380069e-03
5.730543424636562293e-03
5.676311616586725110e-03
5.625063154895383437e-03
5.660262971379141292e-03
5.765625780273625142e-03
5.605853828169624076e-03
5.554539980327076291e-03
5.589822447635635523e-03
5.535211973655157318e-03
5.483846233430144691e-03
5.519214866747407071e-03
5.464378869069571286e-03
5.448433195528534258e-03
5.412974884180573459e-03
5.393347382840867239e-03
5.377470424782437169e-03
5.341918961865487619e-03
5.322110506989130053e-03
5.270671625412863201e-03
5.306319639860617061e-03
5.250661427703717278e-03
5.199226233135032481e-03
5.234974090713221534e-03
5.178993594805125951e-03
5.127576411625375287e-03
5.163427261105892063e-03
5.107100789585449808e-03
5.055716120372150645e-03
5.091672936739725062e-03
5.034977190523971975e-03
4.983639720157069172e-03
5.019705268849010069e-03
4.962617436315576447e-03
4.911342033120298135e-03
4.947518841312078738e-03
4.890016685877606080e-03
4.875108729273887331e-03
4.838818400494299121e-03
4.817170674482876627e-03
4.802470555053489805e-03
4.766064739823489341e-03
4.744085522930759774e-03
4.729605416097079108e-03
4.693082469096037518e-03
3.755304119022160724e-03
3.723426494138567036e-03
3.773876300925832223e-03
3.833345260429164066e-03
3.913930212620395609e-03
4.008480015169302475e-03
4.114146558785771943e-03
4.215085282626283847e-03
4.315867524580852856e-03
4.416923205760152522e-03
4.518272016499306522e-03
4.670787543797085516e-03
4.656524804620807041e-03
4.619883420812465578e-03
5.867742983323410121e-03
5.969698292930446237e-03
6.071474646663944062e-03
6.173031515122859129e-03
6.274306989712329780e-03
6.372901904631289409e-03
6.616086524816338146e-03
6.503719819952080879e-03
6.496529794550650987e-03
6.462337639534221009e-03
6.538972138121309195e-03
5.781668822458303943e-03
5.711473723991504665e-03
5.641105277626471716e-03
5.570556354502337153e-03
5.499819771214546626e-03
5.428888361071456357e-03
5.357755045428647458e-03
5.286412904630120695e-03
5.214855248089396260e-03
5.143075683005570928e-03
5.071068181205934562e-03
4.998827143583703912e-03
4.926347461671883206e-03
4.853624575733196320e-03
4.780659407049456244e-03
4.707468168520618709e-03
3.852427740241287819e-03
3.822424558486012692e-03
3.803816403602250807e-03
3.863449369053167503e-03
3.902899773340079512e-03
3.998794954499618193e-03
4.031185510472168505e-03
3.976169881740617904e-03
4.082635003105319210e-03
4.073191025148127815e-03
4.123716034657250520e-03
4.193713905340464877e-03
4.179314006048598200e-03
4.229600743653394099e-03
4.294237855912293525e-03
4.279916747842381700e-03
4.330307023582883295e-03
4.394555459763552392e-03
4.431085591888116182e-03
4.380519319006324214e-03
4.495717467519970423e-03
4.532403990575506990e-03
4.481714313450910550e-03
4.597128191444588285e-03
4.583153220489148173e-03
4.633989728228453918e-03
5.848831260376335592e-03
5.883810636762880873e-03
5.832758595820661425e-03
5.950921557794138644e-03
5.985792973745900948e-03
5.934822809485294087e-03
6.052846116208279725e-03
6.036718958601572198e-03
6.087598588034206885e-03
6.154557597626893022e-03
6.138414778901336681e-03
6.189171880185625162e-03
6.255949130533219014e-03
6.239824927501355818e-03
6.290429442302485595e-03
6.356561923064050698e-03
6.388772173376548388e-03
6.340690060488786244e-03
6.653939671682512769e-03
6.614055466754994658e-03
6.655925492641570802e-03
6.466468281721104300e-03
6.443677878817766040e-03
6.485113325385493538e-03
6.566536801141410577e-03
6.535130655681407712e-03
6.570346407198163555e-03
5.797729367425022429e-03
5.778724608435619435e-03
5.727532804401394909e-03
5.762654400434670532e-03
5.708414600628315509e-03
5.657146070935146695e-03
5.692363663085698092e-03
5.637893746926741535e-03
5.586561844849292392e-03
5.621879102101166696e-03
5.567154521554516962e-03
5.551193372750287507e-03
5.515772776875858298e-03
5.496189436032841193e-03
5.480299139279143882e-03
5.444771562830642495e-03
5.424991112205236089e-03
5.409189147099975441e-03
5.373551015691523450e-03
5.353552354760270776e-03
5.302104137121822769e-03
5.337856294646245968e-03
5.281866222785983750e-03
5.230424187948261132e-03
5.266293704437478851e-03
5.209926099852481458e-03
5.158504757086203145e-03
5.194494792846502014e-03
5.137725762052833267e-03
5.086339828380645814e-03
5.122453338049227402e-03
5.065259443463900925e-03
5.050163545616479822e-03
5.013923844798639021e-03
4.992521898420537382e-03
4.977620111189211792e-03
4.941251769510938280e-03
4.919508459977310968e-03
4.868319143071450812e-03
4.904818279742786252e-03
4.846215093984061056e-03
4.795127020784255983e-03
4.831753900879509275e-03
4.772638451896685924e-03
4.721686915225328796e-03
4.758428365983586629e-03
3.823753017447265468e-03
3.789558205426960761e-03
3.838144745049971735e-03
3.918232915636002574e-03
3.935906343357577913e-03
3.885353413208909607e-03
4.040709768306329115e-03
3.958483626446900050e-03
4.138126242802613736e-03
4.243941599691568312e-03
4.344364854970447602e-03
4.445104668827580194e-03
4.546392436387730433e-03
4.699128081524188774e-03
4.648098984614386364e-03
4.685029382635153006e-03
5.899896036338178953e-03
6.001905641983103917e-03
6.103725866759363884e-03
6.205279579324961443e-03
6.306283731813357510e-03
6.411551867936903480e-03
6.610290252743628546e-03
6.516559196518606836e-03
5.813802884856227211e-03
5.743595485990941711e-03
5.673180995271407713e-03
5.602551895687879653e-03
5.531700670973984345e-03
5.460619878706506752e-03
5.389302223138723973e-03
5.317740627297351703e-03
5.245928303867650189e-03
5.173858824326678027e-03
5.101526185763662589e-03
5.028924874826346501e-03
4.956049928162056459e-03
4.882896988605590904e-03
4.809462357742582544e-03
4.735919122109493416e-03
3.870948141611332393e-03
3.993877156842218744e-03
3.996385573268664178e-03
4.038223107078037916e-03
3.956063475288243772e-03
4.122333120091967347e-03
4.158044058183409976e-03
4.102552901220869394e-03
4.220831640426797073e-03
4.257545788369667891e-03
4.207337550838312693e-03
4.320773756085698365e-03
4.357686363309013454e-03
4.307583743612630918e-03
4.422176493017303082e-03
4.408443016805737094e-03
4.458975063943114263e-03
4.519375751558875852e-03
4.558301157896484795e-03
4.507648338505284083e-03
4.626738278199823452e-03
4.612008985172155566e-03
4.662969344826318856e-03
5.881011472238992926e-03
5.915994704776082920e-03
5.864917035823816877e-03
5.983154892439745444e-03
6.018031880276577400e-03
5.967033714563546414e-03
6.085137248590585628e-03
6.068986985574041822e-03
6.119881909525991606e-03
6.186940589381229733e-03
6.170744197968907468e-03
6.221482316475272605e-03
6.288546611731347762e-03
6.272242745027206516e-03
6.322594196504875697e-03
6.388152803746050858e-03
6.427362420554484299e-03
6.372352229662063203e-03
6.643549862947299017e-03
6.605048991808803137e-03
6.648750010656650188e-03
6.551891961504591015e-03
6.559223645537223812e-03
6.509187797573714150e-03
5.829884878338359097e-03
5.810871935262949990e-03
5.759657268874941900e-03
5.794798605069497420e-03
5.740495089844741862e-03
5.689205539571799697e-03
5.724459898899237481e-03
5.669873024150408856e-03
5.653893217230682340e-03
5.618521977078448984e-03
5.598997846477917796e-03
5.547598897040894629e-03
5.583090851947990207e-03
5.527861760364238819e-03
5.476428718133590987e-03
5.512045160974097038e-03
5.456457139280200715e-03
5.440748642136730533e-03
5.405004035639321067e-03
5.384776600479330294e-03
5.369194006352097544e-03
5.333317694130736142e-03
5.312813077595414032e-03
5.297374249685240892e-03
5.261362858775479011e-03
5.240559891344353030e-03
5.225282723746215233e-03
5.189133084666294228e-03
5.168010817717418742e-03
5.116622383612985485e-03
5.152913203817782381e-03
5.095160153162077259e-03
5.043825287799444911e-03
5.080259954164164510e-03
5.022002775748666929e-03
4.970736909542766528e-03
5.007317789823638628e-03
4.948534201838767146e-03
4.897352996110991216e-03
4.934082134138215517e-03
4.874750635328087625e-03
4.823669978921004201e-03
4.860549070113962845e-03
4.800649008691184640e-03
4.749861358577918413e-03
4.786715404267556477e-03
3.896637424290613164e-03
3.860218054656514453e-03
3.907499229920831547e-03
4.042035051312788466e-03
4.062387433116017646e-03
4.017979286961257356e-03
3.945214812144896312e-03
4.171542913394049937e-03
4.082155053412005359e-03
4.270771990580728150e-03
4.371440950890838166e-03
4.470752387709505705e-03
4.573018108429281053e-03
4.724380088353016989e-03
4.711830181323443424e-03
4.675531457497291050e-03
5.932102202821104391e-03
6.034167313318059868e-03
6.136062426829836519e-03
6.237769418014830862e-03
6.338376859668052622e-03
6.473352274206785675e-03
6.469911771445705992e-03
6.430773812891353927e-03
6.597773603589721959e-03
6.512659611095199252e-03
5.845970869112239454e-03
5.775713665033980170e-03
5.705215198784865764e-03
5.634467559208769342e-03
5.563462892850140964e-03
5.492193478921035023e-03
5.420651803624903023e-03
5.348830633434935311e-03
5.276723086834320640e-03
5.204322703831231085e-03
5.131623512721631732e-03
5.058620093400646375e-03
4.985307636416267361e-03
4.911681996076115893e-03
4.837739721447832653e-03
4.762552619039087110e-03
3.973761771619409126e-03
3.983897258017022810e-03
4.007885146147486567e-03
3.935214773933438416e-03
4.154546253252879885e-03
4.187696675239238088e-03
4.138481989978625396e-03
4.054919923275584169e-03
4.048565651019057736e-03
4.088677836016398233e-03
4.230601613556838649e-03
4.225781751114765505e-03
4.275677705502287096e-03
4.335603534985152906e-03
4.378914053650941572e-03
4.328281591030028533e-03
4.434519994833980433e-03
4.476943032897700778e-03
4.428410206806613313e-03
4.569226960648122698e-03
4.598006475473856436e-03
4.544333881690240141e-03
4.655357190133053123e-03
4.689889303312465459e-03
4.641102138622486134e-03
5.913208527615189045e-03
5.897110100508111928e-03
5.948214111040227639e-03
6.015406762256489751e-03
6.050307587943382776e-03
5.999280683082440502e-03
6.117448684744780998e-03
6.101292564655923061e-03
6.152233341118740033e-03
6.219315976095520816e-03
6.203127610262827371e-03
6.253973054636849209e-03
6.320989946756088405e-03
6.354614803764200778e-03
6.304767318785179861e-03
6.435887899603504048e-03
6.412017088857674581e-03
6.454645966414316802e-03
6.626700820481022658e-03
6.589299521674161185e-03
6.635140182129631130e-03
6.534243570006138986e-03
6.503798856570923437e-03
6.543082966065134551e-03
5.862056413783588160e-03
5.842998757462431608e-03
5.791760219136311491e-03
5.826940121598243698e-03
5.772517241224277111e-03
5.721205497844298812e-03
5.756515680004846078e-03
5.701755638613552855e-03
5.650384139514488986e-03
5.685828650483243200e-03
5.630705687322081800e-03
5.579288120659806754e-03
5.614870956570121828e-03
5.559359280181019707e-03
5.543634646730175031e-03
5.507909580581814464e-03
5.487708541452006490e-03
5.436240896425936255e-03
5.472111969870767888e-03
5.415745902035138011e-03
5.364274757087726317e-03
5.400295449858577741e-03
5.343464173361580326e-03
5.328177958693668635e-03
5.292004235428113094e-03
5.270856618541409043e-03
5.255752787505907526e-03
5.219422857918274219e-03
5.197917020678350340e-03
5.146524671390012573e-03
5.183013714807101734e-03
5.124639747915456407e-03
5.073304305955147336e-03
5.109955071544428594e-03
5.051019813555139397e-03
4.999757033650052002e-03
5.036571801627952490e-03
4.977052924423843068e-03
4.925878815897497855e-03
4.962859516394459332e-03
4.902735574688058505e-03
4.851666327750614981e-03
4.888814542573175631e-03
4.824568358173884214e-03
4.774453423794377746e-03
4.812715938830467756e-03
4.014347837417847446e-03
4.104689402867991478e-03
4.192556563903201104e-03
4.283078463688881621e-03
4.385023111448677589e-03
4.492277923249922075e-03
4.463419843031581763e-03
4.505934120264575710e-03
4.530747074022257841e-03
4.612268968358665920e-03
4.739631701660707193e-03
4.732057849684170696e-03
4.697472779779135639e-03
5.964326049408232543e-03
6.066448394128947687e-03
6.168405314228266739e-03
6.270178303231855807e-03
6.378474463352054938e-03
6.485113981794831881e-03
6.580520598196924580e-03
5.878137082944189136e-03
5.807792483925713727e-03
5.737171963792838184e-03
5.666267211566155225e-03
5.595070032907979024e-03
5.523572426889182888e-03
5.451766661774762844e-03
5.379645349639737908e-03
5.307201519022203794e-03
5.234428684686823902e-03
5.161320914503195016e-03
5.087872891488834370e-03
5.014079973746516858e-03
4.939938231168598641e-03
4.863720733461403788e-03
4.782096341039429772e-03
4.139893576757530148e-03
4.097405515703183426e-03
4.147275434949146758e-03
4.185231918836428144e-03
4.228449618068344344e-03
4.229622212910398235e-03
4.282002480129076284e-03
4.393715960923652575e-03
4.414145533176920544e-03
4.364686609040755762e-03
4.442958161104172861e-03
4.572867352787225205e-03
4.532560201096598289e-03
4.571104517394166018e-03
4.614123893479586680e-03
4.693365778253371159e-03
4.674420262397917941e-03
4.716537041167090383e-03
5.945387187741390037e-03
5.980433654103290038e-03
5.929302336128384684e-03
6.047642471528496579e-03
6.082585440520177356e-03
6.031528779495710577e-03
6.149746325341948032e-03
6.184574135083155573e-03
6.133601332164811959e-03
6.251680067972619631e-03
6.235501493971465359e-03
6.286381039933455588e-03
6.353180007109361649e-03
6.337088127038376616e-03
6.394593471167861302e-03
6.521610440058864949e-03
6.527941931512907386e-03
6.478756715736886003e-03
6.603366188807966060e-03
6.568805779292619627e-03
6.615058094360155155e-03
5.894208483975539072e-03
5.875069714312450460e-03
5.823806046284289717e-03
5.859043408516724331e-03
5.804445508971318307e-03
5.788495314440651740e-03
5.753110155118093365e-03
5.733505796774666929e-03
5.682112297647656102e-03
5.717649497011702622e-03
5.662241940941573938e-03
5.646497507102621501e-03
5.610804107990095650e-03
5.590645521929416342e-03
5.575031081468906531e-03
5.539177444815292402e-03
5.518708414781884827e-03
5.503242219804666858e-03
5.467224467745451441e-03
5.446422867155192513e-03
5.394937713170351590e-03
5.431123260709296539e-03
5.373781572962902167e-03
5.322310166732998303e-03
5.358666956304407834e-03
5.300777745699048957e-03
5.285866543540634552e-03
5.249335333699006734e-03
5.227405184865201344e-03
5.176007305704591679e-03
5.212715812833542371e-03
5.153658337154339367e-03
5.102320820590451958e-03
5.139209171724821480e-03
5.079532395574739949e-03
5.028271333705167621e-03
5.065341710906692135e-03
5.005270596570687847e-03
4.991231787358758540e-03
4.953978482872669308e-03
4.932390819500919420e-03
4.917641913537619189e-03
4.878447562147602071e-03
4.783578210951260068e-03
4.761636180259551723e-03
4.804176277250336684e-03
4.184162008625528194e-03
4.320335043722859335e-03
4.274374875601058728e-03
4.328060420567366416e-03
4.357012959687851274e-03
4.415276918890998110e-03
4.404543883870410369e-03
4.453803759230409547e-03
4.512978513446837953e-03
4.502728088650380552e-03
4.542952946903790895e-03
4.633068655100423296e-03
4.738445093829133682e-03
5.996532602075735352e-03
6.098714480338254286e-03
6.200735639044961667e-03
6.302454849418210117e-03
6.435589027613717976e-03
6.435752197549968884e-03
6.394400329209473655e-03
6.562520673879573309e-03
6.478642814973592685e-03
5.910266234497426642e-03
5.839796497280996292e-03
5.769015628415910188e-03
5.697914912091630625e-03
5.626485810323068708e-03
5.554720041355989783e-03
5.482609656669290392e-03
5.410147118133957177e-03
5.337325370562846436e-03
5.264137911833229044e-03
5.190578862593489204e-03
5.116643019643807994e-03
5.042448695812360576e-03
4.968883014845480207e-03
4.884421274625837597e-03
4.908480547127339749e-03
4.854560510937855344e-03
4.833971136973416391e-03
4.367781476549476363e-03
4.464097550249021898e-03
4.613115969860369196e-03
4.563012838098573151e-03
4.593062888164657458e-03
4.653264050998433612e-03
4.715337694190550530e-03
4.704416067695508380e-03
4.749518793584855264e-03
5.977512629977023602e-03
6.012618582783826361e-03
5.961458714317338994e-03
6.079827790408716230e-03
6.063743543365376909e-03
6.114831281784259380e-03
6.181996588160052278e-03
6.216885678811951213e-03
6.165879449249840431e-03
6.283790172779066263e-03
6.267742666970973001e-03
6.318535508753917590e-03
6.382933613666822575e-03
6.409299417307268848e-03
6.368064332809798486e-03
6.573545076970121331e-03
6.547578500788860112e-03
6.588489926623284504e-03
6.478237428084469320e-03
6.456915511768051251e-03
6.499979823338584289e-03
5.926305990320202347e-03
5.907049792163420084e-03
5.855759463543657763e-03
5.891073281094976431e-03
5.836244624360518128e-03
5.784883973135530703e-03
5.820363397551462509e-03
5.765087911888820867e-03
5.749320069367703026e-03
5.713670599374913103e-03
5.693570640581515144e-03
5.642110631758994604e-03
5.677934471363636423e-03
5.621697177232705227e-03
5.606204582784023345e-03
5.570202196234829393e-03
5.549419851894508808e-03
5.497917592486976750e-03
5.534102489138927224e-03
5.476770030817163654e-03
5.425268853965814313e-03
5.461640013133420811e-03
5.403727197850931481e-03
5.388803237664616455e-03
5.352242338435069142e-03
5.330284531162004374e-03
5.315585355312250383e-03
5.278831539133809966e-03
5.256396344261165567e-03
5.241961147984986087e-03
5.205010894275151692e-03
5.182175679114193502e-03
5.167982206954004933e-03
5.130834405632040893e-03
5.105900962219504617e-03
5.055563682281462128e-03
5.092783998485473154e-03
5.035321962440507219e-03
5.020368251997964042e-03
4.983829728581429079e-03
4.982025954627385990e-03
4.933196805447561881e-03
4.957294897501655570e-03
4.819263232871783334e-03
4.801500588528457951e-03
4.851947617735012132e-03
4.664190172518171106e-03
4.767263409740260700e-03
6.028687327805983334e-03
6.130931659155278157e-03
6.232915217332910679e-03
6.333385097154234714e-03
6.430612650767237454e-03
6.525941788186331687e-03
5.942323413659816693e-03
5.871690571855874875e-03
5.800710772721055265e-03
5.729374891816535302e-03
5.657680601861582274e-03
5.585606214176978140e-03
5.513143609125173775e-03
5.440298173764768729e-03
5.367056237101274635e-03
5.293392233466696559e-03
5.219337040351921565e-03
5.144086841570803467e-03
5.070664482690244446e-03
5.008750301359583303e-03
4.924482151867038034e-03
4.904555479532360547e-03
4.953339875387020863e-03
4.871837429901357090e-03
6.009550429090505970e-03
5.993544613411928845e-03
6.044734577405548245e-03
6.111928892275451421e-03
6.147011389658011554e-03
6.095890935450275910e-03
6.214131393410028854e-03
6.249012574785833482e-03
6.198076087414770147e-03
6.316243403469831361e-03
6.300028340343270979e-03
6.349641812194999242e-03
6.426021409049230762e-03
6.404486935967186600e-03
6.452182292874298480e-03
6.537264899055499415e-03
6.507753888705072876e-03
6.555448067776385376e-03
5.958314206378677313e-03
5.938904303530560119e-03
5.887585485816377445e-03
5.922994891652071624e-03
5.867879574443272787e-03
5.852084791175806745e-03
5.816491644897789706e-03
5.796466581464893714e-03
5.780804875957430353e-03
5.745023353238459460e-03
5.724734550301767248e-03
5.673217407742648169e-03
5.709185281927850290e-03
5.652438583179154354e-03
5.600927546160681253e-03
5.637105646426034990e-03
5.579805917827905005e-03
5.528283063733535098e-03
5.564655859629451772e-03
5.506749829414429517e-03
5.491808196262148827e-03
5.455230351468846363e-03
5.433262813119398536e-03
5.381762253484639533e-03
5.418548643785972910e-03
5.359304074266106784e-03
5.307835523689015227e-03
5.344854017433011209e-03
5.284750061429001160e-03
5.233445221872336239e-03
5.270641137833567864e-03
5.210909527459314620e-03
5.196644299287208127e-03
5.158388630336675079e-03
5.123600276672761814e-03
5.114813341844948354e-03
5.079442911473231945e-03
5.082812603889741085e-03
5.059129613331386430e-03
5.032393283526013020e-03
5.030556733770484741e-03
4.977488081804510613e-03
5.006355118538059236e-03
6.060756104871893764e-03
6.163048954084145853e-03
6.265208677362159827e-03
6.371159789747494334e-03
6.481701834011451349e-03
5.974274072515409380e-03
5.903439865388069273e-03
5.832222197012721862e-03
5.760650873265745278e-03
5.688637906489894293e-03
5.616174676467296928e-03
5.543331279173312372e-03
5.470060616151712664e-03
5.396339155873422673e-03
5.322086183447379860e-03
5.247911946157622805e-03
5.167269631667002934e-03
5.103271795020451751e-03
5.056764269826518818e-03
6.041466537582270042e-03
6.025525799595389358e-03
6.076747735755482112e-03
6.143947683399359101e-03
6.127954953635776809e-03
6.179092582292003422e-03
6.246466870240705883e-03
6.281410420142610231e-03
6.230314719081484279e-03
6.341932414584338859e-03
6.384045631913868972e-03
6.329104620582784273e-03
6.494583968719032895e-03
6.460307442973670100e-03
6.515975945333005691e-03
5.990198756959341092e-03
5.970598865001569208e-03
5.954773707721541104e-03
5.919249408172131202e-03
5.899315578969678217e-03
5.847898072579099660e-03
5.883624602031867559e-03
5.827606559036305027e-03
5.776174318180531640e-03
5.812068595921111164e-03
5.755932880674978318e-03
5.704186174299162755e-03
5.740371025126236350e-03
5.682872686624706147e-03
5.631336490482144290e-03
5.667697955039546764e-03
5.609829625641468524e-03
5.594865374886446620e-03
5.558283604254862960e-03
5.536490620189739656e-03
5.521671577778030846e-03
5.484867339811986750e-03
5.462536902088479911e-03
5.447956040590081969e-03
5.410907762133055840e-03
5.388225478956011963e-03
5.373822142012181849e-03
5.336471904830841079e-03
5.328818874948002861e-03
5.306839909349357794e-03
5.269842522160028166e-03
5.182484427302263240e-03
5.153061643548304503e-03
5.196811016805186548e-03
5.132634268564328396e-03
5.137022627265249927e-03
5.083764159298194592e-03
5.109959625090503520e-03
6.092722887377684422e-03
6.195225823569773527e-03
6.294217356632072352e-03
6.421903246284671116e-03
6.423988588298055503e-03
6.381931198371978108e-03
6.458270587944359327e-03
6.006084002078090379e-03
5.935009804919400868e-03
5.863514898373163413e-03
5.791825011197889415e-03
5.719458675449057977e-03
5.646408395870378474e-03
5.573216638310645420e-03
5.499572369102329744e-03
5.425437443431875388e-03
5.358584027934439921e-03
5.283214040766126204e-03
5.306099542183792539e-03
5.247105942517303959e-03
5.232838981704366309e-03
5.159851402816950823e-03
6.072476577892212644e-03
6.108267359083275824e-03
6.056993250718048852e-03
6.173415436276191194e-03
6.210001340937427311e-03
6.158702915558944904e-03
6.269121205526465533e-03
6.305590305851644164e-03
6.257817272870998086e-03
6.361249701485377842e-03
6.351610104791692406e-03
6.391626757193370582e-03
6.445595174950071934e-03
6.433758506568800287e-03
6.470148746863163547e-03
6.021550040492622789e-03
6.002099369321349867e-03
5.986375491059223175e-03
5.950716782212580290e-03
5.930518060301597991e-03
5.879068343692284149e-03
5.914948152178904628e-03
5.861298632251361537e-03
5.808618283738027632e-03
5.844490223322420380e-03
5.787165489383077829e-03
5.771591609602059331e-03
5.735018222203615464e-03
5.712950029220236099e-03
5.697958240542517691e-03
5.661385801914432109e-03
5.639453849694022608e-03
5.587964763496561932e-03
5.624694011713061471e-03
5.566307619916621013e-03
5.514411909175564140e-03
5.551450274556268653e-03
5.500225755386459192e-03
5.481442430490623616e-03
5.444209080005342830e-03
5.420486034150494466e-03
5.404393063898432076e-03
5.374643045929359403e-03
5.383536180662498380e-03
5.333366922377982128e-03
5.356209147998181215e-03
5.243392552844399097e-03
5.212978957125915039e-03
5.263407957058248085e-03
5.190189844309758826e-03
6.122960521552518395e-03
6.221283164601130664e-03
6.315204186058334147e-03
6.403444075733052965e-03
6.037343567157823013e-03
5.966366063078632452e-03
5.895968334265496921e-03
5.824291595139589189e-03
5.750117443424680556e-03
5.676264153061219390e-03
5.602935280897280990e-03
5.533337589739202068e-03
5.460386353658580084e-03
5.402073850024775685e-03
5.349161936262937685e-03
5.316220349801644221e-03
5.366440675308853207e-03
5.296268824416605972e-03
6.102588226704157119e-03
6.087558864438420876e-03
6.138062000442119984e-03
6.201612153815802553e-03
6.235425818793662381e-03
6.187538947262961886e-03
6.297749078289436621e-03
6.283457121386476496e-03
6.329563283887267716e-03
6.390428502295745009e-03
6.375857680376652119e-03
6.418077261171213459e-03
6.052354723136844049e-03
6.033753430775414678e-03
6.017955660809388291e-03
5.982144677258567807e-03
5.963988494485249550e-03
5.947284904183462208e-03
5.912650220071338954e-03
5.892119009055304599e-03
5.839643818728495854e-03
5.876749005746551360e-03
5.816973566673011055e-03
5.764959304407578193e-03
5.802118672025700051e-03
5.740760227190265866e-03
5.726915492340461759e-03
5.690101258013171952e-03
5.665007094078098292e-03
5.615649278251289532e-03
5.652284088360924955e-03
5.601259387243006684e-03
5.583812001398662066e-03
5.550741950640042041e-03
5.482287679583107420e-03
5.451392442476996232e-03
5.491348331134027379e-03
5.432918117787255766e-03
5.453812850651705048e-03
5.401489433721495120e-03
5.418689939515145340e-03
6.152113829059739115e-03
6.249696098554612285e-03
6.344108999302198494e-03
6.068227946056910585e-03
5.998929662403117667e-03
5.928124042890763751e-03
5.854614893029176821e-03
5.778937651309254409e-03
5.702937604444118826e-03
5.633162516347145314e-03
5.577976398334249380e-03
5.539113062669596965e-03
5.589675985606143253e-03
5.530146635400697876e-03
5.468140787303315230e-03
6.135161988974262813e-03
6.118903721063231882e-03
6.168449359365324285e-03
6.230821505922643291e-03
6.216244984817234816e-03
6.264351453713412794e-03
6.329253246946534364e-03
6.313524797084021228e-03
6.359910867418802453e-03
6.084467842858457161e-03
6.065179706163885583e-03
6.049496149878574522e-03
6.014592457346284136e-03
5.998718595468739527e-03
5.981381471944219839e-03
5.945429842027968523e-03
5.927309512223413387e-03
5.872139741886288691e-03
5.909780104810382489e-03
5.842401171713975175e-03
5.791576481253602610e-03
5.829769229590507466e-03
5.755395125126056173e-03
5.748148379642675602e-03
5.710195922979589833e-03
5.671374098174265452e-03
5.636315929789102730e-03
5.668249905677435162e-03
5.624697918745284395e-03
5.556820665232332403e-03
5.519562631508133539e-03
5.567483916613912183e-03
5.505330206150261911e-03
6.183003854116829630e-03
6.280054640327014694e-03
6.100227553346847242e-03
6.032003855276749787e-03
5.963138839402971382e-03
5.884937585843840260e-03
5.798955737945751983e-03
5.713425762319121297e-03
5.657662880392618984e-03
5.617821607080536288e-03
5.664594760505930159e-03
5.607266573572680310e-03
6.163106462342302257e-03
6.149163890544960716e-03
6.197026737607439113e-03
6.262279990576397753e-03
6.246579767437446425e-03
6.295839313432135403e-03
6.114151585232175182e-03
6.091913957346127735e-03
6.045320707304570676e-03
6.078582291724363325e-03
6.031994662399790125e-03
5.979680957018015421e-03
6.015390874480744561e-03
5.942117335262138596e-03
5.892258410467570567e-03
5.934828509546209545e-03
5.850800745482842742e-03
5.803094481180656912e-03
5.846688106145152622e-03
5.755823101034219375e-03
5.713595966262638610e-03
5.755686582286207408e-03
5.706778876271946521e-03
6.212704915992880821e-03
6.127573060529213460e-03
6.062005274807629428e-03
6.029321530613655257e-03
5.978322185133683013e-03
6.030721981176217703e-03
5.896514184980224983e-03
5.985781725741672402e-03
5.803358188392271182e-03
6.189762142477839117e-03
6.176471772674035216e-03
6.226094478722696626e-03
6.140844683404877297e-03
6.111996313436609748e-03
6.071996755448817729e-03
6.102000914678847206e-03
6.070727147433498290e-03
6.150951205630238519e-03
