2.999999999999999889e-01
2.997040092642407338e-01
2.994080185284814788e-01
2.985212144614124430e-01
2.976344103943434072e-01
2.961602928064750451e-01
2.946861752186066274e-01
2.926305617785979751e-01
2.905749483385893228e-01
2.879459516135676744e-01
2.853169548885460260e-01
2.821249503275107262e-01
2.789329457664754264e-01
2.751905307531406497e-01
2.714481157398058730e-01
2.671700598764824575e-01
2.628920040131589864e-01
2.580951908318817045e-01
2.532983776506044782e-01
2.480017379815443457e-01
2.427050983124841854e-01
2.369295355726105112e-01
2.311539728327368093e-01
2.249222805295801597e-01
2.186905882264235101e-01
2.120273600025150418e-01
2.053641317786066012e-01
1.982956643516067541e-01
1.912271969246068792e-01
1.837813863061744657e-01
1.763355756877419966e-01
1.685418070907205024e-01
1.607480384936990081e-01
1.526370703621067748e-01
1.445261022305144860e-01
1.361299448500181697e-01
1.277337874695217979e-01
1.190855766374626090e-01
1.104373658054034063e-01
1.015712320589438195e-01
9.270509831248421873e-02
8.365603223097031749e-02
7.460696614945641625e-02
6.541068026258692325e-02
5.621439437571742331e-02
4.690718222250438163e-02
3.759997006929133301e-02
2.821856296404270242e-02
1.883715585879406143e-02
9.418577929397039389e-03
1.839317965069847617e-17
-9.418577929397001225e-03
-1.883715585879401633e-02
-2.821856296404263303e-02
-3.759997006929123586e-02
-4.690718222250431224e-02
-5.621439437571738168e-02
-6.541068026258692325e-02
-7.460696614945644400e-02
-8.365603223097028973e-02
-9.270509831248412158e-02
-1.015712320589437223e-01
-1.104373658054032814e-01
-1.190855766374625535e-01
-1.277337874695217979e-01
-1.361299448500181974e-01
-1.445261022305145970e-01
-1.526370703621068303e-01
-1.607480384936990636e-01
-1.685418070907205024e-01
-1.763355756877418856e-01
-1.837813863061744102e-01
-1.912271969246068792e-01
-1.982956643516067541e-01
-2.053641317786065734e-01
-2.120273600025149863e-01
-2.186905882264233714e-01
-2.249222805295800487e-01
-2.311539728327366705e-01
-2.369295355726104557e-01
-2.427050983124841854e-01
-2.480017379815443179e-01
-2.532983776506043672e-01
-2.580951908318817045e-01
-2.628920040131589309e-01
-2.671700598764824020e-01
-2.714481157398057620e-01
-2.751905307531405942e-01
-2.789329457664753709e-01
-2.821249503275107262e-01
-2.853169548885459705e-01
-2.879459516135676744e-01
-2.905749483385892673e-01
-2.926305617785979751e-01
-2.946861752186065719e-01
-2.961602928064749340e-01
-2.976344103943432406e-01
-2.985212144614123875e-01
-2.994080185284814233e-01
-2.997040092642407338e-01
-2.999999999999999334e-01
-2.997040092642407338e-01
-2.994080185284814233e-01
-2.985212144614124430e-01
-2.976344103943433517e-01
-2.961602928064750451e-01
-2.946861752186065719e-01
-2.926305617785979751e-01
-2.905749483385892673e-01
-2.879459516135677299e-01
-2.853169548885460260e-01
-2.821249503275107262e-01
-2.789329457664753709e-01
-2.751905307531406497e-01
-2.714481157398058175e-01
-2.671700598764824575e-01
-2.628920040131589864e-01
-2.580951908318817045e-01
-2.532983776506044782e-01
-2.480017379815444012e-01
-2.427050983124842964e-01
-2.369295355726105390e-01
-2.311539728327367815e-01
-2.249222805295801597e-01
-2.186905882264235101e-01
-2.120273600025150418e-01
-2.053641317786066012e-01
-1.982956643516067541e-01
-1.912271969246069070e-01
-1.837813863061744657e-01
-1.763355756877419966e-01
-1.685418070907204469e-01
-1.607480384936988971e-01
-1.526370703621067471e-01
-1.445261022305145693e-01
-1.361299448500181142e-01
-1.277337874695216036e-01
-1.190855766374624425e-01
-1.104373658054032814e-01
-1.015712320589437778e-01
-9.270509831248426036e-02
-8.365603223097028973e-02
-7.460696614945631910e-02
-6.541068026258686774e-02
-5.621439437571738862e-02
-4.690718222250438163e-02
-3.759997006929136076e-02
-2.821856296404266426e-02
-1.883715585879396082e-02
-9.418577929397008164e-03
-5.507273147603366665e-17
9.418577929396897142e-03
1.883715585879384979e-02
2.821856296404256018e-02
3.759997006929127056e-02
4.690718222250427061e-02
5.621439437571727066e-02
6.541068026258686774e-02
7.460696614945645788e-02
8.365603223097031749e-02
9.270509831248414934e-02
1.015712320589436807e-01
1.104373658054031843e-01
1.190855766374623453e-01
1.277337874695214925e-01
1.361299448500181142e-01
1.445261022305146803e-01
1.526370703621068581e-01
1.607480384936989803e-01
1.685418070907204746e-01
1.763355756877419134e-01
1.837813863061743547e-01
1.912271969246067960e-01
1.982956643516066153e-01
2.053641317786064069e-01
2.120273600025149030e-01
2.186905882264233991e-01
2.249222805295801042e-01
2.311539728327368093e-01
2.369295355726105112e-01
2.427050983124842132e-01
2.480017379815443179e-01
2.532983776506044227e-01
2.580951908318816490e-01
2.628920040131588753e-01
2.671700598764823464e-01
2.714481157398058175e-01
2.751905307531405942e-01
2.789329457664754264e-01
2.821249503275107262e-01
2.853169548885460260e-01
2.879459516135676744e-01
2.905749483385893228e-01
2.926305617785979751e-01
2.946861752186066274e-01
2.961602928064749340e-01
2.976344103943432962e-01
2.985212144614123875e-01
2.994080185284814788e-01
2.997040092642407338e-01
