4.039652252197265625e+01
3.075422048568725586e+00
1.854055762290954590e+00
1.550482153892517090e+00
1.020958662033081055e+00
8.122006654739379883e-01
6.758227348327636719e-01
6.111304163932800293e-01
5.144173502922058105e-01
4.608278870582580566e-01
4.070544838905334473e-01
3.653489351272583008e-01
3.658275306224822998e-01
3.486799597740173340e-01
3.125367462635040283e-01
3.656109273433685303e-01
3.119175732135772705e-01
2.599763274192810059e-01
3.245052695274353027e-01
3.229939341545104980e-01
2.464281171560287476e-01
2.473636269569396973e-01
2.492570579051971436e-01
2.153173834085464478e-01
1.900968551635742188e-01
2.207021564245223999e-01
2.042718827724456787e-01
2.331235259771347046e-01
1.654114872217178345e-01
1.538120210170745850e-01
1.228139996528625488e-01
1.774888485670089722e-01
1.589435189962387085e-01
1.477580517530441284e-01
1.542133241891860962e-01
1.731792986392974854e-01
1.505412459373474121e-01
1.171201169490814209e-01
1.314367949962615967e-01
8.751039952039718628e-02
1.127424091100692749e-01
1.504586338996887207e-01
1.229629442095756531e-01
1.005121320486068726e-01
9.778044372797012329e-02
7.699593901634216309e-02
8.945874869823455811e-02
1.502223461866378784e-01
9.118139743804931641e-02
1.587346196174621582e-01
1.112499758601188660e-01
1.133340820670127869e-01
6.956547498703002930e-02
7.716684043407440186e-02
7.633031904697418213e-02
6.135266646742820740e-02
8.197470009326934814e-02
7.777524739503860474e-02
8.504025638103485107e-02
6.016004458069801331e-02
6.515850871801376343e-02
6.984775513410568237e-02
8.514129370450973511e-02
7.071175426244735718e-02
1.289910376071929932e-01
7.109749317169189453e-02
8.510673046112060547e-02
4.864998534321784973e-02
6.249617040157318115e-02
9.075041860342025757e-02
8.176170289516448975e-02
6.735800951719284058e-02
6.843388080596923828e-02
5.682491883635520935e-02
5.776859819889068604e-02
6.675709784030914307e-02
5.603072419762611389e-02
4.665564373135566711e-02
5.782628059387207031e-02
5.825568363070487976e-02
5.916635692119598389e-02
5.419242754578590393e-02
4.850712418556213379e-02
3.997174650430679321e-02
4.959195107221603394e-02
4.673910886049270630e-02
6.669044494628906250e-02
5.542813241481781006e-02
5.356710404157638550e-02
4.452046751976013184e-02
4.143011197447776794e-02
5.240171402692794800e-02
5.520312488079071045e-02
4.200263693928718567e-02
5.170332640409469604e-02
4.688630998134613037e-02
5.444609373807907104e-02
5.312106758356094360e-02
6.149053946137428284e-02
5.103340372443199158e-02
4.101292043924331665e-02
6.441217660903930664e-02
4.289503768086433411e-02
5.862884223461151123e-02
5.703108757734298706e-02
3.942659124732017517e-02
4.974205046892166138e-02
6.181473284959793091e-02
4.494798928499221802e-02
5.351750925183296204e-02
5.456206947565078735e-02
4.699668288230895996e-02
4.204209148883819580e-02
4.492397978901863098e-02
4.531956464052200317e-02
3.788236528635025024e-02
5.770134180784225464e-02
5.310838297009468079e-02
5.655912309885025024e-02
5.357087403535842896e-02
3.744393587112426758e-02
3.929502144455909729e-02
3.394902497529983521e-02
4.662038385868072510e-02
3.223315626382827759e-02
3.769468516111373901e-02
4.648196697235107422e-02
3.770959004759788513e-02
3.792709112167358398e-02
5.355382338166236877e-02
3.767779096961021423e-02
5.053731054067611694e-02
3.978217393159866333e-02
3.828183561563491821e-02
3.144017234444618225e-02
3.364856541156768799e-02
4.542076215147972107e-02
5.476373434066772461e-02
3.088074922561645508e-02
4.299935325980186462e-02
3.264340758323669434e-02
3.772269934415817261e-02
4.364810138940811157e-02
3.415452316403388977e-02
3.975899517536163330e-02
3.829516470432281494e-02
2.732184901833534241e-02
3.499343246221542358e-02
3.184101358056068420e-02
2.880955487489700317e-02
3.822823986411094666e-02
7.602833956480026245e-02
6.140328943729400635e-02
3.083397634327411652e-02
3.627588599920272827e-02
3.785317391157150269e-02
3.720652684569358826e-02
2.986936271190643311e-02
3.475821390748023987e-02
4.054190590977668762e-02
3.498789668083190918e-02
3.352665528655052185e-02
3.283897042274475098e-02
3.621929138898849487e-02
3.317089751362800598e-02
3.447055444121360779e-02
2.956623025238513947e-02
4.946128651499748230e-02
3.817310929298400879e-02
4.594752937555313110e-02
3.201713040471076965e-02
3.289381787180900574e-02
3.446309641003608704e-02
2.764252573251724243e-02
2.707892283797264099e-02
2.943273633718490601e-02
3.073614835739135742e-02
3.279542177915573120e-02
3.831255063414573669e-02
2.740040607750415802e-02
3.749720007181167603e-02
3.334713727235794067e-02
2.875883504748344421e-02
2.931750565767288208e-02
2.880894206464290619e-02
2.796493284404277802e-02
3.574187308549880981e-02
2.744386158883571625e-02
2.640902996063232422e-02
2.411671355366706848e-02
2.494412288069725037e-02
3.260131925344467163e-02
2.688989974558353424e-02
2.730528637766838074e-02
3.265660628676414490e-02
3.423487767577171326e-02
3.859927132725715637e-02
2.172029577195644379e-02
3.157384693622589111e-02
2.241069450974464417e-02
2.507902681827545166e-02
2.439302019774913788e-02
2.635291963815689087e-02
2.818796411156654358e-02
2.190225943922996521e-02
1.973857730627059937e-02
3.160876408219337463e-02
2.570324763655662537e-02
2.224901691079139709e-02
2.940610796213150024e-02
2.640873193740844727e-02
1.979721337556838989e-02
2.579441294074058533e-02
2.741363458335399628e-02
3.088743239641189575e-02
2.779102697968482971e-02
2.123090811073780060e-02
2.432248368859291077e-02
2.537149004638195038e-02
2.701252512633800507e-02
2.823889255523681641e-02
2.621902339160442352e-02
2.703130804002285004e-02
2.863345295190811157e-02
2.256580814719200134e-02
2.371749468147754669e-02
2.026303485035896301e-02
2.738805674016475677e-02
2.318855375051498413e-02
2.653652057051658630e-02
2.177595347166061401e-02
2.343934401869773865e-02
3.009771928191184998e-02
3.333818539977073669e-02
2.176249958574771881e-02
2.418254688382148743e-02
2.032737433910369873e-02
3.123750537633895874e-02
3.675572946667671204e-02
3.016853518784046173e-02
3.123998455703258514e-02
1.893838867545127869e-02
2.329177036881446838e-02
2.379399910569190979e-02
2.302505075931549072e-02
2.133854106068611145e-02
2.608076669275760651e-02
2.138244733214378357e-02
2.372150309383869171e-02
2.176693081855773926e-02
4.493574053049087524e-02
1.998685486614704132e-02
2.509439736604690552e-02
2.027943730354309082e-02
2.904943563044071198e-02
1.911152154207229614e-02
1.843570172786712646e-02
2.466072514653205872e-02
2.610644511878490448e-02
2.665979042649269104e-02
2.317086793482303619e-02
2.005536668002605438e-02
1.851973682641983032e-02
2.223593741655349731e-02
2.418887987732887268e-02
2.468651533126831055e-02
1.954780146479606628e-02
2.231451310217380524e-02
2.007397450506687164e-02
2.214242145419120789e-02
2.205652929842472076e-02
2.328886277973651886e-02
2.663028240203857422e-02
2.048886194825172424e-02
1.632880978286266327e-02
1.856180280447006226e-02
1.782061345875263214e-02
2.084388956427574158e-02
1.564938202500343323e-02
1.659775711596012115e-02
2.477359585464000702e-02
1.929295435547828674e-02
1.868992671370506287e-02
2.567692287266254425e-02
2.071118168532848358e-02
2.439823746681213379e-02
2.202771976590156555e-02
2.074344642460346222e-02
1.896527223289012909e-02
2.310148999094963074e-02
1.898146793246269226e-02
1.715429872274398804e-02
2.149884775280952454e-02
2.396478876471519470e-02
1.694114878773689270e-02
1.885784044861793518e-02
1.851990260183811188e-02
2.653766423463821411e-02
2.400632388889789581e-02
1.585109531879425049e-02
1.838917098939418793e-02
1.713015884160995483e-02
1.546690054237842560e-02
1.972522586584091187e-02
2.155960723757743835e-02
2.141623571515083313e-02
3.397612646222114563e-02
2.032277546823024750e-02
2.036199346184730530e-02
1.825489290058612823e-02
1.484260335564613342e-02
1.751937344670295715e-02
2.286050841212272644e-02
1.725402288138866425e-02
1.689828000962734222e-02
1.340620964765548706e-02
1.447479799389839172e-02
2.018424123525619507e-02
1.737310737371444702e-02
1.490833982825279236e-02
1.936791092157363892e-02
1.714017242193222046e-02
1.574700511991977692e-02
1.555760391056537628e-02
1.391342002898454666e-02
1.644915714859962463e-02
1.503394544124603271e-02
1.719105243682861328e-02
2.052307501435279846e-02
1.967312023043632507e-02
1.371762529015541077e-02
2.098217792809009552e-02
1.754714921116828918e-02
1.698459684848785400e-02
1.355567295104265213e-02
1.633316837251186371e-02
1.444653980433940887e-02
1.449889596551656723e-02
1.775381900370121002e-02
1.557053253054618835e-02
1.396087836474180222e-02
1.743380166590213776e-02
1.451041456311941147e-02
1.574583910405635834e-02
2.199981734156608582e-02
2.009074389934539795e-02
1.941702701151371002e-02
1.775769516825675964e-02
1.389971375465393066e-02
1.290527544915676117e-02
1.996013149619102478e-02
1.654961332678794861e-02
1.210026163607835770e-02
1.477778330445289612e-02
1.621139049530029297e-02
1.188002713024616241e-02
1.666139625012874603e-02
1.292302832007408142e-02
1.199199073016643524e-02
1.669801957905292511e-02
1.410852745175361633e-02
1.983216218650341034e-02
1.221677381545305252e-02
1.204747334122657776e-02
1.611594110727310181e-02
1.436919346451759338e-02
1.430758275091648102e-02
1.149547938257455826e-02
1.401641219854354858e-02
1.554221659898757935e-02
1.807390712201595306e-02
1.594085618853569031e-02
1.260917820036411285e-02
1.822207123041152954e-02
1.591685228049755096e-02
1.593759097158908844e-02
1.474356092512607574e-02
2.031156979501247406e-02
1.527334284037351608e-02
1.665172353386878967e-02
1.917003281414508820e-02
2.312432602047920227e-02
1.354962121695280075e-02
1.438057608902454376e-02
1.657392084598541260e-02
1.307353843003511429e-02
1.287577301263809204e-02
1.503882650285959244e-02
1.468987297266721725e-02
1.175854075700044632e-02
1.186730619519948959e-02
1.115929894149303436e-02
1.283946726471185684e-02
1.676544547080993652e-02
1.652419567108154297e-02
1.544446218758821487e-02
1.256708800792694092e-02
1.131933927536010742e-02
1.442898996174335480e-02
1.400464214384555817e-02
1.349874865263700485e-02
1.538383960723876953e-02
9.997757151722908020e-03
1.274454593658447266e-02
1.095482055097818375e-02
2.182843349874019623e-02
1.072850171476602554e-02
1.318903267383575439e-02
1.084443368017673492e-02
1.294297911226749420e-02
1.146764308214187622e-02
1.841974072158336639e-02
1.294049993157386780e-02
1.167649589478969574e-02
1.317205093801021576e-02
1.503173634409904480e-02
1.465777773410081863e-02
1.098536513745784760e-02
1.910053938627243042e-02
1.416692323982715607e-02
1.068324781954288483e-02
1.088927872478961945e-02
1.002035662531852722e-02
1.620070636272430420e-02
1.366953365504741669e-02
1.066948287189006805e-02
1.126574818044900894e-02
1.254484709352254868e-02
1.251065731048583984e-02
1.367111504077911377e-02
1.224254816770553589e-02
1.019184105098247528e-02
1.296083442866802216e-02
1.133649982511997223e-02
1.277504861354827881e-02
1.612790301442146301e-02
1.067072059959173203e-02
1.231163274496793747e-02
1.537595596164464951e-02
1.167439855635166168e-02
1.364877168089151382e-02
1.018157880753278732e-02
1.188262552022933960e-02
1.147496141493320465e-02
1.258789654821157455e-02
1.422976143658161163e-02
1.136596780270338058e-02
9.564295411109924316e-03
1.347176544368267059e-02
1.241792365908622742e-02
1.268646959215402603e-02
1.149810571223497391e-02
1.074544526636600494e-02
9.336294606328010559e-03
1.102176588028669357e-02
1.414342410862445831e-02
1.123954355716705322e-02
1.137740723788738251e-02
1.144501101225614548e-02
1.215423643589019775e-02
1.046199724078178406e-02
9.234324097633361816e-03
1.108066737651824951e-02
1.146913226693868637e-02
1.330958586186170578e-02
1.297868881374597549e-02
1.171837560832500458e-02
1.317904982715845108e-02
1.608021184802055359e-02
9.588130749762058258e-03
1.320054009556770325e-02
9.773290716111660004e-03
9.265275672078132629e-03
9.615716524422168732e-03
1.483356673270463943e-02
8.558035828173160553e-03
1.437470037490129471e-02
1.159550156444311142e-02
1.371312420815229416e-02
9.020797908306121826e-03
1.307935267686843872e-02
1.044791378080844879e-02
1.182608678936958313e-02
1.051340717822313309e-02
8.759048767387866974e-03
1.217879913747310638e-02
8.269973099231719971e-03
1.536468602716922760e-02
9.520492516458034515e-03
1.264252141118049622e-02
1.285893470048904419e-02
1.096306927502155304e-02
9.116071276366710663e-03
1.110499352216720581e-02
1.215240918099880219e-02
1.266357302665710449e-02
1.238558813929557800e-02
1.039935089647769928e-02
9.128285571932792664e-03
9.886427782475948334e-03
1.138676609843969345e-02
1.177043095231056213e-02
8.962933905422687531e-03
1.100567914545536041e-02
1.038947235792875290e-02
1.410965528339147568e-02
1.027351990342140198e-02
1.068918406963348389e-02
1.128333620727062225e-02
1.425579190254211426e-02
1.147580705583095551e-02
1.062344294041395187e-02
1.368394959717988968e-02
1.131249498575925827e-02
9.253379888832569122e-03
8.514319546520709991e-03
1.013508439064025879e-02
8.996252901852130890e-03
9.447557851672172546e-03
1.025721989572048187e-02
1.114424224942922592e-02
9.026940912008285522e-03
1.074245478957891464e-02
1.021613925695419312e-02
9.818207472562789917e-03
8.001342415809631348e-03
8.302737027406692505e-03
9.631244465708732605e-03
9.116440080106258392e-03
8.269009180366992950e-03
1.029048021882772446e-02
9.985103271901607513e-03
9.086197242140769958e-03
1.059376634657382965e-02
9.203641675412654877e-03
1.304272096604108810e-02
9.336180984973907471e-03
1.039227657020092010e-02
1.042545679956674576e-02
1.031133253127336502e-02
1.096282433718442917e-02
9.739220142364501953e-03
8.887893520295619965e-03
8.701314218342304230e-03
1.084640435874462128e-02
1.175942830741405487e-02
1.109735015779733658e-02
8.495512418448925018e-03
8.814719505608081818e-03
8.833138272166252136e-03
9.312845766544342041e-03
9.114556014537811279e-03
8.943985216319561005e-03
9.657493792474269867e-03
8.450983092188835144e-03
8.542450144886970520e-03
1.154729910194873810e-02
1.126961875706911087e-02
1.244291197508573532e-02
8.896593004465103149e-03
8.422391489148139954e-03
9.414455853402614594e-03
2.012725919485092163e-02
9.110025130212306976e-03
9.600331075489521027e-03
8.380532264709472656e-03
9.842473082244396210e-03
9.017075411975383759e-03
8.732247166335582733e-03
1.037557609379291534e-02
1.041836105287075043e-02
9.937760420143604279e-03
7.975985296070575714e-03
9.205156937241554260e-03
1.072143390774726868e-02
8.931460790336132050e-03
9.085644036531448364e-03
8.767139166593551636e-03
9.280796162784099579e-03
8.934929035604000092e-03
9.272255003452301025e-03
9.246151894330978394e-03
9.277729317545890808e-03
1.439866796135902405e-02
8.167363703250885010e-03
1.021312177181243896e-02
8.831642568111419678e-03
8.489605039358139038e-03
8.051555603742599487e-03
8.091565221548080444e-03
8.126807399094104767e-03
8.389994502067565918e-03
7.773332297801971436e-03
1.041124667972326279e-02
8.483199402689933777e-03
8.704900741577148438e-03
8.103361353278160095e-03
7.501485757529735565e-03
9.616595692932605743e-03
1.002700068056583405e-02
1.023950055241584778e-02
8.505975827574729919e-03
1.090103574097156525e-02
7.773582357913255692e-03
8.528504520654678345e-03
7.966305129230022430e-03
8.624078705906867981e-03
8.026858791708946228e-03
7.450326811522245407e-03
1.042750664055347443e-02
1.005053333938121796e-02
9.508993476629257202e-03
6.616595666855573654e-03
8.974046446382999420e-03
1.030246261507272720e-02
7.608527317643165588e-03
7.449393626302480698e-03
8.543252013623714447e-03
8.934345096349716187e-03
8.884522132575511932e-03
8.533048443496227264e-03
7.276137825101613998e-03
8.138450793921947479e-03
7.742262911051511765e-03
7.425013929605484009e-03
9.830040857195854187e-03
7.540444843471050262e-03
6.975130643695592880e-03
8.153920061886310577e-03
6.648011971265077591e-03
8.457571268081665039e-03
8.118502795696258545e-03
7.826817221939563751e-03
7.767631206661462784e-03
8.551164530217647552e-03
8.168837986886501312e-03
9.946027770638465881e-03
8.623635396361351013e-03
7.466384209692478180e-03
8.664843626320362091e-03
7.507516071200370789e-03
9.136235341429710388e-03
9.307097643613815308e-03
8.363033644855022430e-03
7.986512966454029083e-03
7.768063805997371674e-03
8.012411184608936310e-03
7.187958341091871262e-03
6.796717643737792969e-03
8.615368045866489410e-03
7.644034922122955322e-03
8.569274097681045532e-03
7.401316892355680466e-03
8.363133296370506287e-03
7.348502520471811295e-03
8.506832644343376160e-03
1.056236587464809418e-02
8.196912705898284912e-03
9.109321050345897675e-03
9.142477065324783325e-03
8.985970169305801392e-03
7.640724536031484604e-03
7.101396564394235611e-03
1.016082148998975754e-02
7.326575461775064468e-03
6.948686670511960983e-03
6.662813946604728699e-03
7.702967151999473572e-03
7.592437323182821274e-03
8.287177421152591705e-03
8.284501731395721436e-03
7.137260399758815765e-03
7.139662280678749084e-03
9.605098515748977661e-03
7.806387264281511307e-03
6.712038069963455200e-03
6.757135968655347824e-03
7.565658073872327805e-03
6.957170553505420685e-03
6.217550951987504959e-03
7.243689149618148804e-03
7.797199301421642303e-03
7.365754805505275726e-03
6.750675383955240250e-03
6.730034016072750092e-03
6.013276521116495132e-03
7.544433698058128357e-03
8.093475364148616791e-03
7.183987181633710861e-03
7.244428154081106186e-03
6.778620183467864990e-03
7.903020828962326050e-03
6.841284688562154770e-03
9.426851756870746613e-03
1.145685091614723206e-02
8.272793143987655640e-03
7.844706997275352478e-03
7.122039329260587692e-03
6.359143182635307312e-03
6.813082844018936157e-03
6.815890781581401825e-03
6.509672384709119797e-03
7.625994738191366196e-03
6.555867847055196762e-03
7.585619576275348663e-03
9.438757784664630890e-03
6.787154357880353928e-03
6.746357306838035583e-03
7.309022359549999237e-03
7.939424365758895874e-03
6.700006313621997833e-03
7.096204906702041626e-03
7.012382149696350098e-03
6.207544356584548950e-03
6.966133136302232742e-03
8.635448291897773743e-03
6.323505192995071411e-03
6.826843135058879852e-03
7.070178631693124771e-03
6.652307230979204178e-03
7.494801189750432968e-03
6.223615724593400955e-03
6.502904929220676422e-03
6.784723140299320221e-03
7.125392090529203415e-03
7.173903286457061768e-03
8.747786283493041992e-03
6.366068497300148010e-03
8.027407340705394745e-03
7.554705254733562469e-03
6.847526878118515015e-03
7.463680114597082138e-03
6.572861224412918091e-03
6.790201179683208466e-03
7.388373371213674545e-03
6.787394639104604721e-03
6.453589536249637604e-03
7.287142798304557800e-03
7.857156917452812195e-03
6.004283670336008072e-03
6.215478759258985519e-03
7.331353612244129181e-03
9.391456842422485352e-03
7.410442456603050232e-03
6.908637937158346176e-03
6.505985278636217117e-03
6.965525448322296143e-03
6.845058873295783997e-03
7.561456877738237381e-03
7.078168913722038269e-03
7.119189016520977020e-03
7.250948809087276459e-03
6.295896135270595551e-03
8.127856999635696411e-03
6.921716965734958649e-03
6.151268724352121353e-03
6.385348737239837646e-03
6.301303394138813019e-03
6.992468144744634628e-03
6.788775790482759476e-03
6.310948170721530914e-03
7.043103221803903580e-03
6.718708202242851257e-03
6.366020999848842621e-03
6.788370199501514435e-03
6.671919021755456924e-03
6.761705502867698669e-03
7.155669387429952621e-03
6.702387239784002304e-03
7.363398559391498566e-03
7.344827055931091309e-03
5.704042036086320877e-03
8.727394975721836090e-03
6.882056593894958496e-03
7.403390482068061829e-03
6.239665206521749496e-03
6.414493545889854431e-03
6.148020271211862564e-03
7.626515813171863556e-03
6.391833536326885223e-03
6.488411687314510345e-03
6.592950783669948578e-03
6.074120756238698959e-03
6.383624393492937088e-03
7.449577562510967255e-03
7.487992290407419205e-03
6.088694557547569275e-03
6.437267642468214035e-03
6.034096702933311462e-03
6.567453499883413315e-03
6.858532316982746124e-03
6.748275365680456161e-03
6.491998676210641861e-03
9.691715240478515625e-03
6.524045020341873169e-03
9.842578321695327759e-03
6.081375293433666229e-03
6.568514741957187653e-03
6.544394884258508682e-03
6.507518701255321503e-03
6.365473382174968719e-03
6.905471906065940857e-03
7.623541168868541718e-03
6.420849822461605072e-03
6.287960335612297058e-03
6.277601234614849091e-03
6.357599981129169464e-03
6.338474340736865997e-03
6.755866110324859619e-03
6.815314758569002151e-03
6.648211739957332611e-03
5.716473329812288284e-03
5.644897930324077606e-03
5.736928433179855347e-03
6.153602153062820435e-03
7.434034720063209534e-03
6.420979276299476624e-03
6.851914338767528534e-03
5.953505169600248337e-03
5.908516235649585724e-03
8.582770824432373047e-03
5.483924876898527145e-03
6.558416411280632019e-03
6.792688742280006409e-03
7.468562573194503784e-03
5.775508005172014236e-03
7.102597970515489578e-03
7.139116059988737106e-03
8.238043636083602905e-03
6.133170332759618759e-03
7.068958133459091187e-03
5.988930817693471909e-03
6.658044643700122833e-03
6.581216119229793549e-03
7.254600059241056442e-03
5.789606366306543350e-03
6.328090094029903412e-03
6.417958997189998627e-03
5.502036772668361664e-03
5.671525374054908752e-03
6.331316661089658737e-03
6.282899528741836548e-03
6.179297342896461487e-03
6.189595907926559448e-03
6.797047331929206848e-03
6.440854165703058243e-03
6.057329475879669189e-03
6.112404167652130127e-03
5.954894237220287323e-03
6.709828972816467285e-03
5.411627702414989471e-03
6.922585889697074890e-03
5.716086830943822861e-03
6.091843824833631516e-03
6.442770827561616898e-03
6.425554864108562469e-03
6.781453732401132584e-03
6.103723309934139252e-03
7.743848487734794617e-03
5.984955001622438431e-03
6.760369520634412766e-03
6.261251866817474365e-03
5.026441998779773712e-03
5.544723942875862122e-03
6.238535512238740921e-03
6.374394986778497696e-03
6.075180135667324066e-03
6.658797152340412140e-03
5.322925746440887451e-03
6.200018804520368576e-03
5.215349141508340836e-03
5.723651964217424393e-03
6.375848781317472458e-03
5.734171718358993530e-03
5.265740212053060532e-03
6.025425158441066742e-03
5.191279109567403793e-03
5.473310593515634537e-03
5.279010161757469177e-03
5.516993347555398941e-03
5.506496410816907883e-03
6.093768402934074402e-03
6.009170319885015488e-03
5.356979090720415115e-03
5.541048478335142136e-03
5.972307641059160233e-03
6.419605575501918793e-03
6.412432529032230377e-03
5.664695054292678833e-03
5.234549753367900848e-03
5.842218175530433655e-03
5.867800209671258926e-03
5.217689555138349533e-03
5.930190905928611755e-03
8.154802024364471436e-03
6.229100748896598816e-03
6.629966199398040771e-03
5.708664190024137497e-03
5.872969981282949448e-03
6.093366071581840515e-03
5.446266848593950272e-03
6.002399139106273651e-03
5.959579255431890488e-03
5.839233752340078354e-03
5.926801357418298721e-03
6.486905738711357117e-03
5.120299290865659714e-03
5.789224058389663696e-03
5.670505575835704803e-03
4.940722603350877762e-03
5.307588260620832443e-03
6.015548948198556900e-03
5.874234717339277267e-03
5.502028856426477432e-03
5.739829968661069870e-03
5.838848650455474854e-03
5.993230268359184265e-03
5.701155867427587509e-03
5.817633587867021561e-03
5.051884334534406662e-03
5.134749691933393478e-03
5.731806624680757523e-03
5.007908679544925690e-03
5.151791032403707504e-03
5.925026722252368927e-03
5.214691162109375000e-03
5.319234449416399002e-03
5.972692277282476425e-03
5.333530716598033905e-03
5.463624838739633560e-03
5.643918178975582123e-03
5.500254221260547638e-03
5.533072166144847870e-03
5.128962919116020203e-03
4.958423320204019547e-03
5.566160194575786591e-03
5.065775476396083832e-03
5.535364151000976562e-03
5.573950707912445068e-03
5.086926277726888657e-03
5.955667234957218170e-03
5.179313942790031433e-03
5.930913612246513367e-03
5.414258223026990891e-03
5.683672148734331131e-03
4.971466958522796631e-03
6.470507010817527771e-03
7.580218836665153503e-03
5.942991003394126892e-03
4.715181421488523483e-03
5.411738529801368713e-03
5.642910022288560867e-03
5.721912253648042679e-03
5.576265044510364532e-03
5.468424409627914429e-03
5.689075682312250137e-03
4.955618642270565033e-03
5.238480865955352783e-03
4.876466002315282822e-03
6.479925010353326797e-03
5.297507159411907196e-03
5.382010713219642639e-03
5.391353275626897812e-03
5.883932113647460938e-03
5.045068450272083282e-03
5.361437331885099411e-03
5.481459200382232666e-03
5.307423882186412811e-03
4.928840324282646179e-03
5.892646498978137970e-03
5.167516414076089859e-03
5.096020177006721497e-03
5.491561256349086761e-03
5.212123040109872818e-03
4.983517341315746307e-03
5.146875977516174316e-03
5.594463553279638290e-03
5.065746139734983444e-03
5.087419413030147552e-03
5.727767013013362885e-03
4.624515306204557419e-03
5.231101531535387039e-03
4.804774187505245209e-03
5.006984341889619827e-03
6.668499205261468887e-03
5.092947278171777725e-03
5.247683729976415634e-03
4.955123178660869598e-03
4.810960497707128525e-03
5.067676771432161331e-03
5.217451602220535278e-03
5.238679703325033188e-03
4.885268863290548325e-03
5.144366528838872910e-03
6.580819375813007355e-03
5.913202185183763504e-03
4.820321220904588699e-03
5.263331811875104904e-03
5.205359775573015213e-03
5.590732209384441376e-03
