1.149262789112981409e-05
1.549676507711410522e-01
1.191905513405799866e-01
1.010927706956863403e-01
1.009428501129150391e-01
8.588576316833496094e-02
8.278651535511016846e-02
7.452987134456634521e-02
6.915890425443649292e-02
7.419723272323608398e-02
6.889640539884567261e-02
6.589131057262420654e-02
4.990836977958679199e-02
5.331012606620788574e-02
4.421736299991607666e-02
4.466283693909645081e-02
4.483052343130111694e-02
3.893565759062767029e-02
4.296412318944931030e-02
3.913860395550727844e-02
3.584568575024604797e-02
3.467701002955436707e-02
3.511753678321838379e-02
3.713379800319671631e-02
3.664940223097801208e-02
3.393031656742095947e-02
3.820165246725082397e-02
3.364620730280876160e-02
3.247617557644844055e-02
2.919558808207511902e-02
2.982777543365955353e-02
3.292575851082801819e-02
3.672797605395317078e-02
2.678277716040611267e-02
3.139460831880569458e-02
2.615706808865070343e-02
2.823203615844249725e-02
2.621383965015411377e-02
2.689813636243343353e-02
2.570907399058341980e-02
2.757626399397850037e-02
2.559768967330455780e-02
2.407387271523475647e-02
2.420862205326557159e-02
2.525361999869346619e-02
2.426244504749774933e-02
2.322772331535816193e-02
2.255985885858535767e-02
2.345617488026618958e-02
2.605750598013401031e-02
2.263605967164039612e-02
2.453469298779964447e-02
2.434105239808559418e-02
2.097501233220100403e-02
2.381282858550548553e-02
1.918326877057552338e-02
2.234316430985927582e-02
2.040939591825008392e-02
2.159745804965496063e-02
1.812954992055892944e-02
1.974407210946083069e-02
1.903448253870010376e-02
2.199464477598667145e-02
1.839079707860946655e-02
2.425749972462654114e-02
2.383627928793430328e-02
2.122128754854202271e-02
2.080150879919528961e-02
2.012873627245426178e-02
1.746045611798763275e-02
2.516837604343891144e-02
1.895586773753166199e-02
2.384472824633121490e-02
1.911228336393833160e-02
1.753952540457248688e-02
1.885606721043586731e-02
1.705442927777767181e-02
1.779732294380664825e-02
1.819981820881366730e-02
2.046687528491020203e-02
1.972167566418647766e-02
1.609747856855392456e-02
1.697244867682456970e-02
1.770049892365932465e-02
1.860325224697589874e-02
1.796361245214939117e-02
2.115947194397449493e-02
1.855189539492130280e-02
1.741106435656547546e-02
1.626428589224815369e-02
1.700204238295555115e-02
1.862586848437786102e-02
1.839485764503479004e-02
1.577408611774444580e-02
1.557082962244749069e-02
1.803018897771835327e-02
1.936647668480873108e-02
1.585104875266551971e-02
1.598531752824783325e-02
1.686399988830089569e-02
1.657282374799251556e-02
1.484008599072694778e-02
1.602946780622005463e-02
1.925363391637802124e-02
1.604022644460201263e-02
1.671663671731948853e-02
1.939373277127742767e-02
1.971406303346157074e-02
1.710322871804237366e-02
1.548348926007747650e-02
1.502385549247264862e-02
1.935481652617454529e-02
1.429751515388488770e-02
1.999681070446968079e-02
1.702361926436424255e-02
1.363104674965143204e-02
2.043545618653297424e-02
1.683126948773860931e-02
1.994344405829906464e-02
1.616803929209709167e-02
1.383784692734479904e-02
1.503503322601318359e-02
1.488274894654750824e-02
1.482351217418909073e-02
1.452630944550037384e-02
1.470387075096368790e-02
1.367732975631952286e-02
1.470463257282972336e-02
1.511227153241634369e-02
1.544688362628221512e-02
1.501894835382699966e-02
2.062921784818172455e-02
1.442017499357461929e-02
1.442532055079936981e-02
1.357911806553602219e-02
1.387554220855236053e-02
1.560507528483867645e-02
1.652773842215538025e-02
1.393025927245616913e-02
1.464609336107969284e-02
1.251268666237592697e-02
1.237808912992477417e-02
1.327079348266124725e-02
1.270775590091943741e-02
1.290836744010448456e-02
1.426847185939550400e-02
1.509436964988708496e-02
1.327976677566766739e-02
1.268526073545217514e-02
1.263941451907157898e-02
1.291677914559841156e-02
1.633608900010585785e-02
1.720616407692432404e-02
1.262838300317525864e-02
1.290741376578807831e-02
1.696230471134185791e-02
1.275613810867071152e-02
1.290230080485343933e-02
1.459892839193344116e-02
1.326233521103858948e-02
1.160987094044685364e-02
1.383309811353683472e-02
1.437645405530929565e-02
1.295685116201639175e-02
1.515117380768060684e-02
1.459817960858345032e-02
1.273095235228538513e-02
1.463747676461935043e-02
1.420955732464790344e-02
1.527076493948698044e-02
1.567313075065612793e-02
1.394119393080472946e-02
1.370073575526475906e-02
1.317291427403688431e-02
1.240940392017364502e-02
1.162146311253309250e-02
1.190726831555366516e-02
1.328333932906389236e-02
1.283275801688432693e-02
1.220902428030967712e-02
1.319399382919073105e-02
1.225649472326040268e-02
1.084615197032690048e-02
1.299090776592493057e-02
1.535856258124113083e-02
1.141523849219083786e-02
1.554234232753515244e-02
1.211883872747421265e-02
1.190465409308671951e-02
1.006070617586374283e-02
1.052590738981962204e-02
1.529387012124061584e-02
1.277748588472604752e-02
1.207673083990812302e-02
1.220979262143373489e-02
1.139967888593673706e-02
1.579961553215980530e-02
1.076575368642807007e-02
1.113924384117126465e-02
1.308626309037208557e-02
1.178972516208887100e-02
1.121197640895843506e-02
1.216913014650344849e-02
1.344399247318506241e-02
1.059330627322196960e-02
1.042091753333806992e-02
1.149594131857156754e-02
1.131847128272056580e-02
1.114531140774488449e-02
1.351242139935493469e-02
1.117668487131595612e-02
1.199675723910331726e-02
1.205723639577627182e-02
1.461735088378190994e-02
1.160827185958623886e-02
1.140588615089654922e-02
1.011731568723917007e-02
9.903412312269210815e-03
1.237038429826498032e-02
9.684942662715911865e-03
1.173823606222867966e-02
1.049255579710006714e-02
1.241658907383680344e-02
1.235325820744037628e-02
1.007660664618015289e-02
1.193039957433938980e-02
1.071549858897924423e-02
1.085734739899635315e-02
1.107654161751270294e-02
1.113662775605916977e-02
9.844803251326084137e-03
1.119476184248924255e-02
1.177565939724445343e-02
1.285998243838548660e-02
1.124753523617982864e-02
1.137122977524995804e-02
1.041581481695175171e-02
1.135682128369808197e-02
1.056982856243848801e-02
1.007643062621355057e-02
1.230691000819206238e-02
1.092758681625127792e-02
1.107138488441705704e-02
8.750329725444316864e-03
1.008904352784156799e-02
9.371864609420299530e-03
1.282317470759153366e-02
1.064401306211948395e-02
1.066983025521039963e-02
1.214695069938898087e-02
1.026784628629684448e-02
9.892934001982212067e-03
1.002278365194797516e-02
1.056211255490779877e-02
1.083965227007865906e-02
8.564888499677181244e-03
1.260440982878208160e-02
9.292478673160076141e-03
9.756986051797866821e-03
1.104677561670541763e-02
1.243727374821901321e-02
1.124996878206729889e-02
8.575453422963619232e-03
9.502117522060871124e-03
9.843988344073295593e-03
1.106416992843151093e-02
9.516336955130100250e-03
1.019586715847253799e-02
1.078268233686685562e-02
1.058435626327991486e-02
9.862777777016162872e-03
9.883607737720012665e-03
1.021975465118885040e-02
1.076588127762079239e-02
8.653989993035793304e-03
1.027219370007514954e-02
8.945059962570667267e-03
1.049094833433628082e-02
8.307590149343013763e-03
7.866480387747287750e-03
1.309015695005655289e-02
1.138045825064182281e-02
8.638366125524044037e-03
8.496067486703395844e-03
1.110494602471590042e-02
9.606524370610713959e-03
8.342633955180644989e-03
1.059363130480051041e-02
1.047153305262327194e-02
9.983709082007408142e-03
8.700815029442310333e-03
8.565942756831645966e-03
9.548792615532875061e-03
1.107433997094631195e-02
8.802038617432117462e-03
1.034452207386493683e-02
1.121165417134761810e-02
1.008703839033842087e-02
9.071182459592819214e-03
8.544058538973331451e-03
1.010665018111467361e-02
9.149802848696708679e-03
8.559921756386756897e-03
9.224570356309413910e-03
8.488388732075691223e-03
9.979598224163055420e-03
9.991917759180068970e-03
1.105750910937786102e-02
1.129467692226171494e-02
9.172048419713973999e-03
9.329068474471569061e-03
1.058015692979097366e-02
8.552047424018383026e-03
9.668560698628425598e-03
1.143357343971729279e-02
8.446609601378440857e-03
9.420596063137054443e-03
9.601789526641368866e-03
9.565944783389568329e-03
8.668841794133186340e-03
8.883353322744369507e-03
9.374792687594890594e-03
1.052357535809278488e-02
8.464333601295948029e-03
9.776112623512744904e-03
1.004316285252571106e-02
9.523335844278335571e-03
7.811210583895444870e-03
8.779274299740791321e-03
9.517286904156208038e-03
7.683837786316871643e-03
9.523236192762851715e-03
9.215380065143108368e-03
8.378774859011173248e-03
7.368323858827352524e-03
9.538715705275535583e-03
8.405855856835842133e-03
9.863468818366527557e-03
8.521908894181251526e-03
7.808819413185119629e-03
9.655936621129512787e-03
8.326938375830650330e-03
7.981715723872184753e-03
7.778727915138006210e-03
9.192083962261676788e-03
1.007512304931879044e-02
9.113127365708351135e-03
7.940195500850677490e-03
8.848293684422969818e-03
8.374826051294803619e-03
8.671018294990062714e-03
8.293018676340579987e-03
9.148638695478439331e-03
7.418987806886434555e-03
1.067262887954711914e-02
8.303113281726837158e-03
8.132543414831161499e-03
8.899874985218048096e-03
8.052244782447814941e-03
8.725962601602077484e-03
7.678315509110689163e-03
8.806957863271236420e-03
8.302991278469562531e-03
9.859142825007438660e-03
8.232149295508861542e-03
7.814696989953517914e-03
8.060937747359275818e-03
7.368038408458232880e-03
7.841698825359344482e-03
7.674234453588724136e-03
7.424016483128070831e-03
7.543798536062240601e-03
8.515475317835807800e-03
9.337689727544784546e-03
9.286246262490749359e-03
7.901179604232311249e-03
9.320327080786228180e-03
1.120349671691656113e-02
8.688234724104404449e-03
8.418361656367778778e-03
8.590689860284328461e-03
1.015453785657882690e-02
8.478189818561077118e-03
8.768728002905845642e-03
8.472848683595657349e-03
1.016557775437831879e-02
8.134133182466030121e-03
7.842810824513435364e-03
8.649647235870361328e-03
8.027037605643272400e-03
7.469098083674907684e-03
8.688714355230331421e-03
7.777193561196327209e-03
9.297547861933708191e-03
8.095819503068923950e-03
7.599867880344390869e-03
9.902151301503181458e-03
7.048268336802721024e-03
7.262536324560642242e-03
8.026248775422573090e-03
8.662103675305843353e-03
9.395766071975231171e-03
7.461842149496078491e-03
6.594644393771886826e-03
7.539421319961547852e-03
1.001494843512773514e-02
7.146415766328573227e-03
7.350536994636058807e-03
9.301525540649890900e-03
7.778406143188476562e-03
6.544340867549180984e-03
7.584560196846723557e-03
7.356167770922183990e-03
7.759274914860725403e-03
7.733897306025028229e-03
7.124933414161205292e-03
8.855229243636131287e-03
7.261243648827075958e-03
7.696193177253007889e-03
8.188650012016296387e-03
7.605241145938634872e-03
6.976213771849870682e-03
7.660981267690658569e-03
9.165433235466480255e-03
7.603296544402837753e-03
8.125054650008678436e-03
7.830435410141944885e-03
7.500912994146347046e-03
7.044782396405935287e-03
7.427763193845748901e-03
6.736613810062408447e-03
7.211472839117050171e-03
7.353645283728837967e-03
7.805463392287492752e-03
7.548538036644458771e-03
1.028800010681152344e-02
6.462652701884508133e-03
6.918213330209255219e-03
8.383639156818389893e-03
8.971808478236198425e-03
8.880296722054481506e-03
7.647257763892412186e-03
7.105437573045492172e-03
9.145553223788738251e-03
6.491203792393207550e-03
7.819091901183128357e-03
6.506714969873428345e-03
6.822600960731506348e-03
7.725813891738653183e-03
7.045352831482887268e-03
7.070870138704776764e-03
7.129043340682983398e-03
8.332635276019573212e-03
8.007383905351161957e-03
6.858980748802423477e-03
6.760339252650737762e-03
7.199587300419807434e-03
7.171476725488901138e-03
7.377632893621921539e-03
7.403801660984754562e-03
6.870204117149114609e-03
6.619723513722419739e-03
7.263938896358013153e-03
7.499855011701583862e-03
7.789820432662963867e-03
6.509981118142604828e-03
6.474371068179607391e-03
6.636548321694135666e-03
7.846149615943431854e-03
6.128109525889158249e-03
7.540639489889144897e-03
8.215538226068019867e-03
6.266716402024030685e-03
6.849877536296844482e-03
7.157227955758571625e-03
6.936088670045137405e-03
8.061096072196960449e-03
6.471409462392330170e-03
7.254698313772678375e-03
6.044561043381690979e-03
6.459016818553209305e-03
6.705872248858213425e-03
7.322024088352918625e-03
7.301913108676671982e-03
6.487476639449596405e-03
7.140125147998332977e-03
7.125531788915395737e-03
6.928413175046443939e-03
6.747015286237001419e-03
7.138950284570455551e-03
7.050819694995880127e-03
7.276966236531734467e-03
6.160560064017772675e-03
6.681586615741252899e-03
6.886486429721117020e-03
7.445248309522867203e-03
7.288830820471048355e-03
6.484037265181541443e-03
5.859442055225372314e-03
6.760489195585250854e-03
6.537841632962226868e-03
6.880312692373991013e-03
6.363243330270051956e-03
6.781481672078371048e-03
8.032328449189662933e-03
7.381813600659370422e-03
6.503935903310775757e-03
6.800510920584201813e-03
6.844728253781795502e-03
7.540653459727764130e-03
6.724981125444173813e-03
6.714633200317621231e-03
6.617658771574497223e-03
6.163738667964935303e-03
6.472666282206773758e-03
6.200414616614580154e-03
6.472387816756963730e-03
6.578569766134023666e-03
6.150454748421907425e-03
6.730328314006328583e-03
6.517702713608741760e-03
6.546707358211278915e-03
6.494028493762016296e-03
6.902596913278102875e-03
7.398387417197227478e-03
5.782718304544687271e-03
6.051362957805395126e-03
5.999904591590166092e-03
6.418972741812467575e-03
6.727442145347595215e-03
6.278267595916986465e-03
6.004992406815290451e-03
6.018765736371278763e-03
6.027891300618648529e-03
6.459316238760948181e-03
6.222496274858713150e-03
6.872458383440971375e-03
6.717874668538570404e-03
5.739253014326095581e-03
6.628230214118957520e-03
7.099571637809276581e-03
5.936761386692523956e-03
6.633700802922248840e-03
6.358602084219455719e-03
6.282003596425056458e-03
7.232794072479009628e-03
6.339884363114833832e-03
5.801230669021606445e-03
7.148610893636941910e-03
5.909406114369630814e-03
5.777730140835046768e-03
6.035117898136377335e-03
5.515899043530225754e-03
6.519902031868696213e-03
6.055457983165979385e-03
7.334638386964797974e-03
6.497091613709926605e-03
6.423734594136476517e-03
5.975204985588788986e-03
7.502065505832433701e-03
5.801780149340629578e-03
5.670425947755575180e-03
7.603104691952466965e-03
6.514426320791244507e-03
6.209462415426969528e-03
5.913036875426769257e-03
6.975036114454269409e-03
5.792982410639524460e-03
5.785699933767318726e-03
6.645913235843181610e-03
6.123655941337347031e-03
5.574841517955064774e-03
6.034989841282367706e-03
5.807505454868078232e-03
6.658543832600116730e-03
6.138754542917013168e-03
5.569571629166603088e-03
6.376314442604780197e-03
6.180530413985252380e-03
6.864621769636869431e-03
7.287644781172275543e-03
6.256928201764822006e-03
7.522039581090211868e-03
6.846710108220577240e-03
5.548113025724887848e-03
6.858283653855323792e-03
6.326797883957624435e-03
6.048202048987150192e-03
6.254200357943773270e-03
5.700179841369390488e-03
5.989638157188892365e-03
6.249974481761455536e-03
5.736888851970434189e-03
5.841183010488748550e-03
5.655687302350997925e-03
6.621549837291240692e-03
5.594895686954259872e-03
5.820919759571552277e-03
6.495709996670484543e-03
6.730164401233196259e-03
6.107890512794256210e-03
5.994495935738086700e-03
6.648817565292119980e-03
5.738663021475076675e-03
6.473292130976915359e-03
6.131570786237716675e-03
6.191196851432323456e-03
5.936946719884872437e-03
5.803806707262992859e-03
6.040878128260374069e-03
6.704682484269142151e-03
6.812343839555978775e-03
5.572277586907148361e-03
5.854250397533178329e-03
6.385096814483404160e-03
7.322069723159074783e-03
5.351619794964790344e-03
5.683270283043384552e-03
5.496537778526544571e-03
6.111082155257463455e-03
6.404213141649961472e-03
5.959453061223030090e-03
5.907522514462471008e-03
5.641977768391370773e-03
5.661281757056713104e-03
6.204136647284030914e-03
5.501526873558759689e-03
6.005643866956233978e-03
5.849548149853944778e-03
5.555998999625444412e-03
5.453229416161775589e-03
5.966005846858024597e-03
6.711252499371767044e-03
5.667889025062322617e-03
5.721439607441425323e-03
6.397097371518611908e-03
7.016987074166536331e-03
6.707647349685430527e-03
5.303539801388978958e-03
6.371669005602598190e-03
5.570127628743648529e-03
6.014060229063034058e-03
5.775098688900470734e-03
6.047921720892190933e-03
5.424399394541978836e-03
6.135297939181327820e-03
5.706151481717824936e-03
5.935363937169313431e-03
5.592650733888149261e-03
5.320353899151086807e-03
5.882116034626960754e-03
5.830131936818361282e-03
5.833783186972141266e-03
6.251319777220487595e-03
5.676107946783304214e-03
5.828116089105606079e-03
6.106412503868341446e-03
6.194353103637695312e-03
5.657160189002752304e-03
5.804717075079679489e-03
6.443722639232873917e-03
5.538984667509794235e-03
5.435736849904060364e-03
6.060069892555475235e-03
5.051206797361373901e-03
5.635144654661417007e-03
5.375270266085863113e-03
6.422868929803371429e-03
5.924604367464780807e-03
5.992423277348279953e-03
5.938985850661993027e-03
5.289278458803892136e-03
5.521640647202730179e-03
6.683885119855403900e-03
5.677988287061452866e-03
5.624159239232540131e-03
5.499140825122594833e-03
6.986729335039854050e-03
5.905658937990665436e-03
5.834030918776988983e-03
6.557947956025600433e-03
5.637831054627895355e-03
6.492310669273138046e-03
5.391203332692384720e-03
5.227575544267892838e-03
5.407453980296850204e-03
5.790413357317447662e-03
5.721729714423418045e-03
5.986907053738832474e-03
5.465693771839141846e-03
5.202093161642551422e-03
5.750484298914670944e-03
6.211201194673776627e-03
5.971893202513456345e-03
5.806308705359697342e-03
7.068271283060312271e-03
5.358476657420396805e-03
5.297850817441940308e-03
6.043749861419200897e-03
5.599569529294967651e-03
5.982676055282354355e-03
5.638178903609514236e-03
5.229320377111434937e-03
5.486628040671348572e-03
5.285232327878475189e-03
6.306093186140060425e-03
4.912962205708026886e-03
5.412889178842306137e-03
5.734596401453018188e-03
5.750161129981279373e-03
5.419023334980010986e-03
5.594642832875251770e-03
6.266507785767316818e-03
4.580516833811998367e-03
5.665586329996585846e-03
5.381725262850522995e-03
5.589710548520088196e-03
5.348903592675924301e-03
5.502860527485609055e-03
5.079686176031827927e-03
5.600407719612121582e-03
5.399425979703664780e-03
5.491551477462053299e-03
6.512871943414211273e-03
5.685411393642425537e-03
5.277255550026893616e-03
5.859621334820985794e-03
6.048679817467927933e-03
5.493929609656333923e-03
5.446732044219970703e-03
5.053078755736351013e-03
6.163108162581920624e-03
5.120382644236087799e-03
6.690397392958402634e-03
5.709761288017034531e-03
5.155400838702917099e-03
5.305157043039798737e-03
5.111553706228733063e-03
5.613453220576047897e-03
4.993417300283908844e-03
5.740717053413391113e-03
5.506723653525114059e-03
5.770049057900905609e-03
6.029993295669555664e-03
5.470655392855405807e-03
5.295732989907264709e-03
6.217691581696271896e-03
5.239382851868867874e-03
6.367181427776813507e-03
4.992902744561433792e-03
5.401339847594499588e-03
4.868860822170972824e-03
5.311370361596345901e-03
6.072749383747577667e-03
5.194063764065504074e-03
5.280826240777969360e-03
5.452994722872972488e-03
5.961435846984386444e-03
5.096056964248418808e-03
4.939427133649587631e-03
6.384389940649271011e-03
5.849581677466630936e-03
5.090093240141868591e-03
5.013435613363981247e-03
5.481511354446411133e-03
5.411342717707157135e-03
5.839492660015821457e-03
6.252204533666372299e-03
5.547789856791496277e-03
5.496275611221790314e-03
6.042606662958860397e-03
5.054911132901906967e-03
5.249218083918094635e-03
5.224095657467842102e-03
4.937304183840751648e-03
5.342534743249416351e-03
5.424208473414182663e-03
5.577526055276393890e-03
5.115304607897996902e-03
4.863559734076261520e-03
4.995842464268207550e-03
5.181273911148309708e-03
4.710900597274303436e-03
4.750795662403106689e-03
5.015218630433082581e-03
5.233587231487035751e-03
5.468231625854969025e-03
6.031795404851436615e-03
4.903868772089481354e-03
5.210492759943008423e-03
5.263458006083965302e-03
5.335462745279073715e-03
5.925612058490514755e-03
7.188627962023019791e-03
5.144054535776376724e-03
5.741911008954048157e-03
5.120144691318273544e-03
5.796285346150398254e-03
4.921883344650268555e-03
5.087152123451232910e-03
5.125341936945915222e-03
5.439429543912410736e-03
5.189605988562107086e-03
5.285236053168773651e-03
5.552358925342559814e-03
5.417725536972284317e-03
5.611336324363946915e-03
5.204909015446901321e-03
4.527795594185590744e-03
4.737085662782192230e-03
5.028346087783575058e-03
5.958847235888242722e-03
4.753931425511837006e-03
5.407445132732391357e-03
5.388423800468444824e-03
5.449339747428894043e-03
5.566242150962352753e-03
4.720935132354497910e-03
4.773904103785753250e-03
5.213419441133737564e-03
5.406945943832397461e-03
5.106582306325435638e-03
5.157673731446266174e-03
5.309975240379571915e-03
5.580084398388862610e-03
5.125550087541341782e-03
5.011056084185838699e-03
5.303193815052509308e-03
5.736005026847124100e-03
5.450909957289695740e-03
4.943553358316421509e-03
5.366404075175523758e-03
4.998554475605487823e-03
5.806243047118186951e-03
5.869628861546516418e-03
5.325300619006156921e-03
4.920179955661296844e-03
4.618965554982423782e-03
5.428290460258722305e-03
5.451284348964691162e-03
4.920143168419599533e-03
5.254844203591346741e-03
5.249997135251760483e-03
4.779711831361055374e-03
4.983051214367151260e-03
4.838212858885526657e-03
4.966961685568094254e-03
5.183321423828601837e-03
4.486880265176296234e-03
5.536323413252830505e-03
4.447449464350938797e-03
5.077503155916929245e-03
5.539821460843086243e-03
5.323383491486310959e-03
4.934975411742925644e-03
5.243854131549596786e-03
4.859238397330045700e-03
5.974437575787305832e-03
6.901968736201524734e-03
5.241187755018472672e-03
5.027573555707931519e-03
5.286844912916421890e-03
4.858235828578472137e-03
5.090025719255208969e-03
4.999566823244094849e-03
4.729792010039091110e-03
5.012964829802513123e-03
6.372272502630949020e-03
4.546317271888256073e-03
5.108559969812631607e-03
4.532284103333950043e-03
4.936018958687782288e-03
5.058016162365674973e-03
5.305976606905460358e-03
4.918510559946298599e-03
4.793288651853799820e-03
4.979379009455442429e-03
5.046200938522815704e-03
4.897356033325195312e-03
4.883442539721727371e-03
5.552589893341064453e-03
5.123004317283630371e-03
5.541718564927577972e-03
4.398089833557605743e-03
5.006556399166584015e-03
4.712940659373998642e-03
4.767674021422863007e-03
4.727342166006565094e-03
5.687671713531017303e-03
5.508292000740766525e-03
5.534678697586059570e-03
4.803133662790060043e-03
4.820741713047027588e-03
5.729706492274999619e-03
4.830642603337764740e-03
4.630999639630317688e-03
4.614240489900112152e-03
4.884082358330488205e-03
4.680981393903493881e-03
5.039480980485677719e-03
5.041065625846385956e-03
4.562734626233577728e-03
4.607171285897493362e-03
5.310713313519954681e-03
6.037197075784206390e-03
5.023284815251827240e-03
4.636717494577169418e-03
4.829434212297201157e-03
5.008237436413764954e-03
4.807288292795419693e-03
5.407114513218402863e-03
5.112553481012582779e-03
5.051617976278066635e-03
4.772783257067203522e-03
4.678494762629270554e-03
5.068160593509674072e-03
5.326043814420700073e-03
5.273209419101476669e-03
4.663504660129547119e-03
4.594161640852689743e-03
4.856784362345933914e-03
4.313313867896795273e-03
4.724717233330011368e-03
4.472332075238227844e-03
4.615750163793563843e-03
4.629950504750013351e-03
4.851891659200191498e-03
5.301205907016992569e-03
4.528529476374387741e-03
5.347123835235834122e-03
5.257931537926197052e-03
5.204882472753524780e-03
4.968733992427587509e-03
4.872953053563833237e-03
4.451112821698188782e-03
4.674689844250679016e-03
4.820442292839288712e-03
5.317858420312404633e-03
5.030422471463680267e-03
4.756168927997350693e-03
4.868476185947656631e-03
5.568403284996747971e-03
4.827342461794614792e-03
5.102729424834251404e-03
5.248661618679761887e-03
4.828815348446369171e-03
5.308669526129961014e-03
5.430866498500108719e-03
5.721822381019592285e-03
5.040230695158243179e-03
4.764137789607048035e-03
4.815665539354085922e-03
5.017738789319992065e-03
5.227567628026008606e-03
4.966164473444223404e-03
6.229565013200044632e-03
5.348771810531616211e-03
5.159436725080013275e-03
4.694880917668342590e-03
4.882325418293476105e-03
4.686426836997270584e-03
5.660501308739185333e-03
4.754066932946443558e-03
5.127182230353355408e-03
4.772340413182973862e-03
4.552416503429412842e-03
4.367111250758171082e-03
4.729269538074731827e-03
5.064805969595909119e-03
4.571553319692611694e-03
4.786864388734102249e-03
4.745393060147762299e-03
4.916073288768529892e-03
4.779004491865634918e-03
5.585514008998870850e-03
5.365496035665273666e-03
4.644406493753194809e-03
4.683610517531633377e-03
4.728336352854967117e-03
5.271204747259616852e-03
4.533324390649795532e-03
4.675883799791336060e-03
4.527357872575521469e-03
5.077945534139871597e-03
5.430823192000389099e-03
4.562890157103538513e-03
4.889898467808961868e-03
4.751645494252443314e-03
4.819226916879415512e-03
5.134047474712133408e-03
4.727507941424846649e-03
4.683568608015775681e-03
5.157708190381526947e-03
4.934495314955711365e-03
4.657366778701543808e-03
4.809052217751741409e-03
4.597204737365245819e-03
4.971296992152929306e-03
4.969643894582986832e-03
4.522713366895914078e-03
