8.931233406066894531e+00
1.136598110198974609e+00
8.397442102432250977e-01
6.950027346611022949e-01
5.731537938117980957e-01
5.084814429283142090e-01
4.351207911968231201e-01
4.130422770977020264e-01
3.602845370769500732e-01
3.357567489147186279e-01
3.160722851753234863e-01
2.966660559177398682e-01
2.605070173740386963e-01
2.566429078578948975e-01
2.313785105943679810e-01
2.312396615743637085e-01
2.210117131471633911e-01
1.934112459421157837e-01
1.935312896966934204e-01
2.100857496261596680e-01
1.788567751646041870e-01
1.799487173557281494e-01
1.738071292638778687e-01
1.582881659269332886e-01
1.555725187063217163e-01
1.551137715578079224e-01
1.563234925270080566e-01
1.481345742940902710e-01
1.341741830110549927e-01
1.295678466558456421e-01
1.244975477457046509e-01
1.284718811511993408e-01
1.304238438606262207e-01
1.075757145881652832e-01
1.138365492224693298e-01
1.069382354617118835e-01
1.063137799501419067e-01
9.780840575695037842e-02
1.034060940146446228e-01
9.602171182632446289e-02
9.597944468259811401e-02
1.052961498498916626e-01
9.814221411943435669e-02
8.451571315526962280e-02
9.195568412542343140e-02
8.109521865844726562e-02
8.666410297155380249e-02
9.372996538877487183e-02
8.422946184873580933e-02
9.768884629011154175e-02
8.434212952852249146e-02
8.798249065876007080e-02
7.614877820014953613e-02
7.663284987211227417e-02
7.415037602186203003e-02
7.106786221265792847e-02
8.009339123964309692e-02
7.523050159215927124e-02
7.394351810216903687e-02
6.905145198106765747e-02
6.522116065025329590e-02
6.843458861112594604e-02
7.519241422414779663e-02
7.225935161113739014e-02
7.317937165498733521e-02
6.699727475643157959e-02
6.939961016178131104e-02
6.470341980457305908e-02
6.562583893537521362e-02
6.495241820812225342e-02
7.514442503452301025e-02
6.423151493072509766e-02
7.314052432775497437e-02
6.076871976256370544e-02
6.203304603695869446e-02
6.705515086650848389e-02
6.008402258157730103e-02
5.585918575525283813e-02
5.970188602805137634e-02
6.422387808561325073e-02
6.020972132682800293e-02
5.604497715830802917e-02
5.534095689654350281e-02
5.358501896262168884e-02
5.481154844164848328e-02
5.552595853805541992e-02
5.954819917678833008e-02
5.747914314270019531e-02
5.700244382023811340e-02
5.456778407096862793e-02
5.054671689867973328e-02
5.444374307990074158e-02
5.399584397673606873e-02
5.328865721821784973e-02
5.665484815835952759e-02
5.184229835867881775e-02
5.280322954058647156e-02
5.301443487405776978e-02
5.894888192415237427e-02
5.612270161509513855e-02
4.970535263419151306e-02
5.430302023887634277e-02
5.345424637198448181e-02
5.624904856085777283e-02
5.400171875953674316e-02
4.902635142207145691e-02
5.501526594161987305e-02
5.366089567542076111e-02
5.250767618417739868e-02
5.287237092852592468e-02
4.950000345706939697e-02
5.356955528259277344e-02
4.799961671233177185e-02
4.817301034927368164e-02
4.915189370512962341e-02
4.710123687982559204e-02
5.334515497088432312e-02
4.980206862092018127e-02
5.471089109778404236e-02
5.059112980961799622e-02
4.434726387262344360e-02
5.134102702140808105e-02
4.426888376474380493e-02
4.777262359857559204e-02
4.334747791290283203e-02
4.453470930457115173e-02
4.795078560709953308e-02
4.631326347589492798e-02
4.749687388539314270e-02
5.141291022300720215e-02
4.640766605734825134e-02
4.955075308680534363e-02
4.730213806033134460e-02
4.522797092795372009e-02
4.311318323016166687e-02
4.654503613710403442e-02
4.882856830954551697e-02
4.799473285675048828e-02
4.297900944948196411e-02
4.350986704230308533e-02
4.123304411768913269e-02
4.149500653147697449e-02
4.191007092595100403e-02
3.994490578770637512e-02
4.161005094647407532e-02
4.519334062933921814e-02
4.223474115133285522e-02
4.380652308464050293e-02
4.177412390708923340e-02
4.229335859417915344e-02
4.311462119221687317e-02
4.976797848939895630e-02
4.677525535225868225e-02
4.179587587714195251e-02
4.076812788844108582e-02
4.536899551749229431e-02
4.275912418961524963e-02
4.117753729224205017e-02
4.163521155714988708e-02
4.165829345583915710e-02
3.633892163634300232e-02
4.266391322016716003e-02
4.443180561065673828e-02
4.381463676691055298e-02
4.257689043879508972e-02
4.088870808482170105e-02
4.092363640666007996e-02
4.884377121925354004e-02
3.967662155628204346e-02
4.241198301315307617e-02
3.958201035857200623e-02
3.914064541459083557e-02
4.184852540493011475e-02
3.952650353312492371e-02
3.977951034903526306e-02
3.774290159344673157e-02
3.795293718576431274e-02
3.885506466031074524e-02
4.199568182229995728e-02
3.769477084279060364e-02
3.816328570246696472e-02
3.848398849368095398e-02
3.861303627490997314e-02
3.853423520922660828e-02
3.947294503450393677e-02
3.772576153278350830e-02
3.986816853284835815e-02
3.394800052046775818e-02
3.610881045460700989e-02
3.649608045816421509e-02
3.705049306154251099e-02
3.939725086092948914e-02
4.018209502100944519e-02
3.703638166189193726e-02
3.915311023592948914e-02
3.785059973597526550e-02
4.399719089269638062e-02
3.484278544783592224e-02
3.643378242850303650e-02
3.408852219581604004e-02
3.515766188502311707e-02
3.429127112030982971e-02
3.435923904180526733e-02
3.544364124536514282e-02
3.247919678688049316e-02
3.135818615555763245e-02
3.568802401423454285e-02
3.574639558792114258e-02
3.257979452610015869e-02
3.798136487603187561e-02
3.387904167175292969e-02
3.295145928859710693e-02
3.380320221185684204e-02
3.939916566014289856e-02
3.485620394349098206e-02
3.635768964886665344e-02
3.210387751460075378e-02
3.141811862587928772e-02
3.303359076380729675e-02
3.340604156255722046e-02
3.406381979584693909e-02
3.090922906994819641e-02
3.266147524118423462e-02
3.501419723033905029e-02
2.969076670706272125e-02
3.292310982942581177e-02
2.972056344151496887e-02
3.203899040818214417e-02
3.094018809497356415e-02
3.515591844916343689e-02
3.188609704375267029e-02
3.136217221617698669e-02
3.368123993277549744e-02
3.417711704969406128e-02
3.328385576605796814e-02
3.203079476952552795e-02
2.902286686003208160e-02
3.207742050290107727e-02
3.219620510935783386e-02
2.982658520340919495e-02
3.363518044352531433e-02
2.829552069306373596e-02
2.884980849921703339e-02
3.073648177087306976e-02
3.053173981606960297e-02
2.924183942377567291e-02
3.088602796196937561e-02
2.946402132511138916e-02
2.872368693351745605e-02
3.086062707006931305e-02
3.231341019272804260e-02
2.895997278392314911e-02
2.803331427276134491e-02
2.957799471914768219e-02
3.012526035308837891e-02
2.795865572988986969e-02
2.993949130177497864e-02
2.845411561429500580e-02
3.068413399159908295e-02
3.085481934249401093e-02
2.960631251335144043e-02
2.967222407460212708e-02
2.810561098158359528e-02
2.565001510083675385e-02
3.272142633795738220e-02
3.066752292215824127e-02
2.732848562300205231e-02
2.737084031105041504e-02
2.854793705046176910e-02
2.961023524403572083e-02
2.837210707366466522e-02
2.759235911071300507e-02
3.071244060993194580e-02
2.833248488605022430e-02
2.608270943164825439e-02
2.883424423635005951e-02
2.531337551772594452e-02
2.970346249639987946e-02
2.604974247515201569e-02
2.667061425745487213e-02
2.970034815371036530e-02
2.745359204709529877e-02
2.654670178890228271e-02
2.717970870435237885e-02
2.705187536776065826e-02
2.691901288926601410e-02
2.763867378234863281e-02
2.726431563496589661e-02
2.602468989789485931e-02
2.691932395100593567e-02
2.633925713598728180e-02
2.565248683094978333e-02
2.731179073452949524e-02
2.554454281926155090e-02
2.609042823314666748e-02
2.699943818151950836e-02
2.577681839466094971e-02
2.779336646199226379e-02
2.583213523030281067e-02
2.397359535098075867e-02
2.676707878708839417e-02
2.640650607645511627e-02
2.472225390374660492e-02
2.620281279087066650e-02
2.507220767438411713e-02
2.729049883782863617e-02
2.789252065122127533e-02
2.811639942228794098e-02
2.614241652190685272e-02
2.533859945833683014e-02
2.504561841487884521e-02
2.583348751068115234e-02
2.760100178420543671e-02
2.419871091842651367e-02
2.520896866917610168e-02
2.286183275282382965e-02
2.346359007060527802e-02
2.542386390268802643e-02
2.476347796618938446e-02
2.307284809648990631e-02
2.641544118523597717e-02
2.503554895520210266e-02
2.462682686746120453e-02
2.285023592412471771e-02
2.296755835413932800e-02
2.462613023817539215e-02
2.421355433762073517e-02
2.272414043545722961e-02
2.363633178174495697e-02
2.521716430783271790e-02
2.186515368521213531e-02
2.570148743689060211e-02
2.492359466850757599e-02
2.350144647061824799e-02
2.122978493571281433e-02
2.382453158497810364e-02
2.256366424262523651e-02
2.235779538750648499e-02
2.376433089375495911e-02
2.346163988113403320e-02
2.298585511744022369e-02
2.396531030535697937e-02
2.296333760023117065e-02
2.223828248679637909e-02
2.452642284333705902e-02
2.360425703227519989e-02
2.432318404316902161e-02
2.457705326378345490e-02
2.347093261778354645e-02
2.155631780624389648e-02
2.371962741017341614e-02
2.212000451982021332e-02
2.202074229717254639e-02
2.210255898535251617e-02
2.435116283595561981e-02
2.255139127373695374e-02
2.290165796875953674e-02
2.148961089551448822e-02
2.038440667092800140e-02
2.430937252938747406e-02
2.197822928428649902e-02
2.278886735439300537e-02
2.143602445721626282e-02
2.198731899261474609e-02
2.281074598431587219e-02
2.097201906144618988e-02
2.169197984039783478e-02
2.040627039968967438e-02
2.123967371881008148e-02
2.202440239489078522e-02
2.065856568515300751e-02
2.265066280961036682e-02
2.101875655353069305e-02
2.380126900970935822e-02
2.349248342216014862e-02
2.275892160832881927e-02
2.065848000347614288e-02
2.538977377116680145e-02
2.336622215807437897e-02
2.133527770638465881e-02
2.357636578381061554e-02
2.409448288381099701e-02
2.098322473466396332e-02
2.120483480393886566e-02
2.261595055460929871e-02
2.298832125961780548e-02
2.113344334065914154e-02
2.312316372990608215e-02
2.156131342053413391e-02
2.172897197306156158e-02
2.075426653027534485e-02
2.173362486064434052e-02
2.020206861197948456e-02
2.155671082437038422e-02
2.185541763901710510e-02
2.158389985561370850e-02
2.057405374944210052e-02
2.147181332111358643e-02
2.034654654562473297e-02
2.077327482402324677e-02
2.070768177509307861e-02
2.121926657855510712e-02
1.968287490308284760e-02
2.183563075959682465e-02
1.934309862554073334e-02
2.344479225575923920e-02
1.948044449090957642e-02
1.973349973559379578e-02
2.072711847722530365e-02
2.092302404344081879e-02
1.857405900955200195e-02
2.066855318844318390e-02
2.183479256927967072e-02
2.035756036639213562e-02
2.029361389577388763e-02
2.038928121328353882e-02
2.168242633342742920e-02
1.932673901319503784e-02
2.040410041809082031e-02
2.145296148955821991e-02
2.011804096400737762e-02
1.873774640262126923e-02
1.900753751397132874e-02
2.139154821634292603e-02
1.983113400638103485e-02
1.905500888824462891e-02
1.924889162182807922e-02
2.043501473963260651e-02
1.938551664352416992e-02
1.976078562438488007e-02
1.897962950170040131e-02
2.087758295238018036e-02
1.969301141798496246e-02
1.934754848480224609e-02
1.963164657354354858e-02
2.052629366517066956e-02
1.915566436946392059e-02
1.918730698525905609e-02
2.151968330144882202e-02
2.040152810513973236e-02
1.941477321088314056e-02
1.919544674456119537e-02
1.959241367876529694e-02
2.018925361335277557e-02
2.036242745816707611e-02
2.104989998042583466e-02
1.884350553154945374e-02
1.807723008096218109e-02
2.007783763110637665e-02
2.069591730833053589e-02
1.960414461791515350e-02
1.936706155538558960e-02
1.975647546350955963e-02
1.912394724786281586e-02
1.881667599081993103e-02
1.917044632136821747e-02
1.891299895942211151e-02
1.932465098798274994e-02
1.941107772290706635e-02
1.983854174613952637e-02
1.870980300009250641e-02
1.847015134990215302e-02
1.891037635505199432e-02
1.996894739568233490e-02
1.949371211230754852e-02
1.964584179222583771e-02
1.814197562634944916e-02
1.917770877480506897e-02
1.973005943000316620e-02
1.772785559296607971e-02
1.984305679798126221e-02
2.071069553494453430e-02
1.809901557862758636e-02
1.772997342050075531e-02
1.996104232966899872e-02
1.751089282333850861e-02
1.934499479830265045e-02
1.893640682101249695e-02
1.926508918404579163e-02
1.775964163243770599e-02
1.987989991903305054e-02
1.863197982311248779e-02
1.844483055174350739e-02
1.789452508091926575e-02
1.744541898369789124e-02
1.935223676264286041e-02
1.772610656917095184e-02
1.909774355590343475e-02
1.852763444185256958e-02
2.018502354621887207e-02
1.997335441410541534e-02
1.768474653363227844e-02
1.706751435995101929e-02
1.821450702846050262e-02
1.828040927648544312e-02
1.994867250323295593e-02
2.003668621182441711e-02
1.834429800510406494e-02
1.777394674718379974e-02
1.799393631517887115e-02
1.887476630508899689e-02
1.867151632905006409e-02
1.692780852317810059e-02
1.864809356629848480e-02
1.865441165864467621e-02
1.921193115413188934e-02
1.785574853420257568e-02
1.838575117290019989e-02
1.798050105571746826e-02
1.965951919555664062e-02
1.896986551582813263e-02
1.722303032875061035e-02
1.832268014550209045e-02
1.791692525148391724e-02
1.799769513309001923e-02
1.740088872611522675e-02
1.734611392021179199e-02
1.739427074790000916e-02
1.808064617216587067e-02
1.730876415967941284e-02
1.758445240557193756e-02
1.715715229511260986e-02
1.759262196719646454e-02
1.850436814129352570e-02
1.774438098073005676e-02
1.648389548063278198e-02
1.646411418914794922e-02
1.791874133050441742e-02
1.734362356364727020e-02
1.637726090848445892e-02
1.822003535926342010e-02
1.772007159888744354e-02
1.639809831976890564e-02
1.722502708435058594e-02
1.734883151948451996e-02
1.807720586657524109e-02
1.765990443527698517e-02
1.757140085101127625e-02
1.736061088740825653e-02
1.739501021802425385e-02
1.924181915819644928e-02
1.660264097154140472e-02
1.671133935451507568e-02
1.685073040425777435e-02
1.757384650409221649e-02
1.892397366464138031e-02
1.720633730292320251e-02
1.629125885665416718e-02
1.660375483334064484e-02
1.661301776766777039e-02
1.680493168532848358e-02
1.692157238721847534e-02
1.707023940980434418e-02
1.651425473392009735e-02
1.681698672473430634e-02
1.720018312335014343e-02
1.782715879380702972e-02
1.747609488666057587e-02
1.750435493886470795e-02
1.734548993408679962e-02
1.615273766219615936e-02
1.695954799652099609e-02
1.818555034697055817e-02
1.678579859435558319e-02
1.707813516259193420e-02
1.663839630782604218e-02
1.711939834058284760e-02
1.666611619293689728e-02
1.647327654063701630e-02
1.722365990281105042e-02
1.709254458546638489e-02
1.599189452826976776e-02
1.611780188977718353e-02
1.649820804595947266e-02
1.616629399359226227e-02
1.677344366908073425e-02
1.630114577710628510e-02
1.598070561885833740e-02
1.745626702904701233e-02
1.667710579931735992e-02
1.750683225691318512e-02
1.593842916190624237e-02
1.636147312819957733e-02
1.784487254917621613e-02
1.648474298417568207e-02
1.721522770822048187e-02
1.661360077559947968e-02
1.673400402069091797e-02
1.610556617379188538e-02
1.588720455765724182e-02
1.646389625966548920e-02
1.641774736344814301e-02
1.590187847614288330e-02
1.679640449583530426e-02
1.547867525368928909e-02
1.638364978134632111e-02
1.593888737261295319e-02
1.574202068150043488e-02
1.722749322652816772e-02
1.734461635351181030e-02
1.675478555262088776e-02
1.629568450152873993e-02
1.737094111740589142e-02
1.625531725585460663e-02
1.688391529023647308e-02
1.599252410233020782e-02
1.570341736078262329e-02
1.599799655377864838e-02
1.519996207207441330e-02
1.615118049085140228e-02
1.652347110211849213e-02
1.698235422372817993e-02
1.490178704261779785e-02
1.578567177057266235e-02
1.635816507041454315e-02
1.665079407393932343e-02
1.578161306679248810e-02
1.594002731144428253e-02
1.544078905135393143e-02
1.631831191480159760e-02
1.612324453890323639e-02
1.553810667246580124e-02
1.649027504026889801e-02
1.552107185125350952e-02
1.502358634024858475e-02
1.561532355844974518e-02
1.582002080976963043e-02
1.586749777197837830e-02
1.646733283996582031e-02
1.490611117333173752e-02
1.568017527461051941e-02
1.612624339759349823e-02
1.630215346813201904e-02
1.521231979131698608e-02
1.544806081801652908e-02
1.617230474948883057e-02
1.645389012992382050e-02
1.642858982086181641e-02
1.522712875157594681e-02
1.591331139206886292e-02
1.459114998579025269e-02
1.597132720053195953e-02
1.598461903631687164e-02
1.540856249630451202e-02
1.537870895117521286e-02
1.552374567836523056e-02
1.543942559510469437e-02
1.503201480954885483e-02
1.551403291523456573e-02
1.548385340720415115e-02
1.595008932054042816e-02
1.588898338377475739e-02
1.505768299102783203e-02
1.624667458236217499e-02
1.519102510064840317e-02
1.545289903879165649e-02
1.575026288628578186e-02
1.603807322680950165e-02
1.582254469394683838e-02
1.525695528835058212e-02
1.627198047935962677e-02
1.508232858031988144e-02
1.542482804507017136e-02
1.671256311237812042e-02
1.491102110594511032e-02
1.506871916353702545e-02
1.462817657738924026e-02
1.496820803731679916e-02
1.506083458662033081e-02
1.614884287118911743e-02
1.502680685371160507e-02
1.528062857687473297e-02
1.558524277061223984e-02
1.633891277015209198e-02
1.580393128097057343e-02
1.488001830875873566e-02
1.514259167015552521e-02
1.625819317996501923e-02
1.520199980586767197e-02
1.442650426179170609e-02
1.528331823647022247e-02
1.535706967115402222e-02
1.519696414470672607e-02
1.450918149203062057e-02
1.457536686211824417e-02
1.457108836621046066e-02
1.536729652434587479e-02
1.510102208703756332e-02
1.517460029572248459e-02
1.477492041885852814e-02
1.480804104357957840e-02
1.572003588080406189e-02
1.483781915158033371e-02
1.651141792535781860e-02
1.555398758500814438e-02
1.574364118278026581e-02
1.504634972661733627e-02
1.484240591526031494e-02
1.473560463637113571e-02
1.437534578144550323e-02
1.490634679794311523e-02
1.496675051748752594e-02
1.449135225266218185e-02
1.479906029999256134e-02
1.500618644058704376e-02
1.659814454615116119e-02
1.407278049737215042e-02
1.486017089337110519e-02
1.486798562109470367e-02
1.523828040808439255e-02
1.456041540950536728e-02
1.458521094173192978e-02
1.478686928749084473e-02
1.447647809982299805e-02
1.441676169633865356e-02
1.455495785921812057e-02
1.461889035999774933e-02
1.487317681312561035e-02
1.453499775379896164e-02
1.459780056029558182e-02
1.544091105461120605e-02
1.422392856329679489e-02
1.436511334031820297e-02
1.495496928691864014e-02
1.482097525149583817e-02
1.462621428072452545e-02
1.500435918569564819e-02
1.437484007328748703e-02
1.484393235296010971e-02
1.447642315179109573e-02
1.464601326733827591e-02
1.511629950255155563e-02
1.437294483184814453e-02
1.481657195836305618e-02
1.549402624368667603e-02
1.491948869079351425e-02
1.411856710910797119e-02
1.419169362634420395e-02
1.529023982584476471e-02
1.389724295586347580e-02
1.447218190878629684e-02
1.481154467910528183e-02
1.532674767076969147e-02
1.481761038303375244e-02
1.447421312332153320e-02
1.447584014385938644e-02
1.537883747369050980e-02
1.455152314156293869e-02
1.542648393660783768e-02
1.442923303693532944e-02
1.451900508254766464e-02
1.408884860575199127e-02
1.494401972740888596e-02
1.504230499267578125e-02
1.429208368062973022e-02
1.445566862821578979e-02
1.392572093755006790e-02
1.498835720121860504e-02
1.428905408829450607e-02
1.424704957753419876e-02
1.424161531031131744e-02
1.446612086147069931e-02
1.411738246679306030e-02
1.418786030262708664e-02
1.446395553648471832e-02
1.424572803080081940e-02
1.428830903023481369e-02
1.471374649554491043e-02
1.441310532391071320e-02
1.448497641831636429e-02
1.468655467033386230e-02
1.395411230623722076e-02
1.503301877528429031e-02
1.455794554203748703e-02
1.400926988571882248e-02
1.403620000928640366e-02
1.458399463444948196e-02
1.390191074460744858e-02
1.476349681615829468e-02
1.405013818293809891e-02
1.372411567717790604e-02
1.430347003042697906e-02
1.403834670782089233e-02
1.431626826524734497e-02
1.422005798667669296e-02
1.430042739957571030e-02
1.415450032800436020e-02
1.408615894615650177e-02
1.415357459336519241e-02
1.438893657177686691e-02
1.421469636261463165e-02
1.398574747145175934e-02
1.472298987209796906e-02
1.498446520417928696e-02
1.328269857913255692e-02
1.430381555110216141e-02
1.418033428490161896e-02
1.431769784539937973e-02
1.421198248863220215e-02
1.428147871047258377e-02
1.355726923793554306e-02
1.457838993519544601e-02
1.456019282341003418e-02
1.426275353878736496e-02
1.428396720439195633e-02
1.389810722321271896e-02
1.399063505232334137e-02
1.364105939865112305e-02
1.385647244751453400e-02
1.375105697661638260e-02
1.401358377188444138e-02
1.367393322288990021e-02
1.327428687363862991e-02
1.356856990605592728e-02
1.402828842401504517e-02
1.439600903540849686e-02
1.404716353863477707e-02
1.405739225447177887e-02
1.299819350242614746e-02
1.382268127053976059e-02
1.469569560140371323e-02
1.411989238113164902e-02
1.398298796266317368e-02
1.378803420811891556e-02
1.433052308857440948e-02
1.394118275493383408e-02
1.420723088085651398e-02
1.444855052977800369e-02
1.475113350898027420e-02
1.395259704440832138e-02
1.449704170227050781e-02
1.397767942398786545e-02
1.372114289551973343e-02
1.429518219083547592e-02
1.437127869576215744e-02
1.384689658880233765e-02
1.341275312006473541e-02
1.345069240778684616e-02
1.349831372499465942e-02
1.408223528414964676e-02
1.401406433433294296e-02
1.363973319530487061e-02
1.354418974369764328e-02
1.360674109309911728e-02
1.442835666239261627e-02
1.420006342232227325e-02
1.383073069155216217e-02
1.406783796846866608e-02
1.344102062284946442e-02
1.438855566084384918e-02
1.337851025164127350e-02
1.407342869788408279e-02
1.422486361116170883e-02
1.449232827872037888e-02
1.379369199275970459e-02
1.388208754360675812e-02
1.346148271113634109e-02
1.355654466897249222e-02
1.548384409397840500e-02
1.364364009350538254e-02
1.370785105973482132e-02
1.362225320190191269e-02
1.306255906820297241e-02
1.290037017315626144e-02
1.337440963834524155e-02
1.338216941803693771e-02
1.355851162225008011e-02
1.431923545897006989e-02
1.302375365048646927e-02
1.376170571893453598e-02
1.339509803801774979e-02
1.308984030038118362e-02
1.368320733308792114e-02
1.354455202817916870e-02
1.309896539896726608e-02
1.317842584103345871e-02
1.333444751799106598e-02
1.319406833499670029e-02
1.296651549637317657e-02
1.300604548305273056e-02
1.348647195845842361e-02
1.335895713418722153e-02
1.382613182067871094e-02
1.363416202366352081e-02
1.312694605439901352e-02
1.365897990763187408e-02
1.344828307628631592e-02
1.385969948023557663e-02
1.348366495221853256e-02
1.319923251867294312e-02
1.371058821678161621e-02
1.314183231443166733e-02
1.333403773605823517e-02
1.344932150095701218e-02
1.381446328014135361e-02
1.333370339125394821e-02
1.314617134630680084e-02
1.353636104613542557e-02
1.355573814362287521e-02
1.334485691040754318e-02
1.320858206599950790e-02
1.302507985383272171e-02
1.328693330287933350e-02
1.333666034042835236e-02
1.417265273630619049e-02
1.312806922942399979e-02
1.289737876504659653e-02
1.349911093711853027e-02
1.318560820072889328e-02
1.299457997083663940e-02
1.332303322851657867e-02
1.338223647326231003e-02
1.343451347202062607e-02
1.282374002039432526e-02
1.320821326225996017e-02
1.303316932171583176e-02
1.362522970885038376e-02
1.316009648144245148e-02
1.370468456298112869e-02
1.304492261260747910e-02
1.287096738815307617e-02
1.304304040968418121e-02
1.313807256519794464e-02
1.274390239268541336e-02
1.352001633495092392e-02
1.272295322269201279e-02
1.345849223434925079e-02
1.358060725033283234e-02
1.290812343358993530e-02
1.323167979717254639e-02
1.336139626801013947e-02
1.323308236896991730e-02
1.347667258232831955e-02
1.321221329271793365e-02
1.305169519037008286e-02
1.319755055010318756e-02
1.274326443672180176e-02
1.323975156992673874e-02
1.340418215841054916e-02
1.347569841891527176e-02
1.309851463884115219e-02
1.325141359120607376e-02
1.319052465260028839e-02
1.333353109657764435e-02
1.323539018630981445e-02
1.273753214627504349e-02
1.366908568888902664e-02
1.333585660904645920e-02
1.391816604882478714e-02
1.267417240887880325e-02
1.313086505979299545e-02
1.327061560004949570e-02
1.318478118628263474e-02
1.312833558768033981e-02
1.322609931230545044e-02
1.327983941882848740e-02
1.315198373049497604e-02
1.329502649605274200e-02
1.312183309346437454e-02
1.345610059797763824e-02
1.319408882409334183e-02
1.299397647380828857e-02
1.325625833123922348e-02
1.352663245052099228e-02
1.315488666296005249e-02
1.290756370872259140e-02
1.300680078566074371e-02
1.288121938705444336e-02
1.284496393054723740e-02
1.262214221060276031e-02
1.282547600567340851e-02
1.289641764014959335e-02
1.290725450962781906e-02
1.294724177569150925e-02
1.292331796139478683e-02
1.317415665835142136e-02
1.262938231229782104e-02
1.273340452462434769e-02
1.298950519412755966e-02
1.359258312731981277e-02
1.255763601511716843e-02
1.281932182610034943e-02
1.324936747550964355e-02
1.298764348030090332e-02
1.367405243217945099e-02
1.258135866373777390e-02
1.319562084972858429e-02
1.270807720720767975e-02
1.290320605039596558e-02
1.290776859968900681e-02
1.304677594453096390e-02
1.295875292271375656e-02
1.314062066376209259e-02
1.300056464970111847e-02
1.306056138128042221e-02
1.291181333363056183e-02
1.259759999811649323e-02
1.302209403365850449e-02
1.330710388720035553e-02
1.271147187799215317e-02
