9.884767532348632812e-01
1.988410353660583496e-01
1.709399670362472534e-01
1.668281257152557373e-01
1.455918550491333008e-01
1.330811232328414917e-01
1.151653304696083069e-01
1.098243221640586853e-01
1.143124923110008240e-01
1.128849387168884277e-01
1.091566234827041626e-01
1.045235246419906616e-01
9.422005712985992432e-02
8.761586993932723999e-02
8.162053674459457397e-02
1.105546653270721436e-01
8.476023375988006592e-02
7.904750108718872070e-02
9.098973870277404785e-02
9.414532780647277832e-02
7.239907979965209961e-02
6.763643771409988403e-02
8.035404235124588013e-02
7.187552005052566528e-02
5.947243049740791321e-02
7.305026054382324219e-02
6.830552220344543457e-02
6.256726384162902832e-02
6.250555068254470825e-02
5.302657186985015869e-02
5.127767100930213928e-02
5.989628657698631287e-02
6.136925145983695984e-02
5.762327834963798523e-02
5.058249831199645996e-02
6.114584952592849731e-02
4.545763134956359863e-02
4.621413350105285645e-02
4.224965348839759827e-02
3.934115171432495117e-02
4.815905541181564331e-02
5.638580396771430969e-02
4.203614965081214905e-02
4.404985904693603516e-02
4.383086413145065308e-02
4.201058298349380493e-02
4.170924797654151917e-02
5.163372308015823364e-02
4.660189896821975708e-02
4.808755591511726379e-02
4.396905750036239624e-02
4.721219837665557861e-02
4.229673370718955994e-02
3.896367177367210388e-02
4.043595865368843079e-02
3.956785798072814941e-02
4.669532924890518188e-02
3.372658044099807739e-02
3.626564145088195801e-02
3.329748660326004028e-02
3.658147528767585754e-02
3.815831616520881653e-02
3.398610278964042664e-02
3.710731118917465210e-02
5.474704131484031677e-02
3.723432868719100952e-02
4.005503654479980469e-02
3.182647377252578735e-02
3.676473721861839294e-02
3.842497989535331726e-02
3.822271898388862610e-02
3.704381361603736877e-02
4.002168029546737671e-02
3.435876965522766113e-02
3.937080502510070801e-02
3.362074494361877441e-02
3.254631161689758301e-02
3.378434106707572937e-02
3.508401289582252502e-02
3.970842435956001282e-02
3.367872536182403564e-02
3.317477181553840637e-02
3.128948062658309937e-02
3.241039440035820007e-02
2.913686260581016541e-02
3.151955828070640564e-02
3.559138253331184387e-02
2.986388653516769409e-02
3.473462536931037903e-02
2.969188801944255829e-02
3.080847486853599548e-02
3.126760199666023254e-02
3.570267930626869202e-02
2.930311672389507294e-02
3.497587889432907104e-02
3.300241380929946899e-02
2.993018180131912231e-02
3.351062163710594177e-02
3.625283762812614441e-02
3.326214104890823364e-02
2.725333720445632935e-02
3.212990239262580872e-02
3.003540262579917908e-02
3.226444125175476074e-02
3.594869747757911682e-02
3.170699998736381531e-02
3.127587214112281799e-02
3.550786525011062622e-02
3.009254112839698792e-02
2.820253372192382812e-02
2.916130051016807556e-02
2.902174554765224457e-02
3.158208355307579041e-02
2.676477655768394470e-02
3.262731060385704041e-02
2.848649397492408752e-02
3.400533646345138550e-02
3.365246579051017761e-02
3.390108048915863037e-02
3.437414392828941345e-02
2.560539171099662781e-02
2.889520674943923950e-02
2.566252462565898895e-02
2.829473465681076050e-02
2.485166676342487335e-02
2.743365801870822906e-02
2.720120549201965332e-02
2.802987769246101379e-02
2.628425695002079010e-02
3.053210861980915070e-02
2.665638737380504608e-02
2.918599545955657959e-02
2.796098403632640839e-02
2.782896906137466431e-02
2.630099840462207794e-02
2.351019158959388733e-02
3.179210796952247620e-02
3.459264710545539856e-02
2.341871336102485657e-02
2.967273071408271790e-02
2.330160699784755707e-02
2.703499607741832733e-02
2.767372503876686096e-02
2.777755819261074066e-02
3.158427029848098755e-02
2.742127329111099243e-02
2.313697710633277893e-02
2.278235927224159241e-02
2.739341743290424347e-02
2.370906248688697815e-02
2.741073258221149445e-02
3.762542083859443665e-02
4.565065726637840271e-02
2.438697963953018188e-02
2.439315058290958405e-02
2.579180523753166199e-02
2.787909097969532013e-02
2.572809904813766479e-02
2.575843408703804016e-02
2.282271161675453186e-02
2.392454817891120911e-02
3.059060499072074890e-02
2.686424925923347473e-02
2.719466947019100189e-02
2.419554628431797028e-02
2.567975968122482300e-02
2.252895198762416840e-02
2.645692229270935059e-02
2.536684833467006683e-02
2.952551282942295074e-02
2.128940820693969727e-02
2.632106095552444458e-02
2.590724267065525055e-02
2.466289699077606201e-02
2.458610571920871735e-02
2.304010093212127686e-02
2.542400732636451721e-02
2.454495616257190704e-02
2.593048848211765289e-02
2.501860260963439941e-02
2.771293744444847107e-02
2.558589167892932892e-02
2.273539267480373383e-02
2.546276710927486420e-02
2.453553117811679840e-02
2.432273142039775848e-02
2.447692677378654480e-02
2.314806357026100159e-02
2.277875319123268127e-02
2.154760248959064484e-02
2.089019119739532471e-02
2.306781150400638580e-02
2.096470445394515991e-02
2.184014208614826202e-02
2.521794848144054413e-02
2.481502853333950043e-02
2.546393312513828278e-02
2.040606550872325897e-02
2.318870276212692261e-02
2.260746061801910400e-02
2.468846552073955536e-02
2.100264839828014374e-02
2.059161104261875153e-02
2.025299519300460815e-02
1.954476721584796906e-02
2.152464538812637329e-02
2.472458221018314362e-02
2.240419387817382812e-02
1.938502304255962372e-02
2.079248428344726562e-02
2.325217984616756439e-02
1.915138959884643555e-02
2.253791131079196930e-02
2.564372681081295013e-02
2.416410855948925018e-02
2.342661283910274506e-02
1.974827423691749573e-02
2.162059955298900604e-02
2.477565221488475800e-02
2.236526273190975189e-02
2.254559099674224854e-02
2.094965241849422455e-02
2.098121866583824158e-02
2.431551739573478699e-02
2.168687619268894196e-02
2.126973867416381836e-02
1.884007453918457031e-02
2.057822979986667633e-02
2.009342424571514130e-02
2.378432638943195343e-02
1.778510585427284241e-02
2.308239415287971497e-02
2.284497581422328949e-02
2.877066656947135925e-02
2.072815783321857452e-02
1.979185082018375397e-02
2.053324505686759949e-02
2.393660321831703186e-02
2.756226621568202972e-02
2.508333697915077209e-02
2.367014996707439423e-02
2.047195285558700562e-02
2.039336040616035461e-02
1.932555064558982849e-02
1.875410415232181549e-02
1.950617879629135132e-02
2.174944989383220673e-02
1.813021861016750336e-02
2.074349857866764069e-02
1.843422837555408478e-02
2.550555579364299774e-02
1.867207512259483337e-02
2.334187738597393036e-02
1.787388697266578674e-02
2.438897266983985901e-02
1.981228217482566833e-02
1.922901161015033722e-02
2.091251686215400696e-02
1.982062123715877533e-02
2.269417047500610352e-02
2.147733233869075775e-02
1.862949132919311523e-02
1.695563271641731262e-02
1.838826574385166168e-02
1.983182504773139954e-02
1.977198012173175812e-02
1.825069077312946320e-02
1.776695623993873596e-02
1.653785444796085358e-02
1.845670491456985474e-02
1.956407539546489716e-02
2.084155380725860596e-02
2.168786153197288513e-02
1.850670203566551208e-02
1.696907170116901398e-02
1.748455315828323364e-02
1.936263218522071838e-02
2.002376317977905273e-02
1.637409627437591553e-02
1.563221029937267303e-02
2.345965616405010223e-02
1.995271444320678711e-02
1.763023622334003448e-02
2.068067714571952820e-02
2.000225707888603210e-02
2.189820446074008942e-02
1.702503673732280731e-02
2.115670219063758850e-02
2.273517660796642303e-02
2.171578817069530487e-02
2.085527963936328888e-02
1.581397280097007751e-02
1.771645620465278625e-02
1.882580667734146118e-02
1.829609088599681854e-02
1.875826902687549591e-02
1.951566711068153381e-02
2.511744573712348938e-02
2.059513330459594727e-02
1.699113659560680389e-02
1.814386248588562012e-02
1.785877905786037445e-02
1.735017262399196625e-02
1.943574845790863037e-02
1.765182614326477051e-02
1.817742921411991119e-02
2.290036343038082123e-02
2.083136141300201416e-02
2.232631482183933258e-02
1.630078814923763275e-02
1.782389171421527863e-02
1.723431423306465149e-02
2.099648676812648773e-02
2.276059798896312714e-02
1.633638516068458557e-02
1.524749770760536194e-02
1.628819666802883148e-02
2.038415521383285522e-02
1.805775240063667297e-02
1.549710426479578018e-02
1.856481470167636871e-02
1.847148314118385315e-02
1.799717545509338379e-02
1.924755051732063293e-02
1.605458930134773254e-02
1.661527529358863831e-02
1.857245527207851410e-02
1.809502393007278442e-02
1.820953190326690674e-02
1.805652678012847900e-02
1.598804257810115814e-02
1.821595244109630585e-02
1.758876070380210876e-02
1.755564659833908081e-02
1.470137946307659149e-02
1.558709237724542618e-02
1.734112761914730072e-02
1.772331073880195618e-02
1.566700078547000885e-02
1.725989580154418945e-02
1.671743206679821014e-02
1.989300921559333801e-02
1.656120829284191132e-02
1.635676808655261993e-02
2.115536294877529144e-02
1.909831352531909943e-02
1.885093189775943756e-02
1.847598887979984283e-02
1.619125716388225555e-02
1.452169101685285568e-02
2.006757259368896484e-02
1.953376270830631256e-02
1.515720039606094360e-02
1.742402277886867523e-02
1.740515418350696564e-02
1.557378843426704407e-02
1.543489750474691391e-02
1.590648852288722992e-02
1.431545894593000412e-02
1.572401821613311768e-02
1.563652046024799347e-02
2.072962932288646698e-02
1.517270691692829132e-02
1.613136380910873413e-02
1.797270774841308594e-02
1.636436581611633301e-02
1.602245680987834930e-02
1.566571369767189026e-02
1.617604494094848633e-02
1.651682145893573761e-02
1.778602600097656250e-02
1.859668828547000885e-02
1.551790256053209305e-02
1.781314238905906677e-02
1.601780019700527191e-02
1.492715440690517426e-02
1.639686897397041321e-02
2.012640610337257385e-02
1.733998209238052368e-02
1.805509068071842194e-02
1.873740926384925842e-02
2.428305707871913910e-02
1.579166762530803680e-02
1.606545597314834595e-02
1.536438614130020142e-02
1.561039593070745468e-02
1.344370655715465546e-02
1.943436823785305023e-02
1.807822100818157196e-02
1.539681293070316315e-02
1.390912290662527084e-02
1.413419470191001892e-02
1.508336886763572693e-02
1.780804060399532318e-02
2.103205583989620209e-02
1.863278821110725403e-02
1.476483792066574097e-02
1.499618217349052429e-02
1.769164204597473145e-02
1.537226885557174683e-02
1.777858845889568329e-02
1.406830456107854843e-02
1.383944693952798843e-02
1.515535544604063034e-02
1.472586207091808319e-02
1.984146609902381897e-02
1.389562990516424179e-02
1.652047038078308105e-02
1.340577006340026855e-02
1.511488109827041626e-02
1.578468643128871918e-02
1.676475442945957184e-02
1.424515061080455780e-02
1.346593815833330154e-02
1.660825125873088837e-02
1.709995977580547333e-02
1.481999550014734268e-02
1.347004529088735580e-02
2.000004053115844727e-02
1.517854165285825729e-02
1.453180424869060516e-02
1.457570306956768036e-02
1.434744335711002350e-02
2.015205100178718567e-02
1.432959269732236862e-02
1.357681490480899811e-02
1.191653776913881302e-02
1.548701245337724686e-02
1.363588962703943253e-02
1.520882174372673035e-02
1.685108989477157593e-02
1.336442399770021439e-02
1.484705600887537003e-02
1.468452438712120056e-02
1.769398711621761322e-02
1.913512311875820160e-02
1.423722412437200546e-02
1.389787718653678894e-02
1.606465503573417664e-02
1.438855566084384918e-02
1.729175448417663574e-02
1.334701199084520340e-02
1.339977420866489410e-02
1.318775396794080734e-02
1.476821117103099823e-02
1.494372729212045670e-02
1.618055254220962524e-02
1.408501062542200089e-02
1.627427339553833008e-02
1.305012870579957962e-02
1.661459915339946747e-02
1.345043536275625229e-02
1.283178757876157761e-02
1.239318400621414185e-02
1.521100942045450211e-02
1.606812514364719391e-02
1.476225163787603378e-02
1.390076894313097000e-02
1.421724539250135422e-02
1.500577479600906372e-02
1.336034480482339859e-02
1.327361911535263062e-02
1.357197389006614685e-02
1.579590514302253723e-02
1.572074741125106812e-02
1.365445367991924286e-02
1.327160559594631195e-02
1.509532891213893890e-02
1.852232404053211212e-02
1.175556518137454987e-02
1.781034469604492188e-02
1.283838134258985519e-02
1.288818474858999252e-02
1.402792148292064667e-02
1.483065541833639145e-02
1.235007867217063904e-02
1.953504979610443115e-02
1.432154513895511627e-02
1.562729850411415100e-02
1.246204506605863571e-02
1.637001335620880127e-02
1.325785741209983826e-02
1.581604219973087311e-02
1.469792611896991730e-02
1.269515138119459152e-02
1.304758153855800629e-02
1.189511921256780624e-02
1.765875332057476044e-02
1.296023000031709671e-02
1.466802135109901428e-02
1.411503925919532776e-02
1.332699507474899292e-02
1.173529960215091705e-02
1.460126414895057678e-02
1.381666120141744614e-02
1.429215725511312485e-02
1.539284083992242813e-02
1.507362816482782364e-02
1.288122776895761490e-02
1.314666680991649628e-02
1.424782257527112961e-02
1.395593397319316864e-02
1.278510410338640213e-02
1.475191023200750351e-02
1.596200466156005859e-02
1.515134237706661224e-02
1.342731900513172150e-02
1.421446260064840317e-02
1.458244491368532181e-02
1.558860670775175095e-02
1.497455593198537827e-02
1.409698463976383209e-02
1.479402184486389160e-02
1.289916690438985825e-02
1.340219937264919281e-02
1.248060073703527451e-02
1.472182106226682663e-02
1.256718300282955170e-02
1.187472883611917496e-02
1.599156670272350311e-02
1.402816548943519592e-02
1.321043353527784348e-02
1.232946664094924927e-02
1.310614962130784988e-02
1.375577319413423538e-02
1.239293627440929413e-02
1.296275854110717773e-02
1.371861621737480164e-02
1.235833205282688141e-02
1.243176404386758804e-02
1.355701219290494919e-02
1.398159563541412354e-02
1.308681163936853409e-02
1.626164279878139496e-02
1.412355341017246246e-02
1.458819489926099777e-02
1.306149829179048538e-02
1.336733438074588776e-02
1.445394009351730347e-02
1.414440944790840149e-02
1.345837675034999847e-02
1.320565771311521530e-02
1.286173518747091293e-02
1.369181741029024124e-02
1.504609640687704086e-02
1.543198525905609131e-02
1.549645606428384781e-02
1.365773193538188934e-02
1.181383989751338959e-02
1.206581201404333115e-02
1.255276426672935486e-02
1.243344694375991821e-02
1.217380631715059280e-02
1.461070682853460312e-02
1.210864260792732239e-02
1.320352312177419662e-02
1.487831771373748779e-02
1.341275498270988464e-02
1.382979284971952438e-02
1.305471733212471008e-02
1.198505610227584839e-02
1.342608872801065445e-02
2.120566740632057190e-02
1.284568011760711670e-02
1.355612091720104218e-02
1.279858499765396118e-02
1.490319147706031799e-02
1.291807554662227631e-02
1.382940448820590973e-02
1.279856916517019272e-02
1.633147336542606354e-02
1.267724763602018356e-02
1.303763687610626221e-02
1.473387423902750015e-02
1.425474882125854492e-02
1.157160568982362747e-02
1.246603392064571381e-02
1.270185969769954681e-02
1.216217130422592163e-02
1.253843028098344803e-02
1.219880208373069763e-02
1.259747985750436783e-02
1.471641939133405685e-02
1.652961038053035736e-02
1.428479328751564026e-02
1.272332482039928436e-02
1.280639041215181351e-02
1.212365552783012390e-02
1.310320012271404266e-02
1.150656584650278091e-02
1.189884822815656662e-02
1.339803542941808701e-02
1.103478390723466873e-02
1.538313925266265869e-02
1.231430098414421082e-02
1.224877033382654190e-02
1.277423929423093796e-02
1.077555678784847260e-02
1.366900280117988586e-02
1.353710331022739410e-02
1.474226452410221100e-02
1.254288759082555771e-02
1.363511569797992706e-02
1.162295602262020111e-02
1.323360484093427658e-02
1.175720803439617157e-02
1.369392592459917068e-02
1.229241862893104553e-02
1.163716055452823639e-02
1.477463543415069580e-02
1.332516036927700043e-02
1.386227644979953766e-02
1.165257859975099564e-02
1.264398824423551559e-02
1.342662516981363297e-02
1.161641068756580353e-02
1.241000276058912277e-02
1.380068622529506683e-02
1.342946756631135941e-02
1.371187157928943634e-02
1.178914587944746017e-02
1.219897810369729996e-02
1.309898775070905685e-02
1.185928750783205032e-02
1.146255992352962494e-02
1.456182636320590973e-02
1.201295759528875351e-02
1.190273556858301163e-02
1.164952572435140610e-02
1.119543332606554031e-02
1.232109032571315765e-02
1.095865480601787567e-02
1.165092270821332932e-02
1.093811634927988052e-02
1.271223090589046478e-02
1.192041579633951187e-02
1.292585302144289017e-02
1.233917940407991409e-02
1.158665493130683899e-02
1.177538186311721802e-02
1.225996483117341995e-02
1.164200343191623688e-02
1.208989694714546204e-02
1.341973897069692612e-02
1.193411089479923248e-02
1.169762294739484787e-02
1.436093728989362717e-02
1.254553906619548798e-02
1.150594931095838547e-02
1.327944360673427582e-02
1.221228949725627899e-02
1.193359214812517166e-02
1.114974543452262878e-02
1.317115500569343567e-02
1.160014420747756958e-02
1.532129105180501938e-02
1.291084941476583481e-02
1.235430873930454254e-02
1.557270623743534088e-02
1.213314197957515717e-02
1.308900117874145508e-02
1.104307826608419418e-02
1.050043944269418716e-02
1.498493924736976624e-02
1.232593785971403122e-02
1.076469942927360535e-02
1.221882551908493042e-02
1.271389331668615341e-02
1.117326412349939346e-02
1.235800888389348984e-02
1.190690789371728897e-02
1.079233735799789429e-02
1.103956997394561768e-02
1.395364478230476379e-02
1.216306257992982864e-02
1.134576648473739624e-02
1.115156244486570358e-02
1.287028379738330841e-02
1.199826318770647049e-02
1.091079786419868469e-02
1.366333849728107452e-02
1.081106532365083694e-02
1.086109131574630737e-02
1.080363802611827850e-02
1.172695308923721313e-02
1.106267608702182770e-02
1.146542374044656754e-02
1.221502292901277542e-02
1.246061362326145172e-02
1.286789961159229279e-02
1.137106399983167648e-02
1.078830100595951080e-02
1.137194968760013580e-02
1.550713647156953812e-02
1.617262698709964752e-02
1.353862136602401733e-02
1.155653316527605057e-02
1.227724552154541016e-02
1.258444879204034805e-02
1.052330993115901947e-02
1.218900363892316818e-02
1.108609791845083237e-02
1.211535558104515076e-02
1.117346715182065964e-02
1.091860793530941010e-02
1.210446469485759735e-02
1.081136520951986313e-02
1.161602977663278580e-02
1.073074899613857269e-02
1.249250769615173340e-02
1.200526207685470581e-02
1.150588598102331161e-02
1.127038989216089249e-02
1.080098934471607208e-02
1.181246712803840637e-02
1.368454098701477051e-02
1.044307556003332138e-02
1.217518467456102371e-02
1.238552480936050415e-02
1.315748598426580429e-02
1.207621954381465912e-02
1.071176771074533463e-02
1.040001492947340012e-02
1.017511449754238129e-02
1.278773415833711624e-02
1.176137663424015045e-02
1.229018438607454300e-02
1.092292089015245438e-02
1.224234420806169510e-02
1.340670417994260788e-02
1.162855420261621475e-02
1.167367119342088699e-02
1.197808422148227692e-02
1.025812327861785889e-02
1.144787110388278961e-02
1.136468350887298584e-02
1.214119885116815567e-02
1.160031091421842575e-02
1.166429370641708374e-02
1.080980058759450912e-02
1.156270783394575119e-02
1.226848457008600235e-02
1.208238303661346436e-02
1.265506912022829056e-02
1.125798281282186508e-02
1.105879526585340500e-02
1.212653983384370804e-02
1.103411521762609482e-02
1.148716919124126434e-02
1.243311446160078049e-02
1.094450335949659348e-02
1.133437268435955048e-02
1.043856795877218246e-02
1.253463234752416611e-02
1.252165809273719788e-02
1.069950684905052185e-02
1.106725819408893585e-02
1.166353747248649597e-02
1.203524600714445114e-02
1.183134969323873520e-02
1.085274480283260345e-02
1.062723435461521149e-02
1.158914435654878616e-02
1.171477232128381729e-02
1.042268890887498856e-02
1.191250514239072800e-02
1.143068913370370865e-02
1.128851622343063354e-02
1.058598514646291733e-02
1.147668343037366867e-02
1.228726189583539963e-02
1.111873891204595566e-02
1.183976326137781143e-02
1.120769977569580078e-02
1.215431652963161469e-02
1.086247153580188751e-02
1.136533077806234360e-02
1.131248380988836288e-02
1.110674347728490829e-02
1.041320245712995529e-02
1.007619220763444901e-02
1.043239235877990723e-02
1.047156937420368195e-02
1.203416287899017334e-02
1.123127341270446777e-02
1.243299525231122971e-02
1.163727324455976486e-02
1.237558946013450623e-02
1.065184175968170166e-02
1.226658839732408524e-02
1.043391879647970200e-02
1.279045734554529190e-02
1.071134116500616074e-02
1.488630194216966629e-02
1.102373562753200531e-02
1.367194019258022308e-02
1.042176596820354462e-02
1.093929912894964218e-02
1.038393005728721619e-02
1.180256623774766922e-02
1.334538590162992477e-02
1.070485450327396393e-02
1.142474450170993805e-02
1.047769095748662949e-02
1.052301935851573944e-02
1.103972457349300385e-02
1.016006711870431900e-02
1.143203023821115494e-02
1.064636651426553726e-02
1.059971470385789871e-02
1.226485799998044968e-02
1.081931218504905701e-02
1.135357189923524857e-02
1.138177327811717987e-02
1.081893220543861389e-02
1.164914201945066452e-02
1.017438061535358429e-02
1.118501182645559311e-02
1.110108662396669388e-02
1.118982583284378052e-02
1.186436042189598083e-02
1.101776864379644394e-02
9.883441962301731110e-03
1.115991454571485519e-02
1.055191457271575928e-02
1.164238154888153076e-02
1.110085286200046539e-02
1.098929252475500107e-02
1.183885522186756134e-02
1.027049403637647629e-02
1.063042134046554565e-02
1.025584526360034943e-02
1.179999578744173050e-02
1.046328898519277573e-02
1.218862086534500122e-02
1.008688192814588547e-02
1.250917278230190277e-02
1.140764728188514709e-02
1.128385495394468307e-02
1.021776441484689713e-02
9.992433711886405945e-03
9.963666088879108429e-03
1.052004750818014145e-02
1.051868963986635208e-02
1.050285622477531433e-02
1.010410021990537643e-02
1.146039832383394241e-02
9.828295558691024780e-03
1.019655168056488037e-02
9.935858659446239471e-03
1.079792715609073639e-02
1.040764339268207550e-02
1.100822258740663528e-02
1.117944158613681793e-02
1.156430318951606750e-02
1.119926478713750839e-02
1.067254226654767990e-02
1.041225530207157135e-02
1.313506811857223511e-02
9.886519052088260651e-03
1.083488576114177704e-02
1.011313032358884811e-02
1.062674168497323990e-02
1.107025519013404846e-02
1.127453614026308060e-02
9.999476373195648193e-03
1.094340346753597260e-02
1.124765258282423019e-02
1.039738673716783524e-02
1.109861861914396286e-02
1.044231187552213669e-02
1.201928593218326569e-02
1.195152569562196732e-02
1.027190405875444412e-02
9.588438086211681366e-03
1.164645608514547348e-02
1.008892431855201721e-02
9.990919381380081177e-03
1.086541544646024704e-02
1.078192237764596939e-02
1.032096706330776215e-02
1.095614116638898849e-02
1.020134612917900085e-02
9.951405227184295654e-03
1.075218152254819870e-02
1.005534082651138306e-02
1.152449846267700195e-02
9.995265863835811615e-03
1.063526794314384460e-02
1.022480614483356476e-02
1.001585833728313446e-02
1.000415999442338943e-02
1.007287669926881790e-02
1.210518740117549896e-02
1.144210901111364365e-02
1.031020283699035645e-02
1.026232913136482239e-02
1.088631991297006607e-02
1.018463913351297379e-02
1.035617198795080185e-02
9.553625248372554779e-03
1.099207624793052673e-02
1.037198118865489960e-02
1.001492142677307129e-02
1.093486975878477097e-02
1.105749420821666718e-02
1.056908350437879562e-02
1.189812459051609039e-02
1.077147200703620911e-02
9.887212887406349182e-03
1.098875328898429871e-02
1.024302747100591660e-02
1.068657450377941132e-02
1.029469911009073257e-02
9.960162453353404999e-03
1.061796117573976517e-02
9.460078552365303040e-03
9.786753915250301361e-03
1.127654779702425003e-02
1.068337075412273407e-02
9.626136161386966705e-03
1.051251217722892761e-02
1.009325403720140457e-02
9.826722554862499237e-03
1.033169776201248169e-02
1.000615395605564117e-02
1.120453421026468277e-02
1.057743467390537262e-02
9.932589717209339142e-03
1.238310523331165314e-02
1.079509779810905457e-02
9.768197312951087952e-03
1.002416107803583145e-02
1.011422649025917053e-02
1.003180351108312607e-02
9.698309004306793213e-03
1.047229114919900894e-02
1.026255637407302856e-02
1.071926578879356384e-02
1.031334511935710907e-02
1.158689241856336594e-02
1.025997381657361984e-02
1.091746240854263306e-02
1.048399228602647781e-02
1.064357627183198929e-02
1.026695407927036285e-02
1.049424055963754654e-02
1.414257287979125977e-02
1.037838961929082870e-02
9.926297701895236969e-03
1.028888951987028122e-02
1.071135979145765305e-02
1.018020603805780411e-02
9.625729173421859741e-03
1.074954215437173843e-02
1.052593812346458435e-02
9.877816773951053619e-03
9.917111136019229889e-03
9.830092079937458038e-03
1.052096672356128693e-02
1.018272805958986282e-02
1.015223469585180283e-02
9.394946508109569550e-03
1.033268123865127563e-02
1.024757977575063705e-02
9.944043122231960297e-03
1.061201188713312149e-02
1.097479742020368576e-02
1.040626503527164459e-02
9.846362285315990448e-03
1.002130378037691116e-02
9.996131993830204010e-03
1.041267812252044678e-02
9.843115694820880890e-03
1.005064137279987335e-02
1.057582255452871323e-02
1.121852733194828033e-02
9.725977666676044464e-03
1.063836365938186646e-02
9.783099405467510223e-03
1.011715643107891083e-02
9.811974130570888519e-03
1.061013061553239822e-02
1.001537498086690903e-02
1.094228029251098633e-02
9.517422877252101898e-03
9.857885539531707764e-03
9.867585264146327972e-03
9.260287508368492126e-03
1.010072603821754456e-02
9.778785519301891327e-03
1.034413464367389679e-02
1.055579725652933121e-02
9.918428026139736176e-03
1.043641008436679840e-02
1.036192290484905243e-02
1.041995547711849213e-02
9.708612225949764252e-03
1.051536668092012405e-02
1.050773262977600098e-02
