4.516993114868485953e-02
4.531199117817655275e-02
4.541911811765721174e-02
4.499542928025052069e-02
4.508247066698797823e-02
4.524104092032395913e-02
4.536586288628404601e-02
4.549013400942948648e-02
4.545503229510571008e-02
4.478757572683657318e-02
4.489328114444508799e-02
4.511361360521552732e-02
4.505470444593934892e-02
4.514129879780586635e-02
4.525644680148210863e-02
4.521335759171173085e-02
4.528407295998182480e-02
4.536918825242837461e-02
4.534049306777564181e-02
4.539434210351998844e-02
4.545298373628793576e-02
4.543591475795121654e-02
4.547177316721541518e-02
4.552383411113197081e-02
4.496118934717645288e-02
4.487753313452128023e-02
4.497724045345569827e-02
4.550760711071156345e-02
4.503647637951802701e-02
4.518488770875545707e-02
4.531272470704469230e-02
4.541115006777152879e-02
4.550276760553397665e-02
4.547784200546588912e-02
4.549619752737574241e-02
4.456385769906108518e-02
4.467644688596331126e-02
4.551991097567392730e-02
4.552378311950779771e-02
4.481183376112077288e-02
4.488750436556901424e-02
4.479942223257697004e-02
4.551344588801699287e-02
4.506300971158194724e-02
4.501311456587277215e-02
4.508817537438946504e-02
4.520605805016231910e-02
4.516000146281397981e-02
4.523093617437833752e-02
4.532452249799345800e-02
4.534677185657400023e-02
4.529045569453223063e-02
4.541754469933931282e-02
4.539337264447832615e-02
4.543516941054173003e-02
4.547773286712050722e-02
4.549000875280156952e-02
4.546519047756587134e-02
4.430987698360709659e-02
4.443680900367622671e-02
4.468878739877479855e-02
4.548390850334899788e-02
4.541460235040555016e-02
4.550485058126255145e-02
4.551878039767456863e-02
4.552072194285305962e-02
4.552027060687380972e-02
4.493933379191994426e-02
4.551001261109496876e-02
4.513445382594336031e-02
4.526494715440210204e-02
4.537092958537961018e-02
4.544734472397648356e-02
4.550731444137703918e-02
4.550485903486549411e-02
4.549240027651194063e-02
4.455591100463252019e-02
4.443553318070896097e-02
4.455835252624770065e-02
4.468305395792893792e-02
4.531447223312744244e-02
4.545176275633829727e-02
4.536636994087990538e-02
4.550276275393006636e-02
4.551077072828010883e-02
4.549501223183879256e-02
4.551198725994208549e-02
4.497393592088297365e-02
4.501869939396521691e-02
4.489280616345536767e-02
4.551232472627066844e-02
4.514969158134163330e-02
4.517782785167757942e-02
4.510635213294567764e-02
4.528145078671740043e-02
4.530276655300408128e-02
4.524374365758603717e-02
4.538201783116649346e-02
4.539961799845700779e-02
4.535316586632887059e-02
4.545370688728001679e-02
4.546543922695196749e-02
4.543567503566536825e-02
4.549253691867975735e-02
4.549938322399307844e-02
4.548535927148818214e-02
4.404921126259762898e-02
4.418046544994926050e-02
4.429979489849680818e-02
4.430614621223798177e-02
4.442827958554994294e-02
4.476561288885266138e-02
4.478790020795046789e-02
4.466159139899897323e-02
4.518911416948249299e-02
4.525397778947854582e-02
4.545930547784074460e-02
4.547108536762377307e-02
4.543904966792518957e-02
4.536210743967737657e-02
4.538933030217569969e-02
4.534030694217154600e-02
4.548142363853780595e-02
4.550503357969365448e-02
4.486927646488521326e-02
4.506198272758171752e-02
4.521544047448002729e-02
4.533143233080536016e-02
4.541772210101877039e-02
4.547302613575111147e-02
4.549765249201436629e-02
4.550258788055039361e-02
4.549489125053939043e-02
4.377644899939964890e-02
4.350142199984474017e-02
4.391261803857407497e-02
4.417675368250609941e-02
4.452211446186617183e-02
4.453792511956480848e-02
4.441284304765026614e-02
4.464365330577727692e-02
4.527426845795728266e-02
4.529434649856242667e-02
4.523315593717418259e-02
4.541346178264937111e-02
4.532043536314326465e-02
4.547059010006399005e-02
4.546537257211796801e-02
4.548645877135551463e-02
4.550019610362585065e-02
4.491393651893826194e-02
4.483982810840918959e-02
4.494350886516903371e-02
4.509063678884850379e-02
4.512002741756439284e-02
4.503214718985311393e-02
4.523610992052595758e-02
4.525857796320407328e-02
4.519276650348322960e-02
4.534834125448365671e-02
4.536491501030097406e-02
4.531486554197139416e-02
4.542816104851796905e-02
4.540506720219796011e-02
4.544066591238303532e-02
4.547629709981609175e-02
4.548418707782300729e-02
4.546498084459848349e-02
4.549195440605845880e-02
4.549472339621171008e-02
4.549215724581653908e-02
4.363919438647011206e-02
4.322814426355860856e-02
4.336670884897264600e-02
4.405537846811675984e-02
4.391728466232483474e-02
4.405075637077501827e-02
4.417800884004478845e-02
4.427499664449513483e-02
4.439844544786202690e-02
4.428814131725215819e-02
4.470696483888590006e-02
4.473566356474655004e-02
4.461479807466325886e-02
4.503879493601772865e-02
4.511636542240180653e-02
4.515697014142407151e-02
4.521740246835659338e-02
4.517268492872620472e-02
4.541898974764729119e-02
4.539179727092532146e-02
4.543838510601833774e-02
4.534511406715342058e-02
4.531063245200136341e-02
4.535327616859418515e-02
4.548405277844515954e-02
4.544409024455188517e-02
4.480996024230383956e-02
4.500180236058232142e-02
4.516306629881876311e-02
4.529198612640933375e-02
4.538797375526769373e-02
4.545197611843081187e-02
4.548386289100155022e-02
4.547555024365471793e-02
4.548670564143140332e-02
4.548362127875576338e-02
4.381876385533593071e-02
4.366221686559218496e-02
4.379659107704789861e-02
4.358258205159922655e-02
4.340780002720005110e-02
4.354044414385604272e-02
4.393720666368632066e-02
4.416636335175231493e-02
4.446685333259031009e-02
4.449381614040482519e-02
4.437160597767823844e-02
4.458652476450379598e-02
4.486983331038954526e-02
4.495726469596064007e-02
4.509976499558539242e-02
4.524559417441263720e-02
4.525941641440874713e-02
4.520134362399047534e-02
4.538331070650186011e-02
4.529486288502350411e-02
4.547302042636006819e-02
4.542778835835060980e-02
4.542279914825935599e-02
4.544923080603741061e-02
4.485871500225936670e-02
4.488585110882568896e-02
4.478283872602743104e-02
4.504170325560000882e-02
4.506577183370056444e-02
4.497780583220572365e-02
4.519372496280115586e-02
4.521459447122715830e-02
4.514212720766821313e-02
4.531399769433273189e-02
4.533085405085348490e-02
4.527500126014978588e-02
4.540261991247054180e-02
4.541509677571990700e-02
4.537542170414066156e-02
4.545963061192351273e-02
4.546769625253427316e-02
4.544382392861733011e-02
4.548504639705491792e-02
4.548057066780869517e-02
4.548827030913332042e-02
4.547901824848834401e-02
4.547718006593280682e-02
4.548535987604011843e-02
4.370104291929916701e-02
4.334325137781530612e-02
4.346325855758936818e-02
4.328654304150223592e-02
4.296675940180542941e-02
4.309984887283049848e-02
4.407074691690721774e-02
4.394637813121857889e-02
4.406201525317446355e-02
4.417241076525547233e-02
4.421180473773586583e-02
4.424332147074613170e-02
4.433883896525175894e-02
4.464425570601518456e-02
4.467511598677927770e-02
4.455553858257596533e-02
4.468650465497694957e-02
4.478012515045901032e-02
4.501724782454322171e-02
4.502830006450067590e-02
4.494528869917154695e-02
4.508926756451760165e-02
4.513996146866268433e-02
4.514736566002958834e-02
4.519363344581098230e-02
4.538656113063790215e-02
4.527475843278817857e-02
4.525984507959755071e-02
4.530960969518048331e-02
4.545157831973530016e-02
4.475102768930292602e-02
4.494978076742671413e-02
4.511734795783580582e-02
4.525350978109089761e-02
4.535796579231325676e-02
4.543079016906716866e-02
4.547201265841860351e-02
4.548170617721165876e-02
4.544140443642467886e-02
4.545858011418731082e-02
4.546002395376088495e-02
4.390677537402873365e-02
4.386102263115513461e-02
4.374593984402060792e-02
4.315799700198308386e-02
4.364705884108517620e-02
4.349668992000457757e-02
4.361390758109442295e-02
4.398912937482600538e-02
4.414114807946516866e-02
4.440191813335660903e-02
4.430681135518197561e-02
4.443386266374559773e-02
4.452255665796975292e-02
4.448764378226782723e-02
4.485904180309242817e-02
4.486514640196107712e-02
4.477360444627120906e-02
4.458887590784550714e-02
4.494044467824689915e-02
4.507978025009203027e-02
4.520737945543217007e-02
4.537330341611998247e-02
4.535913464690763397e-02
4.540034948316260671e-02
4.532376250858784900e-02
4.543454211001114740e-02
4.480408134711723334e-02
4.483091396926265626e-02
4.472411478858474843e-02
4.499365884344748434e-02
4.501723474640052791e-02
4.492613405125878839e-02
4.515238670830045570e-02
4.509697872536586744e-02
4.517266353799945233e-02
4.528020316473302387e-02
4.523688793416789228e-02
4.529673227397128937e-02
4.537692357537306820e-02
4.538943569628347413e-02
4.534537416213781091e-02
4.544254024003244186e-02
4.545077538169083053e-02
4.542247821573715955e-02
4.547707781295042689e-02
4.548077854296728867e-02
4.546823384204252971e-02
4.548061126635762758e-02
4.547955053127866049e-02
4.548268698147248795e-02
4.545327962780164321e-02
4.544724128061913143e-02
4.546598434712228326e-02
4.272090671195839795e-02
4.377602348702330781e-02
4.314144635216371482e-02
4.305495796116204366e-02
4.324426682901337526e-02
4.350979752196798556e-02
4.357873829583325254e-02
4.342636615652042953e-02
4.284533744947573858e-02
4.405919348046824502e-02
4.412604273158603208e-02
4.426405494856866518e-02
4.416942259515221209e-02
4.458387940041180081e-02
4.461355034138447112e-02
4.449282209528872961e-02
4.428324739183208542e-02
4.438689425499604130e-02
4.469079233226548598e-02
4.477650703829929441e-02
4.468782895637386787e-02
4.459023667492389292e-02
4.499583891066575442e-02
4.500620964497781956e-02
4.492764868281098195e-02
4.506771470503057042e-02
4.518840907550396302e-02
4.516409473299005939e-02
4.523132932545783497e-02
4.540714383176060187e-02
4.530683387164220755e-02
4.529058972597741622e-02
4.533985649194270662e-02
4.469343525370114700e-02
4.489836381602297505e-02
4.507254812989901216e-02
4.521585287009735610e-02
4.532814245870887826e-02
4.540932692375560659e-02
4.545941244360578171e-02
4.547844972864666796e-02
4.546654620082354881e-02
4.539526635827052792e-02
4.541830985383005920e-02
4.542386306430476473e-02
4.249148168750817300e-02
4.260745606921557960e-02
4.382843400332391698e-02
4.386721292790578264e-02
4.373749782986361551e-02
4.293349684729977356e-02
4.332720760760831041e-02
4.366879753759080746e-02
4.401674144937181565e-02
4.433334837876228007e-02
4.436710000487047167e-02
4.423009842900129523e-02
4.445801633389255547e-02
4.450615069749730424e-02
4.449744774568935302e-02
4.439504551657884324e-02
4.407111625653614001e-02
4.417737479511155141e-02
4.487600703863153795e-02
4.486801809346628589e-02
4.478375098760528639e-02
4.460025924074212389e-02
4.493659447760086495e-02
4.504143367675677440e-02
4.501828544865332793e-02
4.509034052242609503e-02
4.511455088115862155e-02
4.524715256647687811e-02
4.538404845218260708e-02
4.535061886696954009e-02
4.475109810848640346e-02
4.477706422460023955e-02
4.466740126715820075e-02
4.494666404338554938e-02
4.496967530286288817e-02
4.487528464433564873e-02
4.511197479021004236e-02
4.505272507442797253e-02
4.513173269866065096e-02
4.524687241575079538e-02
4.526312447136218720e-02
4.519952954094803160e-02
4.535122326859136049e-02
4.536368991566341186e-02
4.531560370104884689e-02
4.542496841080721770e-02
4.543339816184819441e-02
4.540082353062888099e-02
4.546810100601067495e-02
4.545518244077911829e-02
4.547225689813862159e-02
4.548066817816885654e-02
4.547871631760996153e-02
4.548032715856331620e-02
4.546277282117824892e-02
4.547151441864161897e-02
4.545772978062039005e-02
4.541456996303252364e-02
4.540463392077222909e-02
4.543372372387746716e-02
4.292640463769605008e-02
4.271017541310599686e-02
4.282262789055376467e-02
4.397725480816060128e-02
4.303523963231854765e-02
4.334493043349515323e-02
4.342748286065398894e-02
4.324248099044097904e-02
4.373425759329720164e-02
4.378100936133234866e-02
4.362151709408330219e-02
4.405157674370436399e-02
4.419180985070864098e-02
4.408868695687939016e-02
4.452551102595499882e-02
4.455412719848159120e-02
4.442933875081522821e-02
4.431751195765264856e-02
4.429959002751374109e-02
4.441304411318053313e-02
4.419376438198913126e-02
4.470289216571503299e-02
4.469590270136285237e-02
4.479130197067204833e-02
4.460566352097281723e-02
4.495858550095908901e-02
4.509036090836630872e-02
4.506560649655170364e-02
4.513912051573966411e-02
4.522812957056219357e-02
4.526722757422264182e-02
4.520799791923241912e-02
4.533626693193816559e-02
4.532127739729573113e-02
4.536554074044954477e-02
4.463767496704926230e-02
4.484829566295105152e-02
4.502877060967186429e-02
4.517890672607512842e-02
4.529855502655714961e-02
4.538762014903916647e-02
4.544606993507800674e-02
4.547392403480175760e-02
4.547125736719300620e-02
4.543819912296095248e-02
4.537493075753097627e-02
4.228640649379172833e-02
4.239001037443397568e-02
4.270844373515427644e-02
4.259989637304881921e-02
4.281736608664878097e-02
4.393981299020163073e-02
4.313637600249384252e-02
4.353921045413051971e-02
4.389229917341271742e-02
4.427019669733463919e-02
4.430115900457046174e-02
4.416079845260339337e-02
4.439717413548190800e-02
4.450628763177165437e-02
4.450588140469013271e-02
4.441104042994020035e-02
4.385607759638038283e-02
4.396343230411103864e-02
4.412964484712608715e-02
4.422334339904166606e-02
4.409955189589882113e-02
4.492303243046236183e-02
4.481322830001145674e-02
4.489953232555530388e-02
4.460434700820284371e-02
4.498204499378156279e-02
4.500615531732514440e-02
4.515870447408804750e-02
4.528169226344290477e-02
4.469946477941083574e-02
4.472471694975303780e-02
4.461236777264129816e-02
4.490070659769156147e-02
4.482578390100343951e-02
4.492316000715321223e-02
4.507223649158752232e-02
4.509161630864433334e-02
4.500933046285698208e-02
4.521385931216132664e-02
4.522991010211331597e-02
4.516279260412341817e-02
4.532543268519011875e-02
4.533790175457158567e-02
4.528602054769940294e-02
4.540686926220925679e-02
4.541551913962339065e-02
4.537890390068731461e-02
4.545813478749215208e-02
4.544139598464733837e-02
4.546274127175953944e-02
4.547924853012638713e-02
4.547960126670541614e-02
4.547350315643745866e-02
4.547028291912316722e-02
4.546618664079959266e-02
4.547528530131239588e-02
4.543136254527142814e-02
4.542263721917885744e-02
4.544685628420379320e-02
4.536266218850330129e-02
4.534914453986280819e-02
4.538838128553410178e-02
4.249817758203006113e-02
4.306277209968229630e-02
4.288576488982318025e-02
4.299362944811824933e-02
4.320221998498585680e-02
4.367173920976797491e-02
4.370218598385216396e-02
4.350859564465948265e-02
4.398399242553615446e-02
4.385902479789723779e-02
4.401711915738998337e-02
4.412637040725925219e-02
4.446875981539102907e-02
4.449652981089177034e-02
4.436935359881972324e-02
4.436336394968574265e-02
4.433972525750229376e-02
4.443444709945267024e-02
4.399184876627231650e-02
4.424541145979235535e-02
4.479524097266308902e-02
4.474917833786316856e-02
4.485869961383603249e-02
4.457740332916074882e-02
4.454161159917517654e-02
4.463965756456067524e-02
4.498033773181982914e-02
4.495137076057460768e-02
4.503503343700542699e-02
4.513685750109563966e-02
4.518220640225042994e-02
4.511329271065570024e-02
4.526440807895798502e-02
4.530007641613358060e-02
4.524595384804160764e-02
4.458340942205751833e-02
4.479942766167371859e-02
4.498585252369890347e-02
4.514246134557023393e-02
4.526908539940546761e-02
4.536560972841684192e-02
4.543197362966450159e-02
4.546816950972167731e-02
4.547424321485877413e-02
4.545029332046929965e-02
4.539646969963537226e-02
4.531297298643214427e-02
4.256522342036354878e-02
4.263720058909167832e-02
4.242529065020627516e-02
4.210769967104732031e-02
4.219759042898005991e-02
4.297297242210663948e-02
4.301744975502944102e-02
4.284025769863601674e-02
4.333551308444524852e-02
4.333915728783293425e-02
4.319926706285506096e-02
4.350285875973249061e-02
4.382699378133134149e-02
4.420889232610085429e-02
4.423889001675341409e-02
4.409631882525948815e-02
4.433807007918152965e-02
4.363951736868118547e-02
4.342616547660041459e-02
4.446950059645977948e-02
4.374811281328541690e-02
4.391566858727532358e-02
4.388509236782120460e-02
4.402250876711604616e-02
4.418562990561922255e-02
4.415696895422217827e-02
4.427420873227384812e-02
4.488705196492064065e-02
4.468595596958373217e-02
4.505797850963470103e-02
4.520004483659353228e-02
4.464884139345251524e-02
4.467355476796029679e-02
4.455864825368224119e-02
4.485550775815654034e-02
4.477733815527958766e-02
4.487754656063029646e-02
4.503296383209519360e-02
4.505207452632980364e-02
4.496668822841172475e-02
4.518099519472555670e-02
4.519693367844820203e-02
4.512646693332326986e-02
4.529943863064950921e-02
4.531197101194506249e-02
4.525649510601033321e-02
4.538818324883377858e-02
4.539708730424539540e-02
4.535664623215736324e-02
4.544717029898684424e-02
4.545223598201289517e-02
4.542684729618828160e-02
4.547639306431405792e-02
4.547742321338425764e-02
4.546707789224716662e-02
4.547589655651665397e-02
4.547270763237527824e-02
4.547737024572322262e-02
4.544577682692251680e-02
4.543819950929897655e-02
4.545780869775080391e-02
4.538617968867102864e-02
4.537405913393453838e-02
4.540852856194303733e-02
4.529729911656921876e-02
4.528049656441059112e-02
4.532971430931171525e-02
4.233624885382133302e-02
4.276870850202334207e-02
4.315355585450017517e-02
4.195659742145926852e-02
4.203246924872995616e-02
4.360313427857240298e-02
4.363667746197143205e-02
4.346916025650070237e-02
4.392019913229296135e-02
4.395138947467167045e-02
4.379583826838633759e-02
4.406373634646162940e-02
4.441322929033439393e-02
4.444035582642874571e-02
4.431090129577474473e-02
4.353347529903222463e-02
4.321812974541927588e-02
4.332199391230914798e-02
4.442245302224689940e-02
4.439233768394773572e-02
4.449966361823744221e-02
4.377716485849422051e-02
4.404986213590593447e-02
4.430309959577099360e-02
4.485756368631944879e-02
4.482604654401880356e-02
4.491860119123584211e-02
4.465442737891542335e-02
4.461563943876912380e-02
4.472442134770653055e-02
4.503269040979632210e-02
4.500615549100181467e-02
4.508445324236055179e-02
4.517937506839467959e-02
4.515775994227877455e-02
4.522159930649875120e-02
4.453026408274678161e-02
4.475144964035421280e-02
4.494355106846840975e-02
4.510632877657428513e-02
4.523959382330079715e-02
4.534320903494581251e-02
4.541708955911145928e-02
4.546120265277248801e-02
4.547556745068656592e-02
4.546025451574299547e-02
4.541538486406048597e-02
4.534112845846544060e-02
4.523770224644980964e-02
4.247719931746313932e-02
4.229345574672319086e-02
4.252174359378344676e-02
4.288301393970910674e-02
4.292744910872026143e-02
4.272380560055130672e-02
4.326053936791663529e-02
4.329729235386110819e-02
4.311649781578808655e-02
4.221830600108091025e-02
4.376079093718433788e-02
4.343088355700008840e-02
4.414898516721699889e-02
4.417825688158003028e-02
4.403442237876405152e-02
4.428028377531112447e-02
4.371841567625486119e-02
4.367962279782690305e-02
4.357244313186004608e-02
4.351104315094411756e-02
4.346933401240735129e-02
4.336415243373970690e-02
4.453778635582401196e-02
4.381725556514125264e-02
4.399690525214114412e-02
4.409077776691054662e-02
4.395567266926706657e-02
4.425788636492898609e-02
4.422120381718282894e-02
4.433972031956921744e-02
4.475522829813605857e-02
4.494442977815411855e-02
4.510536792682143942e-02
4.459886557518085576e-02
4.462322572059501669e-02
4.450586366748169459e-02
4.481076329780141199e-02
4.483254417958876248e-02
4.472962532737371349e-02
4.499391527202170615e-02
4.501288195246837959e-02
4.492453817099663349e-02
4.514808989775176418e-02
4.516401587295586911e-02
4.509035414664453595e-02
4.527310474540257451e-02
4.528577296808562747e-02
4.522687486408984853e-02
4.536882753048368522e-02
4.537803150500029775e-02
4.533395262319488139e-02
4.543517664687397872e-02
4.541149123339597443e-02
4.544072121022735972e-02
4.547212122001179080e-02
4.545944594353380774e-02
4.547382320317940735e-02
4.547968089949084441e-02
4.547736973898138663e-02
4.547782329083246977e-02
4.545792534679551217e-02
4.546668069259723194e-02
4.545144361858013959e-02
4.540697331689221711e-02
4.542612563990475194e-02
4.539617709825369968e-02
4.532699132062550929e-02
4.531175042335082448e-02
4.535631438778219005e-02
4.521819183667569880e-02
4.519838978414986858e-02
4.525745025917188302e-02
4.183462931087468528e-02
4.189548094276251272e-02
4.268032861337650585e-02
4.307085967872816001e-02
4.228534889238336203e-02
4.238268947540083098e-02
4.212099628244474897e-02
4.385646955909377337e-02
4.388760877589092252e-02
4.372961893076164619e-02
4.353606891175000604e-02
4.356883271229261556e-02
4.339808752618100340e-02
4.400184593457063392e-02
4.435850159462646769e-02
4.425354980424861528e-02
4.438519882964208491e-02
4.301484027675318150e-02
4.311569846210877577e-02
4.361559537401400732e-02
4.331467768846899297e-02
4.341345805680465325e-02
4.326670726277993817e-02
4.450056775803362674e-02
4.446106468644837884e-02
4.457708284463880732e-02
4.385723660213682040e-02
4.412628810734613161e-02
4.437825019220241474e-02
4.472166655789974049e-02
4.468763826316739241e-02
4.478923424129103298e-02
4.491520877151717467e-02
4.497359914350351762e-02
4.488598465335977977e-02
4.508083144673544901e-02
4.512978163571337853e-02
4.505636508863474637e-02
4.470402793516350254e-02
4.447784965809269825e-02
4.490159429913523348e-02
4.507029301929515314e-02
4.520991695073573596e-02
4.532030862646436314e-02
4.540136103439037368e-02
4.545301790254550889e-02
4.547527360830388998e-02
4.546817282325242571e-02
4.543180980667774899e-02
4.536632727772560436e-02
4.527191486595570635e-02
4.514880723850409755e-02
4.206014273975060974e-02
4.275040061519476409e-02
4.281636496797742997e-02
4.261308764048742093e-02
4.318836456751207198e-02
4.322362602697847611e-02
4.303545151810233421e-02
4.251864934784187200e-02
4.369533067110829838e-02
4.336117707066826366e-02
4.408999646304824493e-02
4.397302652773506931e-02
4.411878318016866640e-02
4.422336205616027305e-02
4.316451616618282444e-02
4.379081788965021038e-02
4.365108979679049872e-02
4.375526822745753885e-02
4.357290875167571520e-02
4.344360797858158596e-02
4.354252186594159690e-02
4.461029700453723879e-02
4.389406071667885378e-02
4.406763217652517883e-02
4.403159337532007445e-02
4.416239258797902828e-02
4.433320400789172999e-02
4.429501888358007566e-02
4.441646749211118628e-02
4.481765985164133659e-02
4.499728197292392207e-02
4.476614753415241593e-02
4.478783783472244096e-02
4.468230151453693455e-02
4.454915511990731325e-02
4.457335769648688995e-02
4.445361411419360836e-02
4.495482166497460214e-02
4.497378340576115019e-02
4.488259360835561429e-02
4.511493016733174322e-02
4.513095475803736989e-02
4.505422698515236524e-02
4.524627281899967074e-02
4.525916041871115569e-02
4.519698575524361273e-02
4.534869769762233521e-02
4.535825815405721689e-02
4.531070277581192296e-02
4.542210194971713078e-02
4.539526052153414898e-02
4.542815562637185500e-02
4.546643214606185118e-02
4.546881059815779252e-02
4.545059152556334137e-02
4.548168427463824409e-02
4.548023081850476046e-02
4.547667840276926193e-02
4.546790340864847318e-02
4.547355358071505232e-02
4.546247360148057692e-02
4.542518302946526448e-02
4.541564503286993348e-02
4.544129870452880138e-02
4.535366397970164165e-02
4.533989878054847655e-02
4.538004365259872691e-02
4.525353305574067453e-02
4.523543449614982059e-02
4.528996515936671574e-02
4.512502132736289501e-02
4.510249602640657024e-02
4.517128507793329723e-02
4.174377796743511393e-02
4.178833271474877153e-02
4.214188760740018164e-02
4.198795694582309335e-02
4.221347359119404646e-02
4.296880173234771810e-02
4.247581932241861757e-02
4.237994588996410461e-02
4.261131705362036087e-02
4.379371808006759376e-02
4.366467115899395207e-02
4.382434321552881873e-02
4.347006125733639953e-02
4.350227807906868749e-02
4.332897578753595880e-02
4.394091190998999918e-02
4.430413718500751663e-02
4.419684035709422337e-02
4.433062932003219159e-02
4.281896496728099244e-02
4.291637506110164424e-02
4.317334459782279366e-02
4.309468912803337409e-02
4.324344576732504219e-02
4.368270584831236703e-02
4.343856665961258468e-02
4.350639901068645982e-02
4.337841915335081955e-02
4.457213770604694786e-02
4.453589289582288863e-02
4.464649312160849648e-02
4.392868906432068760e-02
4.419949747850519806e-02
4.445178368611614472e-02
4.478399029731617437e-02
4.475238305390434601e-02
4.484922213088680248e-02
4.496840231041474012e-02
4.494136945034042652e-02
4.502426852453050854e-02
4.485968477609721811e-02
4.465680876353049500e-02
4.442575509551156820e-02
4.503411287698350779e-02
4.517986912770510094e-02
4.529677734050704258e-02
4.538471004388117125e-02
4.544358904644636710e-02
4.547338560643366528e-02
4.547412025954503806e-02
4.544586231685731476e-02
4.538872900487679607e-02
4.530288423578465035e-02
4.518853705188526082e-02
4.504593985417140733e-02
4.194151492480337196e-02
4.230790413415173173e-02
4.311956283217673047e-02
4.315299288663048544e-02
4.293508469793518717e-02
4.274357274448310762e-02
4.274592255416526099e-02
4.260938766995392424e-02
4.363088588249862398e-02
4.329366925292157248e-02
4.403142950534338212e-02
4.405998339985697093e-02
4.391233214717941979e-02
4.416683830860532178e-02
4.299641475674366442e-02
4.330750504882842356e-02
4.386708681028306245e-02
4.372003994959307305e-02
4.382955425251183756e-02
4.365396784247518869e-02
4.354692565432011220e-02
4.361418775896715172e-02
4.467721058344451684e-02
4.396744613866651608e-02
4.415177335249501761e-02
4.410918884970509851e-02
4.424202785361708995e-02
4.440847442559346658e-02
4.437033520923464036e-02
4.448987285421918125e-02
4.487538667753364352e-02
4.491539375031403797e-02
4.493449966564128095e-02
4.484054715926298618e-02
4.472131550306153447e-02
4.474309219106824970e-02
4.463500322426741662e-02
4.449930931878732371e-02
4.452355912595584719e-02
4.440147957243878452e-02
4.508128215728970933e-02
4.509752675823065771e-02
4.501783403446447951e-02
4.521876395409590854e-02
4.523196482579992794e-02
4.516663179893708885e-02
4.532766891791840252e-02
4.533765266992231813e-02
4.528675524917554623e-02
4.540787435898980401e-02
4.541447741221599915e-02
4.537806710868399346e-02
4.545930571251795976e-02
4.546237496873743733e-02
4.544047870678225021e-02
4.548193675874379061e-02
4.548133015498320719e-02
4.547395026511655280e-02
4.547578949656799763e-02
4.547849083067019571e-02
4.547137645542321388e-02
4.544093367993098931e-02
4.545415787766376309e-02
4.543259545409275568e-02
4.537748601371122126e-02
4.536511591042233921e-02
4.540105656583834359e-02
4.528560901430341012e-02
4.526911248557141665e-02
4.531933864520419630e-02
4.516550956946146361e-02
4.514480417711436155e-02
4.520920102987016631e-02
4.501743725988074929e-02
4.499245255833919654e-02
4.507088411862140986e-02
4.168393639257073069e-02
4.171271514655799234e-02
4.205231819728806608e-02
4.209654279515556707e-02
4.189758078806828101e-02
4.241418897904514207e-02
4.244430778369440160e-02
4.227767230431471457e-02
4.293055443578869257e-02
4.257757677853010736e-02
4.373140835131430343e-02
4.360047445380244718e-02
4.376179143541440025e-02
4.340448898861420934e-02
4.326174892135725703e-02
4.343645991441791310e-02
4.388041430773186730e-02
4.424968037222505590e-02
4.427619960843576230e-02
4.414029670282339918e-02
4.263233466402588379e-02
4.272534636272064951e-02
4.301328365674705195e-02
4.309287797243175483e-02
4.291703846455868776e-02
4.339639282615487259e-02
4.328558591494316432e-02
4.341718762012931887e-02
4.376127424360763685e-02
4.352623968840913654e-02
4.463857402815060021e-02
4.460486729078548540e-02
4.471088022643578130e-02
4.400897793967565447e-02
4.427914753482347504e-02
4.452259899391750736e-02
4.484168248926940353e-02
4.481235999433440947e-02
4.490466995594908500e-02
4.499752687698765907e-02
4.481750545742246850e-02
4.460941931688221229e-02
4.437355219068641471e-02
4.514924407337843337e-02
4.527246342147642905e-02
4.536703836974358139e-02
4.543287022680731618e-02
4.546990856588937341e-02
4.547815126959014326e-02
4.545764423435413870e-02
4.540848073685885278e-02
4.533080046097939103e-02
4.522478820342242661e-02
4.509067230701610529e-02
4.492872288418046922e-02
4.186672943845225203e-02
4.223281996967006430e-02
4.305199868958255183e-02
4.308489159629576987e-02
4.289750049277241822e-02
4.267699545039115028e-02
4.270948955399945374e-02
4.254505036219419223e-02
4.356687936417098783e-02
4.322708985557481565e-02
4.397277493000026349e-02
4.385181585303699059e-02
4.400135476927496958e-02
4.411022998706089909e-02
4.282337870174904304e-02
4.320482173549326094e-02
4.395442854953363065e-02
4.380434712482375592e-02
4.391137705101150895e-02
4.374295273743636359e-02
4.356946887384939571e-02
4.369913643896117944e-02
4.473924973738270527e-02
4.405322393528430386e-02
4.423014257603959803e-02
4.419040938627055715e-02
4.431885229358659140e-02
4.447847202970294650e-02
4.444294140560131612e-02
4.455809908174609979e-02
4.504689311058916040e-02
4.498090436311449891e-02
4.506348855943057702e-02
4.487532395940870000e-02
4.479807263495559633e-02
4.489473228731195170e-02
4.467590488686115635e-02
4.469795354210539390e-02
4.458734901585267862e-02
4.444891162559959363e-02
4.447342128448660004e-02
4.434902397492831300e-02
4.519037996653625655e-02
4.513559705617598006e-02
4.520399764979629587e-02
4.530559706213457827e-02
4.526194860275059573e-02
4.531608059329966104e-02
4.539240301442191289e-02
4.539960525001106306e-02
4.535980321669746268e-02
4.545070331867204910e-02
4.545448699952977373e-02
4.542905232670425841e-02
4.548045078089953813e-02
4.548068906714507198e-02
4.546963508749051613e-02
4.548164560022899955e-02
4.548153853039571537e-02
4.547822250130487132e-02
4.545433511300298740e-02
4.546479737169251134e-02
4.544714581358572092e-02
4.539861320453515009e-02
4.538756428291212952e-02
4.541949348594599700e-02
4.531461939662738414e-02
4.529962892946591546e-02
4.534575504662594070e-02
4.520253762672927361e-02
4.518353518256952583e-02
4.524375534487294626e-02
4.506259474538324566e-02
4.511371131837863674e-02
4.503952128758756390e-02
4.489505874546270703e-02
4.495588183055741760e-02
4.486786648723140036e-02
4.165200890614702972e-02
4.166685971046504150e-02
4.207503054908087736e-02
4.206238372288855637e-02
4.187957517346881098e-02
4.235634738661284149e-02
4.220550499687443502e-02
4.238533004966002493e-02
4.286326641851029295e-02
4.251618491981150327e-02
4.366899977056701299e-02
4.353644800827437267e-02
4.369941577781090436e-02
4.333884989849655367e-02
4.319510278694912997e-02
4.337084287291996521e-02
4.381982889651892671e-02
4.419466145484203523e-02
4.422144685935319730e-02
4.408342929205144589e-02
4.245648390434339503e-02
4.254433973998851537e-02
4.283678473142588095e-02
4.292497804019841656e-02
4.273610130976242955e-02
4.318068779510687849e-02
4.309753035362053064e-02
4.328805631489498346e-02
4.384944242016390603e-02
4.351674881252949600e-02
4.345626152448540253e-02
4.362999878611550919e-02
4.470023665466208579e-02
4.477056568317359236e-02
4.466888876563947230e-02
4.409185032382712671e-02
4.435331190051401695e-02
4.458840954060280803e-02
4.511781638391643146e-02
4.496025490786949991e-02
4.477472142294297575e-02
4.456147014279152746e-02
4.432079773276682844e-02
4.524719579629505467e-02
4.534822861591514265e-02
4.542079682363059367e-02
4.546482952341807798e-02
4.548030319887683137e-02
4.546724162537361252e-02
4.542571544728542937e-02
4.535584142678811270e-02
4.525778137510085009e-02
4.513174078813723955e-02
4.497796721071831150e-02
4.479674830797364393e-02
4.186272579389212906e-02
4.221649370227399667e-02
4.298252742327693388e-02
4.301637372374659402e-02
4.282935086852096562e-02
4.254538777460786791e-02
4.261077173747253310e-02
4.245039307043162180e-02
4.350280223091874954e-02
4.315947974694775424e-02
4.391351129215478183e-02
4.394238209826856201e-02
4.379094664184823155e-02
4.405304149763902138e-02
4.264809992886471612e-02
4.300915823202558497e-02
4.334807924507931565e-02
4.403529675787874048e-02
4.388930756259881716e-02
4.399551319118324977e-02
4.382579621822669386e-02
4.367079202537062221e-02
4.378506756198632249e-02
4.413288064533268940e-02
4.430316852483814211e-02
4.426608028794672828e-02
4.439037702560622023e-02
4.454360088273799645e-02
4.462150605403512882e-02
4.451047971433100270e-02
4.516090472280497037e-02
4.510364714652700946e-02
4.517505172221468468e-02
4.501149283734706685e-02
4.494314915755305562e-02
4.502857866176783463e-02
4.483428810486725369e-02
4.475482684687999424e-02
4.485416534594285909e-02
4.462953788562153828e-02
4.453894177427793200e-02
4.465205176409586807e-02
4.439753132266531510e-02
4.442252048091221983e-02
4.429579717021646379e-02
4.528231983233062252e-02
4.523610265829875604e-02
4.529338871746086542e-02
4.537557896556618925e-02
4.538343925718118371e-02
4.534034236511522153e-02
4.544056862864932073e-02
4.544509925968186204e-02
4.541623884237801917e-02
4.547722166595770388e-02
4.547831148394609890e-02
4.546371128267588657e-02
4.548551752725760872e-02
4.548306570523155679e-02
4.548272584394859319e-02
4.546548221981951132e-02
4.545939856249668620e-02
4.547329566663207284e-02
4.541718792115314457e-02
4.540739307082227588e-02
4.543548055146311854e-02
4.534075227280893322e-02
4.532717781178523253e-02
4.536938631156832435e-02
4.523633736357474816e-02
4.521892581402006672e-02
4.527516380713595551e-02
4.510414841604024061e-02
4.508285314417483092e-02
4.515300767798050008e-02
4.494443218683290275e-02
4.500315479303779176e-02
4.491921722171474118e-02
4.475747507018131705e-02
4.472831482087766958e-02
4.482588241732218814e-02
4.165083904080722765e-02
4.164986165508040294e-02
4.191261065095995553e-02
4.178270481285806248e-02
4.199371551922995160e-02
4.231070556338524524e-02
4.276309037646087996e-02
4.360585550796112347e-02
4.363662865890324122e-02
4.347202030067716383e-02
4.327211479691309148e-02
4.330464996299177027e-02
4.312696807152373302e-02
4.375857772981785188e-02
4.413859751490428751e-02
4.402573606495852054e-02
4.416589483258399201e-02
4.229315974098477038e-02
4.237503089017530256e-02
4.269557418185741804e-02
4.257777659626845596e-02
4.276606414456421423e-02
4.300240720932574368e-02
4.309208362113290530e-02
4.292180316327494360e-02
4.328681613410238771e-02
4.323297936098958322e-02
4.340083643415138664e-02
4.393137614907074995e-02
4.360128822797205289e-02
4.371371877563334785e-02
4.355830116222893927e-02
4.416880683762496734e-02
4.442237629032334822e-02
4.464957879584977030e-02
4.522078530912301830e-02
4.508534294095885298e-02
4.492199980409683491e-02
4.473098167707435791e-02
4.451255696354255997e-02
4.426703495612294148e-02
4.532814523310439020e-02
4.540728628142520762e-02
4.545811807304211971e-02
4.548059672486816363e-02
4.547472496176356571e-02
4.544055189777504444e-02
4.537817248876568205e-02
4.528772666963329363e-02
4.516939818778372556e-02
4.502341314617108042e-02
4.485003825767905350e-02
4.178174534637912885e-02
4.222457369053954357e-02
4.214861635657382588e-02
4.206847787040013387e-02
4.238329904934189096e-02
4.291280670200157965e-02
4.294668754831849899e-02
4.272902654798723526e-02
4.343781808781126130e-02
4.309116878313454940e-02
4.385310323428262547e-02
4.388253693019820989e-02
4.372913904971523213e-02
4.399476384234034948e-02
4.249629675614432361e-02
4.285143684609150211e-02
4.314446624120917007e-02
4.344232401509650482e-02
4.411081085710265304e-02
4.407372237295503065e-02
4.396851439255473892e-02
4.390336111873929803e-02
4.386529166174626959e-02
4.375182942852570700e-02
4.420718471487967982e-02
4.437128354746876918e-02
4.445701323449460091e-02
4.433662908074752912e-02
4.460424677085687850e-02
4.468046078806012233e-02
4.457334586526181391e-02
4.525765785589178081e-02
4.520901971615243209e-02
4.526940620137946680e-02
4.513010541962041156e-02
4.514490255390023188e-02
4.507053062931412613e-02
4.497479514216165541e-02
4.499251883750936265e-02
4.490426328337836226e-02
4.479194690290456277e-02
4.471045131109057519e-02
4.481246706054732576e-02
4.458182264162807718e-02
4.448937027422635027e-02
4.460500198726358168e-02
4.434472462876390408e-02
4.437041945137679133e-02
4.424133588447748400e-02
4.535727606086485675e-02
4.531954037895100790e-02
4.536586189236950506e-02
4.542882826987275358e-02
4.540194713847855307e-02
4.543414691914892528e-02
4.547222813614107406e-02
4.547418446746823162e-02
4.545614008575240422e-02
4.548743519425957338e-02
4.548594398214753087e-02
4.548206542924934648e-02
4.547445499564997662e-02
4.546944121123928234e-02
4.547971569554210697e-02
4.543333891757751070e-02
4.542473791653449389e-02
4.544912961001006807e-02
4.536418364952670562e-02
4.535194126368338741e-02
4.539039164550408983e-02
4.526713037063076484e-02
4.525120290200815298e-02
4.530363125744126668e-02
4.514236362417568121e-02
4.518902181223526798e-02
4.512271774444603228e-02
4.499010990106318275e-02
4.504677922171219928e-02
4.496672245881320334e-02
4.481063594098808056e-02
4.478349366993942399e-02
4.487716029213503072e-02
4.167654107751561643e-02
4.166164335183927120e-02
4.208512038085916035e-02
4.199737563343239333e-02
4.186839685166687808e-02
4.215400140931158113e-02
4.252836769397345951e-02
4.253565088946406614e-02
4.237621491927842654e-02
4.271926109847039993e-02
4.354144996095222347e-02
4.357284453938026214e-02
4.340641694194125044e-02
4.320407400363988210e-02
4.323724459009158777e-02
4.305805199047271076e-02
4.369612780952741166e-02
4.408099342613631955e-02
4.410905442920839276e-02
4.396670184072924703e-02
4.214374784542868763e-02
4.221900878540932323e-02
4.254476610840944584e-02
4.262033646902246148e-02
4.242051033864727844e-02
4.297013694431471575e-02
4.283399648778907221e-02
4.298653041470486269e-02
4.312891996279824558e-02
4.335427264385226936e-02
4.347736502364876743e-02
4.331953930982267165e-02
4.400796424744286839e-02
4.368049707417212546e-02
4.379213297632923718e-02
4.364014973571934269e-02
4.424063274723129269e-02
4.448674873073607539e-02
4.470647274684984296e-02
4.530663551059878336e-02
4.519302590998198338e-02
4.505156426875617237e-02
4.488244883561246651e-02
4.468592065460381957e-02
4.446226198561817333e-02
4.421179442479228339e-02
4.539223890300568554e-02
4.544972696635385390e-02
4.547903625513253362e-02
4.548014929805117845e-02
4.545309457071553677e-02
4.539794614193046890e-02
4.531482300492248316e-02
4.520388810217804837e-02
4.506534705320651424e-02
4.489944659524015141e-02
4.187915167014179263e-02
4.230545407570779348e-02
4.284146676795605457e-02
4.268448750156253468e-02
4.287622835361691587e-02
4.337154437520071570e-02
4.302147997768878546e-02
4.379100548593284348e-02
4.382127863196660922e-02
4.366585713957588100e-02
4.393487664075948484e-02
4.234593103894414290e-02
4.275838643742807532e-02
4.316144781667298480e-02
4.351617939162534532e-02
4.418142527810393211e-02
4.414680081181363014e-02
4.404263314782539546e-02
4.397607678403733789e-02
4.382780629988056870e-02
4.394044410190695027e-02
4.427658152854811735e-02
4.443490596087694422e-02
4.440247992432907326e-02
4.451916335546293735e-02
4.466079114588522581e-02
4.473532743854936877e-02
4.463192349088303257e-02
4.533735181763889899e-02
4.534673883572384878e-02
4.529723637245644530e-02
4.523141571578807169e-02
4.524394563418143722e-02
4.518048571071877489e-02
4.509773375450354393e-02
4.511330956346375903e-02
4.503598030303503086e-02
4.493649910979396339e-02
4.495501549322714063e-02
4.486392669168976638e-02
4.474794729724960313e-02
4.476929121972433173e-02
4.466457362600621123e-02
4.453235461442943410e-02
4.443821041929708199e-02
4.455640597253275603e-02
4.429003625186038462e-02
4.431666860677057479e-02
4.418516498520284885e-02
4.541539250190418375e-02
4.542154843284949145e-02
4.538606930706513137e-02
4.546543278474095284e-02
4.546827870071146888e-02
4.544686614091547616e-02
4.548741289589568887e-02
4.548687947690239347e-02
4.547955382360084620e-02
4.548131859345765776e-02
4.547734638673028851e-02
4.548410501699014230e-02
4.544718115594067326e-02
4.543972074412985090e-02
4.546053815834689982e-02
4.538507705637058465e-02
4.537408913160541346e-02
4.540891720190201597e-02
4.529512732423496973e-02
4.528058266965238887e-02
4.532935104242416524e-02
4.517749660262128375e-02
4.515937598203401820e-02
4.522199263204811082e-02
4.503239190942583126e-02
4.501068586747880573e-02
4.508703779761043251e-02
4.486006111423496839e-02
4.492472377008871476e-02
4.483476968798078000e-02
4.209690799210212553e-02
4.208939243312974365e-02
4.188751356523830183e-02
4.172549345000734627e-02
4.169985309214684077e-02
4.245929321545560686e-02
4.249268180674552892e-02
4.227219886013722228e-02
4.264887124772035604e-02
4.347517135365830399e-02
4.350749771431459967e-02
4.333922384734556488e-02
4.313391975808239520e-02
4.316814918845412324e-02
4.298726108678799923e-02
4.363190204478655659e-02
4.402134411047618767e-02
4.405042548547279807e-02
4.390580154056190898e-02
4.201011948370467208e-02
4.207777926821418268e-02
4.237248624715597711e-02
4.245908706367919339e-02
4.225998361344734944e-02
4.274547314031421075e-02
4.264596708673191322e-02
4.285723452445604209e-02
4.309733460073510158e-02
4.303355770487655996e-02
4.322531106911015747e-02
4.343866139110217489e-02
4.339576362576134244e-02
4.355907680108542235e-02
4.407967688531180123e-02
4.375490602279535901e-02
4.371698563564837409e-02
4.386573999603088359e-02
4.430776428743896100e-02
4.454682938110468560e-02
4.475945325771284872e-02
4.528353053057424665e-02
4.537553862044680503e-02
4.516369575876881537e-02
4.501620576787898620e-02
4.484127502154143519e-02
4.463915956510536992e-02
4.441015530402110667e-02
4.415459596392773411e-02
4.543959268503693083e-02
4.547561029935718452e-02
4.548355443422871097e-02
4.546343360911889175e-02
4.541530172549058941e-02
4.533925758372477771e-02
4.523544409183455350e-02
4.510404717340038561e-02
4.494529438522030379e-02
4.191071158673913971e-02
4.227651297632436384e-02
4.277650199791240698e-02
4.280806469518937118e-02
4.261757231277304991e-02
4.330329353887692190e-02
4.295385367667718668e-02
4.372666385114237775e-02
4.375805794543435878e-02
4.360051820328003647e-02
4.387285064946534752e-02
4.219373257280355227e-02
4.256005984776656953e-02
4.292077157252605080e-02
4.189434267178022975e-02
4.195324652958589556e-02
4.326682969151692676e-02
4.359554379165707372e-02
4.424759609498513102e-02
4.411210371606243824e-02
4.421520413976776781e-02
4.404444347119202546e-02
4.389922081697843204e-02
4.401099308319758596e-02
4.434150833377793061e-02
4.449445463894718955e-02
4.446405118372665638e-02
4.457722724164821931e-02
4.471361220404447556e-02
4.468659249477618250e-02
4.478646593195580172e-02
4.531564822874735443e-02
4.532591982886766124e-02
4.527325366724439804e-02
4.540015584973544627e-02
4.540720619262302721e-02
4.536848139875196417e-02
4.520338293750901515e-02
4.521680404449328339e-02
4.515027129140274098e-02
4.506352705666922392e-02
4.508001722831578295e-02
4.499971441619725343e-02
4.489629035202541418e-02
4.491576093345799048e-02
4.482180570612741277e-02
4.470192385745932334e-02
4.461680885782944028e-02
4.472427852930591086e-02
4.448071815401971607e-02
4.438502679570453108e-02
4.450585356259010444e-02
4.423300135829940499e-02
4.426080780467913506e-02
4.412679957363564720e-02
4.545678251899256533e-02
4.546054894692243276e-02
4.543581805682940511e-02
4.548544955376768867e-02
4.548587882370699192e-02
4.547517180566823525e-02
4.548612336752555496e-02
4.548317188192087940e-02
4.548649597170007636e-02
4.545881563731066916e-02
4.546978928437776096e-02
4.545244958742406666e-02
4.540358315731007899e-02
4.542509579894932897e-02
4.539377857681571593e-02
4.532052738113438728e-02
4.535250450414866213e-02
4.530727010947695199e-02
4.520979365504485675e-02
4.525214861954002937e-02
4.519307921208556844e-02
4.507157015097355141e-02
4.505140352520117103e-02
4.512420459017083690e-02
4.490608650934184432e-02
4.488248186223947611e-02
4.496889078793619987e-02
4.207245993961358788e-02
4.190095411192552854e-02
4.208423752946872237e-02
4.241496441975739495e-02
4.225596114987198448e-02
4.243604815549233134e-02
4.180172729091939654e-02
4.176160234345361461e-02
4.259433799034938184e-02
4.340662755987678700e-02
4.326984736268474352e-02
4.344008491045935061e-02
4.306239549139902201e-02
4.291896437649537349e-02
4.309732249573548085e-02
4.356542647825009662e-02
4.395913690277340052e-02
4.398949899881592074e-02
4.384250173972558534e-02
4.227290268894332015e-02
4.214372993319587257e-02
4.232360614622671796e-02
4.256494067762596478e-02
4.265546225540377268e-02
4.247035202399610659e-02
4.284651006130779649e-02
4.279538797111250015e-02
4.297131452258749068e-02
4.208686634359777579e-02
4.317856942876436427e-02
4.313715109229583622e-02
4.330815608505701741e-02
4.351437802142855971e-02
4.347577499067847157e-02
4.363418396772306834e-02
4.414698690302459871e-02
4.382512011395968410e-02
4.378928876839431605e-02
4.393506404068700522e-02
4.437063877657348998e-02
4.460301666076051802e-02
4.480887743011155444e-02
4.525864606522717742e-02
4.535705371581191803e-02
4.542763597917671980e-02
4.513255828720154350e-02
4.497897890635210727e-02
4.479813844576524540e-02
4.459030785801409297e-02
4.435579665857693893e-02
4.409495077333833862e-02
4.547029181704995843e-02
4.548496506305160086e-02
4.547164475478656515e-02
4.543036514445281115e-02
4.536120539598690465e-02
4.526428897237970428e-02
4.513978271756905608e-02
4.498789564301763216e-02
4.193795399188868234e-02
4.224315113104688824e-02
4.270169174203494039e-02
4.273816891214000241e-02
4.255784405187792996e-02
4.323323587265560930e-02
4.288058195636715308e-02
4.365952046273290782e-02
4.369231857712145561e-02
4.353264599935862539e-02
4.380815031048426039e-02
4.242138993123361485e-02
4.270539171816187252e-02
4.301108104332632825e-02
4.179824027473518638e-02
4.184775788723589518e-02
4.220768353573706166e-02
4.224165375117108073e-02
4.205331801512816881e-02
4.334525602751095746e-02
4.366854246998797678e-02
4.430978030586827515e-02
4.417740466885435729e-02
4.427938902819963940e-02
4.410895455487215400e-02
4.396660399150305321e-02
4.407743623673249234e-02
4.440240281716383020e-02
4.455034510100124023e-02
4.452176028125235524e-02
4.463160176104494226e-02
4.476308285116015195e-02
4.473772853154851098e-02
4.483423065419553377e-02
4.529199253208331111e-02
4.524740067083138362e-02
4.530323946359625376e-02
4.538299771013790118e-02
4.534904413049524463e-02
4.539100714736479109e-02
4.544620898122208458e-02
4.542290893484080688e-02
4.545093448156400234e-02
4.517333490474874369e-02
4.518776385216796698e-02
4.511813284445125027e-02
4.502720936376240768e-02
4.504475618716881347e-02
4.496143782799133515e-02
4.485384226738526464e-02
4.487443460864679740e-02
4.477755435030554565e-02
4.465350021710236261e-02
4.456676104138786870e-02
4.467705802403460630e-02
4.442648822793379693e-02
4.432937451150181785e-02
4.445292432997291487e-02
4.417314761117585586e-02
4.406574717612887770e-02
4.420236834258594455e-02
4.548152894459538825e-02
4.548293338546296333e-02
4.546888473047895618e-02
4.548890490572858603e-02
4.548696069447901585e-02
4.548690582282712697e-02
4.546832923067706950e-02
4.547695160333820735e-02
4.546301842061253179e-02
4.541983937242887598e-02
4.541115369271483265e-02
4.543904664560370621e-02
4.534351759001403748e-02
4.537326049164411984e-02
4.533145838707137998e-02
4.523949035434043919e-02
4.527970712597680775e-02
4.522406844649272395e-02
4.510792744859247472e-02
4.515854414205115741e-02
4.508916289634144758e-02
4.494904077074061977e-02
4.492696256650717535e-02
4.500997160967482730e-02
4.229813628723536056e-02
4.218537566463668315e-02
4.205007333936560537e-02
4.235633769403673865e-02
4.189690437308658810e-02
4.184815050535073411e-02
4.249899369113526587e-02
4.333477711973843238e-02
4.319812187888436711e-02
4.336989570402684235e-02
4.298678708300286699e-02
4.284370952852190051e-02
4.302371285659101208e-02
4.349590509451271847e-02
4.389385380619822280e-02
4.392575952953117063e-02
4.377626452604648638e-02
4.256558029303723900e-02
4.242116091845128667e-02
4.256663794099276033e-02
4.270721435787679099e-02
4.291196051255867505e-02
4.304437194497397201e-02
4.287789598623169968e-02
4.200656810632128618e-02
4.239025685410711258e-02
4.325713147924959562e-02
4.338526722087993059e-02
4.321705414426368907e-02
4.358610790325689877e-02
4.370517782438580745e-02
4.354948346531954673e-02
4.421037022534045347e-02
4.389165581500863167e-02
4.385765830546835276e-02
4.400061912598454000e-02
4.442969247469409633e-02
4.465570488621415507e-02
4.485509611848705058e-02
4.523178342083256087e-02
4.533663751148908627e-02
4.541376238250036806e-02
4.546303854173280867e-02
4.509936319324153037e-02
4.493958238274851219e-02
4.475268759752649983e-02
4.453896479215924131e-02
4.429873728891451506e-02
4.403236356425732634e-02
4.548439090081263930e-02
4.547778927966746737e-02
4.544324859554610407e-02
4.538082873597529265e-02
4.529063412081849038e-02
4.517281295453534629e-02
4.502755617634221497e-02
4.217432260719481546e-02
4.198869141395829285e-02
4.223680630740560271e-02
4.203582878700753284e-02
4.257790397604371835e-02
4.264085834653594254e-02
4.243893427352740666e-02
4.315942706358896069e-02
4.278294871608229188e-02
4.358901496641801737e-02
4.362350002025220524e-02
4.346144213915793808e-02
4.374023527856268911e-02
4.273852358188320877e-02
4.308277492998942304e-02
4.212240635599825977e-02
4.216641935903052418e-02
4.196218460505495712e-02
4.172365579479378472e-02
4.176246448093891284e-02
4.255570050655245462e-02
4.238319367909403751e-02
4.256167092922000239e-02
4.342034872272264312e-02
4.373768871869422592e-02
4.436843161580571182e-02
4.433981062094853598e-02
4.423900926859636318e-02
4.417010393396429702e-02
4.403046941877020864e-02
4.414026710014187782e-02
4.445969946175649945e-02
4.460298813325023343e-02
4.468267872103076632e-02
4.457602045288254489e-02
4.480956932948101934e-02
4.478570126181673217e-02
4.487896900823368923e-02
4.526619796904651771e-02
4.527851794465762025e-02
4.521947171483896993e-02
4.536378291513714495e-02
4.537282338862481251e-02
4.532760355143491959e-02
4.543362894304688732e-02
4.543935950049020345e-02
4.540803686928309574e-02
4.547561990641334900e-02
4.547801947105439835e-02
4.546064284349395079e-02
4.514103380614156030e-02
4.515659379779705940e-02
4.508381350705401025e-02
4.498849254552066829e-02
4.500724433796962631e-02
4.492084320172880230e-02
4.480881731148282643e-02
4.483070438038594396e-02
4.473081570251934147e-02
4.460229053425178447e-02
4.462724852455744740e-02
4.451402477796745361e-02
4.436923197056444335e-02
4.439718925088365076e-02
4.427080101406997981e-02
4.410999641728850784e-02
4.400150960035176251e-02
4.414087474620712048e-02
4.548968404454701436e-02
4.548874105073436036e-02
4.548533687786260327e-02
4.547579449387484374e-02
4.547150698381659251e-02
4.548207918433064961e-02
4.543396950092638137e-02
4.545087506736451149e-02
4.542634512782645767e-02
4.536427231372557739e-02
4.535332825872134821e-02
4.539177488274745431e-02
4.526681076014685279e-02
4.525257356281246757e-02
4.530487368638944079e-02
4.514173651397732773e-02
4.512424181928825079e-02
4.519031057019771286e-02
4.498924405464334308e-02
4.504826769208937487e-02
4.496853628068950975e-02
4.237799420155514973e-02
4.231921637785897305e-02
4.224629277337217659e-02
4.210938868099357857e-02
4.201181438834658555e-02
4.195354875760429897e-02
4.325958012824565602e-02
4.312269306002443348e-02
4.329638680079920393e-02
4.291563924091303106e-02
4.274824377457374369e-02
4.295013160955186288e-02
4.342304055947302649e-02
4.382497085784820695e-02
4.385868644806494715e-02
4.370654793822301154e-02
4.273464415491101676e-02
4.297929330795230429e-02
4.311780765849534958e-02
4.294479770063674290e-02
4.192616879842415989e-02
4.234129254970753209e-02
4.332823271122819564e-02
4.329187526616928849e-02
4.345675008699595443e-02
4.365438671735613618e-02
4.361948461875687910e-02
4.377261490289297702e-02
4.427030014515635076e-02
4.395504716682041568e-02
4.392262031232235103e-02
4.406291889281944985e-02
4.448535759080797514e-02
4.470528264335167645e-02
4.489845258114658066e-02
4.520273028990673403e-02
4.531412902944750853e-02
4.539786269189044488e-02
4.545379328199422586e-02
4.548182679851538179e-02
4.506384747652603107e-02
4.489770332384741824e-02
4.470456074030514093e-02
4.448472096872394671e-02
4.423852147087024150e-02
4.396633340581393434e-02
4.548191390416721214e-02
4.545405028966013200e-02
4.539827672537902203e-02
4.531467879623166106e-02
4.520338632329395923e-02
4.506457247583479236e-02
4.244921102065107171e-02
4.216594235098798660e-02
4.308607659074233792e-02
4.262182268554662312e-02
4.260028693245022924e-02
4.276758885179014757e-02
4.351456367991753810e-02
4.355103565922444075e-02
4.338659619939817802e-02
4.366855701252411043e-02
4.276739406204793648e-02
4.315251645906936773e-02
4.206011938747448997e-02
4.189379915481612066e-02
4.209252009308641490e-02
4.237302057015641943e-02
4.246435340166161004e-02
4.224907117748623320e-02
4.167246386943463526e-02
4.169969143738921913e-02
4.349009820246724917e-02
4.380355065778417101e-02
4.442399991837600592e-02
4.429738929723116281e-02
4.439692061072193080e-02
4.422838100319282512e-02
4.409132774384014186e-02
4.419997734466481198e-02
4.451382844020123492e-02
4.465278840832560131e-02
4.462723950463822614e-02
4.473084351032399764e-02
4.485342985275529715e-02
4.492102013371900016e-02
4.483087298920684222e-02
4.523806451983061749e-02
4.518924789584799484e-02
4.525156183698015450e-02
4.534236229658293593e-02
4.535251271342358170e-02
4.530399170511690415e-02
4.541894466728033097e-02
4.542573349845900610e-02
4.539108540918496831e-02
4.546767652509328683e-02
4.547109853187451811e-02
4.545038157123953981e-02
4.548846686666472433e-02
4.548852641225595295e-02
4.548177659037698495e-02
4.510622954169121734e-02
4.504704418173160335e-02
4.512304986954576713e-02
4.494707737130515524e-02
4.496718793504293071e-02
4.487761217329658270e-02
4.476086825549882575e-02
4.478422778967242751e-02
4.468122325766656078e-02
4.454790085353314832e-02
4.457446005695743507e-02
4.445818669527758921e-02
4.430851015025222273e-02
4.420884742884194363e-02
4.433821218936030706e-02
4.404306491223099890e-02
4.393358341273490009e-02
4.407584610603154651e-02
4.548126948124613100e-02
4.548521146147951194e-02
4.547798059768792117e-02
4.544608333777881704e-02
4.543946970605744484e-02
4.546067222488041348e-02
4.538295265464109551e-02
4.537304749568561030e-02
4.540819010790290988e-02
4.529196665133276845e-02
4.527881253006407064e-02
4.532784134662199566e-02
4.517325898283469643e-02
4.515690752762069327e-02
4.521974669231227512e-02
4.502700685881032283e-02
4.508407060411952216e-02
4.500751840049291991e-02
4.247161778582043273e-02
4.240682482815170962e-02
4.221063116760605249e-02
4.236220091579566416e-02
4.214471621437314297e-02
4.207780785525697120e-02
4.318504166662586602e-02
4.304985937119958084e-02
4.322146049607324819e-02
4.280795926053105466e-02
4.286267585224620008e-02
4.271568383854518203e-02
4.334848271487549976e-02
4.375196463866441732e-02
4.378775512568119227e-02
4.363279865290976833e-02
4.269365063102309454e-02
4.283593284289408110e-02
4.262437365964890507e-02
4.305454306736441333e-02
4.319091582785346273e-02
4.301614589652899556e-02
4.186972672373035637e-02
4.221891685459597254e-02
4.253300212535136154e-02
4.339801238497893732e-02
4.336233576431273301e-02
4.352579942701932658e-02
4.371979160540495624e-02
4.383704609414206671e-02
4.368632760315767360e-02
4.432724618470907513e-02
4.401582236741823084e-02
4.412247213774003751e-02
4.398470637177002984e-02
4.453806135675333899e-02
4.475213140474109536e-02
4.493928121562347500e-02
4.517126157236642237e-02
4.528935364233344085e-02
4.537981342889960135e-02
4.544248419672681366e-02
4.547725283398296875e-02
4.548405069999158362e-02
4.502573642599191905e-02
4.485301845011763211e-02
4.465338723259191372e-02
4.442715974100094889e-02
4.417468806355694805e-02
4.389635649996811995e-02
4.546285416409954344e-02
4.541368483453069732e-02
4.533660946910390149e-02
4.523173956799502599e-02
4.509923064993435343e-02
4.251532935215784903e-02
4.227664344836550014e-02
4.299697764561303398e-02
4.260952938154021624e-02
4.343564979600545578e-02
4.347436388284787318e-02
4.330980448941096350e-02
4.359257575337849300e-02
4.287278533865831326e-02
4.322499240502400419e-02
4.164761712985776826e-02
4.166184784316848133e-02
4.204698827001399075e-02
4.205511847486704397e-02
4.186151731408939425e-02
4.240033103924438496e-02
4.223153795588922149e-02
4.238791910267752927e-02
4.254785444105899789e-02
4.355770687775865208e-02
4.386667546326695338e-02
4.447692902808947357e-02
4.435301125675177730e-02
4.445116581387765359e-02
4.428426879785741371e-02
4.414968492664692046e-02
4.425705313561812543e-02
4.456521387958375935e-02
4.470014278170845318e-02
4.477647361964136319e-02
4.467581827643282710e-02
4.489501326280494198e-02
4.487359730892635790e-02
4.496071365878226422e-02
4.520737962974666346e-02
4.522216479590781407e-02
4.515649789221830301e-02
4.531857323062529752e-02
4.532991917917585795e-02
4.527802727023569340e-02
4.540204427733540021e-02
4.540995163336592616e-02
4.537192402768411986e-02
4.545763829884678225e-02
4.546211733735187888e-02
4.543802178433749284e-02
4.548524467905049051e-02
4.547619764225061673e-02
4.548631546376635804e-02
4.548479753404120057e-02
4.548248996247645365e-02
4.548637312777710495e-02
4.506866063061931715e-02
4.500754452424316626e-02
4.508687620964445253e-02
4.490265461119237467e-02
4.492428267249586743e-02
4.483141653178845942e-02
4.470963943006660973e-02
4.473465330701409393e-02
4.462840222980579002e-02
4.448993053190132552e-02
4.439882689663225690e-02
4.451829524454226084e-02
4.424387876929716801e-02
4.427555143917724645e-02
4.414305039578965417e-02
4.397186897838793740e-02
4.386146478029878670e-02
4.400679850105676527e-02
4.545627627803502241e-02
4.546851481955729163e-02
4.545063003743528285e-02
4.539970587386293888e-02
4.539077030681699931e-02
4.542263466763935692e-02
4.531515676281296090e-02
4.530299064380359508e-02
4.534878999364347352e-02
4.520274447146479385e-02
4.518741569672148767e-02
4.524708317027294896e-02
4.506262889544497552e-02
4.504421408988534131e-02
4.511766098048804879e-02
4.253690163616997977e-02
4.247179932453866436e-02
4.234261579853660501e-02
4.229362638372150679e-02
4.221890844159288669e-02
4.311809150233242294e-02
4.315063322332245849e-02
4.296442803346847694e-02
4.267388141852410111e-02
4.327539176698395884e-02
4.367428937498546437e-02
4.371244239886692279e-02
4.355451601789096794e-02
4.275935992527904461e-02
4.272546388566172970e-02
4.290649214896580244e-02
4.312195986072556164e-02
4.308740514459515059e-02
4.325959307878031457e-02
4.185069370026335556e-02
4.222650100501085940e-02
4.257960671597456337e-02
4.346523691488449193e-02
4.359214659202242936e-02
4.343083107214260746e-02
4.378289576090189233e-02
4.375058807241247183e-02
4.389902069696355325e-02
4.438167160391569277e-02
4.407450431946542679e-02
4.404444161660330676e-02
4.417978153194659918e-02
4.458822407513999414e-02
4.479662405678203063e-02
4.497790633341443994e-02
4.526212370946014474e-02
4.513714019228015628e-02
4.535947729944286855e-02
4.542902506063514756e-02
4.547063438326942597e-02
4.548421697430390237e-02
4.546972957984870417e-02
4.498474462360182308e-02
4.480519524919069491e-02
4.459878886455546920e-02
4.436585872929189184e-02
4.410677259261692323e-02
4.382192769123570419e-02
4.542717439393621770e-02
4.535659914901721962e-02
4.525809688431471633e-02
4.513180539069723551e-02
4.241680763082686378e-02
4.284194741703550163e-02
4.282478571531558170e-02
4.297882716261515468e-02
4.269018273275051317e-02
4.335481993570849263e-02
4.339434251156772115e-02
4.323575175132099435e-02
4.351319813752813070e-02
4.293927964817964571e-02
4.329236505823091247e-02
4.205860754339502128e-02
4.185478739219407329e-02
4.205430375865839426e-02
4.164998820119891754e-02
4.165035723221627295e-02
4.243220472297599272e-02
4.224113260737394349e-02
4.241769114346521929e-02
4.259685160151475275e-02
4.362290802521635175e-02
4.392760895401643523e-02
4.452765502606557263e-02
4.440633459460270605e-02
4.450298610123864379e-02
4.433824300264761764e-02
4.431197370067508495e-02
4.420604015854235486e-02
4.461427213520753610e-02
4.474543891375795668e-02
4.472214909381094089e-02
4.481993725640164017e-02
4.493465779098754220e-02
4.499836850714467040e-02
4.491421781642131184e-02
4.529224015822492372e-02
4.530487363582733767e-02
4.524951618284983601e-02
4.517391893771121464e-02
4.519010829372920035e-02
4.512097878228239767e-02
4.538280208722805104e-02
4.539189507686683389e-02
4.535040855742926424e-02
4.544543028851406874e-02
4.542347005743597316e-02
4.545100813197382184e-02
4.547999397136828770e-02
4.546855800510864187e-02
4.548209208115876201e-02
4.548640705100404080e-02
4.548557400923823602e-02
4.548507093859883305e-02
4.546462890188910505e-02
4.545991411270780547e-02
4.547446478103304990e-02
4.502805515006921833e-02
4.504780603621627577e-02
4.496502396447076000e-02
4.485490613656854808e-02
4.487821478207577180e-02
4.478191938960760649e-02
4.465476805832065826e-02
4.468162160747861378e-02
4.457197092357911838e-02
4.442797399918783918e-02
4.445835078214295522e-02
4.433552052765489526e-02
4.417489064892171635e-02
4.407294345784150413e-02
4.420876103443091565e-02
4.389592334218167524e-02
4.378463737567307723e-02
4.393324521391701876e-02
4.541466479509188858e-02
4.540663675022175300e-02
4.543522263624740626e-02
4.533656601272232495e-02
4.532529975832241126e-02
4.536788567813213047e-02
4.523042963423185014e-02
4.527253765599495439e-02
4.521600950100020805e-02
4.509639799124288972e-02
4.514930749644445462e-02
4.507891716780823566e-02
4.269721102816809166e-02
4.261734188699908832e-02
4.249733735714397720e-02
4.245636541982274192e-02
4.237510512562351478e-02
4.302292706264954081e-02
4.307010704178385052e-02
4.293174968067589581e-02
4.277039899712500176e-02
4.318758421704989303e-02
4.359165153684906729e-02
4.363224791612629189e-02
4.347278433512127144e-02
4.282583274371525028e-02
4.279156986906228199e-02
4.297334768812403200e-02
4.319096308599348899e-02
4.332766052324700523e-02
4.315558621493622432e-02
4.185749262501102519e-02
4.224838414521712299e-02
4.262902174179679371e-02
4.353051566587118337e-02
4.349708548723939944e-02
4.365638120290814272e-02
4.384426942367931901e-02
4.381283669031708211e-02
4.395908268260127760e-02
4.443403205632251440e-02
4.413160875724212590e-02
4.423534273475222822e-02
4.410234551097713673e-02
4.463625758300902163e-02
4.483912357886535999e-02
4.501464098415691728e-02
4.523223919911202595e-02
4.533670361685133987e-02
4.510011793045357043e-02
4.541331550524146943e-02
4.546192217460490875e-02
4.548241513398773583e-02
4.547473099908454219e-02
4.543885208839712475e-02
4.494057696293195237e-02
4.475389317922596338e-02
4.454038128797035978e-02
4.430039131612031889e-02
4.403430846960919298e-02
4.374260463749017613e-02
4.537480669970025277e-02
4.528266906074068093e-02
4.516255894978623425e-02
4.257868892237821890e-02
4.286036717493258569e-02
4.323810779065775239e-02
4.329722238064772494e-02
4.313102668379312221e-02
4.341535754428742233e-02
4.300687191621652833e-02
4.335944252257873527e-02
4.207235705097146783e-02
4.186256714641412718e-02
4.206684336661616064e-02
4.246599132028937296e-02
4.226397948993060316e-02
4.245057893351647516e-02
4.168210313718708621e-02
4.166690556187065825e-02
4.264727499158195434e-02
4.368628812249539251e-02
4.398689190040451502e-02
4.457660502699026944e-02
4.445781059094461307e-02
4.455281297525447853e-02
4.439077061727826623e-02
4.426088463928960076e-02
4.436521027919842347e-02
4.466141046179124274e-02
4.478905397321368553e-02
4.476661442918113132e-02
4.486159205766754310e-02
4.497268980855626680e-02
4.495306686273976837e-02
4.503429171921579516e-02
4.526317513145081128e-02
4.527719425816745941e-02
4.521825227551205112e-02
4.536107893608536806e-02
4.532638161913615793e-02
4.537143134554867674e-02
4.513744700730002585e-02
4.515516234935665341e-02
4.508243687971368735e-02
4.543096325081538711e-02
4.540661890084261854e-02
4.543768877679789375e-02
4.547267635573656180e-02
4.547582528025669729e-02
4.545880098521123958e-02
4.548611123719548122e-02
4.548574430590333895e-02
4.548280891834283191e-02
4.547120653730606088e-02
4.546739487712654626e-02
4.547856893352693330e-02
4.542794718602406745e-02
4.542077212579565676e-02
4.544605314462630413e-02
4.498413162506714053e-02
4.500556255792857036e-02
4.491918270005722247e-02
4.480350609964784542e-02
4.482866217182401858e-02
4.472877644444207823e-02
4.459588529466338575e-02
4.462476678172197508e-02
4.451154214203734832e-02
4.436161845406096094e-02
4.439421744505377826e-02
4.426783764933223814e-02
4.410111256101766769e-02
4.413739664654513922e-02
4.399805489611337272e-02
4.381474944977870045e-02
4.370267304677649678e-02
4.385472100209664853e-02
4.535636470881115878e-02
4.534591750345506878e-02
4.538527991918888532e-02
4.525653720171125827e-02
4.524291866187404865e-02
4.529631392382881677e-02
4.512858896759274624e-02
4.511190899830575668e-02
4.517926583614185337e-02
4.285205146038444102e-02
4.265554838580962183e-02
4.277469410879026351e-02
4.263169925316706577e-02
4.254431642565718874e-02
4.293858553951510060e-02
4.304697439618565546e-02
4.353088012406582108e-02
4.356032208018331686e-02
4.338588600445530269e-02
4.287684872048229401e-02
4.303354937841365885e-02
4.285003382561749369e-02
4.325815354196022033e-02
4.339403205974097510e-02
4.322370642382484390e-02
4.187938518917889291e-02
4.227256672482246347e-02
4.267122409353426432e-02
4.359448911668623028e-02
4.356172978947416008e-02
4.371908941386923320e-02
4.390446045796650432e-02
4.387363197775800971e-02
4.401776716862981775e-02
4.448477436783811884e-02
4.418764311309396342e-02
4.415892951537472161e-02
4.428964267647266667e-02
4.468256397340270025e-02
4.487998175071603035e-02
4.504978576539347968e-02
4.519948832885169882e-02
4.531132874255981713e-02
4.539524125193079851e-02
4.505993623545472698e-02
4.545105232458855615e-02
4.547863252940671092e-02
4.547789764040181815e-02
4.544880942853334743e-02
4.539137613244087488e-02
4.489292967818457603e-02
4.469876479773238209e-02
4.447777364934094035e-02
4.423033259309032406e-02
4.395683902708487356e-02
4.367142245584604288e-02
4.530565260044761705e-02
4.519174009662686731e-02
4.274335578025678650e-02
4.299608536611601584e-02
4.292379661161026955e-02
4.311827665026625456e-02
4.328580723648622203e-02
4.326138944370951783e-02
4.340703065242815240e-02
4.306613027125077292e-02
4.342520832997486674e-02
4.203548084186862349e-02
4.205297062683060333e-02
4.185627347684820615e-02
4.249236354572261121e-02
4.228387012486227448e-02
4.248041390511119592e-02
4.174211876195472321e-02
4.171304865307977339e-02
4.268587082419307566e-02
4.374841566317111408e-02
4.404505479347187169e-02
4.462419564722951842e-02
4.450788094084157792e-02
4.460106823153750510e-02
4.444230790459809122e-02
4.431470031760128409e-02
4.441722446427145976e-02
4.470702561748612913e-02
4.483135317065601450e-02
4.480958552212848528e-02
4.490178374103699632e-02
4.500942251065235405e-02
4.506877723973557598e-02
4.499046427266072817e-02
4.523117833951614819e-02
4.518401790527308559e-02
4.524668708251832622e-02
4.533672251711524243e-02
4.529967305908005892e-02
4.534841463239201731e-02
4.541413376306199789e-02
4.542206287774652046e-02
4.538734699020421232e-02
4.509771807921501841e-02
4.511708627027015417e-02
4.504060855673034519e-02
4.546323848974755111e-02
4.546746914771437886e-02
4.544685525157809991e-02
4.548390783080913380e-02
4.548451550116976855e-02
4.547805748712446111e-02
4.547605879678420782e-02
4.547312977965625030e-02
4.548085863830145931e-02
4.543965511213574060e-02
4.543328634250684561e-02
4.545520983809428484e-02
4.537470772698356386e-02
4.540110898379988436e-02
4.536500647683575776e-02
4.493660000295612855e-02
4.495985991000435444e-02
4.486971278194892832e-02
4.474812151903840435e-02
4.477529533368095754e-02
4.467163680029390127e-02
4.453261679594293365e-02
4.456371714397781847e-02
4.444672244768566732e-02
4.429043642365294853e-02
4.432547891385958672e-02
4.419535040680266924e-02
4.402492088789255326e-02
4.391943487450603034e-02
4.406242712600760836e-02
4.374512566884461440e-02
4.363760599544635327e-02
4.377927411968136895e-02
4.528127499218859153e-02
4.531860097909196083e-02
4.526835847255981926e-02
4.515946248970018756e-02
4.520777763734262072e-02
4.514345735556428429e-02
4.281786452714677477e-02
4.272530342659478647e-02
4.281477396747324776e-02
4.314088811396397244e-02
4.346475124781824795e-02
4.349716100706139954e-02
4.337471028869761130e-02
4.296521909071560757e-02
4.292038821204761240e-02
4.311139375397560203e-02
4.332464796910472093e-02
4.345929306326400121e-02
4.329060720001959989e-02
4.188751308093120740e-02
4.226391438006463219e-02
4.272937421740115316e-02
4.365772027964151536e-02
4.378084305076215821e-02
4.362534992310774379e-02
4.396402151068931619e-02
4.407560249409699094e-02
4.393352562094651054e-02
4.453433479139123907e-02
4.424310334469663125e-02
4.434315728822990632e-02
4.421469560285087863e-02
4.472753410362138859e-02
4.491953776349912747e-02
4.508362759329596903e-02
4.516364820464865981e-02
4.528317651377779252e-02
4.537467433856058607e-02
4.543794636143515947e-02
4.501632709201851268e-02
4.547284127873554849e-02
4.547925310991497716e-02
4.545712219525440551e-02
4.540643587146259846e-02
4.532722881586312424e-02
4.484149115564024790e-02
4.463945630806889081e-02
4.441056809436640107e-02
4.415665511203202553e-02
4.388395836367695035e-02
4.360387363529513033e-02
4.521958304974463272e-02
4.290816602867768975e-02
4.317385341124730519e-02
4.322963561591781217e-02
4.308436554849798261e-02
4.331841875604344749e-02
4.314384263024694660e-02
4.349011272454744031e-02
4.224687320267277169e-02
4.199692356532013643e-02
4.214073101436652258e-02
4.236906489147984622e-02
4.183402417040567312e-02
4.178834903203498125e-02
4.267383377641475323e-02
4.258335315605579763e-02
4.281900574536325055e-02
4.380987144425530638e-02
4.410262106564123707e-02
4.467083118373686712e-02
4.455697583514580534e-02
4.464816229736563030e-02
4.449329808976941469e-02
4.436795649778844941e-02
4.446846601339900923e-02
4.475150224719298686e-02
4.487268822039783278e-02
4.485142088013575890e-02
4.494084469560527539e-02
4.504515458787262949e-02
4.502671602328880973e-02
4.510210467879403884e-02
4.519603869050198286e-02
4.521314655877523014e-02
4.514658462228935548e-02
4.530956771905431113e-02
4.532268614087493763e-02
4.527010038346498955e-02
4.539482434370981784e-02
4.540401990752224864e-02
4.536551939130996358e-02
4.545161198618512255e-02
4.545696275661869484e-02
4.543263485303022237e-02
4.505447693344497018e-02
4.499522116265970012e-02
4.507562945454474113e-02
4.547977880897458025e-02
4.548137433363942661e-02
4.547128398131429494e-02
4.547921908693425275e-02
4.547716029562175188e-02
4.548134941154124977e-02
4.544987425863313002e-02
4.544427325578648952e-02
4.546276030537509116e-02
4.539173365513878705e-02
4.538271340465328818e-02
4.541549313507685370e-02
4.530483488889552879e-02
4.533957213492857685e-02
4.529252879207578547e-02
4.488516275834420616e-02
4.491040418716128746e-02
4.481629895121116980e-02
4.468841360415468783e-02
4.471777839974273860e-02
4.461014395183326292e-02
4.446457876058930447e-02
4.449809352779386662e-02
4.437710576315395672e-02
4.421398585499989459e-02
4.425169726361174311e-02
4.411900316425460683e-02
4.393889522240195661e-02
4.398141852320952561e-02
4.384147894096249165e-02
4.365086009032224240e-02
4.369753477429023925e-02
4.355715238904912107e-02
4.518926389041176550e-02
4.517381526037833606e-02
4.523506940742810789e-02
4.301346685074734777e-02
4.291626494932729297e-02
4.299632401642397572e-02
4.335249075281182030e-02
4.340835968759673702e-02
4.326247626573154204e-02
4.303435504726204480e-02
4.317915466405053415e-02
4.299888181690076500e-02
4.339118064918384698e-02
4.352423390426914118e-02
4.335714623967574372e-02
4.211820590990723173e-02
4.218106024868175513e-02
4.192963700667461102e-02
4.246026397218808507e-02
4.197571313420785100e-02
4.285277218851284153e-02
4.372080628310057865e-02
4.368853110854663963e-02
4.384221482781427287e-02
4.402348726680507113e-02
4.399306108545652377e-02
4.413310333278858133e-02
4.458313698662902391e-02
4.429847049055429115e-02
4.427013230910711167e-02
4.439634898959403386e-02
4.477154592783536002e-02
4.495811680531136556e-02
4.511643845252802376e-02
4.512448553977572996e-02
4.525205870409258757e-02
4.535147334967111477e-02
4.542251123931248524e-02
4.546499807475025412e-02
4.496901401784882124e-02
4.547880500798882203e-02
4.546384985461717626e-02
4.542009798571113033e-02
4.534756288774585697e-02
4.524630637583157422e-02
4.478594330487183778e-02
4.457560672035727756e-02
4.433834657031815452e-02
4.407546165233509200e-02
4.379382468157282104e-02
4.350067193404290322e-02
4.309452368804117528e-02
4.318299697511419899e-02
4.321162341447690874e-02
4.355500641192740219e-02
4.242215107807913860e-02
4.233538882304748591e-02
4.227067853072127845e-02
4.254864972474864393e-02
4.227967586296271785e-02
4.205611101616442415e-02
4.219748985129929963e-02
4.195640685775270384e-02
4.189514869080985388e-02
4.271199501779073676e-02
4.287329536959028076e-02
4.269193617770004889e-02
4.387121872459016220e-02
4.416009742379660430e-02
4.471690206689336172e-02
4.460551199427410796e-02
4.469449248399272323e-02
4.454417046734340108e-02
4.442110857584299216e-02
4.451937104441699988e-02
4.479521130824139219e-02
4.491339591590524927e-02
4.489246479653315192e-02
4.497909258943637301e-02
4.508016888390238563e-02
4.506211290796196395e-02
4.513453804546938702e-02
4.515753439948144710e-02
4.510571387745895833e-02
4.517635612331206280e-02
4.527943697856138400e-02
4.529407442970981301e-02
4.523746922320841940e-02
4.537290357564922189e-02
4.538343532616629511e-02
4.534098779171027299e-02
4.543771331427856608e-02
4.544423007102280088e-02
4.541603922896893242e-02
4.547369007425321880e-02
4.547629468023839383e-02
4.546243709819696582e-02
4.500745950409958118e-02
4.494599373027964584e-02
4.503053212839533415e-02
4.548070408979820733e-02
4.547951142127124730e-02
4.548004051738235159e-02
4.545867321803852973e-02
4.545380997165709980e-02
4.546875547673555340e-02
4.540756389711479712e-02
4.542853584493321967e-02
4.539916826498557878e-02
4.532739177141235920e-02
4.531561299884785676e-02
4.535938404935514756e-02
4.521822194766023789e-02
4.520321977992188683e-02
4.526135139873280200e-02
4.482951751181252914e-02
4.475861973028061325e-02
4.485689508450742963e-02
4.462403990041642621e-02
4.465577288006708501e-02
4.454393254853981909e-02
4.439142927784096165e-02
4.442753465038649929e-02
4.430230229415631216e-02
4.413184685807392676e-02
4.417243947643085394e-02
4.403492601492970532e-02
4.384616901531177002e-02
4.389209193832612627e-02
4.374794497575258678e-02
4.354145530254545371e-02
4.359579765468449275e-02
4.344620784042541040e-02
4.321808123590411416e-02
4.311583364205531788e-02
4.328522099712038551e-02
4.310321990448313240e-02
4.324714377050317693e-02
4.306814745142398260e-02
4.345927823755127428e-02
4.342453880251095216e-02
4.358988619592076008e-02
4.235022545346758815e-02
4.256807534895513251e-02
4.211727575467884982e-02
4.290694229988773617e-02
4.378435676437675284e-02
4.375186878995733497e-02
4.390375471785142036e-02
4.408337505630796627e-02
4.405276306251974805e-02
4.419077065824288802e-02
4.463159058221917441e-02
4.435421372644058474e-02
4.432571475640401104e-02
4.444966652539084767e-02
4.481496299832661567e-02
4.499602866857107392e-02
4.514847410718414444e-02
4.508175728878627275e-02
4.521777548207902425e-02
4.532548365237328014e-02
4.540463934927507078e-02
4.545504397732708091e-02
4.547654451183393010e-02
4.491771370104385291e-02
4.546903494117077171e-02
4.543245738364681818e-02
4.536680288149838591e-02
4.527211184136573086e-02
4.472596737222612334e-02
4.450687725455798605e-02
4.426072807046067814e-02
4.398808275701807102e-02
4.369278776838983469e-02
4.337880880770968173e-02
4.328053607850709805e-02
4.362091957014729848e-02
4.249571461607101752e-02
4.238637488585945273e-02
4.233216830140484888e-02
4.217001066759402950e-02
4.210863345971865845e-02
4.203165277860099192e-02
4.281665398939690087e-02
4.295993951013998141e-02
4.276490266314397770e-02
4.393299158127890458e-02
4.421797926339383900e-02
4.476278343220348871e-02
4.465389151321950273e-02
4.474044150636703743e-02
4.459533868812597113e-02
4.447459783739904360e-02
4.457036097225096360e-02
4.483850862501551071e-02
4.495379662953829375e-02
4.493304588653389275e-02
4.501682893546621322e-02
4.511473095976339248e-02
4.509692914571420547e-02
4.516632441830737560e-02
4.511543359557561306e-02
4.513608884462630422e-02
4.506115756159476127e-02
4.524614066998380868e-02
4.520157382946164010e-02
4.526239578644478817e-02
4.534822623643745138e-02
4.531359074136090404e-02
4.536017070616674141e-02
4.542144369592019532e-02
4.539695321881666301e-02
4.542917984402905507e-02
4.546559112662536956e-02
4.545144975322933101e-02
4.546923416358131242e-02
4.548051321490954868e-02
4.547691453648163712e-02
4.548019113912105116e-02
4.495641032861974473e-02
4.489264700547018067e-02
4.498153375985545349e-02
4.546610273993852841e-02
4.546195611455663976e-02
4.547322898859931101e-02
4.542230173494093970e-02
4.541448337038227201e-02
4.544032296876444194e-02
4.534910239726383518e-02
4.533777689652827153e-02
4.537817571819065254e-02
4.524654759475746357e-02
4.523189077064285191e-02
4.528681642991652656e-02
4.476946684976740309e-02
4.469640271021432798e-02
4.479907814069276906e-02
4.455545303056679396e-02
4.447307321247718354e-02
4.458932903670437958e-02
4.431255253631666280e-02
4.435157062529425376e-02
4.422177576559590401e-02
4.404324306642283526e-02
4.408712391045039453e-02
4.394428521550972078e-02
4.374872290022760457e-02
4.379701379389491778e-02
4.364458434120891545e-02
4.342783387260053252e-02
4.348410508846974054e-02
4.332212573010393863e-02
4.318482265474436060e-02
4.314379333367321379e-02
4.332206538372095073e-02
4.352511590236117500e-02
4.349149770460768866e-02
4.365466865842812516e-02
4.254822760161384304e-02
4.224540042518620114e-02
4.260137292247108409e-02
4.300063763843685327e-02
4.384888998255002945e-02
4.381594289144941090e-02
4.396600588663041043e-02
4.414419696149727429e-02
4.411314755141704236e-02
4.424909390727718717e-02
4.468008976292438261e-02
4.441078554413913082e-02
4.450354267603504749e-02
4.438190379577824918e-02
4.485813299205349686e-02
4.503356626552303815e-02
4.517997273491958926e-02
4.503521871151561218e-02
4.518011595830979249e-02
4.529653765866408638e-02
4.538420853151275969e-02
4.544290419622660365e-02
4.547244593526360290e-02
4.547270240741534825e-02
4.486219423645184529e-02
4.544359096814624965e-02
4.538507871821689799e-02
4.529718320777983281e-02
4.466168499426070859e-02
4.443321597477740970e-02
4.417702631177187339e-02
4.389510208565426674e-02
4.358715675982973575e-02
4.335434169623791911e-02
4.368622226170864459e-02
4.254330646751842276e-02
4.232512160870015305e-02
4.246402109567486843e-02
4.228887968650818507e-02
4.219735424388209449e-02
4.267915161753473713e-02
4.293197714275499149e-02
4.305848361246032707e-02
4.287496060640712259e-02
4.399573725384534062e-02
4.427674784073442477e-02
4.480883326652470439e-02
4.478637589435276178e-02
4.470250009961183879e-02
4.464719834990705377e-02
4.462184039167916422e-02
4.452884789816639877e-02
4.488173324344414683e-02
4.499419259963081258e-02
4.505433753060997248e-02
4.497347547871784895e-02
4.514908756483057561e-02
4.519769254064047448e-02
4.513142089837254151e-02
4.506949493009748675e-02
4.509210826756129137e-02
4.501266754181924845e-02
4.520947749116986658e-02
4.522745465667830922e-02
4.516219764927975611e-02
4.532063343708338243e-02
4.528315391038723742e-02
4.533407385860929728e-02
4.540268899345119291e-02
4.541170550749458468e-02
4.537524706684313569e-02
4.545541473455645687e-02
4.546013382068073844e-02
4.543823886268452683e-02
4.547862802431210105e-02
4.547918985499824901e-02
4.547193691572191249e-02
4.547219493254651967e-02
4.546875305135528872e-02
4.547619650797837809e-02
4.490100371083331765e-02
4.492834473812098994e-02
4.483491629690973534e-02
4.543603134576317676e-02
4.542875240727804742e-02
4.545092187775668507e-02
4.537010423888271360e-02
4.535916757276844263e-02
4.539606742506573783e-02
4.527443257390335873e-02
4.526002955899807723e-02
4.531163865368291466e-02
4.470431577981109211e-02
4.473653585554859813e-02
4.462947001732913560e-02
4.448519800728530094e-02
4.451990903178975473e-02
4.439858068730697521e-02
4.422947263668051965e-02
4.413593462238878107e-02
4.427063044161030914e-02
4.394571916760178776e-02
4.384671143987237812e-02
4.399413332956664258e-02
4.364103998592847727e-02
4.369439473540388807e-02
4.353383902175968212e-02
4.325745590572224047e-02
4.322084659492966829e-02
4.339144991385625316e-02
4.359456328392169455e-02
4.372162239229157588e-02
4.355912796676830040e-02
4.241397543018956412e-02
4.273766722396443729e-02
4.309482982614499386e-02
4.391497371665343402e-02
4.402949867962428071e-02
4.388127731222805916e-02
4.420644584468391008e-02
4.430854360509591666e-02
4.417471685225045352e-02
4.472901114457058375e-02
4.446861876736211971e-02
4.443914172498419218e-02
4.455839162747038396e-02
4.490138593758555979e-02
4.507100401370510434e-02
4.521115349296056518e-02
4.513885874162861661e-02
4.498458731209217798e-02
4.526445513295795919e-02
4.536108207990473956e-02
4.542848787297096985e-02
4.546646626905610777e-02
4.547485893552515035e-02
4.545355674459185952e-02
4.480198494875162196e-02
4.540250110092591829e-02
4.532168497557980541e-02
4.459393510366643082e-02
4.435667609739700479e-02
4.408681370829928281e-02
4.379230973790457920e-02
4.342549637904265930e-02
4.375395501747074423e-02
4.271969900037643486e-02
4.262990902797293008e-02
4.250306254701854969e-02
4.249547265398875145e-02
4.239025946613540763e-02
4.282435684505464524e-02
4.303891364520139040e-02
4.314888517959532266e-02
4.298719165234361761e-02
4.405997391065236135e-02
4.433686312675662322e-02
4.485539034609747899e-02
4.475170485804079445e-02
4.483264403700999018e-02
4.470012423118592537e-02
4.458426296019984275e-02
4.467419463193607332e-02
4.492520556647226770e-02
4.503486616374304669e-02
4.501404587915111555e-02
4.509188282084589106e-02
4.518346506645600641e-02
4.522885135490967851e-02
4.516582471734754273e-02
4.516923595056852869e-02
4.518904424012293308e-02
4.511911447301747424e-02
4.501945773809605533e-02
4.504416742277975866e-02
4.495995655065776475e-02
4.528995312522566402e-02
4.530497895735876440e-02
4.524949031866749849e-02
4.538131943283330028e-02
4.539168503725918291e-02
4.535077641619865430e-02
4.544307649987767983e-02
4.544891775517012622e-02
4.542270509996121364e-02
4.547501168082533629e-02
4.547647983167361907e-02
4.546505554595876852e-02
4.547696238484819076e-02
4.547422305155972289e-02
4.547765500477349981e-02
4.544881675075582161e-02
4.546038052848176692e-02
4.544204941885238852e-02
4.484098326310760607e-02
4.487067339638627084e-02
4.477229700686631564e-02
4.539051428523961651e-02
4.541315964998118848e-02
4.537991221802423203e-02
4.530204804508583538e-02
4.533597228154140346e-02
4.528781757138346936e-02
4.464107820906910301e-02
4.456286522501662350e-02
4.467233111890744901e-02
4.440834307901622702e-02
4.431862289980025016e-02
4.444646213920398770e-02
4.415257986571105575e-02
4.404899785717450444e-02
4.419054486444756735e-02
4.385617773262644875e-02
4.390048825126324772e-02
4.374831039990642600e-02
4.332292724526703998e-02
4.345837624230308033e-02
4.328922366615389761e-02
4.366595245894085153e-02
4.379031984458586768e-02
4.362952606499263808e-02
4.260456571646500934e-02
4.288022904346723563e-02
4.318124520920431364e-02
4.398322206445395843e-02
4.394844603168379660e-02
4.409473711807219976e-02
4.427059628220086224e-02
4.436956928757111035e-02
4.423794588203149719e-02
4.477871152296097196e-02
4.452813420926112625e-02
4.449785464891616721e-02
4.461460587588026577e-02
4.494503230680503558e-02
4.510859618901426338e-02
4.524221502832120878e-02
4.522904406856525367e-02
4.509377372102185699e-02
4.492962435120996523e-02
4.533510860319443780e-02
4.541168783789969327e-02
4.545854467946820049e-02
4.547549222008049480e-02
4.546239285750118542e-02
4.541916038807516931e-02
4.474029658704296863e-02
4.534576108914371850e-02
4.452420596816401843e-02
4.427975353714264095e-02
4.400376996658286050e-02
4.349324111551067934e-02
4.382371924102607119e-02
4.297531362683278816e-02
4.273585984073280386e-02
4.284609533762120948e-02
4.272269619325471529e-02
4.260776060172362378e-02
4.300759782449006807e-02
4.315058086211175786e-02
4.412617672418747694e-02
4.439876635619238038e-02
4.490277280409796928e-02
4.487957424972504467e-02
4.480185200129797873e-02
4.475447145927254761e-02
4.472778792689349053e-02
4.464122238981867857e-02
4.496922560278927145e-02
4.507607800871003129e-02
4.512970818698733982e-02
4.505502859810666533e-02
4.521806775717683580e-02
4.525998849449050510e-02
4.520035593285660902e-02
4.525599841766723974e-02
4.527270548920936388e-02
4.521240079377737697e-02
4.512519029768824463e-02
4.507206899112860266e-02
4.514693011515088367e-02
4.496472755727471543e-02
4.490262314618008455e-02
4.499188147888244504e-02
4.535718839713233363e-02
4.536898058782840720e-02
4.532338325555867325e-02
4.542847501046198833e-02
4.543549222852295844e-02
4.540473242294190692e-02
4.546961026027878522e-02
4.547201475156147088e-02
4.545620061821441932e-02
4.548039709828596150e-02
4.547758201266345612e-02
4.547836837521176262e-02
4.546070058136501835e-02
4.546872639856182341e-02
4.545442766826925801e-02
4.541042779698983844e-02
4.540011690423112478e-02
4.542953191354981435e-02
4.477669206797623563e-02
4.480844579953035395e-02
4.470841276281432158e-02
4.532954316551443541e-02
4.531541493437771934e-02
4.535995028332000939e-02
4.456442734256492455e-02
4.460276763434674330e-02
4.448615355622140971e-02
4.433239626716571624e-02
4.437017538977412745e-02
4.424230615967245789e-02
4.407122480270621312e-02
4.411144829432423614e-02
4.396363161521570084e-02
4.338540559088750054e-02
4.352596793795835556e-02
4.335339669176536265e-02
4.373099607064991068e-02
4.369744881766363803e-02
4.385691538206928919e-02
4.284804694971511285e-02
4.318135285446496330e-02
4.405402234358749697e-02
4.416221140018406627e-02
4.401799755794960634e-02
4.433616930885545676e-02
4.443215885072109711e-02
4.430282836745415287e-02
4.482952679268291385e-02
4.458971200521276435e-02
4.467256046906140088e-02
4.455844298344309451e-02
4.498936138311025040e-02
4.514657513212198131e-02
4.527333395891498108e-02
4.530611821229001135e-02
4.519007750023171233e-02
4.504449313331054111e-02
4.487009007611322126e-02
4.539238133123056629e-02
4.544860288427740591e-02
4.547457024696410083e-02
4.547011648685728158e-02
4.543512535549405762e-02
4.536953360401182328e-02
4.467000450383927512e-02
4.444829603700010262e-02
4.420134439017456285e-02
4.355734745617893811e-02
4.389157658490939334e-02
4.308279056633650128e-02
4.302987688258667898e-02
4.290383092161238754e-02
4.297277088079111407e-02
4.284478828104871379e-02
4.323620015604705269e-02
4.419437095265947579e-02
4.446242792062772564e-02
4.495127511143726801e-02
4.485326603246385380e-02
4.492747283716908707e-02
4.481058999496560780e-02
4.478296374424811654e-02
4.470010353622493743e-02
4.501407076263559681e-02
4.511806534839955807e-02
4.516803429217441934e-02
4.509667246856528117e-02
4.525307637441646630e-02
4.523520692173908786e-02
4.529126877537661966e-02
4.533016145387722129e-02
4.529290523751001302e-02
4.534344148560960630e-02
4.521871942891457496e-02
4.523700831019154822e-02
4.517179043513860903e-02
4.507651121713306119e-02
4.502064148319101511e-02
4.510084074018140543e-02
4.490430352553461540e-02
4.484036864313072773e-02
4.493453778772843465e-02
4.541147918237548042e-02
4.538418569102152522e-02
4.541974399159019737e-02
4.546235077841855043e-02
4.544528599181314743e-02
4.546572855662362606e-02
4.548247185445955520e-02
4.547593833845853944e-02
4.548117023643206969e-02
4.547170158801114997e-02
4.546591810024121216e-02
4.547596516024307589e-02
4.542991702981646895e-02
4.541986526404768326e-02
4.544524137465631025e-02
4.535704408805635995e-02
4.534295905821295047e-02
4.538368308459781592e-02
4.468804229354420010e-02
4.473380120795988207e-02
4.462659746251322612e-02
4.447423721490934012e-02
4.440403451734486334e-02
4.452122312152762690e-02
4.428332761463963513e-02
4.430717783406633303e-02
4.417745626992616859e-02
4.340912397531446199e-02
4.339673597117657544e-02
4.357198232136768462e-02
4.380639567049153527e-02
4.393037708742218717e-02
4.376818945449294923e-02
4.302619551945764675e-02
4.324866598651064264e-02
4.412181194313549715e-02
4.408716135456823559e-02
4.422898909378667615e-02
4.440630196980095701e-02
4.437080625003807233e-02
4.449806844911086134e-02
4.488176978564398234e-02
4.465383608358475254e-02
4.473260336130189391e-02
4.462127883213153068e-02
4.503463879809800618e-02
4.518514988914432151e-02
4.530466360774974138e-02
4.537042323886555928e-02
4.527387459910867107e-02
4.514745567093948059e-02
4.499086736502701245e-02
4.479770955014319295e-02
4.543653984809327417e-02
4.547203184718016239e-02
4.547672134417186235e-02
4.545044168613369268e-02
4.539310128199539052e-02
4.458423202080723929e-02
4.437898674326436199e-02
4.360937881977051955e-02
4.396333162272496320e-02
4.319180701837953967e-02
4.323273374935873020e-02
4.310075497427463820e-02
4.426359746353467073e-02
4.452951772222384086e-02
4.500117024931085674e-02
4.497662120059572888e-02
4.490625260887894099e-02
4.486878954755512544e-02
4.484001821770608465e-02
4.476115942437868672e-02
4.505999492817459179e-02
4.516102755743747754e-02
4.513920212825851819e-02
4.520705757549856041e-02
4.528863420180028604e-02
4.527054613623646140e-02
4.532283201379340432e-02
4.539214989750210705e-02
4.540151299201720947e-02
4.536101664230579589e-02
4.529966877781614609e-02
4.531486875774316109e-02
4.525937579597687221e-02
4.515590826521373446e-02
4.518903634052437446e-02
4.511666270639387577e-02
4.501096709732523016e-02
4.495860032437980908e-02
4.504575628496024220e-02
4.487349568276954859e-02
4.488822295898117765e-02
4.478298292183496843e-02
4.545299135532883394e-02
4.545750075670831197e-02
4.543214098280454888e-02
4.548322374241405008e-02
4.548259289493968016e-02
4.547266846963078646e-02
4.548179768609148660e-02
4.548208324292107863e-02
4.547652912005310105e-02
4.544901749844803412e-02
4.543921698013926591e-02
4.546031982221414303e-02
4.538465284006387018e-02
4.537056407574314998e-02
4.540725726964174591e-02
4.448898768670435377e-02
4.458996050458730043e-02
4.448202096202624745e-02
4.438696977195549787e-02
4.356453401987901708e-02
4.368686747635249640e-02
4.348929177319846295e-02
4.386743948353994532e-02
4.383779516466664028e-02
4.399674993709476456e-02
4.331939779448151784e-02
4.420471314651896327e-02
4.416316994951071523e-02
4.430571338612458027e-02
4.448052788138247282e-02
4.456703544156073726e-02
4.444294156316658945e-02
4.493571709713201079e-02
4.471903359825934315e-02
4.479437148305970978e-02
4.468598402960152066e-02
4.508110291340341330e-02
4.522450237736731771e-02
4.533632941616375089e-02
4.542215707945099212e-02
4.534561508929855350e-02
4.523025230671157831e-02
4.508681311306857176e-02
4.494310854497323565e-02
4.468469720701610803e-02
4.478037436068074001e-02
4.468735003853468307e-02
4.546780870898105287e-02
4.548218128237992847e-02
4.546512340266745805e-02
4.541653620004047071e-02
4.458881382604620858e-02
4.340028164726299903e-02
4.371948053526199945e-02
4.403834857286470505e-02
4.349917479658728381e-02
4.336615886681768200e-02
4.434247002333373266e-02
4.459878489147747066e-02
4.505290278462040221e-02
4.502729265443796564e-02
4.496104657320297571e-02
4.493007151721052639e-02
4.489924464223209177e-02
4.482419018143805195e-02
4.510724580125232558e-02
4.520508327956651584e-02
4.518278599715003230e-02
4.524695394017225897e-02
4.532486195135350393e-02
4.530650385737582109e-02
4.535479094595636779e-02
4.544160624358845046e-02
4.544730546336774035e-02
4.541700735427524338e-02
4.535937571339093699e-02
4.537739134567238958e-02
4.533016754073961041e-02
4.525899250575497745e-02
4.521004555128555619e-02
4.528076701771992923e-02
4.502410128419911256e-02
4.509286240458361406e-02
4.501872009936054575e-02
4.495095342433545055e-02
4.487123970737596362e-02
4.487162872291515503e-02
4.478031880224109251e-02
4.548219334587151608e-02
4.548250100904999149e-02
4.546755468487348462e-02
4.549119889405618677e-02
4.548622616689713266e-02
4.548718678702058649e-02
4.546769176591244910e-02
4.547477085376934458e-02
4.545819594266944930e-02
4.541241198943777452e-02
4.539831315681759627e-02
4.543072324792965522e-02
4.353376231755369530e-02
4.368829310742585598e-02
4.403716722844892850e-02
4.412183093225136021e-02
4.395523542892096347e-02
4.427899921578613146e-02
4.437983195848146933e-02
4.424095722814314069e-02
4.454086576414245657e-02
4.451190225392314542e-02
4.463222793325770377e-02
4.499162899569817547e-02
4.480780029183119989e-02
4.486877215294245158e-02
4.476437264433797553e-02
4.512903160564792071e-02
4.526486364283077712e-02
4.536843534141996037e-02
4.546210695150765951e-02
4.540286760781059305e-02
4.531231476073961650e-02
4.516495221119389003e-02
4.521401909047924328e-02
4.516098159369516529e-02
4.509775752414105221e-02
4.494938993327288884e-02
4.548617474397862598e-02
4.547916368226456035e-02
4.543992509860134144e-02
4.377333601167784916e-02
4.363981554222318843e-02
4.382139279787902048e-02
4.390944529835429100e-02
4.415867811612353422e-02
4.441161914246077869e-02
4.467794456136797709e-02
4.511029843732078382e-02
4.502001406350120138e-02
4.508156017140998312e-02
4.501384382451097121e-02
4.497172712682054319e-02
4.491149941811291291e-02
4.515776558191238188e-02
4.525123640534463310e-02
4.528826228598249737e-02
4.522802093045863447e-02
4.536122350374108964e-02
4.538697444704502953e-02
4.534282116501908017e-02
4.547492655862584582e-02
4.545812034541894808e-02
4.547961474550043376e-02
4.542911146743018602e-02
4.539685787773444642e-02
4.543565770270031889e-02
4.528172220957234206e-02
4.532312261351403859e-02
4.527110134710157774e-02
4.522630185712375045e-02
4.503876606001677718e-02
4.510443862927255437e-02
4.503224074920047365e-02
4.495737102485974218e-02
4.549947573510844390e-02
4.549603514686292177e-02
4.549132933183120536e-02
4.548634601271888539e-02
4.548876612436823785e-02
4.547678287091191929e-02
4.543999107047105163e-02
4.545398531671566295e-02
4.542607792729991267e-02
4.404552900645569702e-02
4.391311875399853126e-02
4.404309476984519939e-02
4.416466745524394444e-02
4.431309884584217623e-02
4.429443757016433836e-02
4.442979878968145863e-02
4.472787757029431793e-02
4.476814654170976904e-02
4.463672134030196442e-02
4.506173817512471036e-02
4.491207021678903649e-02
4.496269896208598960e-02
4.486027099262410861e-02
4.518071904034878794e-02
4.530628339411836569e-02
4.540071217371979828e-02
4.548924247206877214e-02
4.545289428805569798e-02
4.537742992579391760e-02
4.536847806284879936e-02
4.540521485913179972e-02
4.533200067731827515e-02
4.518830308071256768e-02
4.523752960081151020e-02
4.517717669691373450e-02
4.511660235376679234e-02
4.549424078336877786e-02
4.546328109921586591e-02
4.418055665459588721e-02
4.455892184301572106e-02
4.443696407677378418e-02
4.455092272413199023e-02
4.464610219123858748e-02
4.482030156771742851e-02
4.517554633306410106e-02
4.514268703610305189e-02
4.509444767629125495e-02
4.509650970462873720e-02
4.500454584273748393e-02
4.505515173225914383e-02
4.521316468611605993e-02
4.529978738384909942e-02
4.533089925531850334e-02
4.527556209559285144e-02
4.539982741052371595e-02
4.542027267058463408e-02
4.538062193233165231e-02
4.549728067534789672e-02
4.550008550096781845e-02
4.548618700857817720e-02
4.545785881343102075e-02
4.544394822299789582e-02
4.546794250842184359e-02
4.542048486068946123e-02
4.531408836184448730e-02
4.534846720703997885e-02
4.529846261314957045e-02
4.525423177698516264e-02
4.549933425690524946e-02
4.550093649033501442e-02
4.549209639971514563e-02
4.546806477115671041e-02
4.547721964331435940e-02
4.545412550852299949e-02
4.478840371269877246e-02
4.467612959940639450e-02
4.475937561207858628e-02
4.485153205963036266e-02
4.513567921309951519e-02
4.499527219548339618e-02
4.495337644702777913e-02
4.504575368685750231e-02
4.523757591053013949e-02
4.535034063641173174e-02
4.543457333471837001e-02
4.551377443763650332e-02
4.550731489208750813e-02
4.550576884726183213e-02
4.547944396539940759e-02
4.541457642742045830e-02
4.543838413218819622e-02
4.539587373062731884e-02
4.536753211837712269e-02
4.548319083561107312e-02
4.550790237979498304e-02
4.489264847147467902e-02
4.524280822820914150e-02
4.520877495242931615e-02
4.516933578707770652e-02
4.516913401341579593e-02
4.508207797725982680e-02
4.513303561427324528e-02
4.527093267606466243e-02
4.535987014157485953e-02
4.537989222478020640e-02
4.533031071492886477e-02
4.544550776204420162e-02
4.542333803280203253e-02
4.545670029171497428e-02
4.552131561807143401e-02
4.551913993422756349e-02
4.550914811737407500e-02
4.548407334401912555e-02
4.549262319851860720e-02
4.547114349287578738e-02
4.545157298594945661e-02
4.549315982492675020e-02
4.549687896978575619e-02
4.548100023750037413e-02
4.550569756278990269e-02
4.520575811832777680e-02
4.530137129127972256e-02
4.540338809536138831e-02
4.546989098579517358e-02
4.550460861821605668e-02
4.552332792477147005e-02
4.551850793410551488e-02
4.552388728661035944e-02
4.550984361670952494e-02
4.531222553231647326e-02
4.524079178618380104e-02
4.527723021814696741e-02
4.533572723160524814e-02
4.541896223060648552e-02
4.539003043094509693e-02
4.543211037281089104e-02
4.548958441681712206e-02
4.546844113081952021e-02
4.549133203977968193e-02
4.550773974868704136e-02
4.536570850794462151e-02
4.545493196002452913e-02
