1.556919529611228148e-01
1.553766155782102532e-01
1.550142659658024780e-01
1.559525189433553782e-01
1.558245197153101946e-01
1.555350262193586630e-01
1.551951446150867664e-01
1.546106882618392131e-01
1.548127858015668767e-01
1.561557943126493653e-01
1.560569934429013594e-01
1.557165328825271811e-01
1.558356107045237859e-01
1.557044799659446088e-01
1.554593614366654997e-01
1.555764338851823858e-01
1.554179703378248956e-01
1.551572567660063351e-01
1.552670460582373790e-01
1.550860365934504381e-01
1.548022887341373721e-01
1.549079774669051002e-01
1.547078905009779959e-01
1.541820878805338912e-01
1.559166027745741978e-01
1.560347622097234543e-01
1.559333655145994646e-01
1.543965133274449730e-01
1.558153356613884988e-01
1.555891659719123021e-01
1.553086871136208913e-01
1.549798980303839224e-01
1.544089599356565090e-01
1.546052924665941575e-01
1.545100458802564081e-01
1.562853685385842128e-01
1.562267267875058208e-01
1.537298480371781517e-01
1.539556799496045736e-01
1.559888603972225951e-01
1.559572667241339028e-01
1.560689901895749854e-01
1.542958610235692918e-01
1.557218439366239160e-01
1.558178326954673398e-01
1.557185960813102232e-01
1.555097724426243166e-01
1.556135135689435955e-01
1.554844261647073678e-01
1.552547789287250790e-01
1.552060670608199633e-01
1.553576447784085213e-01
1.549424732020990847e-01
1.550500886952485002e-01
1.548724473413868319e-01
1.545948360429300061e-01
1.545023023431377762e-01
1.546988946367723328e-01
1.563571921251074581e-01
1.563277619211038694e-01
1.561413960294496528e-01
1.532680023775889744e-01
1.527993282843325140e-01
1.534981629869814901e-01
1.540209193440900126e-01
1.541012427176521316e-01
1.538772939449289945e-01
1.558568243328510849e-01
1.542150943798316076e-01
1.556150839356864601e-01
1.553826921973655573e-01
1.550989141960845696e-01
1.547691101675913172e-01
1.541920266339339429e-01
1.542991440630924194e-01
1.543931353509977455e-01
1.561269257588633330e-01
1.562447545582236197e-01
1.562073091547445669e-01
1.560630171953809597e-01
1.523340501973080574e-01
1.530316138512969326e-01
1.525645628972023271e-01
1.537204443397555131e-01
1.537217878106488245e-01
1.534964420460083190e-01
1.538717774923131776e-01
1.557488216717793916e-01
1.557357107660494178e-01
1.558697021630635060e-01
1.541052802164293301e-01
1.555489643310684622e-01
1.555293918733651193e-01
1.556353177452024505e-01
1.553227109829605768e-01
1.552887598536699665e-01
1.554165996707003172e-01
1.550562668069883632e-01
1.549995961887571383e-01
1.551560356925614226e-01
1.547377745034997920e-01
1.546663207814465979e-01
1.548406917600418931e-01
1.543725200838713674e-01
1.542805832287345025e-01
1.544843434478904154e-01
1.563488359973883579e-01
1.563585981420398952e-01
1.561766747287365309e-01
1.562655099306411444e-01
1.561561278432492816e-01
1.558928115923282620e-01
1.559406926030516560e-01
1.560123968145276097e-01
1.518770001982353568e-01
1.521075061309897780e-01
1.532547734073608225e-01
1.532590289492640201e-01
1.530296338442422854e-01
1.527104058211101734e-01
1.527525940472733712e-01
1.525238655356819795e-01
1.534864755698902572e-01
1.539561909028909215e-01
1.558222097135613105e-01
1.556491910611249585e-01
1.554360299092536479e-01
1.551900425228275315e-01
1.548977872905804576e-01
1.545558015232016968e-01
1.539771884414260494e-01
1.540842445781518411e-01
1.541748331698314933e-01
1.562725000460047919e-01
1.561262957711990751e-01
1.563187053637273838e-01
1.562660922331019497e-01
1.559878241371606133e-01
1.560576567064887454e-01
1.560840033709229857e-01
1.559427536561628358e-01
1.523742318448950694e-01
1.523513646285274969e-01
1.521292566377662192e-01
1.529828554411984953e-01
1.525418114178961337e-01
1.535436696571670367e-01
1.533995412953981230e-01
1.536320626671683343e-01
1.538484784245454096e-01
1.557073718330532763e-01
1.558013621423074424e-01
1.557281793693986449e-01
1.555647798920996028e-01
1.555570175266823840e-01
1.556575714032691904e-01
1.553720268100967639e-01
1.553475802452487509e-01
1.554609436500775654e-01
1.551393911952166915e-01
1.550978679597178056e-01
1.552316892528444736e-01
1.548648036265435346e-01
1.549611894808899937e-01
1.548013336741620449e-01
1.545456164114792363e-01
1.544590317837400972e-01
1.546422957766349082e-01
1.541873583183986929e-01
1.540821018674106702e-01
1.542803951855717948e-01
1.562084468136474280e-01
1.559217491204791806e-01
1.560297555693760385e-01
1.561550664223328999e-01
1.562186559124074670e-01
1.562537427797304757e-01
1.561702279830536888e-01
1.560154823588751904e-01
1.560041121959659938e-01
1.560955193032169674e-01
1.558026397784320061e-01
1.558476437851979979e-01
1.558967264726481838e-01
1.514465465787382392e-01
1.516639592670965264e-01
1.519853917758166029e-01
1.521804451953598925e-01
1.519335162277547502e-01
1.531368710692345703e-01
1.529268365666436313e-01
1.531953406113540916e-01
1.528351553251997563e-01
1.526057853211770787e-01
1.527699211444113470e-01
1.537603942063272555e-01
1.533404141956739020e-01
1.557562214580917592e-01
1.556371961006968174e-01
1.554690326141823231e-01
1.552565432618097097e-01
1.550027984675059756e-01
1.547058903383627948e-01
1.543669754149851192e-01
1.537896038457687853e-01
1.538828880480619388e-01
1.539884959621231619e-01
1.560517053517271879e-01
1.560943363628858327e-01
1.561646174487598682e-01
1.558914942895430755e-01
1.559085962545312398e-01
1.560116924029607555e-01
1.561103120989855153e-01
1.560874188684668873e-01
1.558537335119811740e-01
1.559208847306944312e-01
1.559359181859509835e-01
1.558296651009365430e-01
1.510345700997357543e-01
1.512408567913620105e-01
1.517202396872930903e-01
1.524247263772343652e-01
1.523987208232410184e-01
1.522093788460266994e-01
1.529872707248124408e-01
1.526285207312568781e-01
1.536661530686910249e-01
1.533506771913701883e-01
1.532438536060326539e-01
1.534477014220545499e-01
1.556404861756319757e-01
1.556739951837821101e-01
1.557226678296671496e-01
1.555392281683728450e-01
1.555520696923743396e-01
1.556243284416680694e-01
1.553915619092014477e-01
1.553818992253649389e-01
1.554789751814631416e-01
1.552004193037717084e-01
1.551699652425063691e-01
1.552870111762534311e-01
1.549658894281642496e-01
1.549153897322994577e-01
1.550533720598984422e-01
1.546889093086470934e-01
1.546172894935770037e-01
1.547775320962264667e-01
1.543702484608151515e-01
1.544585228749991712e-01
1.542788353012917169e-01
1.540111117145750441e-01
1.538999063112864718e-01
1.540997864824565911e-01
1.559795322987809207e-01
1.556803051404926919e-01
1.557911694804912095e-01
1.557978966073396698e-01
1.556491649187122794e-01
1.557877577075763575e-01
1.559949886642145733e-01
1.560242762254600013e-01
1.560744434662519886e-01
1.560050705916276037e-01
1.558520517172269360e-01
1.559339919828810483e-01
1.558541782327912406e-01
1.556965274325633475e-01
1.557496816918718663e-01
1.557763569997540065e-01
1.506478598932335933e-01
1.508432082904882510e-01
1.516074650820787850e-01
1.515247544990966366e-01
1.513227204987589447e-01
1.517982431844651092e-01
1.521564327535683825e-01
1.520708713852505500e-01
1.522916109133377605e-01
1.530940002603254912e-01
1.527041012690183441e-01
1.525648578614988704e-01
1.527699645141231688e-01
1.535701109377232143e-01
1.556697525941531657e-01
1.555910305823063888e-01
1.554664229745469362e-01
1.552969403392985281e-01
1.550839921767409590e-01
1.548281561593988220e-01
1.545302541370512373e-01
1.541913004299119150e-01
1.536131588798732572e-01
1.537008535993996672e-01
1.538121813445540997e-01
1.558304962764932577e-01
1.559424166345919627e-01
1.558640854906098161e-01
1.556629058720675474e-01
1.557096577338540344e-01
1.556934083094440036e-01
1.558010558041278415e-01
1.559153036167514328e-01
1.559234239701646763e-01
1.557048525942592576e-01
1.557794972942235789e-01
1.557793736361272607e-01
1.557019754512867227e-01
1.502991134203724988e-01
1.512414367657897163e-01
1.511369029190610114e-01
1.509488563497466407e-01
1.504757857814776889e-01
1.514242814436674855e-01
1.518837394585643708e-01
1.524313741892506791e-01
1.531742945773417741e-01
1.530047902634650292e-01
1.532629765281663392e-01
1.529397055594683419e-01
1.534814122320650176e-01
1.555531579495792460e-01
1.555969047743502864e-01
1.556260163999791946e-01
1.554923746797364226e-01
1.555158764737657462e-01
1.555675195643206887e-01
1.553865269372592950e-01
1.554638781812720527e-01
1.553891206983403217e-01
1.552360801711172300e-01
1.553147292594867501e-01
1.552183177147479221e-01
1.550421100152605813e-01
1.550040587205991915e-01
1.551221034167823420e-01
1.548053101783238850e-01
1.547471619487414962e-01
1.548863730563085905e-01
1.545265024888253791e-01
1.544484209285598153e-01
1.546084200202459957e-01
1.542065122658664578e-01
1.541088514484668659e-01
1.542890454586343107e-01
1.538461732090165013e-01
1.537291777965070771e-01
1.539292676085542988e-01
1.553151150650541323e-01
1.557716357620900771e-01
1.554075950631871317e-01
1.555250712478418729e-01
1.555453683391119224e-01
1.554892393826143859e-01
1.555998107383330664e-01
1.555823207131106223e-01
1.554874005654521829e-01
1.558421741120136206e-01
1.556670298348142856e-01
1.556872104827241587e-01
1.557598044452872532e-01
1.555680516897874899e-01
1.556323970397324175e-01
1.556376945047022176e-01
1.499811395811495585e-01
1.501419880874312884e-01
1.509235297827478117e-01
1.510851348620391166e-01
1.507870147329676280e-01
1.506148106037584755e-01
1.517218374033861839e-01
1.516638696609641235e-01
1.514838996104993507e-01
1.519381553485401604e-01
1.525338701910852190e-01
1.523451750585250730e-01
1.526195391151757841e-01
1.533937156937197344e-01
1.530077808255724259e-01
1.528559307522415756e-01
1.530916093434011582e-01
1.555619448440236363e-01
1.555239972350297428e-01
1.554405930493660826e-01
1.553123394065222262e-01
1.551400539793625910e-01
1.549245906671097295e-01
1.546667185187209359e-01
1.543672571026358797e-01
1.540270410692752279e-01
1.534463170155248024e-01
1.535297329811834421e-01
1.536468984629766332e-01
1.549465839528944011e-01
1.551353737972763769e-01
1.555798556163953128e-01
1.557055693964130016e-01
1.556447166208916322e-01
1.553630236206777759e-01
1.554460006175243381e-01
1.555335581096235487e-01
1.557496406406125855e-01
1.555363690919391306e-01
1.556207505561523208e-01
1.556029184702272250e-01
1.555536398904608930e-01
1.506051671295440819e-01
1.504504919019603593e-01
1.502952036118097023e-01
1.497037580226787679e-01
1.498447167362024768e-01
1.515112192579561867e-01
1.513757959396455632e-01
1.512209446941062962e-01
1.507663388121499581e-01
1.516178892597088712e-01
1.520342059001967838e-01
1.518783520356180583e-01
1.520957515120918702e-01
1.522845608875176282e-01
1.527713524702191128e-01
1.533103288378567797e-01
1.532276721462559887e-01
1.554434120286710685e-01
1.554983741058804103e-01
1.555070002039131705e-01
1.554230109592389386e-01
1.554577763493449893e-01
1.554892611214487852e-01
1.553574190138811151e-01
1.554259915241538170e-01
1.553720508847951098e-01
1.552472566837064250e-01
1.552417428262072852e-01
1.553179030071195621e-01
1.550932788886235647e-01
1.550677618440117200e-01
1.551656217583885500e-01
1.548961845009055871e-01
1.548508088471486355e-01
1.549700255724649756e-01
1.546567121577561155e-01
1.547318336472893741e-01
1.545916627865216997e-01
1.543756136358527264e-01
1.544518320148655643e-01
1.542911121834533716e-01
1.540536504498467574e-01
1.541308157591789740e-01
1.539499546672714603e-01
1.536915867144067471e-01
1.535689880666767371e-01
1.537695825766491886e-01
1.550890172990027072e-01
1.550199040850149812e-01
1.552054316817329527e-01
1.556247369961637483e-01
1.552534065101355276e-01
1.551583608181613672e-01
1.553275841096666277e-01
1.552818681638837850e-01
1.553310328891026604e-01
1.554561580808004884e-01
1.554106448476945124e-01
1.554577022725246449e-01
1.554985561914388192e-01
1.555625018902682122e-01
1.554179570626186280e-01
1.554930988003776493e-01
1.554785223959068707e-01
1.503226768207857056e-01
1.501525844856601566e-01
1.504644096873990478e-01
1.500159679279433611e-01
1.512292059706997760e-01
1.510757744680302217e-01
1.513710809824178050e-01
1.509186113969381848e-01
1.517737418870929167e-01
1.523726708508015282e-01
1.522034043099887990e-01
1.524539434022124107e-01
1.528506150466161229e-01
1.529298522025563933e-01
1.526922669522873255e-01
1.532901864915761081e-01
1.531490102159822619e-01
1.533689327490481702e-01
1.554321139822869569e-01
1.554345405480920261e-01
1.553914515564820409e-01
1.553034854197645753e-01
1.551713359910281698e-01
1.549957253074900621e-01
1.547773753793862950e-01
1.545170309340195836e-01
1.542154491686126283e-01
1.538733927006518121e-01
1.534916265096091248e-01
1.545315562547012744e-01
1.547401589126633503e-01
1.547481226850101477e-01
1.548453513299571371e-01
1.549237656103089611e-01
1.555200375052185890e-01
1.551287672430691211e-01
1.552485869374140570e-01
1.553962622681964723e-01
1.553460650760378758e-01
1.554413047991575203e-01
1.554033460726584881e-01
1.553835357864846722e-01
1.508052274742595067e-01
1.507042706004139143e-01
1.505655485919940029e-01
1.494662529406270979e-01
1.495870900126806680e-01
1.500856218811572607e-01
1.502060817516047697e-01
1.498948359534426622e-01
1.518591607779355979e-01
1.515454006860321723e-01
1.516850737325777798e-01
1.510156777302247288e-01
1.519475220999353393e-01
1.521165532370167828e-01
1.526123474095036903e-01
1.530711056118636559e-01
1.553120066570407021e-01
1.553778026118479705e-01
1.553663331382351132e-01
1.553312424443415996e-01
1.553885903089786691e-01
1.553772156840506069e-01
1.553052861389305761e-01
1.553314369633823633e-01
1.553653296418083807e-01
1.552347301547741809e-01
1.552410732813470640e-01
1.552971798065176934e-01
1.551201932165319208e-01
1.551068108382829269e-01
1.551847613503161138e-01
1.549623173431426970e-01
1.549293204498991550e-01
1.550287728363594075e-01
1.547617628604534001e-01
1.548298940163507220e-01
1.547093016324730952e-01
1.545192063274797301e-01
1.544474685064148867e-01
1.545888328140005985e-01
1.542353362146882123e-01
1.541445460897212794e-01
1.543063096576100524e-01
1.539108484047017056e-01
1.538012643700618076e-01
1.539830532951026454e-01
1.535464416897462936e-01
1.534183543421543394e-01
1.536197953241517089e-01
1.546386917663907790e-01
1.548935549020642455e-01
1.548197938725466294e-01
1.549924384306741176e-01
1.550303468057737666e-01
1.550604649243372268e-01
1.551958246336083702e-01
1.551118557373898366e-01
1.552271230756898657e-01
1.552807527552222400e-01
1.553425529995502430e-01
1.552882859160545914e-01
1.552470199019759800e-01
1.553325853865238360e-01
1.552979872152023821e-01
1.506480337488788068e-01
1.504855237782377619e-01
1.507276605968504990e-01
1.497781796830311984e-01
1.503687566923247454e-01
1.517036406356002676e-01
1.514665844638549697e-01
1.517820725805153481e-01
1.511596900836015278e-01
1.509826869774741898e-01
1.511947036180061321e-01
1.522206560437302514e-01
1.520399172856393699e-01
1.522974186773202732e-01
1.527007482018923890e-01
1.527764453619560037e-01
1.525367366494163601e-01
1.531428768570695098e-01
1.532172966375199286e-01
1.529967812345572886e-01
1.552810245660498634e-01
1.553230413801606202e-01
1.553195914885008300e-01
1.552712518537049391e-01
1.551786278026063837e-01
1.550423507959128866e-01
1.548630718786548899e-01
1.546414598776538751e-01
1.543781975798019790e-01
1.540739773966166570e-01
1.537294967822440128e-01
1.533454843350292585e-01
1.543669893078160049e-01
1.545581932592524632e-01
1.544484351787689391e-01
1.540863392447194835e-01
1.543099919377555196e-01
1.545944162347155926e-01
1.547443926342755294e-01
1.546709161801838039e-01
1.548412001821559691e-01
1.549997077555346214e-01
1.548691059009789095e-01
1.549530375372680790e-01
1.551456162777784531e-01
1.551357518601546026e-01
1.552410043215870505e-01
1.551829994647684341e-01
1.551929958686176780e-01
1.492715932787360700e-01
1.491199429108704955e-01
1.509046314083622997e-01
1.493703779715083169e-01
1.498725341304703029e-01
1.496693542169990065e-01
1.499806556416924952e-01
1.504648885244811440e-01
1.502752567513483406e-01
1.505577332645405830e-01
1.519629062488172533e-01
1.514321903429638461e-01
1.524615001811051584e-01
1.529226210100796957e-01
1.551596187331483190e-01
1.552359096186949339e-01
1.552047432310122987e-01
1.552177608588253266e-01
1.552662230467879434e-01
1.552745949821691118e-01
1.552307886116387481e-01
1.552681268496929334e-01
1.552822757453826696e-01
1.551992141006574011e-01
1.552170575118955176e-01
1.552534375039926751e-01
1.551235769751337923e-01
1.551219661613968404e-01
1.551802744894554831e-01
1.550044412497409985e-01
1.549834558084365321e-01
1.550633786910988743e-01
1.548423913095513527e-01
1.548021488399089485e-01
1.549033633697044499e-01
1.546380288890389920e-01
1.545786844055053733e-01
1.547008598260871670e-01
1.543919698071215540e-01
1.543137146633271062e-01
1.544565144657178424e-01
1.541048402641936876e-01
1.540079006651534632e-01
1.541709847917107634e-01
1.537772729728512644e-01
1.536619081590983038e-01
1.538449351744176630e-01
1.534099034543456863e-01
1.532764352472962832e-01
1.534790328246580238e-01
1.542265517611796088e-01
1.544805869894828598e-01
1.547192888961476109e-01
1.536201107040260361e-01
1.538538348058319238e-01
1.547724964908221423e-01
1.549165749304171058e-01
1.548086463915548938e-01
1.549777038621459324e-01
1.551025103167009700e-01
1.550207661212030796e-01
1.550584536243653222e-01
1.550558802785276802e-01
1.551515501605690295e-01
1.550973303718152785e-01
1.491965216732096255e-01
1.490128107237137511e-01
1.490668230816742934e-01
1.510057241512599013e-01
1.508266567025197125e-01
1.510835328211336259e-01
1.495732995019565248e-01
1.501701285375911521e-01
1.507361739215320462e-01
1.520753074076705014e-01
1.518895010305030269e-01
1.521488461439901574e-01
1.515550767734906712e-01
1.513573924818089056e-01
1.516301813329239412e-01
1.525582933808283803e-01
1.523895072978562748e-01
1.526303752519683199e-01
1.530033667401573538e-01
1.528520961774137987e-01
1.530739758310067922e-01
1.551093328847751307e-01
1.551901826433479403e-01
1.552256822149805648e-01
1.552163290209908064e-01
1.551626493642922489e-01
1.550651955418779204e-01
1.549245419830919124e-01
1.547412820098564845e-01
1.545160246483086031e-01
1.542493911198099532e-01
1.539420110156058952e-01
1.535945185289779857e-01
1.532075486830719591e-01
1.539849765703388274e-01
1.540351838529854245e-01
1.541750079828066999e-01
1.542273444844335373e-01
1.544109372259968582e-01
1.542965512340804812e-01
1.545207347161942080e-01
1.546811073358249633e-01
1.545589820742434561e-01
1.538033011124257943e-01
1.548769046476744515e-01
1.546484807622405810e-01
1.549060982408106968e-01
1.550210281395757450e-01
1.549435124633149474e-01
1.549826675990515490e-01
1.497129493049360605e-01
1.494918910534996925e-01
1.494174384775326381e-01
1.495633894487693460e-01
1.493412712107223816e-01
1.492887041394637127e-01
1.512811320106058899e-01
1.497939496621962796e-01
1.502998400298840576e-01
1.503837534147693944e-01
1.500862998333609699e-01
1.508609645710444758e-01
1.506628724608101155e-01
1.509344477257132944e-01
1.518161025471185255e-01
1.523177026619189078e-01
1.527817341685313579e-01
1.549868373070096839e-01
1.550733276409116401e-01
1.550228455628975821e-01
1.550831777137211542e-01
1.551505659743662724e-01
1.551228036135768873e-01
1.551345378961329624e-01
1.551827567474695080e-01
1.551774788716008269e-01
1.551413528688608823e-01
1.551703735374231341e-01
1.551873302268838017e-01
1.551040850154880024e-01
1.551139173709074059e-01
1.551528452889603393e-01
1.550232214074160897e-01
1.550139138046244813e-01
1.550745377721007845e-01
1.548992708360152903e-01
1.549529443282228192e-01
1.548709094341391701e-01
1.547327608069622995e-01
1.547886211165404591e-01
1.546854688897063568e-01
1.545242345968920183e-01
1.544581717289595924e-01
1.545821408375198658e-01
1.542742481506308438e-01
1.543340895300988613e-01
1.541896090345867831e-01
1.539833667966845621e-01
1.540450630579409674e-01
1.538803798357329944e-01
1.536521619104442848e-01
1.535310875900572913e-01
1.537156635152789885e-01
1.532812076645120314e-01
1.531423368869093693e-01
1.533464956784188482e-01
1.531411848803424514e-01
1.533812948251007668e-01
1.541042603963397317e-01
1.543754278116955536e-01
1.535467007217410362e-01
1.537660110512677480e-01
1.535828725380705695e-01
1.547098642759833220e-01
1.548438882438611941e-01
1.547428817521246946e-01
1.544668027497626550e-01
1.546197699384882496e-01
1.544955536575508548e-01
1.548097572787311416e-01
1.548451119355614969e-01
1.548771781755894361e-01
1.549505983511240137e-01
1.489524610337293886e-01
1.489822839545021926e-01
1.496391871007473062e-01
1.494644087261666199e-01
1.495140068855769222e-01
1.492378712896981208e-01
1.514113170987841928e-01
1.512085130550044898e-01
1.514841633199928150e-01
1.500077830564761072e-01
1.505817030262899259e-01
1.511372026007575808e-01
1.519355736260561418e-01
1.517453595576330194e-01
1.520064117328697728e-01
1.524223454101304442e-01
1.524912695467897095e-01
1.522488650619669981e-01
1.528710781988931178e-01
1.529381640670512965e-01
1.527147300339757319e-01
1.550365652415466311e-01
1.549176184718982219e-01
1.551103342610561375e-01
1.551393459232706107e-01
1.551240493208789761e-01
1.550649195478447373e-01
1.549624548544473734e-01
1.548171736383360253e-01
1.546296115120620041e-01
1.544003182777908822e-01
1.541298547154167364e-01
1.538187892637135068e-01
1.534676947100465094e-01
1.530771452095516239e-01
1.533451360585300627e-01
1.538083841948519881e-01
1.540207260845904980e-01
1.538969328213035670e-01
1.541769422606410478e-01
1.543487569307832041e-01
1.542037287692678005e-01
1.536794471217303171e-01
1.545902193239350186e-01
1.543236831346780358e-01
1.546576297774248099e-01
1.546854104108623673e-01
1.547819685927867006e-01
1.547531051413532088e-01
1.492075441009782510e-01
1.501358646709289868e-01
1.498508874609570940e-01
1.499239917710470937e-01
1.499755682066080675e-01
1.497200209801341497e-01
1.497685368917329729e-01
1.516744668807429308e-01
1.502191728852927399e-01
1.507053192297976851e-01
1.505024197903263028e-01
1.507844071733943636e-01
1.512716427634520633e-01
1.510663094256120553e-01
1.513425934121426231e-01
1.521799690542240402e-01
1.526477136126966894e-01
1.549280241239000544e-01
1.550056999604877417e-01
1.549588923234030968e-01
1.547941721884334987e-01
1.548906060643332472e-01
1.548211817203840601e-01
1.550170849331927725e-01
1.550759079148641417e-01
1.550515201456782455e-01
1.550617146192708740e-01
1.551016274525477412e-01
1.550994479856451225e-01
1.550623001673839818e-01
1.550832832702392361e-01
1.551030872001432082e-01
1.550192532554681701e-01
1.550213247531692096e-01
1.550628751354565793e-01
1.549330078565018809e-01
1.549792725843446295e-01
1.549162232930453298e-01
1.548040177036659193e-01
1.547684695181158476e-01
1.548527610266987597e-01
1.546327536935726554e-01
1.545785705237566754e-01
1.546838398451544361e-01
1.544197012091078625e-01
1.544730235163952470e-01
1.543470469824957947e-01
1.541653573226517970e-01
1.540744301027446861e-01
1.542208386532174513e-01
1.538702279098651537e-01
1.537612585163803391e-01
1.539278209126775376e-01
1.535348247620820228e-01
1.534080752090623001e-01
1.535945118759306505e-01
1.531596627980434944e-01
1.530154247148114433e-01
1.532214560603251119e-01
1.526602678346151709e-01
1.529008734540076020e-01
1.531347385941069783e-01
1.531395750878935536e-01
1.533406674496996525e-01
1.539969292436758064e-01
1.534176933663785602e-01
1.534816248787091997e-01
1.536168944546835169e-01
1.544240549739887003e-01
1.544471857664777570e-01
1.545670660655191764e-01
1.541440870034350707e-01
1.543055506055627246e-01
1.541623822286297685e-01
1.545426702837665589e-01
1.546151981932130104e-01
1.546380364946260411e-01
1.547302583709770918e-01
1.489377796487630912e-01
1.489442819110167182e-01
1.495238997229926259e-01
1.492374657076498412e-01
1.494928165933773201e-01
1.500568545532078302e-01
1.499592652372225832e-01
1.499679146053021217e-01
1.497119564895031951e-01
1.518007591776358023e-01
1.516060770485333498e-01
1.518692373265978501e-01
1.504216755792616711e-01
1.509896853023160457e-01
1.515373428107562592e-01
1.522921209253056407e-01
1.521138914299411393e-01
1.523582805697444309e-01
1.527452573427611204e-01
1.525838506662972049e-01
1.528091981597080595e-01
1.549740887578570092e-01
1.548627095826109468e-01
1.547063785229534361e-01
1.550408619681810096e-01
1.550634031075450725e-01
1.550421118535346698e-01
1.549774113362506478e-01
1.548697456648338022e-01
1.547195773674264752e-01
1.545273847610884044e-01
1.542936592115583538e-01
1.540189022847464617e-01
1.537036228542802974e-01
1.533483342723931386e-01
1.529535516433715436e-01
1.528991187163971643e-01
1.532760282572499522e-01
1.538173292262812186e-01
1.539971817835134038e-01
1.538156444408070866e-01
1.534367587415114143e-01
1.536228629531963819e-01
1.534290863947305184e-01
1.542859961352208709e-01
1.539827210567267235e-01
1.543908016851217591e-01
1.545243207269387797e-01
1.544091383278490826e-01
1.545047794550337139e-01
1.492292455283071861e-01
1.497410684882353182e-01
1.505650919615969530e-01
1.502715292368317357e-01
1.503501491422997161e-01
1.504227609628326912e-01
1.501927481009982523e-01
1.501988703168258832e-01
1.520475552872079250e-01
1.506364130111930155e-01
1.511354916617799748e-01
1.509204334708459383e-01
1.512047850782163305e-01
1.516702555702783561e-01
1.514709924435738708e-01
1.517366816539115204e-01
1.525197889871821033e-01
1.548789015262099777e-01
1.549480917350081199e-01
1.549049011169235657e-01
1.547527506252101004e-01
1.548404877772071586e-01
1.547749694291461475e-01
1.545820500033597833e-01
1.546882131340172606e-01
1.546002070150099827e-01
1.549607902896183997e-01
1.550113488116702243e-01
1.549903117078668124e-01
1.549987304700775059e-01
1.550306092882175468e-01
1.550315383254656787e-01
1.549930599141587928e-01
1.550062479367648738e-01
1.550289436875197380e-01
1.549441388624318572e-01
1.549386618731916077e-01
1.549829140145688733e-01
1.548523479014329851e-01
1.548282682657038389e-01
1.548938568044707642e-01
1.547180857956531597e-01
1.546755019528511799e-01
1.547621984834756104e-01
1.545417672203946990e-01
1.545883819776810997e-01
1.544808129714526634e-01
1.543238203930261676e-01
1.543728641891816133e-01
1.542446639736835268e-01
1.540646846105314660e-01
1.539675275524189368e-01
1.541161133629538327e-01
1.537648077280078240e-01
1.536498835366372218e-01
1.538186063816273652e-01
1.534246436227097998e-01
1.532922163301178031e-01
1.534808260607003483e-01
1.530446496407444901e-01
1.528950122767838149e-01
1.531032584972207289e-01
1.521834138422378802e-01
1.524220558444592255e-01
1.525903361510654310e-01
1.528639916798959497e-01
1.526274533156929403e-01
1.530642474213282922e-01
1.532411899411367795e-01
1.531010604558664667e-01
1.536297912893761497e-01
1.532520692795790174e-01
1.541207103425168423e-01
1.541342000611386487e-01
1.542724893059961300e-01
1.538046646106828730e-01
1.538129123936374798e-01
1.539744848637205621e-01
1.542576263239263668e-01
1.543665392928869062e-01
1.544909721521759982e-01
1.543803331315484195e-01
1.489694770348060082e-01
1.489524481352731966e-01
1.495649212286336294e-01
1.495432936984241179e-01
1.492517063779437159e-01
1.501822724712424950e-01
1.498539829303554560e-01
1.500682547913498865e-01
1.504952856625496604e-01
1.503040959110015784e-01
1.521670021067192957e-01
1.519839302546076576e-01
1.522307057858048873e-01
1.508514772051039454e-01
1.514041243250483504e-01
1.519198499492625531e-01
1.526252838900925557e-01
1.524587567089897844e-01
1.526863903887708540e-01
1.549213585900973689e-01
1.548174069673257103e-01
1.546690544559148339e-01
1.544760267143089338e-01
1.549812102597251107e-01
1.549972880075359827e-01
1.549699411667693205e-01
1.548995403995716558e-01
1.547864755888777033e-01
1.546311536232725103e-01
1.544339960800124034e-01
1.541954368071991599e-01
1.539159194297652355e-01
1.535958948240122579e-01
1.532358185856255162e-01
1.528361484191294029e-01
1.523902718071777906e-01
1.528311265522193096e-01
1.534440640061283112e-01
1.536307706894157743e-01
1.534423885969011803e-01
1.530448195089901819e-01
1.532408227917513299e-01
1.530551695881945395e-01
1.539646602857643876e-01
1.536263810813659481e-01
1.541059853923351097e-01
1.541150949182660268e-01
1.542484982341765232e-01
1.542380768963356186e-01
1.492664987137453103e-01
1.498731262686330279e-01
1.510024538406196104e-01
1.507138241206185114e-01
1.507836387453551641e-01
1.508716553897390122e-01
1.505289263533370336e-01
1.506473014532635490e-01
1.523973411771921693e-01
1.510701988129236062e-01
1.515435279196167828e-01
1.513395608929135605e-01
1.516081712387856717e-01
1.520464487183199598e-01
1.518584071994993900e-01
1.521079665432857331e-01
1.548389924279027774e-01
1.548603636275888151e-01
1.548999893634737113e-01
1.547203794856085723e-01
1.547380430591699385e-01
1.547997400234011334e-01
1.545577262528299300e-01
1.546553392221816647e-01
1.545714329286871358e-01
1.543508149739387658e-01
1.544665342861147872e-01
1.543602938598812591e-01
1.549138073368248048e-01
1.549386598665865034e-01
1.549563651563716782e-01
1.549450899005575533e-01
1.549732216829408094e-01
1.549691691778267710e-01
1.549331278650589727e-01
1.549387254292223792e-01
1.549643621219294332e-01
1.548782294758784817e-01
1.548653783341846779e-01
1.549124156376753270e-01
1.547807217606422814e-01
1.547494907962286836e-01
1.548177362100725540e-01
1.546409486895675700e-01
1.546806953414953112e-01
1.545914421450858001e-01
1.544592692199547868e-01
1.545016799463901913e-01
1.543916259747306619e-01
1.542360552419139719e-01
1.541504478849593518e-01
1.542810901390639922e-01
1.539716894365221744e-01
1.538683231496528192e-01
1.540193369311889660e-01
1.536665630698239582e-01
1.535456743459255868e-01
1.537168398708259609e-01
1.533210737289660841e-01
1.533740246497707904e-01
1.531829289460721055e-01
1.529356229702554248e-01
1.529913206567073969e-01
1.527805167870857073e-01
1.517212369488507573e-01
1.519526054711967111e-01
1.522502250542686619e-01
1.524216871450614352e-01
1.522212591327446463e-01
1.526962047886941676e-01
1.526451451053389974e-01
1.528790600038377745e-01
1.532461407203447035e-01
1.528691187962304410e-01
1.538002194733384398e-01
1.538042763700377957e-01
1.539605705249216250e-01
1.534492157921560906e-01
1.534485596113868144e-01
1.536270461099744633e-01
1.539550029544776155e-01
1.540994530707028298e-01
1.542330987509353823e-01
1.541044126849202556e-01
1.490485129617912241e-01
1.490074154396427986e-01
1.496011308020205322e-01
1.495821973183064646e-01
1.492859106692564497e-01
1.501476442223139696e-01
1.498568364623121818e-01
1.501656289836833524e-01
1.509383273494748767e-01
1.507429081206910215e-01
1.504627083707728019e-01
1.508086090029320259e-01
1.525106138586014293e-01
1.525691583585926381e-01
1.523388672646461828e-01
1.512742517798427722e-01
1.517963156598038932e-01
1.522798279976979030e-01
1.548778928073001326e-01
1.547812380579765001e-01
1.546406694594035791e-01
1.544559566863502598e-01
1.542268942648034047e-01
1.549308879836474029e-01
1.549405005758074383e-01
1.549070288150620200e-01
1.548307905361978598e-01
1.547121213987040500e-01
1.545513729897035615e-01
1.543489108191323789e-01
1.541051122212057090e-01
1.538203641817711409e-01
1.534950611076643101e-01
1.531296025232065094e-01
1.527243906496663639e-01
1.519909626351025889e-01
1.524779756992646895e-01
1.530524643550831287e-01
1.532482394206523546e-01
1.530503900135116169e-01
1.525675029242493652e-01
1.528087205600254794e-01
1.526313024512038208e-01
1.536267017855215133e-01
1.532528057215780670e-01
1.538034738294142834e-01
1.539548328980511194e-01
1.538036206800273975e-01
1.539533022807214602e-01
1.493242969315924373e-01
1.498746972733373539e-01
1.504466340933270363e-01
1.514203240019679209e-01
1.511472573707584033e-01
1.512112425090742507e-01
1.512998341151818860e-01
1.510228151515596862e-01
1.510855871092160463e-01
1.514832037483236915e-01
1.519299955941509905e-01
1.517368221197915590e-01
1.519895604212596618e-01
1.524007791579619076e-01
1.524569959868995461e-01
1.522236781878231193e-01
1.548078842741817951e-01
1.548248348977666611e-01
1.548609433407240887e-01
1.546966542907650677e-01
1.547099663633398903e-01
1.547679220171889192e-01
1.545418301721827037e-01
1.545512862960378708e-01
1.546312043726912888e-01
1.543432388362024898e-01
1.543485989937638525e-01
1.544505827308850776e-01
1.541007300158185878e-01
1.542258730752534834e-01
1.541017327333638054e-01
1.548757154067880171e-01
1.548961109326771890e-01
1.549104988358521728e-01
1.549003642960126159e-01
1.549168406863893344e-01
1.549240358497457892e-01
1.548820677980325966e-01
1.548802414503281932e-01
1.549088721506871602e-01
1.548210817503962167e-01
1.548009925663441644e-01
1.548509020418478155e-01
1.547176795711739938e-01
1.546794027350660850e-01
1.547504258753122919e-01
1.545721507214701251e-01
1.545157961716517869e-01
1.546077604599032096e-01
1.543847990545474946e-01
1.543105107535458487e-01
1.544232372585687685e-01
1.541559410626331950e-01
1.540638960728112350e-01
1.541972004847383948e-01
1.538859040325363248e-01
1.537763114109190754e-01
1.539300051104065536e-01
1.535750241200469768e-01
1.534481236440067287e-01
1.536220148028403232e-01
1.532236443450518681e-01
1.532735997913300396e-01
1.530797050638316170e-01
1.528321125162793725e-01
1.526714311075104691e-01
1.528851346447166470e-01
1.512772021624688712e-01
1.515000874179230905e-01
1.517461305717326958e-01
1.517361608062476330e-01
1.520022755820799043e-01
1.524134105275102291e-01
1.528139900573094456e-01
1.534627402427066745e-01
1.536315840884872053e-01
1.534578327732273317e-01
1.530771529323230462e-01
1.532632856185087711e-01
1.530667674630880049e-01
1.536350279212688186e-01
1.538141768064600345e-01
1.538105403341691879e-01
1.539569156608356915e-01
1.491743027649163889e-01
1.491095000595155096e-01
1.497114431123206524e-01
1.493802747853544277e-01
1.496541628121741407e-01
1.501139631026326970e-01
1.501317852309008716e-01
1.498584178262547528e-01
1.506312526443943645e-01
1.503898992785344113e-01
1.506889390063973488e-01
1.513613499598078782e-01
1.511816992720592667e-01
1.512422633632622970e-01
1.509623851128596428e-01
1.516764881403939169e-01
1.521667829546340389e-01
1.526178090803121945e-01
1.548432746674311966e-01
1.547537942069107109e-01
1.546208227948951963e-01
1.544441759737270603e-01
1.542236917781691918e-01
1.539592312954068953e-01
1.548894703716238164e-01
1.548926082711354901e-01
1.548529348985094867e-01
1.547707150316747216e-01
1.546462302250471987e-01
1.544797772150534598e-01
1.542716662184024923e-01
1.540222191337727864e-01
1.537317676585601145e-01
1.534006513249220882e-01
1.530292154558688944e-01
1.515168138622092764e-01
1.520741172827682064e-01
1.521631071749374176e-01
1.519100659148010513e-01
1.523246444732693217e-01
1.526465372536388587e-01
1.528495467714033884e-01
1.526098150508891083e-01
1.532719501276148533e-01
1.528639177598646315e-01
1.534834763643374567e-01
1.536435757276040093e-01
1.534749013743529344e-01
1.536506792274345834e-01
1.494413530000454626e-01
1.499125518086946718e-01
1.503753047309255297e-01
1.509085126531630738e-01
1.518174691321181324e-01
1.516187487045450588e-01
1.515599707904713433e-01
1.517081332359402346e-01
1.515038284628540399e-01
1.514464493598068895e-01
1.518750596031658295e-01
1.522953863607743319e-01
1.523494726204555061e-01
1.521127602585596872e-01
1.527337228912752920e-01
1.527842676075673589e-01
1.525673235062164901e-01
1.547852311062619668e-01
1.547979355616039276e-01
1.548305703487241614e-01
1.546812360998262026e-01
1.547446580084392842e-01
1.546903675253525901e-01
1.545340294999799635e-01
1.546154402168435915e-01
1.545394025076225475e-01
1.543434846399727167e-01
1.543448903907794767e-01
1.544427559929778537e-01
1.541094955561379543e-01
1.541067027930105304e-01
1.542264658077657780e-01
1.538319772590113210e-01
1.539664520255902280e-01
1.538247334674366362e-01
1.548461614206613213e-01
1.548622779259763993e-01
1.548733589985045178e-01
1.548641935740935338e-01
1.548835863756358178e-01
1.548732256569795851e-01
1.548395128977589907e-01
1.548303909143168289e-01
1.548620721593448879e-01
1.547723225540772463e-01
1.547450930659944879e-01
1.547979648982770184e-01
1.546628424246293543e-01
1.546175867891492750e-01
1.546915113293928501e-01
1.545113078645912186e-01
1.544481416929069928e-01
1.545429739134227543e-01
1.543179683439427352e-01
1.542370407632643881e-01
1.543526293307976305e-01
1.540830859804858122e-01
1.539845787071641992e-01
1.541207668720178114e-01
1.538069339720841144e-01
1.538476867330452746e-01
1.536910602056711372e-01
1.534897949375692017e-01
1.535336982238005854e-01
1.533567980818459908e-01
1.531319591779811695e-01
1.529821113935323496e-01
1.531791178952217614e-01
1.508617528127482732e-01
1.510713131866470160e-01
1.515739338130874803e-01
1.516622430442789993e-01
1.514309581969042195e-01
1.518263423149714964e-01
1.521712291267245387e-01
1.523690340909300556e-01
1.521252431767281532e-01
1.524110763334233232e-01
1.531085491441001034e-01
1.532857449741893419e-01
1.530947252642527179e-01
1.526893339730740484e-01
1.528833389179615754e-01
1.526699175132878450e-01
1.532979440121459147e-01
1.535108658752111221e-01
1.536626192501046040e-01
1.534988987161508556e-01
1.493464325625966094e-01
1.492584657206844634e-01
1.498380263326981598e-01
1.497728368860008485e-01
1.495076193883926319e-01
1.503970262568972149e-01
1.500559871410811486e-01
1.502530624157236705e-01
1.505161234503632484e-01
1.510541608502072863e-01
1.511197358186849860e-01
1.508428149726136480e-01
1.517641099466032761e-01
1.516017049124478433e-01
1.516564380988705274e-01
1.513918127585359708e-01
1.520578136688612858e-01
1.525160093274470219e-01
1.529342614832838176e-01
1.548171545476128008e-01
1.547347328628644325e-01
1.546091787691149522e-01
1.544403552542774616e-01
1.542281457499627972e-01
1.539724545000591416e-01
1.536732067609588581e-01
1.548566007419653889e-01
1.548532475478195947e-01
1.548072893502692171e-01
1.547189377757555162e-01
1.545884205135513723e-01
1.544159800125980420e-01
1.542018720699229739e-01
1.539463643139835636e-01
1.536497345923413249e-01
1.533122692730203296e-01
1.512250110459608665e-01
1.518769477478819629e-01
1.522256307712520629e-01
1.522007085141862115e-01
1.524362570454317334e-01
1.529009564946358646e-01
1.524596762312642184e-01
1.531461183752020894e-01
1.533148945404110286e-01
1.531291372509414606e-01
1.533303487963009193e-01
1.495917290857319282e-01
1.501169989707892283e-01
1.507275417781915872e-01
1.513297532169504134e-01
1.521943399231329153e-01
1.520057585393961297e-01
1.519526023829455008e-01
1.520969638289655368e-01
1.518509105344914012e-01
1.519023939713075588e-01
1.522462318146318161e-01
1.526401331780666837e-01
1.524678367928679057e-01
1.526883613845019250e-01
1.530456963577345730e-01
1.530902198366966838e-01
1.528897892965762617e-01
1.547707552555691590e-01
1.548085550113227349e-01
1.547793537209680714e-01
1.546738534549957356e-01
1.547296392869598192e-01
1.546789412641083050e-01
1.545340586370448355e-01
1.546077444854323524e-01
1.545354825589236869e-01
1.543512920907347263e-01
1.544427577955841402e-01
1.543488747144120543e-01
1.541254939754242992e-01
1.542345859586542467e-01
1.541190346004799316e-01
1.538566233745689571e-01
1.538458990091700063e-01
1.539831555284466580e-01
1.535446581825835599e-01
1.536884129504356711e-01
1.535294246717807676e-01
1.548248613913061345e-01
1.548446236055260883e-01
1.548368422307196957e-01
1.548362874846394011e-01
1.548379955514787021e-01
1.548515480145703505e-01
1.548051668740728637e-01
1.547888391042929745e-01
1.548236305194469198e-01
1.547316499158178926e-01
1.546973393872566049e-01
1.547532665838505794e-01
1.546159031562577280e-01
1.545636973559046945e-01
1.546406494681222821e-01
1.544581083687983636e-01
1.543881286361270533e-01
1.544859877497564149e-01
1.542584614734564541e-01
1.541708622509171400e-01
1.542895041045657667e-01
1.540171713406468523e-01
1.539121392382448716e-01
1.540514339761281937e-01
1.537344584858950647e-01
1.536122111688135172e-01
1.537720241404586519e-01
1.534105536624702504e-01
1.534515311741898591e-01
1.532713385729601585e-01
1.511206928908749303e-01
1.513478485798677164e-01
1.509952404311624141e-01
1.504788353604937789e-01
1.506722654337245837e-01
1.517178612070028132e-01
1.519447617173961262e-01
1.516493922292767582e-01
1.519743696354813878e-01
1.527377061886634468e-01
1.529232261811046545e-01
1.527154057250921237e-01
1.522855585431963643e-01
1.524875890804033851e-01
1.522575860772338308e-01
1.529438473789999087e-01
1.531895947696727545e-01
1.533503244705904933e-01
1.531695879387573456e-01
1.495657037493272057e-01
1.494538508679131850e-01
1.499276174679577966e-01
1.498818084599815581e-01
1.496386496236079555e-01
1.504149106018227711e-01
1.501275557709010888e-01
1.504062041670168881e-01
1.509532410914734557e-01
1.506752237956286988e-01
1.510052736639869719e-01
1.514985102937483896e-01
1.512764146979836966e-01
1.515518206133843471e-01
1.521469925487695107e-01
1.520030489337130808e-01
1.518024607100894041e-01
1.520515506128967687e-01
1.524186711025867780e-01
1.528444191481977965e-01
1.532295930191226452e-01
1.547237793879896461e-01
1.547992515436682481e-01
1.546054687877352896e-01
1.544442315267360311e-01
1.542399981177726698e-01
1.539927179447158068e-01
1.537023592326796084e-01
1.533689088402305778e-01
1.548319918989662369e-01
1.548221250597547893e-01
1.547697929661490113e-01
1.546751541296440546e-01
1.545383827378675745e-01
1.543596676322694927e-01
1.541392111712389656e-01
1.538772279803222176e-01
1.535739435973377809e-01
1.508049408221291410e-01
1.514230547715987862e-01
1.517975384472075584e-01
1.520116823351713720e-01
1.517598943678174495e-01
1.525136900026666797e-01
1.520436363029337157e-01
1.527914455319560050e-01
1.529688758212530697e-01
1.527663811963260176e-01
1.529923717212328116e-01
1.497464991077062102e-01
1.501717284359601612e-01
1.506851226639762675e-01
1.498303357886890952e-01
1.496952045833773726e-01
1.512276681182862514e-01
1.517525692286540995e-01
1.525513261660260689e-01
1.523255507260151687e-01
1.523726889975756116e-01
1.524666857511778328e-01
1.522364778151947817e-01
1.522816728418658894e-01
1.525971325177307714e-01
1.529646084705440501e-01
1.528024545900329434e-01
1.530066209014478984e-01
1.533370525031793052e-01
1.531914602747541654e-01
1.533752287750215215e-01
1.546743039890372540e-01
1.547226258324480019e-01
1.546754506061771561e-01
1.547642487660303434e-01
1.547946513533091650e-01
1.547688465010262915e-01
1.545417204855851212e-01
1.546078828993086018e-01
1.545392950464848925e-01
1.543664688236137117e-01
1.544503591570881573e-01
1.543603255883471137e-01
1.541485369292829866e-01
1.542500092090720587e-01
1.541385060853538436e-01
1.538879299118069977e-01
1.538738184182172342e-01
1.540068056848165057e-01
1.535846697247997827e-01
1.535662622722231418e-01
1.537207390982199273e-01
1.532387946335193041e-01
1.533918175292990904e-01
1.532158547254560688e-01
1.548116016301336328e-01
1.548240406837121386e-01
1.548195549470460231e-01
1.548164266387936916e-01
1.548108925259130686e-01
1.548276658872800304e-01
1.547788048122032967e-01
1.547553225719084935e-01
1.547932865715101469e-01
1.546988337114330037e-01
1.547165409969581962e-01
1.546574628793883077e-01
1.545766268805228716e-01
1.545975692151705383e-01
1.545174611105580853e-01
1.544123131596072396e-01
1.544365265073444071e-01
1.543354796490398195e-01
1.542060358704724354e-01
1.542335824377679687e-01
1.541116945942062610e-01
1.539579518786712287e-01
1.538462946397352038e-01
1.539889197883401728e-01
1.536682305353354039e-01
1.535394798407058170e-01
1.537027333781751937e-01
1.507719981897597261e-01
1.506270672991256721e-01
1.509454681007582622e-01
1.512753121919740984e-01
1.511997789498114031e-01
1.514962139951171460e-01
1.501306731238288839e-01
1.503075587806173008e-01
1.515381329175924385e-01
1.523504291388418919e-01
1.523198775343875822e-01
1.525441620421567057e-01
1.518672399657254868e-01
1.518342621839722240e-01
1.520765324188029233e-01
1.525728619903430339e-01
1.528503583473821426e-01
1.530200660615254060e-01
1.528226285028032594e-01
1.501691133686502422e-01
1.498693572283433806e-01
1.500467723615285243e-01
1.504182356512921981e-01
1.504173068893198684e-01
1.501745436358442598e-01
1.508745845427630350e-01
1.506450651018982345e-01
1.509156928807120490e-01
1.499997749992812990e-01
1.513983675235854864e-01
1.511757342187155517e-01
1.514501913809755962e-01
1.519130082286143102e-01
1.517058370745084650e-01
1.519597744110626758e-01
1.525103726531975568e-01
1.523860779994467007e-01
1.521946533675275770e-01
1.524279467138774935e-01
1.527594418124255116e-01
1.531523748848359068e-01
1.535041471952159897e-01
1.546094930705700365e-01
1.547207285673426469e-01
1.547893547773072642e-01
1.544556100224331319e-01
1.542590585002711068e-01
1.540198348255645833e-01
1.537379523081020549e-01
1.534134408189450349e-01
1.530463461301565520e-01
1.548154272483677207e-01
1.547990186003104229e-01
1.547402181727571824e-01
1.546391315355399865e-01
1.544958798655201582e-01
1.543105991974790259e-01
1.540834395487310493e-01
1.538145639228158945e-01
1.504566006223677643e-01
1.510235599583302779e-01
1.513496386238021296e-01
1.515733218070206556e-01
1.513137369419804701e-01
1.521108588471601353e-01
1.516100133256073068e-01
1.524194273828887169e-01
1.526055257867933168e-01
1.523867242691505641e-01
1.526367292135183407e-01
1.502949139424404335e-01
1.506482190010534072e-01
1.511382731318866579e-01
1.501353635856895741e-01
1.499806183490565159e-01
1.504842673877712089e-01
1.503242200489900426e-01
1.501593619120313861e-01
1.516575124961249132e-01
1.521513623204429067e-01
1.528887540616380436e-01
1.526791571899527300e-01
1.527198983905263541e-01
1.528175808334686359e-01
1.526034662935428221e-01
1.526419840625283797e-01
1.529281107132021145e-01
1.532691175175977527e-01
1.531169524974081986e-01
1.533045801092597360e-01
1.536080766516327856e-01
1.534726555799748038e-01
1.536396041493771625e-01
1.545568878546206282e-01
1.545506777877897475e-01
1.546156906790705499e-01
1.546824556791157601e-01
1.546797283146031932e-01
1.547234476543006831e-01
1.547655744674192313e-01
1.547662412953143551e-01
1.547886839427814465e-01
1.543888919830391782e-01
1.544654001012709665e-01
1.543790853703862487e-01
1.541785052203432649e-01
1.542725797792520170e-01
1.541649634525761314e-01
1.539257804814351260e-01
1.540372501294362539e-01
1.539083408689773114e-01
1.536307858588294994e-01
1.536092624414865382e-01
1.537594477494085288e-01
1.532936039105756709e-01
1.532677883595991997e-01
1.534392248919634882e-01
1.529143307460658630e-01
1.528839933064106704e-01
1.530766487477278615e-01
1.548062396602295498e-01
1.548114292961749738e-01
1.548102379495859271e-01
1.548044632444867119e-01
1.547917302221548663e-01
1.548117563621944637e-01
1.547602737499421677e-01
1.547708513381704787e-01
1.547296497689227834e-01
1.546737160894714469e-01
1.546252671678058910e-01
1.546875941129070009e-01
1.545448512733786917e-01
1.545620719302320811e-01
1.544786773468939112e-01
1.543737559872045972e-01
1.543943874888518142e-01
1.542899903125340977e-01
1.541605220351233152e-01
1.541846582579937674e-01
1.540593304021085075e-01
1.539052556471848243e-01
1.537868354086454614e-01
1.539330156639961977e-01
1.507795131088129903e-01
1.507756565613875832e-01
1.504591059080965243e-01
1.510272267012260361e-01
1.498245202675616561e-01
1.499790864314880512e-01
1.510652688019846757e-01
1.519462638614481609e-01
1.519086325189327180e-01
1.521484455500569100e-01
1.514323755628566026e-01
1.513932018241235244e-01
1.516498329445652438e-01
1.521847570391990923e-01
1.524930750400526058e-01
1.526718005691554136e-01
1.524579644837756875e-01
1.507384160049910493e-01
1.504563500115126962e-01
1.505774783992749333e-01
1.508088483559438808e-01
1.513152876859880092e-01
1.513588417461102509e-01
1.510953422603679153e-01
1.503100397241633468e-01
1.506126312546152146e-01
1.518288436662259544e-01
1.518727497212825073e-01
1.516136899081546030e-01
1.523099811495461919e-01
1.523497957439192696e-01
1.521115792861024163e-01
1.528545527332070275e-01
1.527510300156371681e-01
1.525686495655793617e-01
1.527858839563399629e-01
1.530804412201992593e-01
1.534401716233697588e-01
1.537581993843748496e-01
1.544743656968512457e-01
1.546211219829481953e-01
1.547254457725543153e-01
1.547873243905750762e-01
1.542852058580123087e-01
1.540536873457041267e-01
1.537798704833186481e-01
1.534638303943069992e-01
1.531056561947348182e-01
1.527054500401396897e-01
1.548067616197275065e-01
1.547837777567464546e-01
1.547184095284326322e-01
1.546107098702985683e-01
1.544607475730913615e-01
1.542686067944660788e-01
1.540343864357934800e-01
1.503377988630952844e-01
1.502385039133122824e-01
1.505602048762381129e-01
1.500876903905571380e-01
1.508103956139891233e-01
1.510801693198796647e-01
1.507946226945886536e-01
1.516912683182010113e-01
1.511239169276128447e-01
1.520299549596351163e-01
1.522247748393532607e-01
1.519898916694338853e-01
1.522633269163635727e-01
1.510300296597650860e-01
1.515741901341595144e-01
1.507589748931869034e-01
1.506200823214933759e-01
1.504507188427102182e-01
1.504818194678246845e-01
1.503065936583772855e-01
1.511533964698300592e-01
1.508213794493182824e-01
1.509434625410148723e-01
1.520713221171909879e-01
1.525323479873951227e-01
1.532068820115526364e-01
1.530476788261095900e-01
1.530136917780318129e-01
1.531498605191202733e-01
1.529520996843912739e-01
1.529835745082711584e-01
1.532394478729677267e-01
1.535538965308828052e-01
1.535824995306080964e-01
1.534116012510757798e-01
1.538589836894792562e-01
1.537336253216347037e-01
1.538835861215815948e-01
1.544185094726666652e-01
1.544877909845533415e-01
1.544050665666761857e-01
1.545795045826539038e-01
1.546310737315851336e-01
1.545695390844226136e-01
1.546982478189761201e-01
1.547320058119324715e-01
1.546916780005211933e-01
1.547746667721687786e-01
1.547905487442193806e-01
1.547714366997956503e-01
1.542153501742119515e-01
1.543022119050621033e-01
1.541983227541395829e-01
1.539701289961719066e-01
1.540744062226180322e-01
1.539493851177912154e-01
1.536829620888091608e-01
1.538044584665024805e-01
1.536583456135731662e-01
1.533539785156889934e-01
1.534924672111097621e-01
1.533253098645142032e-01
1.529833191464972098e-01
1.531385441662888036e-01
1.529503961393193778e-01
1.525711355287724391e-01
1.525337342496068116e-01
1.527428131564501079e-01
1.548087048329488402e-01
1.548066802192838987e-01
1.548087846510636245e-01
1.548003215687523415e-01
1.547803942884458106e-01
1.548037076538862911e-01
1.547494929830783850e-01
1.547562079648032718e-01
1.547117014120547029e-01
1.546562116292784506e-01
1.546006283740388731e-01
1.546663042751676986e-01
1.545204865901487201e-01
1.544472180606009104e-01
1.545340315586468671e-01
1.543423433153253699e-01
1.542515291004967759e-01
1.543594407799190327e-01
1.541218233129867388e-01
1.541425984638702396e-01
1.540136353645525924e-01
1.505761079861839269e-01
1.502345119794722406e-01
1.502886008553451225e-01
1.500339103173037314e-01
1.495612849645362452e-01
1.496952046467129316e-01
1.515252782638421003e-01
1.514807742448806005e-01
1.517359325540668102e-01
1.509846082869407136e-01
1.508977990017608128e-01
1.512085829156485373e-01
1.517795755348139153e-01
1.521175884685908031e-01
1.523054092548501437e-01
1.520754624620234141e-01
1.512361194654828767e-01
1.517465556044395036e-01
1.517896125233699767e-01
1.515310734075825394e-01
1.506219630957515987e-01
1.509564127088734997e-01
1.522382273106503980e-01
1.520335929404256214e-01
1.522759427265321097e-01
1.526896439484357604e-01
1.524999108343672027e-01
1.527221141820985784e-01
1.531797678254475104e-01
1.530980668494594799e-01
1.529246484801161099e-01
1.531255480362865296e-01
1.533819163852269130e-01
1.537080346937428343e-01
1.539919539955839634e-01
1.543183898055272563e-01
1.545004444147423106e-01
1.546402970799286569e-01
1.547378678419213394e-01
1.547930922489778593e-01
1.540942281325810015e-01
1.538280684824954170e-01
1.535200332963538861e-01
1.531702573538012979e-01
1.527788866292797421e-01
1.523460771197497898e-01
1.548059218063346787e-01
1.547763242941986306e-01
1.547042839533480096e-01
1.545898015328397435e-01
1.544328941993202697e-01
1.542335953030002926e-01
1.505259006596578741e-01
1.499043176753035445e-01
1.512569877274898555e-01
1.504957132034243639e-01
1.506506925185306933e-01
1.507399837015037658e-01
1.516228133566569491e-01
1.518264818688699336e-01
1.515758372845431579e-01
1.518719930570362475e-01
1.514519148564928974e-01
1.519943128993278547e-01
1.510836025004412830e-01
1.507858211157832029e-01
1.509199254784010513e-01
1.512484399101794441e-01
1.512011831244312043e-01
1.510063635931192527e-01
1.508651631596394926e-01
1.506716262664899997e-01
1.524658593967983533e-01
1.528957102407093593e-01
1.535058971086337154e-01
1.533293536664849244e-01
1.533562531268413132e-01
1.534636617260343172e-01
1.532825273013235234e-01
1.533066182797379051e-01
1.535313554424551086e-01
1.538191094439617101e-01
1.536866009349439066e-01
1.538405683812660296e-01
1.540899153947707934e-01
1.541073425614641890e-01
1.539745478391527644e-01
1.542590946615872705e-01
1.542385710889024875e-01
1.543388909754527250e-01
1.544553408786892845e-01
1.545175135195875349e-01
1.544382529181931307e-01
1.546095863283829530e-01
1.546540095323778452e-01
1.545958586784902389e-01
1.547216916441396251e-01
1.547482731281484281e-01
1.547112749208100491e-01
1.547915321567707725e-01
1.548002136695408870e-01
1.547844031513873064e-01
1.540210008338971370e-01
1.539969408180115185e-01
1.541182623186659884e-01
1.537412253194869738e-01
1.538557616630232827e-01
1.537135030102193545e-01
1.534199456726741406e-01
1.535515358578124490e-01
1.533884108192707929e-01
1.530573498229431673e-01
1.532057433955876791e-01
1.530218284736478696e-01
1.526536346103252173e-01
1.526139299752584666e-01
1.528185531274260933e-01
1.522090038960982605e-01
1.521648974062548287e-01
1.523901427949558851e-01
1.548189986719323841e-01
1.548151604823411187e-01
1.548097563447845548e-01
1.548039981242285146e-01
1.547768426245044182e-01
1.548034801466476873e-01
1.547464541009323513e-01
1.547014305804380596e-01
1.547493118893055186e-01
1.546463072278653206e-01
1.545834950681446163e-01
1.546526222176768384e-01
1.545035154127955002e-01
1.544230277674605301e-01
1.545133945140860776e-01
1.543180539381937555e-01
1.543316290021509163e-01
1.542200370746814597e-01
1.503660579204882941e-01
1.499767083963008396e-01
1.497729482544224444e-01
1.501071461738410218e-01
1.493426658505669913e-01
1.494540870813713118e-01
1.510919978891304138e-01
1.510405942289191339e-01
1.513087304498865748e-01
1.504618717481202017e-01
1.507232284326948113e-01
1.504774221579782134e-01
1.513593073822990798e-01
1.517236670212215310e-01
1.519206973518905102e-01
1.516748960373482946e-01
1.516887939356063031e-01
1.517194494432158036e-01
1.514213869133740342e-01
1.521765709085306506e-01
1.522092965947325904e-01
1.519616628204997211e-01
1.509762764695651294e-01
1.511679592907962943e-01
1.514701507382437695e-01
1.526332930208942340e-01
1.524358415685458379e-01
1.526633212992410948e-01
1.530521103661093285e-01
1.530768667512688586e-01
1.528709806051619102e-01
1.534861798323234883e-01
1.534272765329948163e-01
1.534470513083933119e-01
1.532627752798637610e-01
1.536640426477585697e-01
1.539561167738014991e-01
1.542055419552608164e-01
1.541414813332822042e-01
1.543586315867108150e-01
1.545338638083529892e-01
1.546670318149663270e-01
1.547580036362918854e-01
1.548066623562749378e-01
1.538825724817622920e-01
1.535820766387728797e-01
1.532401763930827387e-01
1.528570639717306001e-01
1.524329395821951705e-01
1.519680091827271262e-01
1.548129068285664101e-01
1.547766522651713439e-01
1.546978306913793233e-01
1.545763912613524749e-01
1.544123004274456923e-01
1.502393448530835451e-01
1.496656830085829615e-01
1.507792069933264756e-01
1.502212130412546864e-01
1.511976245843070776e-01
1.514104148780840431e-01
1.511465978393120579e-01
1.514624869022437315e-01
1.519347057221193120e-01
1.524069299666788169e-01
1.512799113284994945e-01
1.510714595109331482e-01
1.514679079209296786e-01
1.512746341679499507e-01
1.511698207286380491e-01
1.516119243656051108e-01
1.513504235067065773e-01
1.514297481994576478e-01
1.516524542734299930e-01
1.528446347487142365e-01
1.532415498437893486e-01
1.537859120667570689e-01
1.536262675464332705e-01
1.536457712334757808e-01
1.537590462400871827e-01
1.535948236227860919e-01
1.536112147617230139e-01
1.538039716125951806e-01
1.540648455166501174e-01
1.540789020166245527e-01
1.539420781540670191e-01
1.543009383099290810e-01
1.541955272992846515e-01
1.543109667873615587e-01
1.540784937196773008e-01
1.541688787179912312e-01
1.540510695412019571e-01
1.543098338960583460e-01
1.543826743911649313e-01
1.542857675124926775e-01
1.544994781166860731e-01
1.545546214934464535e-01
1.544787001856949837e-01
1.546472210744919140e-01
1.546845476895758464e-01
1.546296883991924442e-01
1.547528707112464375e-01
1.547385664800057237e-01
1.547722946173412106e-01
1.548162493874243317e-01
1.548177188608944599e-01
1.548051832807616490e-01
1.538056748669478502e-01
1.537747977730926641e-01
1.539134196901179585e-01
1.534916052317555346e-01
1.536164942131672539e-01
1.534571548050766010e-01
1.531365218046483179e-01
1.532783095581963240e-01
1.530983529496933171e-01
1.527406692847946834e-01
1.526986128256825337e-01
1.528990820357826186e-01
1.523042981565458920e-01
1.524790352732756649e-01
1.522581615717127912e-01
1.518276621871089693e-01
1.517772287522796137e-01
1.520183978232391153e-01
1.548371949329637731e-01
1.548294030935382093e-01
1.548206928034323582e-01
1.548155615761285242e-01
1.547811053533882930e-01
1.548111064410568893e-01
1.547512207415249197e-01
1.546988625364897896e-01
1.547501907377984987e-01
1.546440617078745916e-01
1.545738879463354198e-01
1.546465708125961402e-01
1.544939921152581608e-01
1.544061230443898314e-01
1.545001792852813693e-01
1.498077471912168113e-01
1.498942467405958157e-01
1.495779886848167539e-01
1.491700904857975463e-01
1.492583867604879710e-01
1.506573015941199412e-01
1.508745548796571745e-01
1.505597034028708370e-01
1.501379579653997487e-01
1.509290312456712524e-01
1.513110152236862849e-01
1.515174034864384955e-01
1.512559823187185071e-01
1.521182442271544755e-01
1.519037876946851551e-01
1.521495031779339646e-01
1.525821261268572870e-01
1.523794316753066536e-01
1.526096594081675084e-01
1.513765335495299569e-01
1.515422534454229364e-01
1.518676609109418374e-01
1.530119190303023124e-01
1.530338688385727286e-01
1.528227171254389338e-01
1.533974207582913252e-01
1.532248720705482459e-01
1.534141175784707878e-01
1.537738758276597784e-01
1.537386715292438089e-01
1.535830800586047706e-01
1.537504304943209110e-01
1.539269208427304081e-01
1.541844956021632962e-01
1.543990186833973377e-01
1.541955434522194190e-01
1.539434810484242577e-01
1.544060247942555808e-01
1.545747138514207419e-01
1.547014119801323195e-01
1.547859343381725594e-01
1.548281109942681866e-01
1.536500600679838735e-01
1.533155128273159251e-01
1.529400800254909765e-01
1.525240090905669588e-01
1.520675524434170756e-01
1.515709611258929668e-01
1.548277879176431782e-01
1.547848278415436818e-01
1.546991109917349450e-01
1.545705356702954392e-01
1.494936088218151715e-01
1.501694481027396888e-01
1.503139026590075700e-01
1.504138389824081212e-01
1.499888456826123928e-01
1.507476130120952718e-01
1.509727703197357718e-01
1.507037191678727295e-01
1.510310690448077864e-01
1.523523407572761057e-01
1.527990442420520401e-01
1.518730286995729761e-01
1.515798281291551586e-01
1.516694475854998281e-01
1.517219701709539015e-01
1.514998775444144075e-01
1.520276377577387539e-01
1.517510550176526252e-01
1.518192534443687514e-01
1.520755516334967306e-01
1.532065981012508127e-01
1.535698939172834843e-01
1.540469637839489980e-01
1.539044825850897080e-01
1.539163079754204411e-01
1.540359991319070199e-01
1.538973874141497111e-01
1.538889872820896620e-01
1.540573592978564665e-01
1.542911175746021213e-01
1.541780839559978578e-01
1.542975399580670537e-01
1.544920420372403180e-01
1.544944757561311777e-01
1.543965917810553590e-01
1.541427783213179525e-01
1.542263883631244115e-01
1.541119055118223002e-01
1.538764831743235639e-01
1.539775676340124910e-01
1.538423658178631470e-01
1.543677358907998842e-01
1.544336921176494570e-01
1.543400436630368855e-01
1.545510857810944438e-01
1.545265366477173163e-01
1.545992411947323397e-01
1.546925693523034662e-01
1.546711525268669174e-01
1.547228102462506749e-01
1.547919409698678139e-01
1.547736724555733856e-01
1.548041876357526547e-01
1.548489694485707391e-01
1.548431766858771041e-01
1.548338919892595644e-01
1.535691303796706819e-01
1.536874785326441950e-01
1.535316783951244934e-01
1.532210079006455228e-01
1.533563789875930228e-01
1.531801055935145817e-01
1.528324102142311069e-01
1.529845347258961263e-01
1.527879168618343497e-01
1.524036364802833221e-01
1.525722176809349850e-01
1.523553869001916805e-01
1.519349849301133704e-01
1.518827925733015061e-01
1.521197031032213154e-01
1.514267641253653762e-01
1.513704511595981295e-01
1.516272725813904154e-01
1.548634393849565027e-01
1.548395968090389152e-01
1.548516222749390936e-01
1.548351523691351428e-01
1.547932845123222156e-01
1.548266911215022690e-01
1.547639280640019654e-01
1.547589439390090194e-01
1.547040942660685703e-01
1.546496051383113857e-01
1.546482445351310409e-01
1.545718992239806244e-01
1.497004323043256147e-01
1.497551172901823158e-01
1.494378440952307541e-01
1.490452824115338082e-01
1.491093140392941718e-01
1.501884807605919914e-01
1.504221100602468608e-01
1.501782255651792353e-01
1.499360820809875205e-01
1.504679742880651316e-01
1.508790173629488418e-01
1.510951023461511999e-01
1.508157429301411057e-01
1.525355559439242059e-01
1.523275181193771699e-01
1.525613148913428363e-01
1.529775621947359054e-01
1.529967430855732058e-01
1.527800741549310004e-01
1.518000702639098476e-01
1.519531170875655368e-01
1.522850793322315655e-01
1.533741042316592029e-01
1.531931259885860319e-01
1.533875979261446476e-01
1.537255314659368155e-01
1.535615849918122722e-01
1.537338529891222327e-01
1.540428666123939694e-01
1.540321842476046754e-01
1.540356443790315000e-01
1.538855353670106618e-01
1.541705756683482420e-01
1.543931722378902860e-01
1.545723624983783573e-01
1.540109657876671534e-01
1.542565838749873075e-01
1.537241564615057232e-01
1.544607357739710141e-01
1.546231571466440968e-01
1.547435958548699642e-01
1.548218134537284740e-01
1.548575865792204409e-01
1.533964397474978369e-01
1.530281067324242850e-01
1.526194541247730685e-01
1.521707809454087013e-01
1.516823942992057139e-01
1.511546236241759766e-01
1.548507082202913443e-01
1.548009888647575716e-01
1.547082575063600807e-01
1.493768608971931533e-01
1.499444681793900003e-01
1.502021500372366924e-01
1.504747430643799122e-01
1.501945896401043479e-01
1.505429642100218901e-01
1.527592907325419080e-01
1.531778663875423829e-01
1.522729187983360433e-01
1.519996304462206682e-01
1.520711676854890060e-01
1.524241764471998550e-01
1.521522926454826896e-01
1.522253521330484416e-01
1.521837160250470999e-01
1.519525788829565460e-01
1.524830995539708800e-01
1.535517294051556014e-01
1.538806873843164835e-01
1.542890115967537890e-01
1.541639708183468738e-01
1.541678615017691989e-01
1.542944264369027207e-01
1.541649373708263715e-01
1.541650818153113001e-01
1.542915044095221067e-01
1.544978603606360634e-01
1.543945921326879134e-01
1.544964442303232710e-01
1.546631378590138661e-01
1.545776917347981838e-01
1.546578086369495564e-01
1.539538961466088152e-01
1.540484137841100498e-01
1.539164163573584210e-01
1.542140985578825951e-01
1.541796560604190569e-01
1.542909972214209224e-01
1.536527680269725860e-01
1.537646984977041331e-01
1.536121916812894783e-01
1.544330416766149794e-01
1.544016040990324745e-01
1.544921469679585435e-01
1.546104012341018574e-01
1.546515715700172988e-01
1.545819633197792475e-01
1.547458641918622035e-01
1.547689916913231878e-01
1.547204478810676465e-01
1.548391305747609525e-01
1.548441417514181406e-01
1.548167849408913499e-01
1.548899152020621894e-01
1.548767714575524090e-01
1.548707162438202056e-01
1.533110550948744155e-01
1.534401617720716482e-01
1.532672963606190875e-01
1.529291035333429916e-01
1.530751206724275670e-01
1.528820505821529840e-01
1.525072622812675416e-01
1.526698969192286093e-01
1.524567782438351893e-01
1.520458773839662436e-01
1.522248134294046373e-01
1.519918050925846975e-01
1.515452454614297784e-01
1.517401978569531407e-01
1.514874794633592758e-01
1.510053412503471471e-01
1.509439950658293395e-01
1.512163746320348556e-01
1.548979493127041751e-01
1.548666472232627100e-01
1.548819995996307819e-01
1.548629820700264670e-01
1.548135534603488628e-01
1.548504102417975758e-01
1.547847819306755746e-01
1.547172937299051698e-01
1.547757420523331318e-01
1.496185682276853779e-01
1.493325190362686516e-01
1.496591502507128579e-01
1.489668811857853825e-01
1.490073839233773123e-01
1.499034038621155362e-01
1.499098681142678746e-01
1.504608686769890458e-01
1.506700554354113430e-01
1.503315255542782003e-01
1.529264362033900815e-01
1.529542634570696391e-01
1.527311213846236360e-01
1.533576078547851385e-01
1.533677767434458161e-01
1.531678200067960738e-01
1.522287659938585946e-01
1.523512379697591346e-01
1.526784821116902169e-01
1.537196982808364254e-01
1.535470134329979253e-01
1.537244259206467234e-01
1.540363251546290613e-01
1.538810377672592544e-01
1.540359795097245854e-01
1.542930847073891165e-01
1.543076681636936787e-01
1.541700341832838994e-01
1.543025724100499652e-01
1.543949540124286424e-01
1.545820695593645988e-01
1.547254733942531324e-01
1.538046122885948774e-01
1.540852716702355574e-01
1.543248451325219817e-01
1.534832041629894395e-01
1.545230037776670340e-01
1.546794289456624449e-01
1.547938140880321667e-01
1.548658665490428854e-01
1.548953092435735313e-01
1.531213907223611947e-01
1.527195193772309390e-01
1.522779375376935862e-01
1.517970049465486859e-01
1.512771028945586460e-01
1.507350905092034177e-01
1.548818822223516634e-01
1.548253441092842797e-01
1.492944745851535471e-01
1.495165374860780716e-01
1.495661668996171034e-01
1.498609106293282700e-01
1.499528773712971441e-01
1.500763750077572789e-01
1.502083831636940037e-01
1.531442111167358178e-01
1.535406337998989068e-01
1.525513354681262701e-01
1.524082315966285295e-01
1.523655081689438973e-01
1.528536255878715222e-01
1.525662121856058429e-01
1.526365748210793960e-01
1.526600255775412140e-01
1.524221080937809836e-01
1.528916249081160306e-01
1.538799002891039214e-01
1.541737975558616913e-01
1.545119354472225259e-01
1.544046250991985003e-01
1.544003514873777405e-01
1.545341531796982082e-01
1.544225129628490345e-01
1.544141635606078866e-01
1.545063141528313366e-01
1.546849291936935877e-01
1.545914977258480150e-01
1.546754980161771931e-01
1.548140577869661083e-01
1.548008258005558746e-01
1.547386988160954768e-01
1.537428390784472132e-01
1.536989786163418525e-01
1.538484375150249717e-01
1.540382333317048547e-01
1.539972321648451770e-01
1.541262398758938001e-01
1.542927716469580934e-01
1.543629844185944178e-01
1.542546018034071098e-01
1.534069844843723995e-01
1.535299419247543318e-01
1.533602093382161469e-01
1.545060652439602666e-01
1.545583146189754009e-01
1.544707263808516862e-01
1.546777344295929835e-01
1.547118841111311260e-01
1.546452539119191893e-01
1.548074108124559700e-01
1.548233587110545706e-01
1.547778436415299108e-01
1.548947394274529099e-01
1.548924183445955505e-01
1.548681680227584900e-01
1.549393807720743643e-01
1.549159145997971443e-01
1.549187588782866554e-01
1.530310694278502748e-01
1.531711234876192984e-01
1.529812972450813602e-01
1.526154952804620324e-01
1.527723559581287693e-01
1.525626172750610410e-01
1.521606631729252035e-01
1.523340141406432924e-01
1.521045419583263447e-01
1.516669274275209700e-01
1.518564598075504701e-01
1.516074054741558541e-01
1.511386607882272415e-01
1.510734053415446754e-01
1.513419970514571222e-01
1.505875844858974855e-01
1.505255299335895858e-01
1.507964819741187679e-01
1.549410127377354174e-01
1.549207877864512417e-01
1.549020938373982803e-01
1.548993324194546384e-01
1.548825105237727762e-01
1.548421559952876114e-01
1.489358899040844619e-01
1.489522106279366209e-01
1.492419462530133467e-01
1.497343076791424199e-01
1.500407034744923873e-01
1.502505335466691738e-01
1.499972209359881070e-01
1.533485001491944333e-01
1.531379147621609871e-01
1.533549854602138662e-01
1.537215523365129677e-01
1.537224916714251544e-01
1.535396885574495940e-01
1.526020004441216438e-01
1.526997168057160348e-01
1.531033157297871927e-01
1.540485661804159578e-01
1.540442231586660604e-01
1.538842419671256900e-01
1.543296025272138383e-01
1.543203239349725253e-01
1.541830732169405804e-01
1.545243824998673299e-01
1.545648923371562011e-01
1.545510117209204504e-01
1.544363878383230304e-01
1.545999233850376964e-01
1.547510311203585953e-01
1.548581722504348557e-01
1.535761271438729203e-01
1.538917478429292496e-01
1.541667171484695231e-01
1.544006428989600499e-01
1.532202527238401002e-01
1.545931408480679670e-01
1.547438369073030895e-01
1.548523693147048075e-01
1.549183907143664163e-01
1.549415701400842504e-01
1.528245250658791798e-01
1.523893449703428438e-01
1.519150998302900568e-01
1.514041096214447935e-01
1.508643909196015764e-01
1.503149268298301644e-01
1.549215948866116133e-01
1.492271441835779644e-01
1.495187737606812339e-01
1.497355428040626490e-01
1.495170934845619914e-01
1.497793729143651609e-01
1.535370491279925975e-01
1.538870006011355818e-01
1.529423474837638963e-01
1.528010140163807984e-01
1.527452190517321062e-01
1.528964336147337066e-01
1.531421066279534671e-01
1.529007581655436043e-01
1.533589584561895203e-01
1.531073602462115213e-01
1.533555326548423636e-01
1.541909367767996253e-01
1.544490092940783432e-01
1.547155346776755147e-01
1.546262575154936370e-01
1.546136176036491117e-01
1.547549228119126097e-01
1.546614702952667786e-01
1.546444168921310425e-01
1.547016157606240228e-01
1.548520992203540336e-01
1.547686159762308167e-01
1.548345047926021900e-01
1.549445540830515222e-01
1.548794051693616058e-01
1.549233082609249301e-01
1.535091915338179236e-01
1.536260776293808528e-01
1.534592028453661827e-01
1.538397383660309314e-01
1.539390527763910832e-01
1.537923971233726705e-01
1.541298878389538718e-01
1.542114010741774122e-01
1.540851696273999316e-01
1.543791879445097770e-01
1.544427021286516322e-01
1.543370965883233970e-01
1.531387034112665635e-01
1.530860147107117042e-01
1.532729014593420258e-01
1.545871932509028657e-01
1.546325433771209568e-01
1.545477608963290450e-01
1.547534674878449090e-01
1.547805224877025765e-01
1.547167545285983437e-01
1.548775860527262793e-01
1.548862496748494300e-01
1.548436809094780875e-01
1.549591384509005909e-01
1.549493499376319861e-01
1.549281571908838195e-01
1.549977306542200672e-01
1.549698164494457409e-01
1.549694652048011489e-01
1.527287300716166918e-01
1.528799522767319008e-01
1.526732613612783451e-01
1.522797227610760418e-01
1.524476565050956189e-01
1.522213689303423267e-01
1.517921172581174760e-01
1.519764329075077303e-01
1.517307315826335046e-01
1.512662078683102429e-01
1.514666200757577297e-01
1.512036414851209987e-01
1.507048713197429723e-01
1.509218713616782281e-01
1.506473218881215770e-01
1.501248404644576206e-01
1.503563281691930875e-01
1.500833782630833779e-01
1.549929873527653434e-01
1.549462563655822356e-01
1.549683097792501352e-01
1.489520097139936938e-01
1.489441779193472204e-01
1.492273552151229810e-01
1.495565362204558379e-01
1.497985193310994445e-01
1.495376183594904207e-01
1.537315581637599404e-01
1.537284425784646302e-01
1.535400157209881877e-01
1.540695347980962637e-01
1.540608477054105085e-01
1.538956316172895855e-01
1.531489006781224793e-01
1.530433606295739102e-01
1.529066001008265729e-01
1.531515913658071382e-01
1.531460152973341815e-01
1.535475245929172061e-01
1.543604591458319630e-01
1.542046138937331889e-01
1.543467598938845775e-01
1.546050737966215838e-01
1.544674467236724080e-01
1.545866269057081244e-01
1.547365313137178955e-01
1.548035456608278793e-01
1.546843251964380439e-01
1.547806782438400086e-01
1.547852709211374744e-01
1.548998205224018099e-01
1.549702004977158154e-01
1.533250882503401913e-01
1.536756039133381213e-01
1.539859571769359725e-01
1.542556940371034857e-01
1.544843657649289659e-01
1.529348662854419505e-01
1.546715314605352498e-01
1.548167606007386787e-01
1.549196355099237143e-01
1.549797537575673401e-01
1.549967304652405398e-01
1.525053917016193639e-01
1.520371085330515237e-01
1.515303900883813171e-01
1.509867994604618957e-01
1.504159228041807017e-01
1.498409601394798951e-01
1.492355636462056045e-01
1.492541865349031882e-01
1.539025222623601197e-01
1.542168632174348852e-01
1.533758922839003613e-01
1.531587360145111321e-01
1.532604831809740720e-01
1.533684645561894655e-01
1.535371613126714774e-01
1.533401045414359842e-01
1.533435502048164922e-01
1.536204076568269405e-01
1.533813035303782657e-01
1.537530637360159380e-01
1.537436065097390614e-01
1.535548509686912588e-01
1.544845715366566230e-01
1.547060222619726089e-01
1.548995277373841351e-01
1.548285988923837619e-01
1.548074187650555489e-01
1.549563977419881056e-01
1.548814847366765113e-01
1.548555447602245616e-01
1.548771559163784062e-01
1.549990650925618940e-01
1.549256817892710192e-01
1.549731879171267757e-01
1.550542991645738056e-01
1.549995231419318831e-01
1.550249575376270172e-01
1.532524739180667339e-01
1.531966350011441103e-01
1.533808865651495879e-01
1.536181458614861439e-01
1.537290011149233804e-01
1.535647094997574236e-01
1.539439344648055874e-01
1.540369751269604626e-01
1.538928789759893556e-01
1.542293260352898265e-01
1.543043257418560410e-01
1.541806585530637319e-01
1.544738105178489196e-01
1.545305752151883150e-01
1.544275672003384559e-01
1.528474324622129954e-01
1.527891407849660821e-01
1.529931166712108492e-01
1.546768844858968928e-01
1.547152536970706205e-01
1.546331304464942935e-01
1.548380540223716073e-01
1.548579019257829703e-01
1.547968831203659912e-01
1.549568375458464375e-01
1.549183720118121332e-01
1.549580738603818508e-01
1.550327685983338144e-01
1.550153392540489783e-01
1.549971584812411818e-01
1.550653985468515295e-01
1.550292861311709514e-01
1.550328209937625878e-01
1.524035319859129434e-01
1.523427093898409579e-01
1.525661757725323975e-01
1.519212467400562483e-01
1.521005333564628970e-01
1.518577976559190024e-01
1.514011749740296064e-01
1.515966895906889489e-01
1.513348371103546697e-01
1.508434016264464939e-01
1.510548354834918561e-01
1.507752772231445437e-01
1.502479868022738030e-01
1.504765670981460524e-01
1.501873994407668667e-01
1.496319713130024320e-01
1.498786609137531256e-01
1.495947863780515696e-01
1.490135268745907959e-01
1.489828322345333467e-01
1.492849970257182912e-01
1.540999386958000761e-01
1.540862660023554209e-01
1.539153861522907230e-01
1.544014241022115819e-01
1.542355715047972753e-01
1.543826894253853554e-01
1.534543498483109669e-01
1.535666861536332251e-01
1.535787712264937710e-01
1.539273003073365897e-01
1.546549917478612368e-01
1.545078224948235324e-01
1.546317135765796769e-01
1.548623791370609126e-01
1.547338334338042021e-01
1.548345518433111856e-01
1.549292213959482245e-01
1.550232354372642618e-01
1.549134944598306030e-01
1.549912065467495825e-01
1.549507030511637629e-01
1.550281212068824743e-01
1.550612201984749028e-01
1.530510103030287006e-01
1.534363664713228603e-01
1.537821036703007627e-01
1.540877078552994606e-01
1.543526671485500046e-01
1.545764747565062658e-01
1.526265492841608618e-01
1.547586319180132008e-01
1.548986507582535976e-01
1.549960570829176376e-01
1.550503931260491797e-01
1.521634859042894083e-01
1.516623467080675525e-01
1.511234158410585948e-01
1.505469111608790378e-01
1.499410798233201669e-01
1.493230423057835266e-01
1.542523681747357545e-01
1.545300549355074216e-01
1.536428387498862680e-01
1.539583828654214059e-01
1.537471648773277577e-01
1.537883988644439537e-01
1.540879535257638766e-01
1.538536593752072301e-01
1.541964144419847305e-01
1.541483633165241507e-01
1.539745676722525936e-01
1.547604380015495940e-01
1.549444593655345814e-01
1.550635518047032146e-01
1.550112988691659810e-01
1.549814328142082864e-01
1.551381577250593446e-01
1.550821496564461777e-01
1.550471682966010345e-01
1.550326004127692281e-01
1.551254408394004969e-01
1.550623495139089592e-01
1.550911905335055074e-01
1.551428859012359274e-01
1.550986853856289871e-01
1.551053959352032274e-01
1.529721465422683169e-01
1.531123548816450963e-01
1.529107590954686957e-01
1.533729258065876788e-01
1.533136647944158826e-01
1.534955860031168573e-01
1.537343911612821801e-01
1.536772360324212272e-01
1.538392185155127434e-01
1.540559693473128045e-01
1.540009295194854078e-01
1.541427087367267523e-01
1.543370870205538203e-01
1.542842017567194191e-01
1.544055149634215862e-01
1.545771745043453826e-01
1.545265128284549760e-01
1.546271006415931293e-01
1.525326844269612181e-01
1.524690898853239274e-01
1.526900968603218667e-01
1.547756690994369633e-01
1.548069374611352744e-01
1.547273295922250158e-01
1.549320182298710158e-01
1.549445083405682766e-01
1.548861286943580273e-01
1.550456826416335421e-01
1.550393104191267746e-01
1.550023995526210729e-01
1.551161395946553112e-01
1.550908580050182062e-01
1.550756473529693036e-01
1.520553132315694000e-01
1.519892866602146064e-01
1.522294555355644396e-01
1.515421945022070727e-01
1.514727835265833322e-01
1.517317489800853458e-01
1.509869001191080917e-01
1.511941636954626800e-01
1.509162526422670458e-01
1.503985980415020185e-01
1.506210269176083694e-01
1.503243494653245804e-01
1.497746748196313593e-01
1.500114123002392885e-01
1.497042996694221140e-01
1.491206714014895462e-01
1.493762041465361845e-01
1.490671456911818460e-01
1.544557145496509021e-01
1.542774633377369531e-01
1.544299944213255449e-01
1.547153355831358823e-01
1.545583576976609086e-01
1.546868311720006606e-01
1.538536554960179270e-01
1.540208798485869224e-01
1.540761700814908819e-01
1.543261429885062208e-01
1.549317812408788075e-01
1.547934915577640069e-01
1.548987057731411321e-01
1.551010690555320037e-01
1.549818288620088413e-01
1.550636772989530954e-01
1.551020610894942031e-01
1.552234829427382445e-01
1.551821472766818921e-01
1.551234599801775138e-01
1.550958452715012204e-01
1.551355365531918995e-01
1.551308145540697403e-01
1.527533784554382379e-01
1.531735011368997590e-01
1.535546317375717784e-01
1.538961693329853331e-01
1.541975405144871969e-01
1.544581737113708275e-01
1.546775026279025855e-01
1.522949658851436849e-01
1.548549695130950754e-01
1.549900282853586830e-01
1.550821477110745361e-01
1.517997604675326295e-01
1.512657837096073044e-01
1.506938325482820584e-01
1.500876812819691430e-01
1.494482822813679723e-01
1.545870960445751008e-01
1.548253375954971034e-01
1.543408082707463658e-01
1.542117655896543260e-01
1.541487856878880347e-01
1.545335789746845601e-01
1.543098662503573637e-01
1.542670518042827954e-01
1.545757839304008341e-01
1.545156351676010287e-01
1.543859612829425743e-01
1.550181127163411388e-01
1.551638569453310801e-01
1.552071624079199852e-01
1.551352561305531230e-01
1.551739249727711600e-01
1.552996996018694009e-01
1.552188258455796666e-01
1.552629740283009152e-01
1.551675339443988610e-01
1.552307601845969165e-01
1.551880758886252654e-01
1.551781930353790528e-01
1.552098284108655024e-01
1.551641672964256813e-01
1.551764454017784400e-01
1.526676153953223647e-01
1.528199154488937284e-01
1.526010346701683895e-01
1.531034904178643075e-01
1.532382485192460564e-01
1.530386995441329612e-01
1.535006769328585152e-01
1.534376856136053791e-01
1.536175805766966107e-01
1.538585443764417526e-01
1.539573092904863438e-01
1.537973628132572879e-01
1.541764576572354217e-01
1.542568304780911337e-01
1.541171271460525238e-01
1.544537818572121468e-01
1.545155418395527391e-01
1.543963744196287236e-01
1.546898862471168812e-01
1.547328466547603920e-01
1.546345043072743231e-01
1.521936719193688337e-01
1.523632112716922782e-01
1.521254033815333528e-01
1.548841476311677567e-01
1.549081570382493389e-01
1.548309237843769059e-01
1.550359537470250570e-01
1.550408972260404195e-01
1.549850502944050135e-01
1.551447070707374642e-01
1.551305070792684537e-01
1.550963152084504637e-01
1.516819201447262566e-01
1.518687784608739877e-01
1.516130386590662793e-01
1.511512622523460969e-01
1.513466157736742534e-01
1.510701750066482107e-01
1.505577476357319311e-01
1.504793934236269282e-01
1.507725417072789398e-01
1.499312482901012933e-01
1.498542533015077005e-01
1.501652262125131587e-01
1.492715270657294369e-01
1.495233711252510478e-01
1.491976327640277544e-01
1.547901210337063738e-01
1.546225417432065541e-01
1.547541932612273019e-01
1.550123691126619185e-01
1.549737445275122250e-01
1.548639109342493381e-01
1.544338312238656696e-01
1.544571668476433235e-01
1.546833227434700753e-01
1.551903158122105442e-01
1.551472570931765604e-01
1.550611659101261974e-01
1.553205976189275805e-01
1.552734943440200466e-01
1.552109379168766790e-01
1.552545765071116080e-01
1.554037274005876101e-01
1.553137022135721024e-01
1.553529680117372580e-01
1.552202421321325909e-01
1.552215904335068064e-01
1.551784889080072283e-01
1.528864167639164551e-01
1.524315064826279320e-01
1.533029573541186963e-01
1.536805015091572413e-01
1.540184167974094631e-01
1.543160681326627426e-01
1.545728225492468688e-01
1.547880529356047141e-01
1.519388257420523081e-01
1.549611414804137333e-01
1.550914830264575883e-01
1.514174668744143748e-01
1.508558343628852993e-01
1.502460856692552360e-01
1.496029573697197357e-01
1.549030520639076425e-01
1.551031047360041937e-01
1.547419476588890452e-01
1.545393863444919358e-01
1.546333059693789647e-01
1.549496743531019183e-01
1.547401562194393732e-01
1.546557905774688102e-01
1.548927025557365056e-01
1.548425729738973633e-01
1.547341993970040575e-01
1.552570723949615594e-01
1.553636632552402030e-01
1.553298339138634576e-01
1.553159627455498182e-01
1.552684036776421639e-01
1.554404380747853587e-01
1.554233850261991234e-01
1.553699732421769397e-01
1.552814605041988871e-01
1.553144774904477998e-01
1.552727064001541146e-01
1.552633281824958855e-01
1.552545633487011356e-01
1.552007382565556703e-01
1.552322785850347442e-01
1.528092021076065121e-01
1.529563748475515350e-01
1.527391945660437900e-01
1.523382457669727463e-01
1.525029503809849363e-01
1.522667409906852676e-01
1.532421547264501971e-01
1.533714522979432449e-01
1.531736156432320639e-01
1.536364184523025811e-01
1.537475242945035570e-01
1.535693518944402092e-01
1.539912951642560257e-01
1.540839255473998026e-01
1.539257432123920522e-01
1.543060859251654815e-01
1.543799891387021006e-01
1.542421225509353899e-01
1.545800925696466654e-01
1.546350505532079200e-01
1.545178231940145253e-01
1.548126222867888258e-01
1.547521831603120290e-01
1.548484517965381668e-01
1.518298061770064766e-01
1.520118291589961368e-01
1.517566684260267529e-01
1.550029898523503924e-01
1.549445483195638351e-01
1.550195441335910918e-01
1.551505222490315861e-01
1.550942757356803536e-01
1.551476922855510310e-01
1.513066056552854199e-01
1.512296375627500966e-01
1.514940763024766879e-01
1.507394955713271534e-01
1.506497068413606977e-01
1.509453260364672644e-01
1.501425249253924843e-01
1.500384190566541598e-01
1.503500651588993708e-01
1.494663383368048937e-01
1.496992764988166469e-01
1.493708828102843222e-01
1.551014982681006016e-01
1.550590472839018519e-01
1.549459043750600618e-01
1.552908302496325277e-01
1.552424336310538333e-01
1.551519849598939071e-01
1.548404433485512932e-01
1.548158516034449095e-01
1.550000398889181952e-01
1.554298839279119049e-01
1.553102894440231418e-01
1.553767798595987459e-01
1.555203339831158216e-01
1.554634209801937228e-01
1.554205828366082009e-01
1.553862122472999818e-01
1.555633128098536933e-01
1.554836167223160315e-01
1.555030528222707265e-01
1.553233579039761114e-01
1.552857283350900230e-01
1.552036722555779624e-01
1.530264428802413645e-01
1.525744672256204026e-01
1.520848354023588422e-01
1.534400694983352187e-01
1.538146662610289095e-01
1.541495340878288323e-01
1.544439752020904111e-01
1.546972930060461771e-01
1.549087989846481550e-01
1.515686752325235975e-01
1.550778137400634638e-01
1.510237457896993485e-01
1.504421013126344686e-01
1.498065118760026904e-01
1.551988325521419521e-01
1.553623654828940603e-01
1.551327432929794359e-01
1.550392208270443550e-01
1.549371202841326456e-01
1.553251319193226232e-01
1.551354777800741935e-01
1.550093716753823125e-01
1.551194334156550392e-01
1.554766842510040270e-01
1.555432517197802289e-01
1.554309608558329669e-01
1.553803099134403176e-01
1.554368165670050317e-01
1.555597094220769749e-01
1.554999858423103953e-01
1.555627223180182650e-01
1.553738043941034208e-01
1.553759689771354591e-01
1.553163538689936729e-01
1.553453049000629305e-01
1.552764517634016572e-01
1.552145000305016342e-01
1.552655837841209197e-01
1.529581475078264363e-01
1.531001711010057109e-01
1.528843630986466140e-01
1.524895362732642257e-01
1.524145332066727532e-01
1.526493655855066800e-01
1.519842694749549139e-01
1.519076674622106271e-01
1.521612273650221336e-01
1.533889086600851437e-01
1.535126945481248839e-01
1.533162344835395929e-01
1.537809159367392597e-01
1.538861439034249212e-01
1.537093910197865343e-01
1.541334058985932565e-01
1.542197915406361419e-01
1.540631023371937802e-01
1.544456109962527579e-01
1.543766377842517024e-01
1.545129041786643675e-01
1.547167710675044772e-01
1.546492650038284733e-01
1.547647553245478091e-01
1.549461283643885912e-01
1.549746238245752750e-01
1.548802606661002779e-01
1.514426448837991046e-01
1.516362926938089606e-01
1.513749933853844043e-01
1.551329333306370462e-01
1.551417983634026942e-01
1.550689070815276516e-01
1.508968991727259734e-01
1.511012132684668163e-01
1.508183466460505384e-01
1.503304857819971474e-01
1.505351993231274221e-01
1.502380979771502645e-01
1.497035441109154652e-01
1.499234760987463444e-01
1.495874317598729908e-01
1.553857518269382565e-01
1.553414405581055036e-01
1.552448829150206988e-01
1.555494766026773723e-01
1.554204413912011473e-01
1.554915892622149576e-01
1.552253491543448272e-01
1.552637534728757984e-01
1.556498243513605440e-01
1.555866704665463951e-01
1.555402176655300561e-01
1.557000479330098441e-01
1.556329628604772308e-01
1.556102778023696898e-01
1.554963331074763477e-01
1.557015506604755295e-01
1.556317086842352593e-01
1.556325250287047268e-01
1.554045779594435128e-01
1.553273188566793861e-01
1.552057192698763632e-01
1.531741822273413600e-01
1.527244322422830480e-01
1.522374359561654567e-01
1.517140597172497163e-01
1.535856061973723818e-01
1.539578879027951874e-01
1.542902814529494293e-01
1.545820158496933328e-01
1.548323339935290255e-01
1.550404827190361434e-01
1.511694026017845749e-01
1.506145819313888801e-01
1.500194607924077994e-01
1.554712322561712101e-01
1.556018149104594350e-01
1.554237376600979825e-01
1.552763565452555117e-01
1.553708024460891401e-01
1.556543288245982870e-01
1.554873917770953629e-01
1.554076758220995780e-01
1.556764979866546161e-01
1.557021033763587026e-01
1.555098577881678379e-01
1.555358104633658423e-01
1.554703293663632913e-01
1.556567758970976989e-01
1.556081585252980792e-01
1.556802739437500582e-01
1.554439112147409929e-01
1.554145353091433979e-01
1.553464834839005659e-01
1.553953268431056411e-01
1.552747818353154008e-01
1.552756854540507936e-01
1.552047707021654288e-01
1.531152796991182008e-01
1.530372193895767063e-01
1.532520896716760284e-01
1.526487165933864132e-01
1.528030913697522308e-01
1.525693072515307280e-01
1.521441553877258546e-01
1.520642371150037198e-01
1.523163640905192961e-01
1.516071005305611452e-01
1.515266871999121356e-01
1.517960546932574095e-01
1.535446067387332691e-01
1.534673682834531983e-01
1.536627693728170874e-01
1.539350318926059336e-01
1.538586058029810522e-01
1.540342359475442846e-01
1.542857159707707870e-01
1.542102417296371542e-01
1.543657016180740582e-01
1.545958595715497541e-01
1.546563646630838562e-01
1.545214632058248272e-01
1.548646385876353282e-01
1.549054397651637993e-01
1.547914863826900245e-01
1.550912180731600643e-01
1.551121383055884539e-01
1.550195168891268516e-01
1.509623774088225678e-01
1.512028797761689747e-01
1.509285271603009182e-01
1.504910642619549099e-01
1.504117587211062368e-01
1.506937321738890390e-01
1.499808548660133134e-01
1.501560364647114287e-01
1.498452814848247883e-01
1.556779161120032118e-01
1.555301004280644772e-01
1.556145708063355615e-01
1.557897340528223706e-01
1.557218415015614310e-01
1.556701500031996144e-01
1.555329960644029619e-01
1.555535829683275528e-01
1.558528912953013323e-01
1.557513681966066210e-01
1.557776972839379770e-01
1.558576982512821507e-01
1.557789897268526680e-01
1.557808275268512954e-01
1.555842183217838182e-01
1.558176214999944520e-01
1.557382184740080389e-01
1.557596151090947512e-01
1.554632095942248826e-01
1.553456562414760045e-01
1.551839135099641886e-01
1.533304716986613192e-01
1.528820061926334795e-01
1.523959450038286922e-01
1.518766913472421320e-01
1.512871514925466787e-01
1.537403858237443854e-01
1.541109881888166333e-01
1.544414883940471439e-01
1.547310140865834072e-01
1.549787635696757704e-01
1.507273657854764082e-01
1.502383042674855229e-01
1.557365680490396809e-01
1.558232015085367905e-01
1.556620352914241945e-01
1.559269749052182297e-01
1.557879846064655904e-01
1.558565623392973443e-01
1.558387789102100296e-01
1.555657790885214276e-01
1.555377395042014665e-01
1.556122042905266900e-01
1.557308822599658971e-01
1.556936702320448340e-01
1.557750687061347783e-01
1.554910526749261335e-01
1.554294094583744679e-01
1.554220346908424810e-01
1.553529758138270100e-01
1.552487687870689470e-01
1.552618348611393140e-01
1.551707988707360375e-01
1.532818485625976335e-01
1.534129820828991075e-01
1.531988142183016155e-01
1.528161265345717723e-01
1.529649164095921998e-01
1.527327441943250319e-01
1.522257675398852594e-01
1.524377536161599656e-01
1.521836547293342612e-01
1.517892472041911800e-01
1.516991082300472860e-01
1.519659966031887688e-01
1.512909542841316402e-01
1.514498151143612859e-01
1.511287876319262757e-01
1.537088773461235958e-01
1.538219169411303433e-01
1.536271527376517065e-01
1.540987027387394903e-01
1.541922404090801946e-01
1.540173884568775131e-01
1.544490942441372194e-01
1.543680338861757040e-01
1.545225128134892767e-01
1.547577222234108874e-01
1.548112275920856540e-01
1.546774622343251027e-01
1.550245842571711385e-01
1.550579560455402905e-01
1.549453451861519948e-01
1.502964812127352001e-01
1.506332950182481811e-01
1.503935809927531286e-01
1.501419614567902627e-01
1.559156364612872547e-01
1.558546656900930971e-01
1.557961638811617977e-01
1.560374456120701137e-01
1.559121469538186089e-01
1.559451024090328097e-01
1.557968772158219162e-01
1.560294114489316764e-01
1.559409912313824975e-01
1.559447677244620856e-01
1.559992584909364322e-01
1.559099922091304880e-01
1.559292024795081444e-01
1.556490997753797734e-01
1.559191052454285131e-01
1.558250809345218535e-01
1.558679494238064400e-01
1.554984782788605413e-01
1.553399537439503764e-01
1.551374682668916760e-01
1.534954795483955969e-01
1.530482553599589179e-01
1.525220645103775308e-01
1.520077549873106726e-01
1.515430034449511965e-01
1.506509859378988292e-01
1.509751313787262017e-01
1.508051781885851872e-01
1.539041557493592283e-01
1.542744835890089705e-01
1.546040321824172503e-01
1.548918591153984892e-01
1.504761867928926522e-01
1.559179644109743856e-01
1.559790203803970154e-01
1.560348414577361620e-01
1.561322171999887098e-01
1.560301308676543819e-01
1.560167604567143096e-01
1.559597278406710252e-01
1.555980307334214885e-01
1.555817658381788426e-01
1.556650893076539921e-01
1.557834605157395469e-01
1.557564531111089723e-01
1.558506687148787373e-01
1.555143915533473420e-01
1.554198923498615326e-01
1.554246424498414436e-01
1.553349948172324524e-01
1.551975202152069411e-01
1.552232217972036032e-01
1.551117510431634372e-01
1.534585654252695885e-01
1.535831684859301216e-01
1.533709903558233556e-01
1.529258299226305962e-01
1.531042469730191646e-01
1.528697198109720823e-01
1.524967763900469953e-01
1.523604409296788198e-01
1.526549397906732386e-01
1.516385610960995223e-01
1.519345522271464688e-01
1.517119395417844130e-01
1.514668424882505970e-01
1.510307656585723191e-01
1.511628034155373390e-01
1.508438818866426612e-01
1.538811936306918593e-01
1.539893836304211394e-01
1.537948045499990535e-01
1.542759430104647667e-01
1.543624017519286129e-01
1.541878162439432876e-01
1.546245059210376027e-01
1.545373186931067178e-01
1.546911937960582240e-01
1.549321645313533891e-01
1.549784364164660255e-01
1.548455389201613963e-01
1.560209534074691318e-01
1.560842769778691963e-01
1.561857180524345301e-01
1.561083961391832586e-01
1.561128460107586990e-01
1.561865350474422875e-01
1.560965590362745070e-01
1.561086223663094019e-01
1.561500808871342239e-01
1.560752201791414384e-01
1.560342969387723544e-01
1.556906819760286442e-01
1.559718272188030941e-01
1.558765101078645188e-01
1.559448056672170235e-01
1.555095764105516309e-01
1.553094608637719531e-01
1.550655220080420227e-01
1.536693384892214853e-01
1.531936498553529979e-01
1.527107596771321019e-01
1.520277082861665185e-01
1.522634496144661398e-01
1.521244712127952647e-01
1.518334930269198413e-01
1.513390767135802673e-01
1.540780115674614814e-01
1.544506544114555568e-01
1.547789570921638269e-01
1.562785435011420088e-01
1.562086345043570690e-01
1.561549624868999731e-01
1.562335975106731167e-01
1.561892185795794585e-01
1.561730571913830801e-01
1.560620049149553656e-01
1.555994095877920591e-01
1.556910408497557130e-01
1.555983667409519544e-01
1.557807496129749447e-01
1.557820895586917720e-01
1.558756912862564459e-01
1.555098461283815903e-01
1.553823276718909741e-01
1.552903594898560335e-01
1.554007852133643119e-01
1.551221466552256123e-01
1.550274533566945445e-01
1.551597514963756197e-01
1.535971332657084520e-01
1.535264223920703719e-01
1.537384530210949007e-01
1.532198725190081490e-01
1.530718068256019526e-01
1.533375260353635472e-01
1.524140022473696732e-01
1.526718661441254232e-01
1.524529064538646672e-01
1.522201689997065843e-01
1.514472671701729833e-01
1.517396049327739416e-01
1.515405718876059460e-01
1.512412207335095404e-01
1.540313556268322337e-01
1.541571651363993212e-01
1.539584295945817249e-01
1.544634569570830784e-01
1.543714301592478133e-01
1.545441346590541443e-01
1.548147026990565056e-01
1.547200550895402316e-01
1.548733071725765242e-01
1.563536830048362081e-01
1.563194774494885975e-01
1.562677274321563337e-01
1.562729304532175512e-01
1.563537320026122668e-01
1.562717868270139254e-01
1.562551809786555390e-01
1.561168917933895006e-01
1.560436795964456058e-01
1.561370483629547223e-01
1.556895618885676402e-01
1.559636582336563215e-01
1.558719203673781806e-01
1.559681801186255656e-01
1.554907210521440097e-01
1.552525934484869641e-01
1.549685208981644857e-01
1.538168038651090974e-01
1.534061987553908546e-01
1.527945074877876674e-01
1.528573338094654233e-01
1.530084785306577988e-01
1.526030806479728996e-01
1.518825665716003748e-01
1.521500931290132863e-01
1.519525029650968806e-01
1.516644798228147240e-01
1.542527890699618709e-01
1.546398948270273355e-01
1.563590831073550236e-01
1.562908298934284623e-01
1.563276002290441280e-01
1.562192807878551859e-01
1.562067561615365641e-01
1.560406981210917809e-01
1.555630555707608886e-01
1.555811598308639576e-01
1.556714341811913371e-01
1.557429007906881990e-01
1.558537478649517638e-01
1.557624019836908458e-01
1.554723152108297146e-01
1.553154385668732429e-01
1.552184477679958707e-01
1.553481773861622450e-01
1.550130338818889175e-01
1.549133939622940881e-01
1.550669840307113967e-01
1.536567241651497495e-01
1.538489598894567933e-01
1.536244123832689601e-01
1.532564121827504344e-01
1.532353974278608533e-01
1.534272506049931817e-01
1.530241939261746120e-01
1.523351456623354139e-01
1.525662970485114345e-01
1.523716465342944693e-01
1.521079467854069556e-01
1.543362154846584788e-01
1.541849168060841491e-01
1.543988885686660151e-01
1.546639846114680195e-01
1.545638861873110947e-01
1.547391214879547672e-01
1.561551489423234074e-01
1.562258318049121186e-01
1.561360710214205749e-01
1.560609078840149433e-01
1.556527019209785756e-01
1.559527549205108610e-01
1.559592387837819283e-01
1.558491840839233422e-01
1.554381779723595924e-01
1.551631778791530136e-01
1.548380300434913925e-01
1.540469614403883192e-01
1.538523952992275623e-01
1.540415456351317269e-01
1.534550942485081171e-01
1.528006439541202965e-01
1.530295386953723913e-01
1.527940042416824351e-01
1.525667186380587070e-01
1.544989239908231005e-01
1.541954679563699582e-01
1.560566251257601289e-01
1.554896979296538362e-01
1.555264580284412279e-01
1.556158778519439734e-01
1.556919391933104801e-01
1.558242365126675244e-01
1.557181323254160921e-01
1.554018371420061717e-01
1.551860045473232308e-01
1.550982903121995715e-01
1.552508118618897148e-01
1.548375587147973187e-01
1.549251790593650924e-01
1.547496498948108812e-01
1.537313570732491419e-01
1.538926184606104197e-01
1.536910495970514878e-01
1.532672853683095804e-01
1.534630382002382110e-01
1.532587385138752811e-01
1.530312018577878463e-01
1.544970809649219845e-01
1.544147642379020136e-01
1.545799650820742777e-01
1.542733776743081542e-01
1.555909113122533327e-01
1.553369021620292223e-01
1.550102127091945725e-01
1.546654861628148359e-01
1.534971311223571888e-01
1.541784850143953500e-01
1.541151591527839537e-01
1.539549193014565498e-01
1.543411722752638937e-01
1.553764769582326455e-01
1.555345485254058246e-01
1.554337556584777236e-01
1.552805147951278331e-01
1.550143238885224317e-01
1.551007664564066912e-01
1.549243972213064646e-01
1.546134901487081770e-01
1.547262126592756637e-01
1.545531616996377311e-01
1.543962748223348669e-01
1.551947262388161386e-01
1.548124460212286779e-01
