1.218362508023783652e-01
1.215849778771582734e-01
1.212981387439442393e-01
1.220457475502807476e-01
1.219427325415625152e-01
1.217111325622801665e-01
1.214412633485912885e-01
1.209802274639905084e-01
1.211394288120297702e-01
1.222113969775393549e-01
1.221307240806643879e-01
1.218664618442942826e-01
1.219569065494190419e-01
1.218515338217815991e-01
1.216607319483432592e-01
1.217490511218445315e-01
1.216228325996887571e-01
1.214206454498030219e-01
1.215028461758469458e-01
1.213596049410394784e-01
1.211399367250027836e-01
1.212187437786201860e-01
1.210612421433224783e-01
1.206443607062255285e-01
1.220268124370629259e-01
1.221179939428476136e-01
1.220353733877026503e-01
1.208124014732575580e-01
1.219456387659930696e-01
1.217644994370644662e-01
1.215409284073615259e-01
1.212803313074736211e-01
1.208300575005037958e-01
1.209847319955122957e-01
1.209053700511315554e-01
1.223200192105027284e-01
1.222705206167037373e-01
1.202912600911902885e-01
1.204675379863195950e-01
1.220929322359581848e-01
1.220634507581832562e-01
1.221495244779107203e-01
1.207375351496341453e-01
1.218804251711596009e-01
1.219524747082648686e-01
1.218730139595097794e-01
1.217105168803475079e-01
1.217887222540934289e-01
1.216855115920938424e-01
1.215069787677122148e-01
1.214638405701239376e-01
1.215842535099768140e-01
1.212596297282646507e-01
1.213402615839633825e-01
1.211998341687660075e-01
1.209848783056084454e-01
1.209078315944512871e-01
1.210626134451828761e-01
1.223840666800271038e-01
1.223571533448413184e-01
1.222097955189358487e-01
1.199319500865460020e-01
1.195685754515877219e-01
1.201109920555726296e-01
1.205246762937743910e-01
1.205842451006389204e-01
1.204094703034087610e-01
1.219877862564141546e-01
1.206774905782785900e-01
1.217948790288189143e-01
1.216090253480629491e-01
1.213834760969588755e-01
1.211225590683284725e-01
1.206669375969889879e-01
1.207474870932261357e-01
1.208256663549021059e-01
1.222070555343930387e-01
1.222976603690196784e-01
1.222644471556997292e-01
1.221539882784918873e-01
1.192089942447558393e-01
1.197486422361128122e-01
1.193871144383740202e-01
1.202946259592625466e-01
1.202902772792894259e-01
1.201150177230625449e-01
1.204104194285632312e-01
1.219114687601959846e-01
1.218962407332538911e-01
1.220028280342805305e-01
1.205949131558646803e-01
1.217510433767318156e-01
1.217308016440526997e-01
1.218156185605173691e-01
1.215702680736899799e-01
1.215386318721716208e-01
1.216406237313963912e-01
1.213584746536334746e-01
1.213092251044364245e-01
1.214330805170521499e-01
1.211063022628566799e-01
1.210455977700098940e-01
1.211833593352579230e-01
1.208177840369870637e-01
1.207410748474591067e-01
1.209017960600103914e-01
1.223856768077168367e-01
1.223892719864849710e-01
1.222527386616254486e-01
1.223172921880213426e-01
1.222332854073238106e-01
1.220288300219811717e-01
1.220607666810763492e-01
1.221199040898190979e-01
1.188568786148469503e-01
1.190344896469375247e-01
1.199312346773124816e-01
1.199297070024181178e-01
1.197519361137577842e-01
1.195092687660642694e-01
1.195371154514679457e-01
1.193604398111537401e-01
1.201120096454518782e-01
1.204807455745067202e-01
1.219711867849165854e-01
1.218314281900352292e-01
1.216607597357970416e-01
1.214647555377177390e-01
1.212329367563319549e-01
1.209625039871499164e-01
1.205062985469234071e-01
1.205863802753294189e-01
1.206620278887119424e-01
1.223342219866273561e-01
1.222280250116407618e-01
1.223662880745848280e-01
1.223218326591569705e-01
1.221081988947639863e-01
1.221578446631873538e-01
1.221818283852776910e-01
1.220703891990847501e-01
1.192511664756226164e-01
1.192279148679699086e-01
1.190568685899918711e-01
1.197204416263571991e-01
1.193798442049774922e-01
1.201660028988519313e-01
1.200488711414401388e-01
1.202302848931985357e-01
1.204002398269478080e-01
1.218885588242205609e-01
1.219596499850844618e-01
1.219000744058639230e-01
1.217727122714524768e-01
1.217619831838758770e-01
1.218426399379994862e-01
1.216183982836154254e-01
1.215944968058378928e-01
1.216850244726286334e-01
1.214329555846104247e-01
1.213957407907877428e-01
1.215020635404104876e-01
1.212151587773766526e-01
1.212872811362205594e-01
1.211607611032790022e-01
1.209627880842457648e-01
1.208902525909091308e-01
1.210349662052586650e-01
1.206803703624230728e-01
1.205932457507495892e-01
1.207493886483758105e-01
1.222882877237065902e-01
1.220760590043621363e-01
1.221565837260177867e-01
1.222424428573335442e-01
1.222921793808672275e-01
1.223154902422871615e-01
1.222510234007161412e-01
1.221351602053777352e-01
1.221235934015225677e-01
1.221935142291393772e-01
1.219676169347121419e-01
1.219981551608683157e-01
1.220390483319074848e-01
1.185263761841448549e-01
1.186933432223737928e-01
1.189520643269452727e-01
1.191020906146953440e-01
1.189062747478931703e-01
1.198478297127130165e-01
1.196810678124101690e-01
1.198891100590777636e-01
1.196178689229169256e-01
1.194353576669754391e-01
1.195613153514297755e-01
1.203361257348389834e-01
1.200069909279943836e-01
1.219289943346932859e-01
1.218314620506676382e-01
1.216959947494273830e-01
1.215262803663077484e-01
1.213245561739473288e-01
1.210894559736371834e-01
1.208219131535769320e-01
1.203674789763923281e-01
1.204365328864362983e-01
1.205239333827113901e-01
1.221690349665269792e-01
1.222027504345051252e-01
1.222536217358584087e-01
1.220509601835249036e-01
1.220650716652313950e-01
1.221417196181061593e-01
1.222111897770962186e-01
1.221904757957965604e-01
1.220121991763803981e-01
1.220602785026850823e-01
1.220746813496907945e-01
1.219910283934839690e-01
1.182110396196272006e-01
1.183689513178849406e-01
1.187425554115731918e-01
1.192992490845078413e-01
1.192746053489616154e-01
1.191290438238438165e-01
1.197337647948839567e-01
1.194574360412122838e-01
1.202664008709843912e-01
1.200230313624035539e-01
1.199354891943444912e-01
1.200948863525155286e-01
1.218449768098007757e-01
1.218668163224485568e-01
1.219071231089139395e-01
1.217617416195918567e-01
1.217672742921332985e-01
1.218259134773709285e-01
1.216425700818597466e-01
1.216305626941944773e-01
1.217082268311753257e-01
1.214896675997824138e-01
1.214613541833000632e-01
1.215546041375388242e-01
1.213031874195398263e-01
1.212592023021714649e-01
1.213685983576580085e-01
1.210838963828683168e-01
1.210233586445454979e-01
1.211500101506888250e-01
1.208324264494267108e-01
1.208980242569140939e-01
1.207564190349480482e-01
1.205497381009427160e-01
1.204582939262170971e-01
1.206154422704471818e-01
1.221162741500990689e-01
1.218929439191114295e-01
1.219761497797564598e-01
1.219820198674476108e-01
1.218704071716547599e-01
1.219750680634479334e-01
1.221237152819887317e-01
1.221471286811171009e-01
1.221826616645038666e-01
1.221293216871282006e-01
1.220156514402007675e-01
1.220755973077441991e-01
1.220149077324148568e-01
1.218930263585800144e-01
1.219303951614243431e-01
1.219535386667287558e-01
1.179159947155639099e-01
1.180650726472067813e-01
1.186619466810610035e-01
1.185924174453198976e-01
1.184378407062579575e-01
1.188084283222108350e-01
1.190960433118520845e-01
1.190240163085285463e-01
1.191984000069897798e-01
1.198212667087593664e-01
1.195250358602445440e-01
1.194124914700072093e-01
1.195716957680242887e-01
1.201952332071157814e-01
1.218699344413540775e-01
1.218042327620620924e-01
1.217029124590356393e-01
1.215668136900815988e-01
1.213970343423775855e-01
1.211940857954085793e-01
1.209586426565877337e-01
1.206915225589675345e-01
1.202370729608716049e-01
1.203019018405270257e-01
1.203934391690197891e-01
1.220029477334011458e-01
1.220870352011216298e-01
1.220293478749516769e-01
1.218802366975405560e-01
1.219138144616135344e-01
1.219021574867500401e-01
1.219828098339070799e-01
1.220653708116359315e-01
1.220695732893298802e-01
1.219039280122313773e-01
1.219605761200311944e-01
1.219581259608589763e-01
1.218994466389845543e-01
1.176509328795029008e-01
1.183819820227060005e-01
1.182956559683050468e-01
1.181522836257097309e-01
1.177852577788737198e-01
1.185218356558298547e-01
1.188803852276428819e-01
1.193113806640544450e-01
1.198930414738709205e-01
1.197555029709146401e-01
1.199583851005913138e-01
1.197094009067694032e-01
1.201296924024352064e-01
1.217845471211332908e-01
1.218148234056369850e-01
1.218396685091793774e-01
1.217331892553881190e-01
1.217475204720009918e-01
1.217898961335102115e-01
1.216468174442312256e-01
1.217050209906254121e-01
1.216447491892204136e-01
1.215258598302056958e-01
1.215848823417937652e-01
1.215078128008648672e-01
1.213711762717866183e-01
1.213372236667976667e-01
1.214310340958147938e-01
1.211833499474210818e-01
1.211336597724645969e-01
1.212438295031370572e-01
1.209630523829597903e-01
1.208977708628268255e-01
1.210239893452261795e-01
1.207109526272122091e-01
1.206303724718271742e-01
1.207721672578168093e-01
1.204277209600105314e-01
1.203320515629178189e-01
1.204891777374050843e-01
1.216160977165342549e-01
1.219596292144490279e-01
1.216864780600191986e-01
1.217758044005163853e-01
1.217908474087087134e-01
1.217478257253710172e-01
1.218311292624810749e-01
1.218184277922506054e-01
1.217474517854966187e-01
1.220099798558654802e-01
1.218788434492826811e-01
1.218923457544617284e-01
1.219474591934973651e-01
1.218002046822442841e-01
1.218466971286055189e-01
1.218530052132680286e-01
1.174101427864726599e-01
1.175319923884149409e-01
1.181405981529289884e-01
1.182633541397281052e-01
1.180293217126744398e-01
1.178984870162270715e-01
1.187591160920339339e-01
1.187099187649879317e-01
1.185723435510372958e-01
1.189268138322217006e-01
1.193998596718588434e-01
1.192479671573647426e-01
1.194628508175006321e-01
1.200650507849814197e-01
1.197705126421694244e-01
1.196477626128713556e-01
1.198321878709263100e-01
1.217933857380802953e-01
1.217597893619466465e-01
1.216908525804059060e-01
1.215871028106357832e-01
1.214492213844033941e-01
1.212779051337440350e-01
1.210737905073829834e-01
1.208375445357809941e-01
1.205698409832363094e-01
1.201140202792172484e-01
1.201755422904393633e-01
1.202713428110220306e-01
1.213344596721505075e-01
1.214788850465527981e-01
1.218152045774020253e-01
1.219093999850807686e-01
1.218644534305676208e-01
1.216526208280779286e-01
1.217152424149045009e-01
1.217807241706525545e-01
1.219415569394279864e-01
1.217795720767909096e-01
1.218418579766715748e-01
1.218301316502867770e-01
1.217909721446337468e-01
1.178982066893864422e-01
1.177732950784815547e-01
1.176557833950416798e-01
1.172010954547216821e-01
1.173073884604519668e-01
1.186009812074027003e-01
1.184910692836481649e-01
1.183735766892185515e-01
1.180209562283457414e-01
1.186810927617192313e-01
1.190097720403806569e-01
1.188847083438175911e-01
1.190532343735012377e-01
1.192051998673943070e-01
1.195855682655901919e-01
1.200035461113007074e-01
1.199427186901633746e-01
1.217058546550562337e-01
1.217452678051976767e-01
1.217539884125293792e-01
1.216862670194615026e-01
1.217097901683601435e-01
1.217362909440483643e-01
1.216315425954834772e-01
1.216831831929290342e-01
1.216392372559542689e-01
1.215422123399160226e-01
1.215340903534951611e-01
1.215952649728080370e-01
1.214189018246730756e-01
1.213950876865533823e-01
1.214730757874749045e-01
1.212621922301910793e-01
1.212228150966172535e-01
1.213173287112514487e-01
1.210726898909976201e-01
1.211286208607784687e-01
1.210179105363734520e-01
1.208510064304527676e-01
1.209075931545326998e-01
1.207810142957698174e-01
1.205977560335871335e-01
1.206548885571251395e-01
1.205127686381521901e-01
1.203135496373006763e-01
1.202138103932621771e-01
1.203711466736886448e-01
1.214434517573763639e-01
1.213906113840903522e-01
1.215324489649678430e-01
1.218480138904668442e-01
1.215690294329182519e-01
1.214964748197950861e-01
1.216251621981956355e-01
1.215905827481137402e-01
1.216274454234134161e-01
1.217218968656582634e-01
1.216880056470993621e-01
1.217222704821288026e-01
1.217520815966698366e-01
1.218006665965418733e-01
1.216897391954570029e-01
1.217450436810094683e-01
1.217356891639260752e-01
1.176842801305818531e-01
1.175477476592102777e-01
1.177916293530346659e-01
1.174448453996211894e-01
1.183884751240871225e-01
1.182640759063798841e-01
1.184953753576771796e-01
1.181444368098958364e-01
1.188061736646850441e-01
1.192814318797771334e-01
1.191455731034396504e-01
1.193411420546636181e-01
1.196550147352677396e-01
1.197132432375778155e-01
1.195274547224230988e-01
1.199989929618091589e-01
1.198847713087618505e-01
1.200570036114340100e-01
1.216988800147681404e-01
1.216970617035822988e-01
1.216598305106404432e-01
1.215877314657768382e-01
1.214813477941526498e-01
1.213412789631016508e-01
1.211681212939196284e-01
1.209624833695942536e-01
1.207249785247693774e-01
1.204562191329590082e-01
1.201568141668498679e-01
1.210156923940266527e-01
1.211759507750030940e-01
1.211825518671104662e-01
1.212568947612853165e-01
1.213171517664841659e-01
1.217696937751154840e-01
1.214739524708192686e-01
1.215649995741308054e-01
1.216763210244752313e-01
1.216374153616999187e-01
1.217085610474795132e-01
1.216809613644213028e-01
1.216647393140845024e-01
1.180608223660489786e-01
1.179787971633944332e-01
1.178738246396350275e-01
1.170231141281582454e-01
1.171137429680787490e-01
1.175056671077365777e-01
1.175964788820238471e-01
1.173534938941034333e-01
1.188805319151223783e-01
1.186354431175891122e-01
1.187406706519837929e-01
1.182234584416513856e-01
1.189457854091818811e-01
1.190814600274964219e-01
1.194687470635386051e-01
1.198275233442891441e-01
1.216094942202124995e-01
1.216577450744047439e-01
1.216506432230367585e-01
1.216211001041876960e-01
1.216644314656184500e-01
1.216537502790971947e-01
1.215975429327645907e-01
1.216146054553591815e-01
1.216427921861336081e-01
1.215393276668259581e-01
1.215408288297308292e-01
1.215862608777972254e-01
1.214469755648607263e-01
1.214329933592606103e-01
1.214953644010106082e-01
1.213210217081034381e-01
1.212916574418992921e-01
1.213706831607561654e-01
1.211620108732807122e-01
1.212127802423259570e-01
1.211173966746537101e-01
1.209704957834648598e-01
1.209107931916247880e-01
1.210222354111200049e-01
1.207470336215016316e-01
1.206724326997808960e-01
1.207996333027624436e-01
1.204921824146971687e-01
1.204028996685466701e-01
1.205455600366417412e-01
1.202064974630564498e-01
1.201027742597172709e-01
1.202605988148617300e-01
1.210982057561463821e-01
1.212942272623072082e-01
1.212375693157449197e-01
1.213697721981954469e-01
1.213988414624075363e-01
1.214219611295919155e-01
1.215247668414921600e-01
1.214611298738343947e-01
1.215483498409336560e-01
1.215891891095739474e-01
1.216354199871524377e-01
1.215941804521860625e-01
1.215622426346065765e-01
1.216260650154534773e-01
1.216009326448189709e-01
1.179443131629576147e-01
1.178144319875806811e-01
1.180033671238386317e-01
1.172661603425756427e-01
1.177265100719041557e-01
1.187663895394254210e-01
1.185775543484319794e-01
1.188239632421196346e-01
1.183427814818349688e-01
1.182019890489378611e-01
1.183658289672550046e-01
1.191698884123369995e-01
1.190252164936618229e-01
1.192262249369321347e-01
1.195448908100223973e-01
1.196005204842981451e-01
1.194131816867191054e-01
1.198905798837287540e-01
1.199453518384047124e-01
1.197728231256153242e-01
1.215870188409826635e-01
1.216163697288181744e-01
1.216103207727607938e-01
1.215693668444803865e-01
1.214940208502668373e-01
1.213848118238539664e-01
1.212422795752429172e-01
1.210669731463733800e-01
1.208594476877852264e-01
1.206202609697180073e-01
1.203499697154197801e-01
1.200491511621752938e-01
1.208896414948300579e-01
1.210366063351085986e-01
1.209519817281673459e-01
1.206726825931329072e-01
1.208450280675897881e-01
1.210649766435873964e-01
1.211799354424442088e-01
1.211234737420604501e-01
1.212544474529395622e-01
1.213754116091347868e-01
1.212756846144921186e-01
1.213399261257543937e-01
1.214865621017631181e-01
1.214788813049029192e-01
1.215582224652003163e-01
1.215148158287889801e-01
1.215217943283805058e-01
1.168783934438608618e-01
1.167669598681582155e-01
1.181441522449903081e-01
1.169518985321296167e-01
1.173467170521290681e-01
1.171848944123871084e-01
1.174274317717861615e-01
1.178080632322633381e-01
1.176568699761790793e-01
1.178771789058341568e-01
1.189687131232294304e-01
1.185549818824154222e-01
1.193579900438822561e-01
1.197183390779479328e-01
1.214959994044120251e-01
1.215528207623046697e-01
1.215302071197595923e-01
1.215382301206199278e-01
1.215748784479417921e-01
1.215797356586353350e-01
1.215453359508779085e-01
1.215715064843151394e-01
1.215841694467044709e-01
1.215177578109817302e-01
1.215286062108479337e-01
1.215585424534938452e-01
1.214559541725216407e-01
1.214515247080241167e-01
1.214984792830625659e-01
1.213603983641270423e-01
1.213407661779898339e-01
1.214044777216708448e-01
1.212315752647356026e-01
1.211968454733708400e-01
1.212770477850294570e-01
1.210699787989788501e-01
1.210202859222981875e-01
1.211167090269634761e-01
1.208761092703560802e-01
1.208116162792044479e-01
1.209239881179968723e-01
1.206504703803834566e-01
1.205713674165485028e-01
1.206994156153944342e-01
1.203935661530440848e-01
1.203000689911660759e-01
1.204435225775872809e-01
1.201058980581098945e-01
1.199982722516880207e-01
1.201568373988430860e-01
1.207810672033169386e-01
1.209772134115013609e-01
1.211608730330118178e-01
1.203125998221488135e-01
1.204931206583820247e-01
1.212021493419339624e-01
1.213121292055667766e-01
1.212296962456893556e-01
1.213589677939806988e-01
1.214537345262034496e-01
1.213917646907304304e-01
1.214202531411566754e-01
1.214182227638240796e-01
1.214903098136215220e-01
1.214497130915836998e-01
1.168232780127028692e-01
1.166898795407224076e-01
1.167287823083084097e-01
1.182294111573998219e-01
1.180866920388985442e-01
1.182867298033825065e-01
1.171135392799231845e-01
1.175785097808494939e-01
1.180194202399642567e-01
1.190632322370658303e-01
1.189148327776935465e-01
1.191172138426535021e-01
1.186574255026299207e-01
1.185001095285702633e-01
1.187125302086898815e-01
1.194402477421206976e-01
1.193050931251590230e-01
1.194932108453308217e-01
1.197879624927521425e-01
1.196664556487665454e-01
1.198399089421805508e-01
1.214583211457588297e-01
1.215182497499128766e-01
1.215428477400076757e-01
1.215325464100129871e-01
1.214877957914809459e-01
1.214090621499733791e-01
1.212968247627796980e-01
1.211515732281703839e-01
1.209738048429391810e-01
1.207640217583872966e-01
1.205227279190742573e-01
1.202504261007196762e-01
1.199476150132186003e-01
1.205953286655191414e-01
1.206336216014076701e-01
1.207417191266640932e-01
1.207827316794651829e-01
1.209239197466097648e-01
1.208357023498984884e-01
1.210088285115059614e-01
1.211317512565530663e-01
1.210379930176477270e-01
1.204545499774221096e-01
1.212819547863890346e-01
1.211069414696134272e-01
1.213045028968295913e-01
1.213917723925020953e-01
1.213329773592785044e-01
1.213626521637877209e-01
1.172286346729282114e-01
1.170532165152046167e-01
1.169985901753228807e-01
1.171180883403062367e-01
1.169422126020225328e-01
1.169044729254860027e-01
1.184439823926166646e-01
1.172886232146679308e-01
1.176858595896645987e-01
1.177480488851190277e-01
1.175163802558643056e-01
1.181228722524125807e-01
1.179654252938573400e-01
1.181769938562409195e-01
1.188610257113893454e-01
1.192524253470411688e-01
1.196147868971511041e-01
1.213658367602553634e-01
1.214309946167436705e-01
1.213931676981359065e-01
1.214381381186389053e-01
1.214882577209028813e-01
1.214681392144006944e-01
1.214754004041749269e-01
1.215104387486620752e-01
1.215078231264452580e-01
1.214780029503323977e-01
1.214979478389237588e-01
1.215126199475615731e-01
1.214463427306240462e-01
1.214512127249677276e-01
1.214829489130918594e-01
1.213808320400140417e-01
1.213706762319773924e-01
1.214192456857581259e-01
1.212818959882020486e-01
1.213219596763809305e-01
1.212567933611174986e-01
1.211499700005042035e-01
1.211915511980555804e-01
1.211100287964129718e-01
1.209854974009639816e-01
1.209308543602346520e-01
1.210284890178532358e-01
1.207889269008012301e-01
1.208332477524413084e-01
1.207197462671368848e-01
1.205607099784218317e-01
1.206063050507812928e-01
1.204771822745842602e-01
1.203012982607727377e-01
1.202036389378178249e-01
1.203481387551151860e-01
1.200111410146176283e-01
1.198995890787876162e-01
1.200592241553155581e-01
1.199418820377302630e-01
1.201277587924267642e-01
1.206875287289165266e-01
1.208968692565097758e-01
1.202566051492646171e-01
1.204260940367035682e-01
1.202841584632278193e-01
1.211544694387584054e-01
1.212568005844593122e-01
1.211796269139582272e-01
1.209677761762609771e-01
1.210850587618484964e-01
1.209896908656800107e-01
1.212308576762832768e-01
1.212581371519731999e-01
1.212825298984402389e-01
1.213382592866621978e-01
1.166488729664272306e-01
1.166691167021671749e-01
1.171741635032391704e-01
1.170465642838588449e-01
1.170824125130891513e-01
1.168676351957771420e-01
1.185518372758654904e-01
1.183906200059591241e-01
1.186053716613721942e-01
1.174583458162091754e-01
1.179053901281577055e-01
1.183381820803306450e-01
1.189606088692128916e-01
1.188090452933865393e-01
1.190126605291769168e-01
1.193403627677052103e-01
1.193910246443303791e-01
1.192018277843996943e-01
1.196906829887214307e-01
1.197400317526523539e-01
1.195654991805351619e-01
1.214031760761925538e-01
1.213132474778937375e-01
1.214578905276703091e-01
1.214777605050759712e-01
1.214631744795496848e-01
1.214145373764705660e-01
1.213322681468500530e-01
1.212167972474996747e-01
1.210685642168189968e-01
1.208880152084648163e-01
1.206756004106549485e-01
1.204317714204897749e-01
1.201569786694463016e-01
1.198516691384153843e-01
1.201001672640779061e-01
1.204594531993979922e-01
1.206233692382121525e-01
1.205275914312671226e-01
1.207443870766122807e-01
1.208765486599709948e-01
1.207647912302061144e-01
1.203594972382162620e-01
1.210625865695111880e-01
1.208574943349240982e-01
1.211147025763090745e-01
1.211358714941459525e-01
1.212096847368390184e-01
1.211877563611156727e-01
1.168470273829473882e-01
1.175641666269866548e-01
1.173421292086364032e-01
1.173960781988789837e-01
1.174449031149928935e-01
1.172457669514247458e-01
1.172807606709490580e-01
1.187570108566188276e-01
1.176260476932636800e-01
1.180077749682578725e-01
1.178466955827461859e-01
1.180663077944849038e-01
1.184490502181967386e-01
1.182859682495597253e-01
1.185013031599564393e-01
1.191512585273178937e-01
1.195162843225484606e-01
1.213212442736754104e-01
1.213797670752313484e-01
1.213446573223968539e-01
1.212194127409046418e-01
1.212927030885546653e-01
1.212399568088363688e-01
1.213881689002677122e-01
1.214318579674554810e-01
1.214142099585489021e-01
1.214205059823412203e-01
1.214493251288663034e-01
1.214489543337663457e-01
1.214185923934941735e-01
1.214325354951514280e-01
1.214492488399906422e-01
1.213827805161913354e-01
1.213818714155912026e-01
1.214154684070319901e-01
1.213134361826972984e-01
1.213480023108619577e-01
1.212977283704068654e-01
1.212109365407288974e-01
1.211805126542175870e-01
1.212472518469781546e-01
1.210756679041314898e-01
1.210306390936491949e-01
1.211136280198743531e-01
1.209080235723239971e-01
1.209475492454974432e-01
1.208485287012605047e-01
1.207084015882350370e-01
1.206346062438700129e-01
1.207494389677314928e-01
1.204772024608649073e-01
1.203892977938472164e-01
1.205197232048158540e-01
1.202148269235528977e-01
1.201130283529159293e-01
1.202588281139091997e-01
1.199216738029726947e-01
1.198062197108907823e-01
1.199671776961974690e-01
1.195689973157332275e-01
1.197555666834658750e-01
1.199375383272102136e-01
1.199409622659387553e-01
1.200970224769537520e-01
1.206052740794555378e-01
1.201570697006346666e-01
1.202063701270948970e-01
1.203113272413081081e-01
1.209352217253214512e-01
1.209528631491051387e-01
1.210449299882745411e-01
1.207194089154292049e-01
1.208436767784487609e-01
1.207333546331893492e-01
1.210263777631953586e-01
1.210823743256023155e-01
1.210997896904277837e-01
1.211703364120018112e-01
1.166430053675869827e-01
1.166452915132968338e-01
1.170985424481021386e-01
1.168731480510901699e-01
1.170715211565610536e-01
1.175054308140068837e-01
1.174366007278555557e-01
1.174411341370099615e-01
1.172416469569992348e-01
1.188614629391314681e-01
1.187066821231216318e-01
1.189118570190167423e-01
1.177868289654729894e-01
1.182293548314663489e-01
1.186561424535140796e-01
1.192446079691582561e-01
1.191026435430283525e-01
1.192932838150786434e-01
1.195981379741757333e-01
1.194692886130779286e-01
1.196451917019147881e-01
1.213558756071897449e-01
1.212715619785599275e-01
1.211521958377480557e-01
1.214054467623932876e-01
1.214206038866438853e-01
1.214016918861686722e-01
1.213490701094558366e-01
1.212631102448166187e-01
1.211441941835261771e-01
1.209927118604412488e-01
1.208090590399686359e-01
1.205936350508042265e-01
1.203468405226726379e-01
1.200690752075067591e-01
1.197607359119339243e-01
1.197545521376979227e-01
1.200471473365501973e-01
1.204668940346061978e-01
1.206056841914986411e-01
1.204653707010220343e-01
1.201721847469965354e-01
1.203160537037305522e-01
1.201660865632554476e-01
1.208288132120802771e-01
1.205947260846529367e-01
1.209098498591679727e-01
1.210123590775853408e-01
1.209238605606699490e-01
1.209974872413783764e-01
1.168695259525367458e-01
1.172671502655253661e-01
1.179042999400761182e-01
1.176755519903036618e-01
1.177339802357417753e-01
1.177986141666050868e-01
1.176189758469536883e-01
1.176215347032526504e-01
1.190538943571249897e-01
1.179569819272227038e-01
1.183486134319621241e-01
1.181782188304336678e-01
1.183997763784636614e-01
1.187653074364591888e-01
1.186072146839125541e-01
1.188142904727220728e-01
1.194222143832216476e-01
1.212840143102802415e-01
1.213361668901130619e-01
1.213037265376519791e-01
1.211879077707540553e-01
1.212546534095132467e-01
1.212048156543231725e-01
1.210570706670235364e-01
1.211383210885184081e-01
1.210709406467729288e-01
1.213456516928883566e-01
1.213831519272619008e-01
1.213679542952278423e-01
1.213730982013507820e-01
1.213959161106792362e-01
1.213977980305613880e-01
1.213666474696213360e-01
1.213747824586589585e-01
1.213935732411804969e-01
1.213266068175009593e-01
1.213200875562298053e-01
1.213556099861630155e-01
1.212532954972987964e-01
1.212321796113697836e-01
1.212842509779809008e-01
1.211470428777029484e-01
1.211114164725426434e-01
1.211798496093620114e-01
1.210081865813069646e-01
1.210427679502521503e-01
1.209581636073544519e-01
1.208370705739886253e-01
1.208733747014991700e-01
1.207727920260246446e-01
1.206340432129826556e-01
1.205556761664280385e-01
1.206720430951416789e-01
1.203994552819583896e-01
1.203071917907427846e-01
1.204391487724929544e-01
1.201336580475769189e-01
1.200277139489306366e-01
1.201750676973979415e-01
1.198370013339745688e-01
1.197176149956896696e-01
1.198801741430907120e-01
1.191986586793529757e-01
1.193839987283414894e-01
1.195151510442685749e-01
1.197275183713546465e-01
1.195438018312979800e-01
1.198832767678421618e-01
1.200203482429257340e-01
1.199116439585280469e-01
1.203217046801715595e-01
1.200289644063428085e-01
1.207015793900564349e-01
1.207118959837194527e-01
1.208184856528420337e-01
1.204573098036966217e-01
1.204636002020217367e-01
1.205884474563745368e-01
1.208071668655370523e-01
1.208912596843612075e-01
1.209868982745836430e-01
1.209018399902255236e-01
1.166727864191471342e-01
1.166569762362466012e-01
1.171355788863475134e-01
1.171161879984730092e-01
1.168895813587050858e-01
1.176153759800799836e-01
1.173576576125960891e-01
1.175240037148636008e-01
1.178525233916565274e-01
1.177081997912979849e-01
1.191524891224270410e-01
1.190070159374960745e-01
1.191994257973236770e-01
1.181273877040598386e-01
1.185579350939423016e-01
1.189598435634915408e-01
1.195098315043112702e-01
1.193772623884765682e-01
1.195548386892838488e-01
1.213159840582457294e-01
1.212371690793961898e-01
1.211237588742390958e-01
1.209755007734308885e-01
1.213604739579451364e-01
1.213709250059897826e-01
1.213476379117314208e-01
1.212909261570598307e-01
1.212011142117039864e-01
1.210785356959934722e-01
1.209235314951686568e-01
1.207364478263740493e-01
1.205176342788635280e-01
1.202674418627860398e-01
1.199862210849100830e-01
1.196743199934244828e-01
1.193596076058622835e-01
1.197022410656006786e-01
1.201780714330240585e-01
1.203225449588714024e-01
1.201766805812661820e-01
1.198684128242536451e-01
1.200203310548560998e-01
1.198763374661269143e-01
1.205809838683674640e-01
1.203192722451330576e-01
1.206902498753689157e-01
1.206972711032108236e-01
1.208001330513835958e-01
1.207921605379826957e-01
1.169036477107966432e-01
1.173751159633846797e-01
1.182501923039963598e-01
1.180253632550598564e-01
1.180771462987360021e-01
1.181530940159730703e-01
1.178857816407039572e-01
1.179759380420699610e-01
1.193320819692191836e-01
1.183003579538431937e-01
1.186717134858721323e-01
1.185102060934750678e-01
1.187195013791512155e-01
1.190635732534081059e-01
1.189144850267003228e-01
1.191089873011886846e-01
1.212537658161222387e-01
1.212699691796998991e-01
1.212997834989021362e-01
1.211632490888903124e-01
1.211767087636403950e-01
1.212237081867376665e-01
1.210384260830855707e-01
1.211132450637768532e-01
1.210489347407713856e-01
1.208790912937766082e-01
1.209681606670544030e-01
1.208864224368947360e-01
1.213101976201259591e-01
1.213289576289027227e-01
1.213417208287451698e-01
1.213327806652042540e-01
1.213539315681203545e-01
1.213497850844372783e-01
1.213217646723361298e-01
1.213242547946952188e-01
1.213451628758067669e-01
1.212774115500173666e-01
1.212654205474484881e-01
1.213029363335580424e-01
1.211999939300347773e-01
1.211735833498434056e-01
1.212275480171646214e-01
1.210897936375382455e-01
1.211193036240730825e-01
1.210490529318878350e-01
1.209471001009656543e-01
1.209785167478506507e-01
1.208921459961683764e-01
1.207722087151700263e-01
1.207031844234477402e-01
1.208055071040212702e-01
1.205654191673273257e-01
1.204824934530512870e-01
1.206005987168797811e-01
1.203270337435871085e-01
1.202303998646826466e-01
1.203641180928628485e-01
1.200573556207097381e-01
1.200963924006813732e-01
1.199472301619594061e-01
1.197566871161447333e-01
1.197977476389326945e-01
1.196333086876422147e-01
1.188391798584712555e-01
1.190191486121450204e-01
1.192508877645961363e-01
1.193841319890425190e-01
1.192282930551398223e-01
1.195976747744607049e-01
1.195579140476181745e-01
1.197395600400670279e-01
1.200245847536292043e-01
1.197319339414241179e-01
1.204538634060178248e-01
1.204570171582231009e-01
1.205778063522521260e-01
1.201820314875150508e-01
1.201815548640041698e-01
1.203197568821420260e-01
1.205735359574634513e-01
1.206850558092331660e-01
1.207882388886452052e-01
1.206889646479144540e-01
1.167389487364648426e-01
1.167046333940610081e-01
1.171683807662574628e-01
1.171513292911163795e-01
1.169210591321694359e-01
1.175934705697855298e-01
1.173649652362599438e-01
1.176049576190277834e-01
1.182026400176451331e-01
1.180571679483485292e-01
1.178363698307722807e-01
1.181061728952919054e-01
1.194253278760274428e-01
1.194685066936004292e-01
1.192889555404863522e-01
1.184619396126297408e-01
1.188686753678276364e-01
1.192454526904161982e-01
1.212831163297830583e-01
1.212096915572189459e-01
1.211020760250351991e-01
1.209600560355533760e-01
1.207834341202627115e-01
1.213225793534782326e-01
1.213283237923657998e-01
1.213006056498813212e-01
1.212396923513825442e-01
1.211458612468576668e-01
1.210193980514184808e-01
1.208605952319417032e-01
1.206697503513701752e-01
1.204471643862186081e-01
1.201931400295122021e-01
1.199079799656226353e-01
1.195919850782927174e-01
1.190491865031472196e-01
1.194280516234563772e-01
1.198743087081609593e-01
1.200261769126595990e-01
1.198727299413021585e-01
1.194976195404822139e-01
1.196850527863063673e-01
1.195472052923804984e-01
1.203194990507115980e-01
1.200297155291992768e-01
1.204561480460741851e-01
1.205732816181772638e-01
1.204563859098836121e-01
1.205720298081819353e-01
1.169532542474356340e-01
1.173811713122705491e-01
1.178263887237277485e-01
1.185804726833309397e-01
1.183677797148897648e-01
1.184152219273580942e-01
1.184909430735530123e-01
1.182751927892801147e-01
1.183218991823408173e-01
1.186270863492159267e-01
1.189774865144213045e-01
1.188246493706013318e-01
1.190215651640837979e-01
1.193442512967489710e-01
1.193857899429984215e-01
1.192039637030570809e-01
1.212301695202541163e-01
1.212430299735447470e-01
1.212702578225156591e-01
1.211451143124366858e-01
1.211552882624650218e-01
1.211995156971400478e-01
1.210261249008176554e-01
1.210334313068773815e-01
1.210947639238639795e-01
1.208730351702349548e-01
1.208772730593876688e-01
1.209558087593669562e-01
1.206856936263768221e-01
1.207824716972728529e-01
1.206866430640385346e-01
1.212814705899980527e-01
1.212968573685306861e-01
1.213071984224977085e-01
1.212992106780710344e-01
1.213105589434277931e-01
1.213169852994329112e-01
1.212835950432700205e-01
1.212805729762059803e-01
1.213036414180486133e-01
1.212348399350919870e-01
1.212174849674592103e-01
1.212570649335747985e-01
1.211531714059904674e-01
1.211215488618693215e-01
1.211775052868664382e-01
1.210388240463430298e-01
1.209930266738606930e-01
1.210652207526001778e-01
1.208920396601051994e-01
1.208321870073215676e-01
1.209204769826791592e-01
1.207130658904045362e-01
1.206393035311700279e-01
1.207435455006917735e-01
1.205021548034169721e-01
1.204146534247002576e-01
1.205347021579937783e-01
1.202595614376581468e-01
1.201585157980489260e-01
1.202942255639454228e-01
1.199855423186838577e-01
1.200223954903330004e-01
1.198711700741673658e-01
1.196803539441398945e-01
1.195528943234689390e-01
1.197194912320453941e-01
1.184932548573213174e-01
1.186669068285701734e-01
1.188586092743024736e-01
1.188508729199448943e-01
1.190580017947622249e-01
1.193778379164934789e-01
1.196891260336783169e-01
1.201922170549675206e-01
1.203231246731328863e-01
1.201885734511599635e-01
1.198931399112541651e-01
1.200376684664253846e-01
1.198852610418368325e-01
1.203256810536673660e-01
1.204639640254210331e-01
1.204613870982560453e-01
1.205745901549583055e-01
1.168410079119502898e-01
1.167884833190027116e-01
1.172583208024150503e-01
1.169988653636372389e-01
1.172116853930810221e-01
1.175706341483618855e-01
1.175828140047464609e-01
1.173701707173219200e-01
1.179740135479945273e-01
1.177840979760524931e-01
1.180170503244495350e-01
1.185366992562307820e-01
1.184028310045203147e-01
1.184480591621055456e-01
1.182300689150135309e-01
1.187800164683129323e-01
1.191619518577698988e-01
1.195133546256232915e-01
1.212569396335807514e-01
1.211888034763423105e-01
1.210868281637166310e-01
1.209508403749250949e-01
1.207806810590620339e-01
1.205762060708498451e-01
1.212914234531605739e-01
1.212924543221004514e-01
1.212602431429645744e-01
1.211950111832456045e-01
1.210969888491082447e-01
1.209664143906588052e-01
1.208035325528780124e-01
1.206085931809598444e-01
1.203818497884796557e-01
1.201235580907970002e-01
1.198339745020681191e-01
1.186800199031757819e-01
1.191138738024427601e-01
1.191831394008346923e-01
1.189861982755351377e-01
1.193088096441214940e-01
1.195587273922258387e-01
1.197165631171884792e-01
1.195303848632888188e-01
1.200442482889710893e-01
1.197275656461884719e-01
1.202077261634852956e-01
1.203320182437466190e-01
1.202013691601208079e-01
1.203372868257053252e-01
1.170484619957908867e-01
1.174143307540774783e-01
1.177744505159856736e-01
1.181900310502789209e-01
1.188940823758184440e-01
1.187371654878103255e-01
1.186935464639342630e-01
1.188127782505046248e-01
1.186517430645964710e-01
1.186090095054183058e-01
1.189368149120600959e-01
1.192662848570245071e-01
1.193063421867340823e-01
1.191219415570570206e-01
1.196076838012896104e-01
1.196450573052245669e-01
1.194760250051201123e-01
1.212129495043839933e-01
1.212226062346776212e-01
1.212472838506627459e-01
1.211332335501226209e-01
1.211817763559277505e-01
1.211402579243163746e-01
1.210199030846736967e-01
1.210825844584613176e-01
1.210241404097021078e-01
1.208728327168451244e-01
1.208741077331941804e-01
1.209495554231329040e-01
1.206919099102388149e-01
1.206900276539296657e-01
1.207825499166663707e-01
1.204770353807104177e-01
1.205814425410975943e-01
1.204717821537105715e-01
1.212591886613574310e-01
1.212713444111463978e-01
1.212792723849780430e-01
1.212721004400759695e-01
1.212866438959024906e-01
1.212779193038936443e-01
1.212518451970504563e-01
1.212434129162603957e-01
1.212686876217871079e-01
1.211985933763450873e-01
1.211759514753489864e-01
1.212176690306723259e-01
1.211125245761489611e-01
1.210757420804595696e-01
1.211337910128066353e-01
1.209938265395110735e-01
1.209429995090309795e-01
1.210172647693211756e-01
1.208426940853983833e-01
1.207779449956233320e-01
1.208683086162704035e-01
1.206593279838686916e-01
1.205808049612785426e-01
1.206871467355734584e-01
1.204439337805566224e-01
1.204740078804883430e-01
1.203518097003535292e-01
1.201967205768591507e-01
1.202291240412867168e-01
1.200911920278274758e-01
1.199178997733317820e-01
1.197991858933582510e-01
1.199527290735308283e-01
1.181691136779131623e-01
1.183326426519222263e-01
1.187242660061287314e-01
1.187931836382234430e-01
1.186130076862458305e-01
1.189209091398548690e-01
1.191892037127547654e-01
1.193431503206549005e-01
1.191535576140965169e-01
1.193757018924543889e-01
1.199168756094232124e-01
1.200546282287037192e-01
1.199064745904244722e-01
1.195913198510235587e-01
1.197423091133700268e-01
1.195765821623880898e-01
1.200638106693436846e-01
1.202281234180145875e-01
1.203461223095325661e-01
1.202192679850460078e-01
1.169786462336713795e-01
1.169083283209423341e-01
1.173605503751572465e-01
1.173079485596479898e-01
1.171019428477599877e-01
1.177948568573622401e-01
1.175279645928035688e-01
1.176808253166949925e-01
1.178859729555390423e-01
1.183069160409687681e-01
1.183562888555372838e-01
1.181405563501507494e-01
1.188544500519418401e-01
1.187333416831432009e-01
1.187742473519033393e-01
1.185681775151958828e-01
1.190812631201663141e-01
1.194381112101964293e-01
1.197638864711694229e-01
1.212371749545075872e-01
1.211742318466737522e-01
1.210777482469382882e-01
1.209475924103421418e-01
1.207836451575158287e-01
1.205858003389584931e-01
1.203539651885157102e-01
1.212667213054114956e-01
1.212630259268551169e-01
1.212262543293706196e-01
1.211565816138019391e-01
1.210541915002133484e-01
1.209192752882047861e-01
1.207520307610868704e-01
1.205526610365522666e-01
1.203213733700617682e-01
1.200583779170634191e-01
1.184523676034430206e-01
1.189601788377904201e-01
1.192308562589166065e-01
1.192118301212711229e-01
1.193949315228376440e-01
1.197556801141705929e-01
1.194128174771934559e-01
1.199451019153019438e-01
1.200764930590054735e-01
1.199323968543960506e-01
1.200880605435629134e-01
1.171692189983554178e-01
1.175773004039806224e-01
1.180524280930411729e-01
1.185215624655382438e-01
1.191913438553718896e-01
1.190426022674827555e-01
1.190031289210693455e-01
1.191188940258078865e-01
1.189273536998198821e-01
1.189657186264674316e-01
1.192298756820161509e-01
1.195384174765237173e-01
1.194024126620992776e-01
1.195741572544224418e-01
1.198541685035462434e-01
1.198871042057231273e-01
1.197309888650829324e-01
1.212018844866444844e-01
1.212306099686342176e-01
1.212084492928889867e-01
1.211273908844108238e-01
1.211702442421124237e-01
1.211313747751686654e-01
1.210195498868211761e-01
1.210764663468206770e-01
1.210208245924669912e-01
1.208782780091995912e-01
1.209491656774569490e-01
1.208766941356699265e-01
1.207035030827211530e-01
1.207882434476048594e-01
1.206988908578031650e-01
1.204951644592656690e-01
1.204873345744166269e-01
1.205936130575203658e-01
1.202532131084305123e-01
1.203652003412654103e-01
1.202419576745314966e-01
1.212431251742891458e-01
1.212576854821503236e-01
1.212521643890616119e-01
1.212512180163470843e-01
1.212516035007893400e-01
1.212626474270954713e-01
1.212262781455643035e-01
1.212125068175986531e-01
1.212400362421600652e-01
1.211684301480845383e-01
1.211405475287924416e-01
1.211844784107055650e-01
1.210778073799787524e-01
1.210358861878374492e-01
1.210961304420465900e-01
1.209545512057433880e-01
1.208986908895605117e-01
1.209751568928058019e-01
1.207988101733211694e-01
1.207291362955752456e-01
1.208217294206532788e-01
1.206107391259901851e-01
1.205274026024135692e-01
1.206360257788361423e-01
1.203904982558262615e-01
1.202936744582676631e-01
1.204182287562387543e-01
1.201382521028229178e-01
1.201685250682933415e-01
1.200281398342981642e-01
1.183704068421205235e-01
1.185477854116125940e-01
1.182729430211071353e-01
1.178698274682453695e-01
1.180210563196604223e-01
1.188357549705258975e-01
1.190126510878887212e-01
1.187827677227083489e-01
1.190353777230324095e-01
1.196279075448190010e-01
1.197724727537339273e-01
1.196110920774088315e-01
1.192764415414653278e-01
1.194339978084456577e-01
1.192552168263097956e-01
1.197880206988627405e-01
1.199776115619787253e-01
1.201029437044240922e-01
1.199627050952316587e-01
1.171525096235447316e-01
1.170638250959779025e-01
1.174332891375594601e-01
1.173961175123198197e-01
1.172072542984717858e-01
1.178122457958356017e-01
1.175872633487262675e-01
1.178037471820667648e-01
1.182314148437982881e-01
1.180132092132124555e-01
1.182704051447528437e-01
1.186560200782704744e-01
1.184815338737015278e-01
1.186960229716643722e-01
1.191561620469764327e-01
1.190487622337921270e-01
1.188911207708598372e-01
1.190850332680787327e-01
1.193659958665475029e-01
1.196974564958778187e-01
1.199973402015216406e-01
1.211657580045767402e-01
1.212235982583909077e-01
1.210746228831599547e-01
1.209501037544459257e-01
1.207921226100243661e-01
1.206006128359993212e-01
1.203755193636207865e-01
1.201167987030736795e-01
1.212482435509764089e-01
1.212398040862636694e-01
1.211983997972689853e-01
1.211241596992010949e-01
1.210172211671549647e-01
1.208777291425432443e-01
1.207058352778117571e-01
1.205016970201003845e-01
1.202654766388194796e-01
1.181242053094049282e-01
1.186060729848189554e-01
1.188967662801118097e-01
1.190638929680797320e-01
1.188679928975332478e-01
1.194537937836499530e-01
1.190882533188849512e-01
1.196683322106921743e-01
1.198067941086174981e-01
1.196495317311613293e-01
1.198244187357789814e-01
1.172927698065859836e-01
1.176231322767321563e-01
1.180226556874072186e-01
1.173612127532036586e-01
1.172546218324298506e-01
1.184451314752265061e-01
1.188537974462158253e-01
1.194725322928735789e-01
1.192968099153445261e-01
1.193318285431894665e-01
1.194095425456966897e-01
1.192304124360828999e-01
1.192641026028529172e-01
1.195065614230895745e-01
1.197941478827224682e-01
1.196663490588377732e-01
1.198252907923664790e-01
1.200839556280652864e-01
1.199691292755732386e-01
1.201121988935899276e-01
1.211274255948532330e-01
1.211647283513582751e-01
1.211284504431116016e-01
1.211968088979381575e-01
1.212200400580658588e-01
1.212003656701027277e-01
1.210249092535915505e-01
1.210762236007473236e-01
1.210233004047148730e-01
1.208892193175910013e-01
1.209544582822247305e-01
1.208848533954853810e-01
1.207203252645410174e-01
1.207993753867951936e-01
1.207130579068043108e-01
1.205182066086311066e-01
1.205078731850448559e-01
1.206109285809587872e-01
1.202828527974053596e-01
1.202692692311151390e-01
1.203890822579855024e-01
1.200142629778153669e-01
1.201338114730374773e-01
1.199972266730331416e-01
1.212331096562700994e-01
1.212422365065327634e-01
1.212391186855594771e-01
1.212363881019007383e-01
1.212314053835695793e-01
1.212447922260490030e-01
1.212067139213126588e-01
1.211876438291676905e-01
1.212174787582637192e-01
1.211441658885759054e-01
1.211572799910125564e-01
1.211110579117917752e-01
1.210488314195996562e-01
1.210643063103507000e-01
1.210017620242790359e-01
1.209208060533054629e-01
1.209386761397454046e-01
1.208598782123626592e-01
1.207601928601830243e-01
1.207805152326859588e-01
1.206855354346733078e-01
1.205671017808362944e-01
1.204788687588032037e-01
1.205899558992388210e-01
1.203416488956713382e-01
1.202400184957019835e-01
1.203671361688980479e-01
1.180978786887464382e-01
1.179851571272048094e-01
1.182334631698057636e-01
1.184900915445553649e-01
1.184316497545244706e-01
1.186626402311551365e-01
1.175970602720994851e-01
1.177356814405946528e-01
1.186947855075475289e-01
1.193255046538249653e-01
1.193024523478155574e-01
1.194767848308929681e-01
1.189496261021071311e-01
1.189246719961047916e-01
1.191131441253118206e-01
1.194984294119781909e-01
1.197124455100794238e-01
1.198451017070161218e-01
1.196917356051043768e-01
1.176240927453853224e-01
1.173898365011001310e-01
1.175274329848892130e-01
1.178169662931251027e-01
1.178151783954660692e-01
1.176264015793485607e-01
1.181726600428653073e-01
1.179927073009322536e-01
1.182034413172169396e-01
1.174926635750440651e-01
1.185806603173331641e-01
1.184059878712272473e-01
1.186197173438946484e-01
1.189812631723119463e-01
1.188187061935256361e-01
1.190163787363590631e-01
1.194420993598017677e-01
1.193493353804508939e-01
1.191991218821650822e-01
1.193806584485938016e-01
1.196344842627767857e-01
1.199402443944890262e-01
1.202139596992187753e-01
1.210772936410235978e-01
1.211632187584156251e-01
1.212160414774131612e-01
1.209582204778003600e-01
1.208059635813791832e-01
1.206204972756208527e-01
1.204018058460814000e-01
1.201498833782236320e-01
1.198647334316668145e-01
1.212358172564635961e-01
1.212226111220636726e-01
1.211764973428010039e-01
1.210975590232380439e-01
1.209858876211066248e-01
1.208415823934552158e-01
1.206647497710032768e-01
1.204555026637752491e-01
1.178516429142442146e-01
1.182939162426613899e-01
1.185466862579516167e-01
1.187215249521292870e-01
1.185193806483599843e-01
1.191391618257301444e-01
1.187494084621349977e-01
1.193774161082605811e-01
1.195229482928585885e-01
1.193528671582992917e-01
1.195463686940884118e-01
1.177214874859824345e-01
1.179962463180066479e-01
1.183780847921013235e-01
1.176007797886102768e-01
1.174792306934310249e-01
1.178718413673071064e-01
1.177460185559859873e-01
1.176181561254663333e-01
1.187823990911627270e-01
1.191667259346232965e-01
1.197378754563439562e-01
1.195748281488080433e-01
1.196050959969848781e-01
1.196849172441762921e-01
1.195184044509194354e-01
1.195471161822045936e-01
1.197671174869263666e-01
1.200336892325445382e-01
1.199139890705611666e-01
1.200599743368176986e-01
1.202972447158456859e-01
1.201906711194931088e-01
1.203205599373066148e-01
1.210358809000574576e-01
1.210314396408851412e-01
1.210817257160282656e-01
1.211332331123714523e-01
1.211313522456269887e-01
1.211650936126210665e-01
1.211976136936905313e-01
1.211982180222558325e-01
1.212154343576459237e-01
1.209055603183304406e-01
1.209653070476350845e-01
1.208984614532191415e-01
1.207422836381465414e-01
1.208158234599643333e-01
1.207324084247242135e-01
1.205460719357008825e-01
1.206332702245733746e-01
1.205332806946461943e-01
1.203169547765847724e-01
1.203010875922456702e-01
1.204176518762645198e-01
1.200549698184990577e-01
1.200358473235715318e-01
1.201689819625124667e-01
1.197601622727969550e-01
1.197375864730314543e-01
1.198872826625159149e-01
1.212290285068875484e-01
1.212327810017381768e-01
1.212320652291590806e-01
1.212274925661257496e-01
1.212171758992128812e-01
1.212329315428922749e-01
1.211930299965906510e-01
1.212008638939109373e-01
1.211686705022603228e-01
1.211256738995090121e-01
1.210873250717074967e-01
1.211359182162849990e-01
1.210254661460038461e-01
1.210381591217757347e-01
1.209732083144620107e-01
1.208924570914405860e-01
1.209076594983359287e-01
1.208263969447986863e-01
1.207267052109379790e-01
1.207445000332486584e-01
1.206469751714790428e-01
1.205282766537688621e-01
1.204350341097990551e-01
1.205487686612227716e-01
1.181026292559648194e-01
1.181001787372780720e-01
1.178530249726174040e-01
1.182962228163451091e-01
1.173565741170959909e-01
1.174779980457384410e-01
1.183252206913489868e-01
1.190093395941649312e-01
1.189809624984268233e-01
1.191675051087427439e-01
1.186093510359087499e-01
1.185797447779446401e-01
1.187795108248306253e-01
1.191948814375178856e-01
1.194325843105363827e-01
1.195725842944070916e-01
1.194063386505392899e-01
1.180684622330531175e-01
1.178483157052967467e-01
1.179420353347720996e-01
1.181224001539100676e-01
1.185181463053319728e-01
1.185509890119210707e-01
1.183457278621773412e-01
1.177364792270132465e-01
1.179711585720428779e-01
1.189179442325005720e-01
1.189510346126899654e-01
1.187493727449899783e-01
1.192922770950416433e-01
1.193221861278137563e-01
1.191368394745244697e-01
1.197124712928318013e-01
1.196352205750663700e-01
1.194923550624795716e-01
1.196612973149199233e-01
1.198869484973444921e-01
1.201666810684531850e-01
1.204139378023951767e-01
1.209718442510679948e-01
1.210856580650671033e-01
1.211665072715747415e-01
1.212143932592774087e-01
1.208250734809006577e-01
1.206453622883434385e-01
1.204327358322733188e-01
1.201872275424353820e-01
1.199088786567562570e-01
1.195977376579753226e-01
1.212293265273601817e-01
1.212113266784182741e-01
1.211604223289377558e-01
1.210766509398170099e-01
1.209600585708875409e-01
1.208106995567482800e-01
1.206286361031295717e-01
1.177571631690322862e-01
1.176805341429884022e-01
1.179311386516991300e-01
1.175620582839922434e-01
1.181248420877627492e-01
1.183358919626511518e-01
1.181134836517638842e-01
1.188108833261616315e-01
1.183690871140773426e-01
1.190722928925566082e-01
1.192249248617370805e-01
1.190422145830295486e-01
1.192538602977144535e-01
1.182958215022736903e-01
1.187197250937183091e-01
1.180874368813573660e-01
1.179784278903281969e-01
1.178469408499747129e-01
1.178721831353982674e-01
1.177349008343345771e-01
1.183939273197732733e-01
1.181348936854250686e-01
1.182292744303286014e-01
1.191066123177021430e-01
1.194651908616436442e-01
1.199875500128790851e-01
1.198626067024393116e-01
1.198373685695734991e-01
1.199451581647876797e-01
1.197914786828967459e-01
1.198149262705993090e-01
1.200117384920553754e-01
1.202572027435201418e-01
1.202783880651216997e-01
1.201455198751015807e-01
1.204941824129694972e-01
1.203957874904730829e-01
1.205123537385536236e-01
1.209272610549085858e-01
1.209816418517194458e-01
1.209174501471385055e-01
1.210524211709546050e-01
1.210928985786683398e-01
1.210451703072954466e-01
1.211447657617750195e-01
1.211712616633368045e-01
1.211400040368441067e-01
1.212042469582516047e-01
1.212167101061759622e-01
1.212019258465032445e-01
1.207693415065617115e-01
1.208375211559341578e-01
1.207568776359456697e-01
1.205787264237547785e-01
1.206605745715163547e-01
1.205634951341111316e-01
1.203554870125871368e-01
1.204508482348621845e-01
1.203373528788987956e-01
1.200997011998393704e-01
1.202083958868500613e-01
1.200785084940398928e-01
1.198114529245547510e-01
1.199332783202390340e-01
1.197870263583814543e-01
1.194908314304069519e-01
1.194629769196087210e-01
1.196255627568924007e-01
1.212308254602805224e-01
1.212292317666380237e-01
1.212309190662094194e-01
1.212244707932838006e-01
1.212088234726343972e-01
1.212269759869082364e-01
1.211851615000637539e-01
1.211900979349384011e-01
1.211554910479607505e-01
1.211128852464389283e-01
1.210692492624698691e-01
1.211202952579878422e-01
1.210076388491890809e-01
1.209501217031622167e-01
1.210175872364656069e-01
1.208694282194044956e-01
1.207981405635937255e-01
1.208820019132621493e-01
1.206982682174240207e-01
1.207135758404268566e-01
1.206133463485712376e-01
1.179425913156142425e-01
1.176750258177030606e-01
1.177180255555176913e-01
1.175192661503841052e-01
1.171490140853523876e-01
1.172546130203235837e-01
1.186794867890487160e-01
1.186459524544075661e-01
1.188445447796537824e-01
1.182583813453617072e-01
1.181918470922905806e-01
1.184339512035955666e-01
1.188774332439801462e-01
1.191379303481980845e-01
1.192853223581099575e-01
1.191064344791761265e-01
1.184574306740364680e-01
1.188556913899021517e-01
1.188883221821358527e-01
1.186870427210502399e-01
1.179810612986749163e-01
1.182408695060120918e-01
1.192382317604286923e-01
1.190781364434851941e-01
1.192666943546084601e-01
1.195892028344831548e-01
1.194408196149336909e-01
1.196135981623521749e-01
1.199674362857433563e-01
1.199065193976268651e-01
1.197709501774278928e-01
1.199270698833969639e-01
1.201235573068811791e-01
1.203769202640625480e-01
1.205974140906496128e-01
1.208494139718596649e-01
1.209909332551035721e-01
1.210996704748934505e-01
1.211755737324340387e-01
1.212185994977770243e-01
1.206751725124279861e-01
1.204682762968357634e-01
1.202287997386648488e-01
1.199568235990458032e-01
1.196524342586193779e-01
1.193157229919641349e-01
1.212287129098339467e-01
1.212058880005170147e-01
1.211501078426988620e-01
1.210613646178207992e-01
1.209396596022642711e-01
1.207850030677170006e-01
1.179026552328500399e-01
1.174170800595878417e-01
1.184705576905886737e-01
1.178772555675605682e-01
1.179991989488855531e-01
1.180676988205245914e-01
1.187528210713285626e-01
1.189126388828718461e-01
1.187175622998846158e-01
1.189467847406748824e-01
1.186263451693111426e-01
1.190484766311443732e-01
1.183415592988649179e-01
1.181093425357367943e-01
1.182134163424747308e-01
1.184692565860535618e-01
1.184317976572705211e-01
1.182804643886533613e-01
1.181718433654324052e-01
1.180205276819373816e-01
1.194152268531895045e-01
1.197493100290059065e-01
1.202216788340535469e-01
1.200845625501456571e-01
1.201045104816076403e-01
1.201903490388909201e-01
1.200497277065358803e-01
1.200676446925078578e-01
1.202405663112592338e-01
1.204647952118745868e-01
1.203610754840238606e-01
1.204806585358767501e-01
1.206748603943003095e-01
1.206876924067108448e-01
1.205845975513054613e-01
1.208015190847856468e-01
1.207864572911400147e-01
1.208644586039910873e-01
1.209543386525593345e-01
1.210034494286202911e-01
1.209418080509815363e-01
1.210745436519311546e-01
1.211097251424625432e-01
1.210644773580047406e-01
1.211620332428260394e-01
1.211832113940017885e-01
1.211543868185305239e-01
1.212167142724163149e-01
1.212238419591653571e-01
1.212114659667302696e-01
1.206161928330026223e-01
1.205985108713906184e-01
1.206928346538460595e-01
1.203984741176578055e-01
1.204886666333919720e-01
1.203780613829007473e-01
1.201484827227873309e-01
1.202520500332092679e-01
1.201252075386216589e-01
1.198663431535356150e-01
1.199830860637018937e-01
1.198400534035987119e-01
1.195521836505978319e-01
1.195227075444783571e-01
1.196818808087475317e-01
1.192061348880578686e-01
1.191732818715157682e-01
1.193485442543741337e-01
1.212385018441329843e-01
1.212356527213681590e-01
1.212315591542459936e-01
1.212273198173181576e-01
1.212063141817381062e-01
1.212268937635178068e-01
1.211831012327065915e-01
1.211480673958326149e-01
1.211851448449161595e-01
1.211057886577208142e-01
1.210567884890552115e-01
1.211103710138258238e-01
1.209953344474140602e-01
1.209324565944334129e-01
1.210025467603584870e-01
1.208517009136240716e-01
1.208616560738570156e-01
1.207750602975623533e-01
1.177768977282421803e-01
1.174715155775812869e-01
1.173133853025440931e-01
1.175744856883299549e-01
1.169756846246219339e-01
1.170640142676552253e-01
1.183394712412220162e-01
1.183007289094402115e-01
1.185095552473074410e-01
1.178483621896606603e-01
1.180533789619954144e-01
1.178617386309026571e-01
1.185476464267738450e-01
1.188283289665690301e-01
1.189831892284574089e-01
1.187918726687607895e-01
1.188121397237287269e-01
1.188353191186922730e-01
1.186032677642516742e-01
1.191916711718798982e-01
1.192164423869035428e-01
1.190237629786176088e-01
1.182581871471410917e-01
1.184069269426325510e-01
1.186419089336397947e-01
1.195467597335513332e-01
1.193925623737318586e-01
1.195694303381158452e-01
1.198721044930030066e-01
1.198906970340987144e-01
1.197307370266355031e-01
1.202070975466393854e-01
1.201632773703722457e-01
1.201780406952910329e-01
1.200349809660344880e-01
1.203444253758256810e-01
1.205710610637151792e-01
1.207644729231189817e-01
1.207099494417591679e-01
1.208790037265040640e-01
1.210155028448373082e-01
1.211193425118411993e-01
1.211904257807002727e-01
1.212286636476831436e-01
1.205084509402218895e-01
1.202746250980210041e-01
1.200085939146769975e-01
1.197104836119526894e-01
1.193804235059443553e-01
1.190185444399591841e-01
1.212339755861309154e-01
1.212062900087266248e-01
1.211455446530039781e-01
1.210516868851833072e-01
1.209246739163142292e-01
1.176768612249269319e-01
1.172283300773900860e-01
1.180957083875725511e-01
1.176614539139798632e-01
1.184187336651184586e-01
1.185859356526980379e-01
1.183805073969305122e-01
1.186249814063019548e-01
1.190035046953052955e-01
1.193707875843194044e-01
1.184954083986368145e-01
1.183327772112163778e-01
1.186416277835036226e-01
1.184907082863974059e-01
1.184093447222822615e-01
1.187532092913711201e-01
1.185494950013203930e-01
1.186108874032802962e-01
1.187843220355973006e-01
1.197109460189190733e-01
1.200191381712745198e-01
1.204403286538636708e-01
1.203164852109577243e-01
1.203309021646088439e-01
1.204205167355253403e-01
1.202931873724192302e-01
1.203053267718893204e-01
1.204536875943406082e-01
1.206565171519259350e-01
1.206668567051623064e-01
1.205607345558391552e-01
1.208393137007819362e-01
1.207571646621528050e-01
1.208466319949869083e-01
1.206585513904531171e-01
1.207301006931731369e-01
1.206383794055227998e-01
1.208388941254708859e-01
1.208966832426355831e-01
1.208211963757573892e-01
1.209868678270269449e-01
1.210307739280551687e-01
1.209715810855113149e-01
1.211023195659182150e-01
1.211322458673262936e-01
1.210894031980881413e-01
1.211851029286525883e-01
1.211745391295226959e-01
1.212009792794421781e-01
1.212350788910810939e-01
1.212368622055326473e-01
1.212268728055558853e-01
1.204459981365463284e-01
1.204232664457974833e-01
1.205311594760415383e-01
1.202013974965703280e-01
1.202999982634092024e-01
1.201759988348327646e-01
1.199249161533024743e-01
1.200367602854873761e-01
1.198967220282874946e-01
1.196167233957960985e-01
1.195855846485071039e-01
1.197415924342107862e-01
1.192769897729933914e-01
1.194146440770590401e-01
1.192427372600660673e-01
1.189058852907357577e-01
1.188683293395768059e-01
1.190560653502954480e-01
1.212521166268270001e-01
1.212462963500017255e-01
1.212397911630663794e-01
1.212360942485023463e-01
1.212096717291334391e-01
1.212327107048754016e-01
1.211868994747843375e-01
1.211464190467121949e-01
1.211860261768423763e-01
1.211044302156063512e-01
1.210499582477223557e-01
1.211061629030409925e-01
1.209885950663898146e-01
1.209202247847467326e-01
1.209930512297687777e-01
1.173368413065666305e-01
1.174057634598580924e-01
1.171584399930230003e-01
1.168376968858128029e-01
1.169082713837066301e-01
1.179977477485971704e-01
1.181685469466513538e-01
1.179231566217490146e-01
1.175950715183136097e-01
1.182094861960686361e-01
1.185035777635856657e-01
1.186660075176264595e-01
1.184624595216831056e-01
1.191473208297119113e-01
1.189799496327309525e-01
1.191711489748170649e-01
1.195080027531228994e-01
1.193499060157121594e-01
1.195289103823754528e-01
1.185705942447715655e-01
1.186992635692784015e-01
1.189523066551917418e-01
1.198418559245870707e-01
1.198584282586013794e-01
1.196943978557212240e-01
1.201409903765201515e-01
1.200066328400949400e-01
1.201535095250767515e-01
1.204315017307545643e-01
1.204054826901959085e-01
1.202844641658347147e-01
1.204142169621228442e-01
1.205496111959040162e-01
1.207491461052593307e-01
1.209151418561867919e-01
1.207497720818904163e-01
1.205533409215022722e-01
1.209139189911110357e-01
1.210456260007858331e-01
1.211447434853420990e-01
1.212111287427527495e-01
1.212446468348256090e-01
1.203247862323223449e-01
1.200642727988898706e-01
1.197719684658827832e-01
1.194480429969265733e-01
1.190926668935641253e-01
1.187060066162040073e-01
1.212451713617328508e-01
1.212125851661568499e-01
1.211467809598597567e-01
1.210476618644173996e-01
1.170909419253020056e-01
1.176173369955442194e-01
1.177314809023228825e-01
1.178079360786313812e-01
1.174772914822527214e-01
1.180646230381223738e-01
1.182418109821569141e-01
1.180321816160663229e-01
1.182854912566704275e-01
1.193293649212668894e-01
1.196765170713259829e-01
1.189574004781475125e-01
1.187290763850997743e-01
1.187987097934659619e-01
1.188397574682590330e-01
1.186667438854798196e-01
1.190774514955940111e-01
1.188621410673479373e-01
1.189149173863963682e-01
1.191144464455862195e-01
1.199929301921180969e-01
1.202746741031756050e-01
1.206435089196715715e-01
1.205331545614489741e-01
1.205418198594155887e-01
1.206356300191694375e-01
1.205279703471684449e-01
1.205218360418813806e-01
1.206511321840361139e-01
1.208323614065062168e-01
1.207445187701526867e-01
1.208369963785933532e-01
1.209875194004553789e-01
1.209891710819693822e-01
1.209134948801053877e-01
1.207059402670257464e-01
1.207724806515999560e-01
1.206832099470658282e-01
1.204981991150840814e-01
1.205784368995648226e-01
1.204730791293273651e-01
1.208816022892525988e-01
1.209343002599361228e-01
1.208612016069602335e-01
1.210249811710180090e-01
1.210068729160838075e-01
1.210637172571654707e-01
1.211358779618381121e-01
1.211200479760876636e-01
1.211605589630877500e-01
1.212140999345838743e-01
1.212005572291471323e-01
1.212246595032391294e-01
1.212594616989846052e-01
1.212558607698636104e-01
1.212482384509075972e-01
1.202585866984878793e-01
1.203523521901689319e-01
1.202309945558069915e-01
1.199873134309298317e-01
1.200944132947654452e-01
1.199571446525516949e-01
1.196845912101360820e-01
1.198048094962776977e-01
1.196517198793124459e-01
1.193506321314437013e-01
1.194837314885083268e-01
1.193149114462116467e-01
1.189856441168941625e-01
1.189469090740558066e-01
1.191313692673244828e-01
1.185898403924376954e-01
1.185479328917536934e-01
1.187479147063316143e-01
1.212717862567529448e-01
1.212540133201136516e-01
1.212629376818374904e-01
1.212509059912110221e-01
1.212189772043889002e-01
1.212445100925554353e-01
1.211966635818971794e-01
1.211928207751467035e-01
1.211506227162930660e-01
1.211089128328337594e-01
1.211077454506856999e-01
1.210488310538774259e-01
1.172495937107268515e-01
1.172940301320947176e-01
1.170456772587075145e-01
1.167364235286718621e-01
1.167883349379559288e-01
1.176291672590097370e-01
1.178128505243477564e-01
1.176226743090096338e-01
1.174343682030751790e-01
1.178468578730197391e-01
1.181632320043972673e-01
1.183334709704639831e-01
1.181158270002831134e-01
1.194724628840659886e-01
1.193103832154562838e-01
1.194921813711912195e-01
1.198158246896787738e-01
1.198304085478661962e-01
1.196620982258256305e-01
1.189006150183492538e-01
1.190196267008080122e-01
1.192777099163772059e-01
1.201234967171436185e-01
1.199827689631861594e-01
1.201336746035320813e-01
1.203958045867503657e-01
1.202684843280314997e-01
1.204020033163061276e-01
1.206406377901811933e-01
1.206330628001113237e-01
1.206355467974903339e-01
1.205193576757378482e-01
1.207391157723681774e-01
1.209111602122256990e-01
1.210493903920231151e-01
1.206030853745561071e-01
1.207947773723091478e-01
1.203794237868986983e-01
1.209542939154534258e-01
1.210814335670848951e-01
1.211760005021789155e-01
1.212378056454193054e-01
1.212666677549392169e-01
1.201240016495155327e-01
1.198370299864971456e-01
1.195187206799582791e-01
1.191692840400822018e-01
1.187889335172679361e-01
1.183778973283267089e-01
1.212624144445233476e-01
1.212248831359823420e-01
1.211539219312807170e-01
1.169961476728350602e-01
1.174393933288805369e-01
1.176352342793807182e-01
1.178498433732552142e-01
1.176316487082778028e-01
1.179011009920127862e-01
1.196462970935658898e-01
1.199712544256082980e-01
1.192686028342839766e-01
1.190559238817475718e-01
1.191115807348483990e-01
1.193862074978672139e-01
1.191747283856465778e-01
1.192313915475797792e-01
1.191988705643309832e-01
1.190191196064195323e-01
1.194318791628677934e-01
1.202611414986135552e-01
1.205158540142434731e-01
1.208311704129130248e-01
1.207345302312740065e-01
1.207372437040273860e-01
1.208355977040828089e-01
1.207355917252712629e-01
1.207355142298525141e-01
1.208328717510301908e-01
1.209922618500173241e-01
1.209123914888780016e-01
1.209910329042466204e-01
1.211193955069532757e-01
1.210535357498232489e-01
1.211152496536913592e-01
1.205552753854822745e-01
1.206306671567500821e-01
1.205276686411778098e-01
1.207585558434598472e-01
1.207331697906779411e-01
1.208201405498227077e-01
1.203202498969246914e-01
1.204092816229666019e-01
1.202903650951077097e-01
1.209298373393228321e-01
1.209066377165745054e-01
1.209774728334679361e-01
1.210688692478953943e-01
1.211024392214469225e-01
1.210478451427983160e-01
1.211754056994747142e-01
1.211948204163274534e-01
1.211565696713573503e-01
1.212492069941816242e-01
1.212544038732619178e-01
1.212325950703960764e-01
1.212900409660476742e-01
1.212809850096774333e-01
1.212757125124203084e-01
1.200537351250732243e-01
1.201562157505664530e-01
1.200214921311445471e-01
1.197559871534055187e-01
1.198717027799560686e-01
1.197212836027109484e-01
1.194272605487585182e-01
1.195559759522336618e-01
1.193899726952875051e-01
1.190678040914520119e-01
1.192092659601264870e-01
1.190277907047428974e-01
1.186778245380251118e-01
1.188318036601375693e-01
1.186349838418103708e-01
1.182572764438922786e-01
1.182116795486691796e-01
1.184238138417212927e-01
1.212976842941909661e-01
1.212743683557218066e-01
1.212857217571796653e-01
1.212719237494042090e-01
1.212343686348593685e-01
1.212624322698641066e-01
1.212125573636334552e-01
1.211608117627713810e-01
1.212056642637079351e-01
1.171818476709917123e-01
1.169596068547643641e-01
1.172154434052176120e-01
1.166707717610421247e-01
1.167046093431652887e-01
1.174054180738354214e-01
1.174081638038014797e-01
1.178328685986866908e-01
1.179981474504659955e-01
1.177340712843792936e-01
1.197764740406032091e-01
1.197979214948526883e-01
1.196245707986250961e-01
1.201110159147370515e-01
1.201187580703968472e-01
1.199636103612038429e-01
1.192340986192219621e-01
1.193295336994112388e-01
1.195838523101256934e-01
1.203915425831396657e-01
1.202576096189075239e-01
1.203950828025729392e-01
1.206364354711124687e-01
1.205162069692071736e-01
1.206360855001303856e-01
1.208344353863962661e-01
1.208458849936422386e-01
1.207395589069404362e-01
1.208419180217522593e-01
1.209128813042754658e-01
1.210570292147237215e-01
1.211671290206713936e-01
1.204387367452482982e-01
1.206578816885929273e-01
1.208451604173743643e-01
1.201879803520747858e-01
1.210003206965598599e-01
1.211231142911445291e-01
1.212132983975859890e-01
1.212706370320973948e-01
1.212949023678882021e-01
1.199058683109980317e-01
1.195926558009418050e-01
1.192485943897356737e-01
1.188739418858858476e-01
1.184689704554401368e-01
1.180466405547235809e-01
1.212858760141500847e-01
1.212433502244295580e-01
1.169276805910595129e-01
1.170976238167790173e-01
1.171386577076717339e-01
1.173676774015799396e-01
1.174362031804820905e-01
1.175348443609935956e-01
1.176357531155228786e-01
1.199454653396651027e-01
1.202528279619509144e-01
1.194849803122688403e-01
1.193736888421244036e-01
1.193403423135518393e-01
1.197199969222472182e-01
1.194966110005851734e-01
1.195512705908975404e-01
1.195687950528674381e-01
1.193840401012257191e-01
1.197494783563315401e-01
1.205154586949748197e-01
1.207425551071601433e-01
1.210032038053960868e-01
1.209205118483775987e-01
1.209170944510724599e-01
1.210202671006326280e-01
1.209343115817579362e-01
1.209278365271101441e-01
1.209988184542909462e-01
1.211360923396571643e-01
1.210642565833484063e-01
1.211288621187461834e-01
1.212348002350597254e-01
1.212247483122782521e-01
1.211771753899125725e-01
1.203866453004498460e-01
1.203543393636903325e-01
1.204710148324088514e-01
1.206174837440818770e-01
1.205872625707988810e-01
1.206880768367386558e-01
1.208166527827743142e-01
1.208733046013857892e-01
1.207884844858825302e-01
1.201244399970258225e-01
1.202223968237308149e-01
1.200899939364520330e-01
1.209838511319527576e-01
1.210264221729343559e-01
1.209577275447939471e-01
1.211187804891029618e-01
1.211471574660766271e-01
1.210947172969071284e-01
1.212211472414642666e-01
1.212352438244507224e-01
1.211991839830653950e-01
1.212906641337772040e-01
1.212904215366462646e-01
1.212708640757156342e-01
1.213270518980587021e-01
1.213095017751004701e-01
1.213124393067168683e-01
1.198311697388930730e-01
1.199425016316661985e-01
1.197945051674612627e-01
1.195071337222030072e-01
1.196316068769202046e-01
1.194681497402590997e-01
1.191526272177220180e-01
1.192899872999955146e-01
1.191111988320939785e-01
1.187679056255185328e-01
1.189179038737266936e-01
1.187238904687778485e-01
1.183563143147082775e-01
1.183078941659356786e-01
1.185171096028727611e-01
1.179268702351391473e-01
1.178808956971626465e-01
1.180920965896741226e-01
1.213300408322542934e-01
1.213148504542329587e-01
1.213010556667891704e-01
1.212993723138954261e-01
1.212866740393081511e-01
1.212560403186927482e-01
1.166415417880761751e-01
1.166567951797310432e-01
1.168843917853398251e-01
1.172666333483470824e-01
1.175006377226638365e-01
1.176665664112523935e-01
1.174687633586576352e-01
1.201039987437025891e-01
1.199405922546360470e-01
1.201090206342045885e-01
1.203929968877439638e-01
1.203937250672061365e-01
1.202520934919475426e-01
1.195239589106545930e-01
1.196002990908420216e-01
1.199137730623461850e-01
1.206458668334497997e-01
1.206425314651934366e-01
1.205187923275145012e-01
1.208627084752986747e-01
1.208556022220351744e-01
1.207496585066240025e-01
1.210127634290354415e-01
1.210437523591516573e-01
1.210331558906472260e-01
1.209449030753788623e-01
1.210707899532466048e-01
1.211866190541196486e-01
1.212682086017060623e-01
1.202564674295657499e-01
1.205029826478862809e-01
1.207179856347394553e-01
1.209011745203752985e-01
1.199787421270528398e-01
1.210522495241500573e-01
1.211709146691897221e-01
1.212568794691951668e-01
1.213098605762031879e-01
1.213295833845312588e-01
1.196701071510262171e-01
1.193308593548872976e-01
1.189612814789516859e-01
1.185631399660078689e-01
1.181425925926734566e-01
1.177143824260808991e-01
1.213157835774332227e-01
1.168703101083338192e-01
1.170944592616558477e-01
1.172651255312592289e-01
1.170956155043676450e-01
1.172972826457515660e-01
1.202500822103552691e-01
1.205209459276784800e-01
1.197886576830258232e-01
1.196785593538515213e-01
1.196355017435533075e-01
1.197530744862275176e-01
1.199426086925032831e-01
1.197554668834097669e-01
1.201118981550149956e-01
1.199167936341860585e-01
1.201093611113002169e-01
1.207557256871977236e-01
1.209545916317980030e-01
1.211594387253503990e-01
1.210909377982196666e-01
1.210812322708975097e-01
1.211894236098032263e-01
1.211177898284110377e-01
1.211047535968944322e-01
1.211488239528696331e-01
1.212636661254152814e-01
1.211999576111725263e-01
1.212503196691747664e-01
1.213335316230077510e-01
1.212842419309840825e-01
1.213174878383613819e-01
1.201997456789765106e-01
1.202932444326003658e-01
1.201629382811584268e-01
1.204580897520624028e-01
1.205378386386127820e-01
1.204232049173670216e-01
1.206851394343548822e-01
1.207509508930519893e-01
1.206521469724735063e-01
1.208805439516219549e-01
1.209322551677975977e-01
1.208494378352138465e-01
1.199104569867665004e-01
1.198716728338763415e-01
1.200174944268675992e-01
1.210439534338377809e-01
1.210814273773999084e-01
1.210147519446019837e-01
1.211750209067085082e-01
1.211981472281642436e-01
1.211477666463174341e-01
1.212734042518286426e-01
1.212821000321956388e-01
1.212481640262600413e-01
1.213387681478867997e-01
1.213329784929313426e-01
1.213156327131295065e-01
1.213707859809683987e-01
1.213498696480189709e-01
1.213504844496282598e-01
1.195905693613040777e-01
1.197109124426483096e-01
1.195497309280386666e-01
1.192404207438412245e-01
1.193738171388494251e-01
1.191974290940038816e-01
1.188603332324723594e-01
1.190065174351671029e-01
1.188150552788983516e-01
1.184505144631446960e-01
1.186092559231234356e-01
1.184043532996593706e-01
1.180131533935601107e-01
1.181848219021651714e-01
1.179708662468884617e-01
1.175611471311249767e-01
1.177441101567952009e-01
1.175313720353969860e-01
1.213691417027911168e-01
1.213343305634267955e-01
1.213505818038380646e-01
1.166485382869032472e-01
1.166452109793990610e-01
1.168680273538762471e-01
1.171186943209205911e-01
1.173096000890918589e-01
1.171065565157217714e-01
1.204005359356615790e-01
1.203982399116019231e-01
1.202522572602806594e-01
1.206618520711432163e-01
1.206552574383226162e-01
1.205274951094507108e-01
1.199484165207155284e-01
1.198667427292904319e-01
1.197603158187503514e-01
1.199509909563977184e-01
1.199458938984462320e-01
1.202579995317868411e-01
1.208862563090501441e-01
1.207661421177494976e-01
1.208758219719663352e-01
1.210743802023126481e-01
1.209686298614263134e-01
1.210603340941350803e-01
1.211754293666998938e-01
1.212264070227370150e-01
1.211351627141451504e-01
1.212090239712957374e-01
1.212126630653493908e-01
1.212997352891399538e-01
1.213524201033305827e-01
1.200559692626228525e-01
1.203297801618521401e-01
1.205724775872702992e-01
1.207837113193951373e-01
1.209631310524119652e-01
1.197513926114506244e-01
1.211103883459888619e-01
1.212251386024424393e-01
1.213070430151224066e-01
1.213557704923556857e-01
1.213709995431397903e-01
1.194163920164337256e-01
1.190512978706758096e-01
1.186563814396204286e-01
1.182328231559394149e-01
1.177879965421380071e-01
1.173401527836657188e-01
1.168716327893688511e-01
1.168835578252725993e-01
1.205327376473187551e-01
1.207755057180676106e-01
1.201247102183253812e-01
1.199563634361755504e-01
1.200350309094038170e-01
1.201191210285378341e-01
1.202491359137295435e-01
1.200962557494538174e-01
1.200992090631234355e-01
1.203128204252004174e-01
1.201277631443312677e-01
1.204167918856570152e-01
1.204096564626014887e-01
1.202634099157975367e-01
1.209817158011300409e-01
1.211517130295762801e-01
1.212996435050982535e-01
1.212455848422312465e-01
1.212294561583732166e-01
1.213427910477105076e-01
1.212857592079142899e-01
1.212660200664958943e-01
1.212826789434456876e-01
1.213747355878284084e-01
1.213192773908232658e-01
1.213551806845452052e-01
1.214153274618676726e-01
1.213745032921899059e-01
1.213932290868957597e-01
1.199942245868889090e-01
1.199531334768342283e-01
1.200970278464084107e-01
1.202800285584323392e-01
1.203691051943718282e-01
1.202406722200880518e-01
1.205349586405528584e-01
1.206100983593041409e-01
1.204973079140034820e-01
1.207586159659510550e-01
1.208196325143969796e-01
1.207226662662538308e-01
1.209506001428487520e-01
1.209973325291611168e-01
1.209163717163656004e-01
1.196779413939764725e-01
1.196350621203023934e-01
1.197942387270496400e-01
1.211105115581377900e-01
1.211428251095907349e-01
1.210780495087813158e-01
1.212379536222698562e-01
1.212557409005516895e-01
1.212073278170235913e-01
1.213325350046533524e-01
1.213038398367775050e-01
1.213357165738653265e-01
1.213938718758429403e-01
1.213823969045674245e-01
1.213672258735745135e-01
1.214215901162287725e-01
1.213954368046813448e-01
1.213971354054995677e-01
1.193315668253742690e-01
1.192868223639368397e-01
1.194611054353693635e-01
1.189554561503735064e-01
1.190979798864479910e-01
1.189087542931359653e-01
1.185500588092563978e-01
1.187052344909370616e-01
1.185011743807513618e-01
1.181154209183300496e-01
1.182829974152156405e-01
1.180651755498135502e-01
1.176515350964427720e-01
1.178324597645553640e-01
1.176071124247803912e-01
1.171717169890383881e-01
1.173666438099378873e-01
1.171456293636892187e-01
1.166904305728249103e-01
1.166695418951135821e-01
1.169045507059405242e-01
1.206849631103450449e-01
1.206745936888993231e-01
1.205424615452989068e-01
1.209174576102866050e-01
1.207897269802811202e-01
1.209032130891454226e-01
1.201851965468524464e-01
1.202724650021287367e-01
1.202809538570476233e-01
1.205514964320227866e-01
1.211123917071446066e-01
1.209994006572553404e-01
1.210946847984973873e-01
1.212711538608782780e-01
1.211728510209263421e-01
1.212500029340914942e-01
1.213221791290358675e-01
1.213935288746227359e-01
1.213100489112559632e-01
1.213692238925515587e-01
1.213382608988362588e-01
1.213961229306037559e-01
1.214194946716029566e-01
1.198368870785484486e-01
1.201379258487392798e-01
1.204082945000810589e-01
1.206475960713717654e-01
1.208554309557858808e-01
1.210313991325329130e-01
1.195055709566995583e-01
1.211751024504225116e-01
1.212861468673801513e-01
1.213641446784802236e-01
1.214087167438374637e-01
1.191443570043343447e-01
1.187536396961538232e-01
1.183336220064308275e-01
1.178844367692226669e-01
1.174125029105960172e-01
1.169313260685788114e-01
1.208025211958170253e-01
1.210163574687493915e-01
1.203311754489718721e-01
1.205746351204598499e-01
1.204114256710464570e-01
1.204429269509112999e-01
1.206739729656165494e-01
1.204929813440296371e-01
1.207588459976099982e-01
1.207220387580011378e-01
1.205876760649278179e-01
1.211931258323047933e-01
1.213336101823900837e-01
1.214235248711217352e-01
1.213841681279952400e-01
1.213615036640767197e-01
1.214800304152393595e-01
1.214378900390135074e-01
1.214113283785237529e-01
1.214001128820353381e-01
1.214689921489275903e-01
1.214219378283527551e-01
1.214431597087377579e-01
1.214798655435556096e-01
1.214476672701069182e-01
1.214516732177691738e-01
1.197696855264772653e-01
1.198819910199172556e-01
1.197245470068860618e-01
1.200829086980473859e-01
1.200392930289551074e-01
1.201815081315168454e-01
1.203657237834636629e-01
1.203236015652713320e-01
1.204503843768000015e-01
1.206176856993981250e-01
1.205770529582990136e-01
1.206881976156911618e-01
1.208383447718701653e-01
1.207992229764621728e-01
1.208945228139918227e-01
1.210272496406866738e-01
1.209896857262870995e-01
1.210689344844425586e-01
1.194265405895011956e-01
1.193798007393547245e-01
1.195522729703112352e-01
1.211839498299918105e-01
1.212110090931802775e-01
1.211480161202269645e-01
1.213079982200726548e-01
1.213203274128962228e-01
1.212737922359403697e-01
1.213989536035745553e-01
1.213964769213721206e-01
1.213665976876907582e-01
1.214563832769745000e-01
1.214390542023439101e-01
1.214260240483031605e-01
1.190540679722240647e-01
1.190055336824153986e-01
1.191928462688711665e-01
1.186539526280637746e-01
1.186028533823024755e-01
1.188047298726839784e-01
1.182211129785007975e-01
1.183856901420184959e-01
1.181691226845095199e-01
1.177627639421446881e-01
1.179391204056480236e-01
1.177079746573425068e-01
1.172767369529152948e-01
1.174642100241534148e-01
1.172249951480688335e-01
1.167675030088856092e-01
1.169695391180405331e-01
1.167290198197720175e-01
1.209588264349495956e-01
1.208215996504995449e-01
1.209392420145870561e-01
1.211583365848564187e-01
1.210378788151447171e-01
1.211366541764324900e-01
1.204941007710890188e-01
1.206224663014864307e-01
1.206657528315148165e-01
1.208588779990641404e-01
1.213239575711883012e-01
1.212182572463490482e-01
1.212988083862388544e-01
1.214526640336148766e-01
1.213619909650239803e-01
1.214242656776182150e-01
1.214526964805723308e-01
1.215447322628973037e-01
1.215133934262399018e-01
1.214692088213202847e-01
1.214472824423264985e-01
1.214754665310445736e-01
1.214691040428890201e-01
1.195988452572754879e-01
1.199270261134228743e-01
1.202250475782028483e-01
1.204924449358906191e-01
1.207287707481925487e-01
1.209335744761400600e-01
1.211064051410514208e-01
1.192410452772846297e-01
1.212468138769624559e-01
1.213543564054954116e-01
1.214285955964863328e-01
1.188547884160565671e-01
1.184384958017209444e-01
1.179927893938251815e-01
1.175205783940014292e-01
1.170226234092707207e-01
1.210597978224731142e-01
1.212425230719619274e-01
1.208695289724269761e-01
1.207696575593608657e-01
1.207214327891793504e-01
1.210173177135068778e-01
1.208449269929852132e-01
1.208129368921947444e-01
1.210506672922171401e-01
1.210046441864525146e-01
1.209046428956522812e-01
1.213896094401771819e-01
1.214999079138988636e-01
1.215307276809118875e-01
1.214770505984323901e-01
1.215063404923183432e-01
1.216007397414649027e-01
1.215403080859454032e-01
1.215737884396762558e-01
1.215007938419478961e-01
1.215460665453164113e-01
1.215139109680287710e-01
1.215076000082915275e-01
1.215267643040022216e-01
1.214924623033244444e-01
1.215033819835471540e-01
1.195256919949611030e-01
1.196477172120586907e-01
1.194767844034123616e-01
1.198662960151883894e-01
1.199746346159794586e-01
1.198186522325854764e-01
1.201770033538246407e-01
1.201306167001143788e-01
1.202713998960064368e-01
1.204573247040626738e-01
1.205375455220906167e-01
1.204121905929971259e-01
1.207067625171559522e-01
1.207725979184793852e-01
1.206629027655905517e-01
1.209248146823077574e-01
1.209760803493299397e-01
1.208822773020462593e-01
1.211109776218830536e-01
1.211475157848789230e-01
1.210698366599513021e-01
1.191556673808262801e-01
1.192911324649662541e-01
1.191055609391163950e-01
1.212647489022304903e-01
1.212864294475980431e-01
1.212251043433507647e-01
1.213856299264196581e-01
1.213923514311190388e-01
1.213476074026983431e-01
1.214731290067871949e-01
1.214648195345225945e-01
1.214368792132569652e-01
1.187564127026984329e-01
1.189053706677948297e-01
1.187059381379906853e-01
1.183427886077775826e-01
1.184982856568221887e-01
1.182827953546595756e-01
1.178802499826199224e-01
1.178224581215383537e-01
1.180508573551606322e-01
1.173922987529354423e-01
1.173355281408133832e-01
1.175777736922106742e-01
1.168783392595553750e-01
1.170777595002001625e-01
1.168241260966298434e-01
1.212153268000645268e-01
1.210867734652977257e-01
1.211879634777848214e-01
1.213853117931115166e-01
1.213559238445373056e-01
1.212718695737269314e-01
1.209407346064221844e-01
1.209591806989693819e-01
1.211332695447674412e-01
1.215205381111125194e-01
1.214878033280951675e-01
1.214223404541455720e-01
1.216184712609905683e-01
1.215827125145108045e-01
1.215356493310586483e-01
1.215666028083635108e-01
1.216795690630476656e-01
1.216122257597310741e-01
1.216411071839795799e-01
1.215393654337567630e-01
1.215373906413662608e-01
1.215008613486857625e-01
1.196966454081281883e-01
1.193413354697955286e-01
1.200223042801573659e-01
1.203178281750720835e-01
1.205827240049754945e-01
1.208164919105566559e-01
1.210186289655599268e-01
1.211886320726236477e-01
1.189568324231704555e-01
1.213260006725612739e-01
1.214302394294141108e-01
1.185502795651317554e-01
1.181125572930266099e-01
1.176375213501387185e-01
1.171365619621186349e-01
1.213017207719372381e-01
1.214542854209633704e-01
1.211779539342315859e-01
1.210221539359646048e-01
1.210940734225006699e-01
1.213369114582500963e-01
1.211759459149626128e-01
1.211118720155476280e-01
1.212936285545115345e-01
1.212553837621229702e-01
1.211720888281242470e-01
1.215707435873126796e-01
1.216501637761271404e-01
1.216208353325437530e-01
1.216116926014315647e-01
1.215757110993112011e-01
1.217044547109636943e-01
1.216929983586559905e-01
1.216525260854136592e-01
1.215843288498706931e-01
1.216055295880482667e-01
1.215758647067335385e-01
1.215670290581751800e-01
1.215555838556321433e-01
1.215151803309111322e-01
1.215412367120646264e-01
1.196297198958539143e-01
1.197480313518244355e-01
1.195782935556654047e-01
1.192617775271607172e-01
1.193937524167819619e-01
1.192093115757278943e-01
1.199683245134113285e-01
1.200726927505036956e-01
1.199179000803550776e-01
1.202770608330565594e-01
1.203672259130387223e-01
1.202276275757021562e-01
1.205553825396658008e-01
1.206311099993141456e-01
1.205069616308207525e-01
1.208027380113860794e-01
1.208638181310500714e-01
1.207553776564084247e-01
1.210185712271093506e-01
1.210648204742983403e-01
1.209723464975372975e-01
1.212023254572422992e-01
1.211573378459428474e-01
1.212335874441753392e-01
1.188648950227308987e-01
1.190103552952495036e-01
1.188112677514112647e-01
1.213534449348492306e-01
1.213098226889648412e-01
1.213695918670125717e-01
1.214713785927260536e-01
1.214292759760562390e-01
1.214723123609363631e-01
1.184568953594660190e-01
1.184003825406378940e-01
1.186065134822739120e-01
1.180150986120782619e-01
1.179485168834069064e-01
1.181789050696446797e-01
1.175500765398258540e-01
1.174723835332697197e-01
1.177151123491861906e-01
1.170231841754497681e-01
1.172081235638529062e-01
1.169522892940058068e-01
1.214532000362300579e-01
1.214209016203590119e-01
1.213343325925509975e-01
1.215970530270797934e-01
1.215602355260684275e-01
1.214914884038980070e-01
1.212531506123959435e-01
1.212345968057110257e-01
1.213757209138478510e-01
1.217015633823063103e-01
1.216112004213080189e-01
1.216611968063788796e-01
1.217680715388029800e-01
1.217248781969406668e-01
1.216933628216633201e-01
1.216634577002889683e-01
1.217975185815872718e-01
1.217386182867099542e-01
1.217518762712282987e-01
1.216140869073042419e-01
1.215814607114070744e-01
1.215143223194000699e-01
1.197995925538384299e-01
1.194463072928140246e-01
1.190639523835186342e-01
1.201232732725033836e-01
1.204168194189030316e-01
1.206796816957769192e-01
1.209113069330638446e-01
1.211111379094407248e-01
1.212786188020371636e-01
1.186612544290762683e-01
1.214131959902976510e-01
1.182365368336525391e-01
1.177834444479468612e-01
1.172882636880501206e-01
1.215272086667047446e-01
1.216508600634619297e-01
1.214771148344616636e-01
1.214054012496091906e-01
1.213273342774532360e-01
1.216241012741214877e-01
1.214789612000610752e-01
1.213826969036508885e-01
1.214669310238137845e-01
1.217360218766743163e-01
1.217838783677348546e-01
1.216933708127310165e-01
1.216570383697554991e-01
1.216997536059627461e-01
1.217906515457054528e-01
1.217474882554591131e-01
1.217949971796243869e-01
1.216502646980540669e-01
1.216468931557540545e-01
1.216020499889127748e-01
1.216262732646581357e-01
1.215658274651920667e-01
1.215193546239989875e-01
1.215607631414883372e-01
1.197391864015987517e-01
1.198537714498445483e-01
1.196849607985430719e-01
1.193728105538554018e-01
1.193177699159978511e-01
1.195012642255929292e-01
1.189782188615584602e-01
1.189220281358509546e-01
1.191199773393587513e-01
1.200763854716091483e-01
1.201767471839183532e-01
1.200228711827925343e-01
1.203836924962395916e-01
1.204695668346651427e-01
1.203309067082272144e-01
1.206605064423009743e-01
1.207316566966964988e-01
1.206084941227479890e-01
1.209062172705199778e-01
1.208550549064775215e-01
1.209624335865209233e-01
1.211202159104722842e-01
1.210700040332031158e-01
1.211613146226826476e-01
1.213018900309541515e-01
1.213277159849168729e-01
1.212527585136228270e-01
1.185554818580140113e-01
1.187102528897364673e-01
1.185064682027809901e-01
1.214506285551661957e-01
1.214610565868156078e-01
1.214027347128695533e-01
1.181304631054908016e-01
1.182932570016530516e-01
1.180728886795509025e-01
1.176894784866089338e-01
1.178524541690393335e-01
1.176210253882662427e-01
1.172009302701536582e-01
1.173758485152692765e-01
1.171140045056077161e-01
1.216694458544099744e-01
1.216357091362849641e-01
1.215623148373953244e-01
1.217926762406403851e-01
1.216950917429685530e-01
1.217485901961863348e-01
1.215477491855483372e-01
1.215768088361224297e-01
1.218665046887862369e-01
1.218185059004128767e-01
1.217843201209257709e-01
1.219012720842491682e-01
1.218503653604420256e-01
1.218347395376545572e-01
1.217427602979072043e-01
1.218980354063975424e-01
1.218451532036406437e-01
1.218478489672359943e-01
1.216709642983538897e-01
1.216071842858911234e-01
1.215089868962797581e-01
1.199082662059645088e-01
1.195564328230951379e-01
1.191759116616695202e-01
1.187673144775692746e-01
1.202305468190334459e-01
1.205226299341632945e-01
1.207839256193117272e-01
1.210138188937187609e-01
1.212117005664705705e-01
1.213769593054812024e-01
1.183426897079380424e-01
1.179106653401466032e-01
1.174471207189995425e-01
1.217338911712612104e-01
1.218312600572877269e-01
1.216988416018075503e-01
1.215864742729588777e-01
1.216585504052015709e-01
1.218745214545727817e-01
1.217474554768830375e-01
1.216864640815059628e-01
1.218850784256528819e-01
1.219006364975164791e-01
1.217477966764544117e-01
1.217699917582434344e-01
1.217205251488311379e-01
1.218587505886220557e-01
1.218246394726273385e-01
1.218792236176756694e-01
1.216980887700164216e-01
1.216696122523475143e-01
1.216184526316559378e-01
1.216583090132811185e-01
1.215569437039895062e-01
1.215614370652087217e-01
1.215044576567242407e-01
1.198547491148719280e-01
1.197973290093226062e-01
1.199655642066345118e-01
1.194896580459131608e-01
1.196141617869093121e-01
1.194313476502243399e-01
1.190953005189122615e-01
1.190367624217963938e-01
1.192336848108599412e-01
1.186763772028895936e-01
1.186173284418041707e-01
1.188275823620295046e-01
1.201911606069051563e-01
1.201342137190425374e-01
1.202874319240817558e-01
1.204975870478058875e-01
1.204410951385950224e-01
1.205790589751365438e-01
1.207733674524733569e-01
1.207174283909026036e-01
1.208398204989677982e-01
1.210178613579040441e-01
1.210690754031665817e-01
1.209625664708785520e-01
1.212304058569219078e-01
1.212661899044004121e-01
1.211758792065233958e-01
1.214103227663549944e-01
1.214305224143834572e-01
1.213567231191917672e-01
1.181722614269052896e-01
1.183641628163676351e-01
1.181504990694113300e-01
1.178081972972838676e-01
1.177495985128286238e-01
1.179691053058873340e-01
1.174099135926176540e-01
1.175499785175043721e-01
1.173078299272170000e-01
1.218910207619179342e-01
1.217788469633163118e-01
1.218424901124895987e-01
1.219731703790835065e-01
1.219214218700241936e-01
1.218833462145900715e-01
1.217818722569877776e-01
1.217970807704547020e-01
1.220174871660948401e-01
1.219420053262878501e-01
1.219603060548427598e-01
1.220164848093603371e-01
1.219589665799499789e-01
1.219581627841569427e-01
1.218039447842009793e-01
1.219804823010219863e-01
1.219203740504911648e-01
1.219392771133214204e-01
1.217094560978859707e-01
1.216140130013376730e-01
1.214843017870400610e-01
1.200233331266632453e-01
1.196721836217522483e-01
1.192920865457156587e-01
1.188866513013542292e-01
1.184261743298862246e-01
1.203447789199475482e-01
1.206359165899397734e-01
1.208961188517233554e-01
1.211246869778643820e-01
1.213209717219752015e-01
1.179906824329393089e-01
1.176108877401493835e-01
1.219342311723163874e-01
1.219967818830564044e-01
1.218795057386247160e-01
1.220802121086753678e-01
1.219752420662388870e-01
1.220179403994969825e-01
1.219993185303144267e-01
1.217835314026539661e-01
1.217656061258444167e-01
1.218218273227388293e-01
1.219081650694315844e-01
1.218833358311786075e-01
1.219449183338948695e-01
1.217272328121637992e-01
1.216730914998863655e-01
1.216713981393496846e-01
1.216156619949830819e-01
1.215283265848249306e-01
1.215426793538222361e-01
1.214699100001714882e-01
1.199773956148968423e-01
1.200840877008602092e-01
1.199162305159522379e-01
1.196126503839526345e-01
1.197330862000727247e-01
1.195513695073591176e-01
1.191502996750463117e-01
1.193203848145255597e-01
1.191217738554006811e-01
1.188121819677192548e-01
1.187449887284502958e-01
1.189531558295228164e-01
1.184211131575078069e-01
1.185493557742213211e-01
1.182983426511184932e-01
1.203123262749040689e-01
1.204049266961645381e-01
1.202520257167543072e-01
1.206186683883506694e-01
1.206960415173163881e-01
1.205584935439336647e-01
1.208946595373302513e-01
1.208344616234476865e-01
1.209562865815296817e-01
1.211383832509156377e-01
1.211844292513792887e-01
1.210786030945510960e-01
1.213498529447160079e-01
1.213801285042771516e-01
1.212906585051203301e-01
1.176488909335645650e-01
1.179135928816562595e-01
1.177283880224251345e-01
1.175319652523724168e-01
1.220695484461488123e-01
1.220229039664418869e-01
1.219797741944579350e-01
1.221581149804106259e-01
1.220644874514802414e-01
1.220877045714863218e-01
1.219812084687099674e-01
1.221470090367473560e-01
1.220821099305271495e-01
1.220826595329177477e-01
1.221179297887077242e-01
1.220503754276559549e-01
1.220677688559509422e-01
1.218464105888390492e-01
1.220503149182400326e-01
1.219792642767790758e-01
1.220150766559171540e-01
1.217289588153359636e-01
1.216013373396588326e-01
1.214396611635097933e-01
1.201449185283620658e-01
1.197944329048931111e-01
1.193822995785261964e-01
1.189813837077979830e-01
1.186188981505611473e-01
1.179184244646143132e-01
1.181730160094858206e-01
1.180441839833633599e-01
1.204657420636912057e-01
1.207570767771235509e-01
1.210169635906247487e-01
1.212446226911786384e-01
1.177855749801899332e-01
1.220721871389838231e-01
1.221157359102172935e-01
1.221536388417723273e-01
1.222327167458722164e-01
1.221568920854256834e-01
1.221343298393277044e-01
1.220845118110910343e-01
1.218000350198443771e-01
1.217916779382047787e-01
1.218545509176425234e-01
1.219399189291218155e-01
1.219234750502178333e-01
1.219945821409090803e-01
1.217370449734460625e-01
1.216567879994644441e-01
1.216649316672736569e-01
1.215930314447438709e-01
1.214792886249105308e-01
1.215038652349538228e-01
1.214150702179926933e-01
1.201077264868254391e-01
1.202095860263048266e-01
1.200431328486361027e-01
1.196889634503482958e-01
1.198335077844143726e-01
1.196498184358849581e-01
1.193558188438886836e-01
1.192523959216507112e-01
1.194830239088866541e-01
1.186864912593590393e-01
1.189202465795090591e-01
1.187477939741632404e-01
1.185554205260478389e-01
1.182080790323984942e-01
1.183161119193313349e-01
1.180656025690860478e-01
1.204393729447352790e-01
1.205285809528041652e-01
1.203756295990879854e-01
1.207502211815745241e-01
1.208223441733213832e-01
1.206847778079447320e-01
1.210251502401780144e-01
1.209602684078986412e-01
1.210818295716641346e-01
1.212685523257230891e-01
1.213092499383735534e-01
1.212038880072994207e-01
1.221487770987960131e-01
1.221949633671273183e-01
1.222656383861171481e-01
1.222069466260635728e-01
1.222128539937388236e-01
1.222605872805468952e-01
1.221921162859933574e-01
1.222043024033404590e-01
1.222243653732212332e-01
1.221716057525922272e-01
1.221370869496097855e-01
1.218698748741846583e-01
1.220815193261832743e-01
1.220097699486021314e-01
1.220653874288726293e-01
1.217288448790545541e-01
1.215685774951421605e-01
1.213744014382772685e-01
1.202730913633914822e-01
1.198994202891928706e-01
1.195219232638913276e-01
1.189852537314894931e-01
1.191714716133090990e-01
1.190660166988252167e-01
1.188361541592515280e-01
1.184507273446012698e-01
1.205943248411462942e-01
1.208879778884269784e-01
1.211472889443497847e-01
1.223390402734277904e-01
1.222884435101516676e-01
1.222461759700366191e-01
1.223034550129437070e-01
1.222655182863734424e-01
1.222461868092856729e-01
1.221537287931876437e-01
1.217918597073646136e-01
1.218655240252425331e-01
1.217956664200943173e-01
1.219277690803800551e-01
1.219338240964285003e-01
1.220041134857712262e-01
1.217244253277204313e-01
1.216181168773400323e-01
1.215489912876804857e-01
1.216371915453522412e-01
1.214107636498088505e-01
1.213398431419666634e-01
1.214449630001229741e-01
1.202077015578068009e-01
1.201565663766303027e-01
1.203229621527494020e-01
1.199129249182520063e-01
1.198001327844477881e-01
1.200089931542701605e-01
1.192824417287309258e-01
1.194872204288077722e-01
1.193171829636666681e-01
1.191333124666191789e-01
1.185269568786881944e-01
1.187577576377469857e-01
1.186048971639419580e-01
1.183692421956037411e-01
1.205472330098595890e-01
1.206515064074841215e-01
1.204949770478077609e-01
1.208897876153832707e-01
1.208213167111502617e-01
1.209575813158235702e-01
1.211673623438106473e-01
1.210965639680983141e-01
1.212178577104499055e-01
1.223895355764267334e-01
1.223669130616853451e-01
1.223260104511570967e-01
1.223272608030763209e-01
1.223813517612036827e-01
1.223222685297765677e-01
1.223054333830350116e-01
1.221892728844328202e-01
1.221348105575453813e-01
1.222096245913123491e-01
1.218593529992245683e-01
1.220652483290370904e-01
1.219962249796847642e-01
1.220737382863095188e-01
1.217048202448774985e-01
1.215146663660847670e-01
1.212890864987212769e-01
1.203794458663581812e-01
1.200584748852601136e-01
1.195751913769418362e-01
1.196298674243194693e-01
1.197450588760095025e-01
1.194279095967584192e-01
1.188612234475102669e-01
1.190732464891325337e-01
1.189211848020940154e-01
1.186937519330069080e-01
1.207226561821300725e-01
1.210291592820077478e-01
1.223896624939221356e-01
1.223243202757278159e-01
1.223570087046988997e-01
1.222734246522485524e-01
1.222590443297959517e-01
1.221275586517575062e-01
1.217531310619359708e-01
1.217724389324084111e-01
1.218400266936831011e-01
1.218875285805846032e-01
1.219767050012822152e-01
1.219081059376905252e-01
1.216852812311239873e-01
1.215557323191275296e-01
1.214829253850028268e-01
1.215863707947865135e-01
1.213157770284108983e-01
1.212411521784453328e-01
1.213627979299419790e-01
1.202447709674109300e-01
1.203998598515153562e-01
1.202242382817599875e-01
1.199325202356154030e-01
1.199205680994943624e-01
1.200705018042820260e-01
1.197528587386363919e-01
1.192098689959765201e-01
1.193936813789071572e-01
1.192438577539974842e-01
1.190348260306840489e-01
1.207815030601901984e-01
1.206652798935675674e-01
1.208349266348016648e-01
1.210403009352329917e-01
1.209651208793824928e-01
1.211036440394036573e-01
1.222108631564342573e-01
1.222697926863943740e-01
1.222000984905831089e-01
1.221391866249156299e-01
1.218200595679373999e-01
1.220459408477297947e-01
1.220564045879816151e-01
1.219677422048843773e-01
1.216535434771131019e-01
1.214348782943003302e-01
1.211776144397287425e-01
1.205480380323756817e-01
1.203968739198580939e-01
1.205495571986414660e-01
1.200874886437419686e-01
1.195695979327209280e-01
1.197518619019583008e-01
1.195695981197086866e-01
1.193888184094092919e-01
1.209099500311273667e-01
1.206678712339904758e-01
1.221304506563444248e-01
1.216850596049877664e-01
1.217191634081830065e-01
1.217859143929941323e-01
1.218362222746115497e-01
1.219425102223298252e-01
1.218624473600773417e-01
1.216197691358539279e-01
1.214436489597409130e-01
1.213787009257851768e-01
1.214997718788689562e-01
1.211685567501193939e-01
1.212420730568612992e-01
1.211035023764595042e-01
1.202924255067030490e-01
1.204230062081187436e-01
1.202662349465563052e-01
1.199313852526432411e-01
1.200888996729588820e-01
1.199294984109899875e-01
1.197483331970760068e-01
1.208998031268300188e-01
1.208391546256809557e-01
1.209696383463564340e-01
1.207250178929941686e-01
1.217606589686310858e-01
1.215635625200079950e-01
1.213048245356936894e-01
1.210327237613586515e-01
1.201101830831831085e-01
1.206414574574821152e-01
1.205966993111422525e-01
1.204669556799474739e-01
1.207733420500345378e-01
1.215848525160975191e-01
1.217107538044076565e-01
1.216354912750335915e-01
1.215136245506635015e-01
1.212981703165187941e-01
1.213713963723410671e-01
1.212320981847905266e-01
1.209825297652691312e-01
1.210761017926667016e-01
1.209394580798772711e-01
1.208122338564491249e-01
1.214409327126679816e-01
1.211391671566000028e-01
