4.880304057610451274e+00
5.004665319991551620e+00
5.115035552111883099e+00
4.744343353204236280e+00
4.811689161797936265e+00
4.942146147614594476e+00
5.059893797620696354e+00
5.208858237515700651e+00
5.162458374591526677e+00
4.596171033551824436e+00
4.671346956278364715e+00
4.691587767114451246e+00
4.717980245749752832e+00
4.785488142607100315e+00
4.807782032037523301e+00
4.844014194219841585e+00
4.906029367131764296e+00
4.915899903008392968e+00
4.960182459719415071e+00
5.015485241675058603e+00
5.018996598615144578e+00
5.066926267627421154e+00
5.114318128036933864e+00
5.285225982073981754e+00
4.592937597706907127e+00
4.597066156483171184e+00
4.668761613315103531e+00
5.247728002838622174e+00
4.642437344674489097e+00
4.749320121942318451e+00
4.861641314631665267e+00
4.967350460617149466e+00
5.111695112694462750e+00
5.065398506862226924e+00
5.160283687782127870e+00
4.448113473299077469e+00
4.522761612886259996e+00
5.340005366789335461e+00
5.314142850834874920e+00
4.417331688118902200e+00
4.505880883720658758e+00
4.506860864960704482e+00
5.198621523717381621e+00
4.524207031218923980e+00
4.558642281317618838e+00
4.607974905874029581e+00
4.626489020134640029e+00
4.659069059793417900e+00
4.716958186550006538e+00
4.733617353061193356e+00
4.824773346606018976e+00
4.770730893679458795e+00
4.830793842905194424e+00
4.873316891318211219e+00
4.924805455762848894e+00
4.928612450313267779e+00
5.020035376860908727e+00
4.973701541293780615e+00
4.290566903700905321e+00
4.369931742025610077e+00
4.433452865205449456e+00
5.374282652858765275e+00
5.389089395149644801e+00
5.360296530910106938e+00
5.201475600742723415e+00
5.243253691506141401e+00
5.270979484525181391e+00
4.471367689775114229e+00
5.156323519013893630e+00
4.575390737011169051e+00
4.679891490268574650e+00
4.782145987106169116e+00
4.879451634861757370e+00
5.033430424214230925e+00
5.072689388717361858e+00
4.980695263537786133e+00
4.282629886061623203e+00
4.288841286377013340e+00
4.364292296244991043e+00
4.349439436853171692e+00
5.381110642126403221e+00
5.385231466191951810e+00
5.387873502912766455e+00
5.160103787996258795e+00
5.250791367408586652e+00
5.268768036661257703e+00
5.182071058584952539e+00
4.351640106005206121e+00
4.438029657743387091e+00
4.384429736293206759e+00
5.116882771141002983e+00
4.454481948090283971e+00
4.540502223897641798e+00
4.489333347681209396e+00
4.553856313333394468e+00
4.643665101143711560e+00
4.590196944091323061e+00
4.650265534303144932e+00
4.740425844163538294e+00
4.691931954446829423e+00
4.747268342243430084e+00
4.837784795184078668e+00
4.789065869553372323e+00
4.846214480438255201e+00
4.939795764732329175e+00
4.887570396480148460e+00
4.138969418651146981e+00
4.215498636289823686e+00
4.143929618012826666e+00
4.218491369300659599e+00
4.213698262991408150e+00
4.241755679963858050e+00
4.329014226510587093e+00
4.262432544487540831e+00
5.354230711721680080e+00
5.369737750404828702e+00
5.212017961418094814e+00
5.293589984341315891e+00
5.302296000176712987e+00
5.221776995226186102e+00
5.306522464176755882e+00
5.303276722894293194e+00
5.187531931668422303e+00
5.096791019800416933e+00
4.296445291093668573e+00
4.403073683883794942e+00
4.504135844344089534e+00
4.601977366943179604e+00
4.698651984542926208e+00
4.796681572107148739e+00
4.938291343598215200e+00
4.985842403337881201e+00
4.892254607590333038e+00
3.986221764590038852e+00
3.838144787539450320e+00
4.062130544734601223e+00
4.143256418466819468e+00
4.129430492273300501e+00
4.205348729615241865e+00
4.138253377745332529e+00
4.185235813737225641e+00
5.184599315494583749e+00
5.284148044837475133e+00
5.270194768145133324e+00
5.219606528480070118e+00
5.206424550348784486e+00
5.020776957660538109e+00
5.116872092347889200e+00
5.090500042626191046e+00
5.049254116763070677e+00
4.193959632752651601e+00
4.217910856166955824e+00
4.272551743497634114e+00
4.294667459792893993e+00
4.374619033648359689e+00
4.323209033896978859e+00
4.386496455167165465e+00
4.470089856202996259e+00
4.420493425393401843e+00
4.480498822765092370e+00
4.565315529499604175e+00
4.517231922025682245e+00
4.570931990140916668e+00
4.610654382168891452e+00
4.659024720751991921e+00
4.661092608067573195e+00
4.753662850668869844e+00
4.704261606264563689e+00
4.747227603357662140e+00
4.842747684895143401e+00
4.796800482095836315e+00
3.912159862682776712e+00
3.695475528375401719e+00
3.767971987470962514e+00
4.018456764681901383e+00
4.003109265893292523e+00
4.077446992944693704e+00
4.081734967879602216e+00
4.017384718133135024e+00
4.073367224475510362e+00
4.081256206151946841e+00
4.092302959680345964e+00
4.166663558999065486e+00
4.110980842667966151e+00
5.301694502241952378e+00
5.330374783375570580e+00
5.151264464458265024e+00
5.170247042482607469e+00
5.251359360204379989e+00
5.077382487811962442e+00
5.149940606253400333e+00
5.144649583537694859e+00
5.013189771516245230e+00
5.100486492842691177e+00
5.118444031683268669e+00
4.979743739479363107e+00
5.049211824327175968e+00
4.142896024253900578e+00
4.244164747673701221e+00
4.340577297110256971e+00
4.433440456018292508e+00
4.525692838745279722e+00
4.616027098863911604e+00
4.704270946911501383e+00
4.830280864739492586e+00
4.884197241026557279e+00
4.788824448093501829e+00
3.883736031533623567e+00
3.862159148701180378e+00
3.933877203688957991e+00
3.754475258455522102e+00
3.726967635778844823e+00
3.795216054237049885e+00
3.951011343589731606e+00
4.018776694158065155e+00
3.990910376490860223e+00
4.059794861988152981e+00
4.004711539404429033e+00
4.041381489206568034e+00
5.232543250351127107e+00
5.270759146942208595e+00
5.227345877763102777e+00
5.026710122640108303e+00
5.105791163850923020e+00
5.088138725919093552e+00
5.046652786374689725e+00
5.021057883916776099e+00
4.925557446902225855e+00
4.910108271139007385e+00
4.993537030544185740e+00
4.965618997774262411e+00
4.052052472639315894e+00
4.122779564684137199e+00
4.072251222370477208e+00
4.144559625595571895e+00
4.219462108202211681e+00
4.169332982332762505e+00
4.233921843325316736e+00
4.310103204057082138e+00
4.264350750269418455e+00
4.321862141680080427e+00
4.401108850856984667e+00
4.354252220080867986e+00
4.407524771153463305e+00
4.489193984550393424e+00
4.444093980970371227e+00
4.490721188039536571e+00
4.575917502447397034e+00
4.530919285934354335e+00
4.571244962685497626e+00
4.616269264249014626e+00
4.659299884346277842e+00
4.648980877646152976e+00
4.739639179951549153e+00
4.698219266952235351e+00
3.819165369150143263e+00
3.629185049278741193e+00
3.692524298460722498e+00
3.662843758605998978e+00
3.563941910440924232e+00
3.631676637738542990e+00
3.925745209167359917e+00
3.905855622442389485e+00
3.971938784631352526e+00
3.972082572894574781e+00
3.890318558532109172e+00
3.953599471586680902e+00
3.940181147342906698e+00
3.958548990061201422e+00
4.025184995620159079e+00
3.974809308443663092e+00
5.147985051025059100e+00
5.192289904661345545e+00
5.100405389976756076e+00
5.202394165149437200e+00
5.168623396165630268e+00
5.128001753320103440e+00
4.942713030071608671e+00
5.046300708725977913e+00
4.985886010347000408e+00
4.962135182391783417e+00
4.860502186182872109e+00
4.943643998063217637e+00
4.936940324868254848e+00
4.870302168691683420e+00
4.005163660254231317e+00
4.098197904106013034e+00
4.189203358685329448e+00
4.277862214104166227e+00
4.364712508819140524e+00
4.449188167414037665e+00
4.531108768410988752e+00
4.610294606998360578e+00
4.723984294995725364e+00
4.777029984142540542e+00
4.686594374835409305e+00
3.795633425168381425e+00
3.838764073445251057e+00
3.776285532740029982e+00
3.598801016250199325e+00
3.691223249949533880e+00
3.661517979107783205e+00
3.722366194839128450e+00
3.861229525760276005e+00
3.907874712824350283e+00
3.863932887901674995e+00
3.877042322171748268e+00
3.927163913544044149e+00
3.911075038605437371e+00
5.042039424693137484e+00
5.032934608513827790e+00
5.133673511515310039e+00
5.090429980700583279e+00
5.096577782267495138e+00
5.069605626122229758e+00
5.023207719841416008e+00
4.902277806844607788e+00
4.795301799962476963e+00
4.904496761550436013e+00
4.852857930366014649e+00
4.828335515739908601e+00
4.817069740314535053e+00
3.926099663220986802e+00
3.988900044365797370e+00
3.942425391981180915e+00
4.011808440421372524e+00
4.078038139049370514e+00
4.032027667056951259e+00
4.095845056336282930e+00
4.120298070849603533e+00
4.164787139775139480e+00
4.177703773841552781e+00
4.205910053532576853e+00
4.249715031739623505e+00
4.257499865035843101e+00
4.332484776574414553e+00
4.289783157817300463e+00
4.334948202709188791e+00
4.412847234721256839e+00
4.371345998404773781e+00
4.409875320273293653e+00
4.490617491032521613e+00
4.450417645380857934e+00
4.482116656816210742e+00
4.565649216273856226e+00
4.526812641854182750e+00
4.551521208684070174e+00
4.637765160179383450e+00
4.600397952302632376e+00
3.443755468836866562e+00
3.743278185742314967e+00
3.515521787624363181e+00
3.540276150052962478e+00
3.574126434448985812e+00
3.588925622140284766e+00
3.640930615070388399e+00
3.609266114300380135e+00
3.505209941665379691e+00
3.843064513330222809e+00
3.767608496310322685e+00
3.815793276286982838e+00
3.829006708384247837e+00
3.838820031459657223e+00
3.898480610348868503e+00
3.851478081722611968e+00
4.926150104265134999e+00
4.985624749697484148e+00
4.937933792546969514e+00
4.986705644096081080e+00
5.041757840347055541e+00
4.990416787144464905e+00
4.944835346948713628e+00
5.022843818327855203e+00
4.989133809288943233e+00
4.944959497705351481e+00
4.739707297662264729e+00
4.841569962301009333e+00
4.800325420974086654e+00
4.759830466857041031e+00
4.681265125012338935e+00
4.771156210452749846e+00
4.738477876576030035e+00
3.882377691810295239e+00
3.968896257703252495e+00
4.053800019085039175e+00
4.136785372236341018e+00
4.217650230544716550e+00
4.296317369686565080e+00
4.372554251056340213e+00
4.446191756111867122e+00
4.517071465256810470e+00
4.617947344578249513e+00
4.670981729274985561e+00
4.585047434015079304e+00
3.334072108558098435e+00
3.389962938280913995e+00
3.671657868612110853e+00
3.733415351487803235e+00
3.681441396308160918e+00
3.481478676192839572e+00
3.553946143317250339e+00
3.630821820838037617e+00
3.781815304465205863e+00
3.750189621472606483e+00
3.806846181359106573e+00
3.759180989201039047e+00
3.794403059620985008e+00
4.845958538375052527e+00
4.945187663018994151e+00
4.886969967468319354e+00
4.796129934554402396e+00
4.861612831338183227e+00
4.848745828999502017e+00
4.941166806497770736e+00
4.892852417979722368e+00
4.893535503716166524e+00
4.897291882744245761e+00
4.788515779625840629e+00
4.866782004866955447e+00
4.865746590580381614e+00
4.764647787918056210e+00
4.710951377836286369e+00
4.706816055159070089e+00
4.649985365824623074e+00
3.814121041868701933e+00
3.869958315870670962e+00
3.826600550175455862e+00
3.893805107195528414e+00
3.952683082266606363e+00
3.910076798978372459e+00
3.971796451193960298e+00
3.991924231544475177e+00
4.033729414441854288e+00
4.047864612282350727e+00
4.112726222181024127e+00
4.071975815568753099e+00
4.121875314724150030e+00
4.189664853990082705e+00
4.149913654840249322e+00
4.193641778018777799e+00
4.264309614382358227e+00
4.225700348805085049e+00
4.263000746392691553e+00
4.299112101326748814e+00
4.336491514242670320e+00
4.329797682338897502e+00
4.369984832478155390e+00
4.406050889342131960e+00
4.393888200057809890e+00
4.438163977729262299e+00
4.472839609167858832e+00
4.455138490901845216e+00
4.536719942453483867e+00
4.503507102249678873e+00
3.411585806598019133e+00
3.374232607939550821e+00
3.427189076328922557e+00
3.719681080315438315e+00
3.464681078018414961e+00
3.473368443557161456e+00
3.531337964270313101e+00
3.494352755410329969e+00
3.568777564277170189e+00
3.620081536099217345e+00
3.578877019023516404e+00
3.660290673589281063e+00
3.705130833284890013e+00
3.713941518888533189e+00
3.732920612053110432e+00
3.785692794090310453e+00
3.741693475809930725e+00
4.740898816866147669e+00
4.833040596635647113e+00
4.795019580500966327e+00
4.768574187385714147e+00
4.728305035991956728e+00
4.832866207855007090e+00
4.789998060655247691e+00
4.788999485254462840e+00
4.818817807047839352e+00
4.620298198571212822e+00
4.704727556793677934e+00
4.680253961872147705e+00
4.568330039016071709e+00
4.625011427619663884e+00
4.654280807752884996e+00
4.513424994823401981e+00
4.597568127288448103e+00
4.565882381869974971e+00
3.773496687703755015e+00
3.853957014512626511e+00
3.932817908586299538e+00
4.009877835402896551e+00
4.084950220685976241e+00
4.157877560320297761e+00
4.228483490372377140e+00
4.296609009920796751e+00
4.362104135643264158e+00
4.424829616486853467e+00
4.484656990688304923e+00
3.238409253409120225e+00
3.287241427664535642e+00
3.316493102663413239e+00
3.325566508662610943e+00
3.364516660819589333e+00
3.666071220048648271e+00
3.443693246989617762e+00
3.521289785576939835e+00
3.614426023301577473e+00
3.650398604679758296e+00
3.700093973649811296e+00
3.655495278588102970e+00
3.691623944537488988e+00
4.701036231775542085e+00
4.773895635240381630e+00
4.721122183730694921e+00
4.656648511824902137e+00
4.726884194803911754e+00
4.627186192908669504e+00
4.684519200376828785e+00
4.711727320364488492e+00
4.667102895277262853e+00
4.698830511707036806e+00
4.758004172642634089e+00
4.716333406459478184e+00
4.728083339099119264e+00
4.644233289841881884e+00
4.594806086829514413e+00
4.541315835299137404e+00
3.715948175172221646e+00
3.764908277313197438e+00
3.724593154248494464e+00
3.789744143075334470e+00
3.802083733287850542e+00
3.841672356814795464e+00
3.861881317302090721e+00
3.916763065664543575e+00
3.877989609204934851e+00
3.932188030564399472e+00
3.989979813464673342e+00
3.952136634250065228e+00
4.000497866606131048e+00
4.061171014284874481e+00
4.024326531647671956e+00
4.066651078147645038e+00
4.130163906860270018e+00
4.094412079233704205e+00
4.130495220127166967e+00
4.162223653295360926e+00
4.196800260333473531e+00
4.191885793182246189e+00
4.260930376634492589e+00
4.227607329233965316e+00
4.250687054980449631e+00
4.322413895182250165e+00
4.290417889875753232e+00
4.306772779401768503e+00
4.381120632998147357e+00
4.350519936636997542e+00
4.360026665557153791e+00
4.436930996562820084e+00
4.407788438026420508e+00
3.278592180879546625e+00
3.381178174463192576e+00
3.349553721340587931e+00
3.395746907233538892e+00
3.426739545009127585e+00
3.482183058594245484e+00
3.525225411344743431e+00
3.478034121674297374e+00
3.566596712715018658e+00
3.567855201724046132e+00
3.613218497517165950e+00
3.608457923173319593e+00
3.640669358561253510e+00
3.686647746004922510e+00
3.645703120423615218e+00
4.589830174945054075e+00
4.665375707110722914e+00
4.645758416516002853e+00
4.642447476719731014e+00
4.608844313702069151e+00
4.542715298098013221e+00
4.636137715761578626e+00
4.605218988394311985e+00
4.567276954949085699e+00
4.634642911037325064e+00
4.648040402383493586e+00
4.501796784607696722e+00
4.584781412319459903e+00
4.561314787877970289e+00
4.457545181038335969e+00
4.513181771246141949e+00
4.539204086490268963e+00
4.410296323383199102e+00
4.462084510133581539e+00
4.489558289659339785e+00
3.678344088806021261e+00
3.752892738974602516e+00
3.825876206888430886e+00
3.897120550356097723e+00
3.966456374605461743e+00
4.033720428547210801e+00
4.098756356818671343e+00
4.161415457329482592e+00
4.221557322117493349e+00
4.279050657554679837e+00
4.333773961663661467e+00
4.385592553452274167e+00
3.238561827435036289e+00
3.278232182116238125e+00
3.238780342556015768e+00
3.156924299505650566e+00
3.198266603174566569e+00
3.314161620180129830e+00
3.347695847145587322e+00
3.315444626557905394e+00
3.396483538874654595e+00
3.434498012614622731e+00
3.389162746749390553e+00
3.439258675565874945e+00
3.524356891029110095e+00
3.564087465849882452e+00
3.607075772241610245e+00
3.565526759523107714e+00
3.602408525710669274e+00
4.511087149400024643e+00
4.361065220382368324e+00
4.579139041569173507e+00
4.584008822279099782e+00
4.484830579999292688e+00
4.570936683858286109e+00
4.556477947281893037e+00
4.464723682259802651e+00
4.546176337735831297e+00
4.527701830025018026e+00
4.522892914794011787e+00
4.555879473080336695e+00
4.480219784805035133e+00
4.434409248343389898e+00
3.631424381577843530e+00
3.673587873949111682e+00
3.636233232981866514e+00
3.699471399531410132e+00
3.707886786913368038e+00
3.744528531123034298e+00
3.765891228074546238e+00
3.813828895708903488e+00
3.777988118231986547e+00
3.830526407385113963e+00
3.881324199243012529e+00
3.846370528686227530e+00
3.893223978559721576e+00
3.946854540299219671e+00
3.912871685594209836e+00
3.953836549931584621e+00
4.010266154736399358e+00
3.977334657199590673e+00
4.012223134013733095e+00
4.071412162474528529e+00
4.039609020451290000e+00
4.068249849057909984e+00
4.130153188439777523e+00
4.099551568756414355e+00
4.121790570643682372e+00
4.186358100510677360e+00
4.157026929918272273e+00
4.172727568490342875e+00
4.239904721652775876e+00
4.211908291000428406e+00
4.220952020996925569e+00
4.290680325189116573e+00
4.264078043293892506e+00
4.266364386734871061e+00
4.338558830077214878e+00
4.313428184631710849e+00
3.198496359198067740e+00
3.276991005699285253e+00
3.355368664806469781e+00
3.090086010575440412e+00
3.123991632708591482e+00
3.407738166567432891e+00
3.444762719132669737e+00
3.402338399794580859e+00
3.486380414854644449e+00
3.526303354424618508e+00
3.484484742780221911e+00
3.525264618014952056e+00
3.561911178525901001e+00
3.601175482651747028e+00
3.563197893842294128e+00
4.435653889443808673e+00
4.207503926303777675e+00
4.284275420628398834e+00
4.442433722663484019e+00
4.516479310278694648e+00
4.505251370964517221e+00
4.498357876214185147e+00
4.475498812233228207e+00
4.454279234363227147e+00
4.384872485535401765e+00
4.464144398423389504e+00
4.443630503457671743e+00
4.418229796597113790e+00
4.493245513089102694e+00
4.480798700357982334e+00
4.348401403258510101e+00
4.425404384653051970e+00
4.403246745963930842e+00
4.308874515815903194e+00
4.383476259368313421e+00
4.359837419013162574e+00
3.596763203403182008e+00
3.665548008416210202e+00
3.732791808093159691e+00
3.798335199784453664e+00
3.862022808147214992e+00
3.923704212040120431e+00
3.983235009076923738e+00
4.040477550363689829e+00
4.095301601330750607e+00
4.147584976464254503e+00
4.197214137283348023e+00
4.244084636884928763e+00
4.288101277674071454e+00
3.178796750690142225e+00
3.168369459761675166e+00
3.209599412805463459e+00
3.248915271079710898e+00
3.281577047551969883e+00
3.243889012880132761e+00
3.328729064676689386e+00
3.362436357530229181e+00
3.321650433403889657e+00
3.135575797131683551e+00
3.447098443382196287e+00
3.368266915977191189e+00
3.491095096060620406e+00
3.527462907056467145e+00
3.488951425019446884e+00
3.526599771380058534e+00
4.352139478251369376e+00
4.431299781971839380e+00
4.356678033340996237e+00
4.217797403539435663e+00
4.289031354872903989e+00
4.213640554000205540e+00
4.431120026144840907e+00
4.418580617118867515e+00
4.334086940674029442e+00
4.399818831301705480e+00
4.409793483436468264e+00
4.319136291938043826e+00
4.392342779106752637e+00
4.381202869269086975e+00
4.402218381601954000e+00
4.367240059984437650e+00
4.329178604107579709e+00
3.560408309622240086e+00
3.595847581422710881e+00
3.561372663844077024e+00
3.622846636490402616e+00
3.661104692752491729e+00
3.627337338764571761e+00
3.683672936371898299e+00
3.724744921068946280e+00
3.691765676386620676e+00
3.742744049366402592e+00
3.786617797954018982e+00
3.754505597668218009e+00
3.799920647062012158e+00
3.846577020475807185e+00
3.815408703690522429e+00
3.855068143943325865e+00
3.904481415905398212e+00
3.874331202211759972e+00
3.908057537517545477e+00
3.931134862261688401e+00
3.960195827423687476e+00
3.958766119254200522e+00
3.985687795197511818e+00
4.013591799643963398e+00
4.007078091428239119e+00
4.064548205560106098e+00
4.037865112326548989e+00
4.052885121467203255e+00
4.087549524275617685e+00
4.112951843961205611e+00
4.096086815072584209e+00
4.134631897018730129e+00
4.158697944827228099e+00
4.136591074127960788e+00
4.201690537576698858e+00
4.179011689787262007e+00
4.174314299791120675e+00
4.241842579144085690e+00
4.220597251389729188e+00
3.038706406055780462e+00
3.064565213601235794e+00
3.214911276422820485e+00
3.288992312399143358e+00
3.116317601213827171e+00
3.148579214171801421e+00
3.103504390340122931e+00
3.419140290172138386e+00
3.452622883704391299e+00
3.413670433451798214e+00
3.346208819277983970e+00
3.376826272231595816e+00
3.337715250693864988e+00
3.455221392055625618e+00
3.496503926255931205e+00
3.494026266470506403e+00
3.529127258564914271e+00
4.055761614884323407e+00
4.132485840783767017e+00
4.284659857887434420e+00
4.082936235641329681e+00
4.150756647300488211e+00
4.146614255099481561e+00
4.296020278605559461e+00
4.369636692917045373e+00
4.357481325259950466e+00
4.343517394864671921e+00
4.327382401304234349e+00
4.308328916398088460e+00
4.270091665538315873e+00
4.344520476938382281e+00
4.327805720685692137e+00
4.241126047747586725e+00
4.295063938641057177e+00
4.313321382871356136e+00
4.209181506919521532e+00
4.259305935346068495e+00
4.279076083631535354e+00
3.591781731115559761e+00
3.528612095479890520e+00
3.653418014890879029e+00
3.713376236637318861e+00
3.771514997823257609e+00
3.827697167855694360e+00
3.881790762853052357e+00
3.933669734861110268e+00
3.983214631178150000e+00
4.030313172847540315e+00
4.074860772641122786e+00
4.116760959313195301e+00
4.155925677295172704e+00
4.192275425217641960e+00
3.078247183857425018e+00
3.188862526473172476e+00
3.218931337097485468e+00
3.183815876776645570e+00
3.272454693046159768e+00
3.300466189253311811e+00
3.260950005647667460e+00
3.153861582649101880e+00
3.382790406622866897e+00
3.309474364215827524e+00
3.431281097696165183e+00
3.425453947718673398e+00
3.461099281154880636e+00
3.464055986291438849e+00
4.071781377536079383e+00
4.204735905251503425e+00
4.211331954989784521e+00
4.278093524192287056e+00
4.077144974716472525e+00
4.081311493346067465e+00
4.147108876306081271e+00
4.283771534810836279e+00
4.269494055208335581e+00
4.191968738790640359e+00
4.263451583409743506e+00
4.256034598800061630e+00
4.176284674155819943e+00
4.248096076486313599e+00
4.236543118583639966e+00
4.256254727061607568e+00
4.225739310557741213e+00
3.559744441755050559e+00
3.591267794500046850e+00
3.560301947046842219e+00
3.502774329703546297e+00
3.531553795219705361e+00
3.499877453776301550e+00
3.615101873629093632e+00
3.649372198463819217e+00
3.619189792545184581e+00
3.668717770210746743e+00
3.705730859482355477e+00
3.676403597760333319e+00
3.720466516663914369e+00
3.760211165181909898e+00
3.731808979636825896e+00
3.770226603851802416e+00
3.812684922320748626e+00
3.785275511519877067e+00
3.817881408680446231e+00
3.836677568836035057e+00
3.863029170848873761e+00
3.863319883131988153e+00
3.911126888908802002e+00
3.885895095627495799e+00
3.906437148756398248e+00
3.956867595230562529e+00
3.932814258946569552e+00
3.947135008407177903e+00
3.977328012351702302e+00
4.000147880440270143e+00
3.985322378003955279e+00
4.040871863219033244e+00
4.019336588696257095e+00
4.020915625282887262e+00
4.078951543847150418e+00
4.058747907430226398e+00
4.053838797584154108e+00
4.114307026716231164e+00
4.095477871014419513e+00
4.084023737782701780e+00
4.146866627668043925e+00
4.129450527543658822e+00
3.002360272275607755e+00
3.020768343472953532e+00
3.071675773402001042e+00
3.055680601139077801e+00
3.094759284784140974e+00
3.230996862138327153e+00
3.128122598493637607e+00
3.122325612376315007e+00
3.158152946510912606e+00
3.364887743581425283e+00
3.355810618117118782e+00
3.391919868373327596e+00
3.297471746696009287e+00
3.321744492776424806e+00
3.285245399779056275e+00
3.398261262186194287e+00
3.444322681637573602e+00
3.438055651114489741e+00
3.470368877386710516e+00
3.907544231310826177e+00
3.982579592365266485e+00
3.940976010612973646e+00
4.000191378818122701e+00
4.012825093098173923e+00
4.140590902320417932e+00
3.971276046607942867e+00
4.024159782587382495e+00
4.028233343791495891e+00
4.157585122098224062e+00
4.227172604419546786e+00
4.214189319674365386e+00
4.198812093412555235e+00
4.184976418347337024e+00
4.167689458505803302e+00
4.135945561271360482e+00
4.203352683931596445e+00
4.188861128012116630e+00
4.111410101477146029e+00
4.176566747853869721e+00
4.160598142431141788e+00
3.587629575929486503e+00
3.531468108811981477e+00
3.473765159543586112e+00
3.642119472212781872e+00
3.694810444407775396e+00
3.745578794222015340e+00
3.794305303332893509e+00
3.840875973241397734e+00
3.885182669773757702e+00
3.927123674857986302e+00
3.966604158374073208e+00
4.003536567557837600e+00
4.037840917821378106e+00
4.069444969278872115e+00
4.098284301483892555e+00
3.037649984182569263e+00
3.100711244647869513e+00
3.229208750591700650e+00
3.250697900485634229e+00
3.209430537366845471e+00
3.159973541938767561e+00
3.174194272334626366e+00
3.144467483952410269e+00
3.331372773343890259e+00
3.263576587582758926e+00
3.384521933974094843e+00
3.407853165397278783e+00
3.374976653568005247e+00
3.414652545616545076e+00
3.927155168401645469e+00
3.958396363509093963e+00
4.067384889117411362e+00
4.072235330116424912e+00
4.135599746686626332e+00
3.947664398474891367e+00
3.959638601398164148e+00
4.012027512966648501e+00
4.147450599810944993e+00
4.129665291060356402e+00
4.059150038459885756e+00
4.125983454053122834e+00
4.118125562827128050e+00
4.047484181319394914e+00
4.112263597479443256e+00
4.102910030965394306e+00
4.124302321179737163e+00
3.560068049715571892e+00
3.587593273070041722e+00
3.560142697916286458e+00
3.510054967411961435e+00
3.534900018542553646e+00
3.506662801270878482e+00
3.458413496934572784e+00
3.480588971110118557e+00
3.451630612499609896e+00
3.608338017523900820e+00
3.638546841237782381e+00
3.611947399302451345e+00
3.654752955289287897e+00
3.687641842665031700e+00
3.661956536615895708e+00
3.699204549981069512e+00
3.734763245784228580e+00
3.710053149015194673e+00
3.741588815989636441e+00
3.779800622424222212e+00
3.756124480334316118e+00
3.781806741617705470e+00
3.822648818572157658e+00
3.800062693532911595e+00
3.819764851865756761e+00
3.863208533957918078e+00
3.841765497702936294e+00
3.855375687454020373e+00
3.881136685411245679e+00
3.901386817070857660e+00
3.888558202161768840e+00
3.918086587334303150e+00
3.937097480676022165e+00
3.919238075256425091e+00
3.970261430061519103e+00
3.952532445028472896e+00
3.947347931566842938e+00
4.000806890186680675e+00
3.984398692036714262e+00
3.972827466296846133e+00
4.028669526102924614e+00
4.013617132371003038e+00
3.995623486962663673e+00
4.053792468030671614e+00
4.040127020931808310e+00
2.982860184756169986e+00
2.992719672707728762e+00
3.040601522354417607e+00
3.055808514454289693e+00
3.021673709160135779e+00
3.101634428503378338e+00
3.114921833423442532e+00
3.086856081440304767e+00
3.194786924408179463e+00
3.131038975080650211e+00
3.323505247703182341e+00
3.310781008882877519e+00
3.344146935822377653e+00
3.261407355760610915e+00
3.245625514186222027e+00
3.279392033330862155e+00
3.354263081774656374e+00
3.405260351923590445e+00
3.424784135223577941e+00
3.395170659134072899e+00
3.764934085517879225e+00
3.837236949324486890e+00
3.807639699835344782e+00
3.875231522965050246e+00
3.859376437716555142e+00
3.845409555128087131e+00
3.895062198227419614e+00
3.909309512501634387e+00
4.007156769453856349e+00
3.897738670300637143e+00
4.032987790886739532e+00
4.095629279884370533e+00
4.084815534261703185e+00
4.063669005693423486e+00
4.054100209760423290e+00
4.040954274218439224e+00
4.015689924170848357e+00
4.076126383826385258e+00
4.063875070482123597e+00
3.584454913494973027e+00
3.535316324064726956e+00
3.484497469255532387e+00
3.432114107568669858e+00
3.631799841922584537e+00
3.677240895875896420e+00
3.720671809282250830e+00
3.761990953148377503e+00
3.801101943283133888e+00
3.837914162506287141e+00
3.872343199540415171e+00
3.904311205823815634e+00
3.933747165532079926e+00
3.960587071943185045e+00
3.984774011148682682e+00
4.006258172302056941e+00
3.012229530399686883e+00
3.071476848121431402e+00
3.198525883414925275e+00
3.213819907632122330e+00
3.179612572274323590e+00
3.135230489999946357e+00
3.147738323163133067e+00
3.118782288444619688e+00
3.292730492593529235e+00
3.230280262744442688e+00
3.350713500332022754e+00
3.337408473611443327e+00
3.367610730607389691e+00
3.378283581726931217e+00
3.789102683691403683e+00
3.829167536649210835e+00
3.945555080623083022e+00
3.946615537480828273e+00
4.006053238060071742e+00
3.833934722932892836e+00
3.840489952240967675e+00
3.890377572026948005e+00
4.024996835647206339e+00
4.002359550797637056e+00
3.939900955930857762e+00
3.999907732449126563e+00
3.994089753237148432e+00
3.932365511901321664e+00
3.990272420467211312e+00
3.983047364590583506e+00
3.561509694641750823e+00
3.561034400799691468e+00
3.584963271049277367e+00
3.518476784187393847e+00
3.514522070996319414e+00
3.539305642603658875e+00
3.473684581489331347e+00
3.491899438039214765e+00
3.466318562033934736e+00
3.427233984641239850e+00
3.442852540894537405e+00
3.416532642091722582e+00
3.602684952584031208e+00
3.605749034182083257e+00
3.628767098658133072e+00
3.641907439715271977e+00
3.648562467797581643e+00
3.670615314348267599e+00
3.679085936859523009e+00
3.710410215176029425e+00
3.689374937237827723e+00
3.714133721369139884e+00
3.748058831097293542e+00
3.728091079257658702e+00
3.746969089610128201e+00
3.783473469157168978e+00
3.764620517031789682e+00
3.777515801414243590e+00
3.798878364437458188e+00
3.816572176094103597e+00
3.805703444738308683e+00
3.830785648366063612e+00
3.847279119927381696e+00
3.831467719891811008e+00
3.875524889589648581e+00
3.860269650010685005e+00
3.854750640143906892e+00
3.901246707015767257e+00
3.887264162318317950e+00
3.875500647776291885e+00
3.924388548228881834e+00
3.911709659201204392e+00
3.893672650665566337e+00
3.933553376850977834e+00
3.944901180728622503e+00
3.909227994959306507e+00
3.952749318900722564e+00
3.962742149893277332e+00
2.979449139356628251e+00
2.981061451134351170e+00
3.040787312793778341e+00
3.040358151730083058e+00
3.012132825429856275e+00
3.083973167267964222e+00
3.063004853161192642e+00
3.093373086735000221e+00
3.167288012643032502e+00
3.110610886817410936e+00
3.294895562584660098e+00
3.278473016607994062e+00
3.309196965032775495e+00
3.237934871773716416e+00
3.218575016290839308e+00
3.249676806376670779e+00
3.323126559490592768e+00
3.379227721467842560e+00
3.392274725913818401e+00
3.365274618898342673e+00
3.629817319212516935e+00
3.698420667190964295e+00
3.681494517449654946e+00
3.745401809559012030e+00
3.724897407660717530e+00
3.713343507775112684e+00
3.761637207424792795e+00
3.779829846137712224e+00
3.889358398428317543e+00
3.724321659221035752e+00
3.785445659845713351e+00
3.779216183892952774e+00
3.922134370113971702e+00
3.969258212864080537e+00
3.977875730105548069e+00
3.943119663170079114e+00
3.936878627145206977e+00
3.927935744209801072e+00
3.582387941685456934e+00
3.540287460725537905e+00
3.496383878946778268e+00
3.450776865256525383e+00
3.403568255699425116e+00
3.622588519214593461e+00
3.660795942154792648e+00
3.696921141810839195e+00
3.730879794964293339e+00
3.762592809444428532e+00
3.791986729952530943e+00
3.818994063893400348e+00
3.843553525871393539e+00
3.865610198236153039e+00
3.885115607847551722e+00
3.902027726410311814e+00
3.916310908410261860e+00
3.010568569192071386e+00
3.063365274536693050e+00
3.179875808251339642e+00
3.189222958027217114e+00
3.157919300420035214e+00
3.112346478091190249e+00
3.123987807458648458e+00
3.098253581275994151e+00
3.266768999539157559e+00
3.209302518746248722e+00
3.329769595903893098e+00
3.340277001707297799e+00
3.312657590402055874e+00
3.354861353442775584e+00
3.658480055019873056e+00
3.699433254512779712e+00
3.720016194340201476e+00
3.835692037677175037e+00
3.834847730770957863e+00
3.890238765069395921e+00
3.733409275705532160e+00
3.729364016378440283e+00
3.783293718385665194e+00
3.887834514364521432e+00
3.834175336629232156e+00
3.887386271892247613e+00
3.883661308242728261e+00
3.830840304985109857e+00
3.876852708145171800e+00
3.881919507634840283e+00
3.564181830968033537e+00
3.563098535228386154e+00
3.583498963713841690e+00
3.528152773177259505e+00
3.523577199206275878e+00
3.544892444455683300e+00
3.490249227642158836e+00
3.482241626282240432e+00
3.504422386638243125e+00
3.450556239199960906e+00
3.439184756214415106e+00
3.462180556507520102e+00
3.409161217011632772e+00
3.418261163893135723e+00
3.394501618400298959e+00
3.598254361117847910e+00
3.600715456281043281e+00
3.620153293548481699e+00
3.630291921162558388e+00
3.654770525312263985e+00
3.636341193129917215e+00
3.660220210418368314e+00
3.687270066122835033e+00
3.669892986532279799e+00
3.687969546171958157e+00
3.717576139394763945e+00
3.701292624544410437e+00
3.713475270097278624e+00
3.745618211977775225e+00
3.730466907439625501e+00
3.736678078591766372e+00
3.771331342080903148e+00
3.757348035587534163e+00
3.757524276581663880e+00
3.794656449294122602e+00
3.781873919201375056e+00
3.775965952780250490e+00
3.815540503394963423e+00
3.803988408622591688e+00
3.791961076092901450e+00
3.833936631315733479e+00
3.823641443601002443e+00
3.805473515304827359e+00
3.849804145001243683e+00
3.840789121688228391e+00
3.816472986847407434e+00
3.855393690219460989e+00
3.863108500580617388e+00
3.824934931331326116e+00
3.873821191820856491e+00
3.867423470464780522e+00
2.992478139492384948e+00
2.985432080663330989e+00
3.022993974342668366e+00
3.001357213973252946e+00
3.031742947501955499e+00
3.077721789396680840e+00
3.146689510427498782e+00
3.278963321907223616e+00
3.286972955995840273e+00
3.258797109210728848e+00
3.226911912075119737e+00
3.232477829030353522e+00
3.203766395273511591e+00
3.304759957182571650e+00
3.366153258353884681e+00
3.348288615879145169e+00
3.372760182710127896e+00
3.504203737802578544e+00
3.568062662392134765e+00
3.566565730050430982e+00
3.600301009014382547e+00
3.625010629021081066e+00
3.619406117333724193e+00
3.666802646171888114e+00
3.651527313404891562e+00
3.621642935369919325e+00
3.667698337632823602e+00
3.673325999793837227e+00
3.784232389792537621e+00
3.633197955572197380e+00
3.683354880358766792e+00
3.679061441925520093e+00
3.835320638453380671e+00
3.833215687632897772e+00
3.828539762757703357e+00
3.581540706744360314e+00
3.546494211868110646e+00
3.509537484692417664e+00
3.470754101917832735e+00
3.430230310284719142e+00
3.388054375187345091e+00
3.614596677017652304e+00
3.645585684525221026e+00
3.674435658154088458e+00
3.701079336570067380e+00
3.725454638441541455e+00
3.747504955536585136e+00
3.767179368729856925e+00
3.784432785218144080e+00
3.799225997478039130e+00
3.811525666584208771e+00
3.821304234505232600e+00
3.008021038675126491e+00
3.067839321678463183e+00
3.053889948546286703e+00
3.046151440342880434e+00
3.090151023566218846e+00
3.173738489605081980e+00
3.176844539038850890e+00
3.143522585989408924e+00
3.253365142279475819e+00
3.200806483397586000e+00
3.321622359172223593e+00
3.325774603925320427e+00
3.300642519012952469e+00
3.344315835957230476e+00
3.538582736157428688e+00
3.595345897583057670e+00
3.620986845451937608e+00
3.628011985642432879e+00
3.739184867336112994e+00
3.787088891853398476e+00
3.736359991117101931e+00
3.646070287738464977e+00
3.689394534142865112e+00
3.640055664481728570e+00
3.786745700895959743e+00
3.741888100827467589e+00
3.786747185769453239e+00
3.788346148184981388e+00
3.742825118672426843e+00
3.784238722662127685e+00
3.787118411665229889e+00
3.568178654112255543e+00
3.566438404046511579e+00
3.583303295173469571e+00
3.539177784077865319e+00
3.551764076929537772e+00
3.533932081342724629e+00
3.508202743251159106e+00
3.518261959484719537e+00
3.499504075321382857e+00
3.475322703312479611e+00
3.463231465477017323e+00
3.482872599996600371e+00
3.440609701952157984e+00
3.425193938524568882e+00
3.445674586924067029e+00
3.404138044331816992e+00
3.406748823299902362e+00
3.385473151320118834e+00
3.595139589512049927e+00
3.596949160828044167e+00
3.612807454331205204e+00
3.619998729523960623e+00
3.625394209900036913e+00
3.640208413395875198e+00
3.642698545592685466e+00
3.665442503719438250e+00
3.651707636646595034e+00
3.663186207741366829e+00
3.688450916864153051e+00
3.675828175489682437e+00
3.681413877219432251e+00
3.709180016658522927e+00
3.697699559522327206e+00
3.697338928016876025e+00
3.727581577587590012e+00
3.717270796974633473e+00
3.710924092680853548e+00
3.743612946011666942e+00
3.734496371417002081e+00
3.722137533272126930e+00
3.757237124375998327e+00
3.749336365369708268e+00
3.730952838110749070e+00
3.761756507468768440e+00
3.768422779745326245e+00
3.737348946335126598e+00
3.771728145054112691e+00
3.777144180233344528e+00
3.741310000359388432e+00
3.783381061306655635e+00
3.779228145182023546e+00
3.020627001817841162e+00
3.005527396231613135e+00
3.061469904702514011e+00
3.041539521500359111e+00
3.027993813752801522e+00
3.064664744367458837e+00
3.119462134333027326e+00
3.115904274180996136e+00
3.094253841753189516e+00
3.147114580201028300e+00
3.275658670333755573e+00
3.277401284056495889e+00
3.251659858357484278e+00
3.228350998405050909e+00
3.227736842346468293e+00
3.201448852557556624e+00
3.299104744570474423e+00
3.365983644224415539e+00
3.366177860829625779e+00
3.344152004002763690e+00
3.389893549873342238e+00
3.447972016675656004e+00
3.456577398282431712e+00
3.512405051741469997e+00
3.482054841542287615e+00
3.519324094312152873e+00
3.544879258507503295e+00
3.570201717650920870e+00
3.571872067583237165e+00
3.537539716378193866e+00
3.585903828975169017e+00
3.579822622871479787e+00
3.692372291654716143e+00
3.554926659481299378e+00
3.600598365798890477e+00
3.594354539129000159e+00
3.740916928314861778e+00
3.743025312431487617e+00
3.742684681173886307e+00
3.582006962917254178e+00
3.554031076986621684e+00
3.524053332041934716e+00
3.492141219578799749e+00
3.458365355523373985e+00
3.422798912139143113e+00
3.385516989616469630e+00
3.607917139983947585e+00
3.631701863482370118e+00
3.653305892464028481e+00
3.672678820628753726e+00
3.689775334422467523e+00
3.704555397690126650e+00
3.716984361138290005e+00
3.727032997127950331e+00
3.734677461159829015e+00
3.739899182134609479e+00
3.040979857385428087e+00
3.090984179217097783e+00
3.179794764865919277e+00
3.150063486478340558e+00
3.176877570021042985e+00
3.252511266916549015e+00
3.204629149531702748e+00
3.326223275924867551e+00
3.324045129496790096e+00
3.301313930468363189e+00
3.346595927228632306e+00
3.425729214725802940e+00
3.490561681077056999e+00
3.529873590858137788e+00
3.547045579272529281e+00
3.655955738018513479e+00
3.697257017578027494e+00
3.651103519321361457e+00
3.571842694863326617e+00
3.563822851646234025e+00
3.608651103397209958e+00
3.699013823091560127e+00
3.662962586996762582e+00
3.702705932030267100e+00
3.703267464790713337e+00
3.668248030521918945e+00
3.705129661475822900e+00
3.705791402857101069e+00
3.573575964822087947e+00
3.584460844090560094e+00
3.571138988468097963e+00
3.551628364347615197e+00
3.560005914783273440e+00
3.545672396996076614e+00
3.527622247514112352e+00
3.533504140229317692e+00
3.518192101729954224e+00
3.501610895738959783e+00
3.505015080079715517e+00
3.488759302255692418e+00
3.473650912205735075e+00
3.474601655853691184e+00
3.457438283782221511e+00
3.443801721504295976e+00
3.424295867832006124e+00
3.442329629832607374e+00
3.412125007407110111e+00
3.408267025089371849e+00
3.389400801302365540e+00
3.593415537820479955e+00
3.606813201490512988e+00
3.594534256620753432e+00
3.611101730361559792e+00
3.627011503120542546e+00
3.615804603432095199e+00
3.626593672422997461e+00
3.645008854254125907e+00
3.634900829433312275e+00
3.639855232195511547e+00
3.660763223665684407e+00
3.651778444605585427e+00
3.650855201742835288e+00
3.674237647766671166e+00
3.666397907660869038e+00
3.659567411137766513e+00
3.685400361146554893e+00
3.678724794281506671e+00
3.665970769836190968e+00
3.694224853068746928e+00
3.688729891086936163e+00
3.670049236582282326e+00
3.700689851127214602e+00
3.696389216527328436e+00
3.671791719128536080e+00
3.704779233745888689e+00
3.701683969662163509e+00
3.671191905656603360e+00
3.704600408828336633e+00
3.706481872710839287e+00
3.096265053845038029e+00
3.078132823354452707e+00
3.059113990328238497e+00
3.065274684245880010e+00
3.042094496582099517e+00
3.131193388486343210e+00
3.125389290371489714e+00
3.096881812785286403e+00
3.156092444060323743e+00
3.284933806650172095e+00
3.280434196306672323e+00
3.257041782387564588e+00
3.242192710087929974e+00
3.235427522617939644e+00
3.211418864624147496e+00
3.306112776527849739e+00
3.378684097533848352e+00
3.372483486465852387e+00
3.352823075066465819e+00
3.287345227685878335e+00
3.339529117519827395e+00
3.359894230927886305e+00
3.408948498764588830e+00
3.376169967318952025e+00
3.411433898195809444e+00
3.435136907309863652e+00
3.465775333455237472e+00
3.442446308761855533e+00
3.481576360774257139e+00
3.490486300890292881e+00
3.467094194781264793e+00
3.502654092295584221e+00
3.511463166057662733e+00
3.613708159554113397e+00
3.489637415165059764e+00
3.522564951960628576e+00
3.530868022023361696e+00
3.659831453946907232e+00
3.666233154667642768e+00
3.670300759673536195e+00
3.562974215359004049e+00
3.583862048848582837e+00
3.540008235068488940e+00
3.515015514669578955e+00
3.488050995454775816e+00
3.459172679114213445e+00
3.428441096399347465e+00
3.395918717380777885e+00
3.602624281072801082e+00
3.619217767166603927e+00
3.633603962523902720e+00
3.645749143648833623e+00
3.655624558946037439e+00
3.663206507204405327e+00
3.668476343978367193e+00
3.671420417208671516e+00
3.672029933882943631e+00
3.080964763188403843e+00
3.113822309544597378e+00
3.199536491372917180e+00
3.189833916917462542e+00
3.165835119144570164e+00
3.264144133840745532e+00
3.221491722112870271e+00
3.343543355558093566e+00
3.335049577499225926e+00
3.314633165321699604e+00
3.361669322975362029e+00
3.325897468158856451e+00
3.387480947230360862e+00
3.428164193368542279e+00
3.198037597759101125e+00
3.243603131114073612e+00
3.455646209525468304e+00
3.479104317515152367e+00
3.585933725037631969e+00
3.579004919045249089e+00
3.620668002413556685e+00
3.510662671343870223e+00
3.500575209450822456e+00
3.540986941794396436e+00
3.624565085825472543e+00
3.597334073110945774e+00
3.630395002240314639e+00
3.633153894929055827e+00
3.607049806304374773e+00
3.637873069685475080e+00
3.639462093542755738e+00
3.565562642667739368e+00
3.569684928118074474e+00
3.558865471114901702e+00
3.580431076303380422e+00
3.587037722650435523e+00
3.577266833879105157e+00
3.548566538469841269e+00
3.550216606049994894e+00
3.538373650074279730e+00
3.529480116803195955e+00
3.528676210383657974e+00
3.515836662207791008e+00
3.508344473486486148e+00
3.505110948907214752e+00
3.491303322750515470e+00
3.485204040551415972e+00
3.464825517628192575e+00
3.479571355704156765e+00
3.460106124031437247e+00
3.436457690844969548e+00
3.452110808978161138e+00
3.433100398195819469e+00
3.422784993007602417e+00
3.406256283506042148e+00
3.593138575577164762e+00
3.602235657126622748e+00
3.593536368232309819e+00
3.603656250699525110e+00
3.615243826238275560e+00
3.607636961401140319e+00
3.611959805811120638e+00
3.626031989260018129e+00
3.619536030195089182e+00
3.618029687438014896e+00
3.629205722936271528e+00
3.634574737453097892e+00
3.621851164304112913e+00
3.636623052436899428e+00
3.640851591493896589e+00
3.623414336631416433e+00
3.641769957907589728e+00
3.644847027010037266e+00
3.622714075596916494e+00
3.644633295720641541e+00
3.646550429308927477e+00
3.619749894599995965e+00
3.645955979163947536e+00
3.645204760476474792e+00
3.614525754618413078e+00
3.643062471498283550e+00
3.643480738146831932e+00
3.125715516294717666e+00
3.095897778162913561e+00
3.110595826227152028e+00
3.160138167441145729e+00
3.128791852205902391e+00
3.145708047836392129e+00
3.124984991735906270e+00
3.094126684865426302e+00
3.180426840910631547e+00
3.306804081699340259e+00
3.274921241187153331e+00
3.296054362636561486e+00
3.268661352051368763e+00
3.234539600770086842e+00
3.255635646827171215e+00
3.325776339504669998e+00
3.404238371722022372e+00
3.391651321484785875e+00
3.374279173018173594e+00
3.273768313913695938e+00
3.281907607734919186e+00
3.317481902741535649e+00
3.337934285882943719e+00
3.374844705448871718e+00
3.349372406298113169e+00
3.356276738315194130e+00
3.384173586232444464e+00
3.399682376464052691e+00
3.238342646399732683e+00
3.381855167042945975e+00
3.412505147664455674e+00
3.424964552840269683e+00
3.410514108414624879e+00
3.439081129797479264e+00
3.450513429089839157e+00
3.548169693765625077e+00
3.437239797226367966e+00
3.463679012337831598e+00
3.474102266053978205e+00
3.591996503779206762e+00
3.602777560622081765e+00
3.611331105497005201e+00
3.557460648257931624e+00
3.573381340270411766e+00
3.587162799085297671e+00
3.539436027097736748e+00
3.519346686259597234e+00
3.497235363956367138e+00
3.473147892031536621e+00
3.447132708943057899e+00
3.419240354591373432e+00
3.598773941754926931e+00
3.608188159465995692e+00
3.615383501440998515e+00
3.620342789609464873e+00
3.623053663582655570e+00
3.623508555482717775e+00
3.621704595776256586e+00
3.617643452391496872e+00
3.125318694769305683e+00
3.143165377520170445e+00
3.230224223391450433e+00
3.215212645394304847e+00
3.195693851004561381e+00
3.288384138580076055e+00
3.250208420399362197e+00
3.373572857880514420e+00
3.358768512443404575e+00
3.340603008272539753e+00
3.389522873080760057e+00
3.307193855897388790e+00
3.347498259942313314e+00
3.369712552455360388e+00
3.123659717036340044e+00
3.161556331063189340e+00
3.199756545031407828e+00
3.237614807612583689e+00
3.200698581361733019e+00
3.396966477690004815e+00
3.424555973123687203e+00
3.529063231142502310e+00
3.520004206303849692e+00
3.557258194632579418e+00
3.462483531555764493e+00
3.450268345394055025e+00
3.486347251387354351e+00
3.563339096839582609e+00
3.544952403851125755e+00
3.571356120771748799e+00
3.576351777417465794e+00
3.559185139451015445e+00
3.583311275210032232e+00
3.587185923830148226e+00
3.571075997571279359e+00
3.560098300844796171e+00
3.568448619271706868e+00
3.581020249269080580e+00
3.573560174387242050e+00
3.580849594805703973e+00
3.588782741858345116e+00
3.584869965857492513e+00
3.591081497299000169e+00
3.558971355934722247e+00
3.553905892421673762e+00
3.544513680864862071e+00
3.544731815279245524e+00
3.537252840399069953e+00
3.526839574327581328e+00
3.528386683115543043e+00
3.518524666747091523e+00
3.507112809642097595e+00
3.509968713139782093e+00
3.485373367582669246e+00
3.497759963645319825e+00
3.489513691128072637e+00
3.461663921784778886e+00
3.475000272116180788e+00
3.467059970383394862e+00
3.436029342557044064e+00
3.450289598651198109e+00
3.594346480047574399e+00
3.599121377320090076e+00
3.594002562927964384e+00
3.597699021860556456e+00
3.604950857909980488e+00
3.600937308131809900e+00
3.598832593348226361e+00
3.605658166416242594e+00
3.608556266136448532e+00
3.597744132267423289e+00
3.609928694950415906e+00
3.608153821059437938e+00
3.594435263390906243e+00
3.608417701352946594e+00
3.609063995517478585e+00
3.588912204556727659e+00
3.606447940495592697e+00
3.605962699874690536e+00
3.581185605931762161e+00
3.602247265197630277e+00
3.600629876031552712e+00
3.571270324800332130e+00
3.593074918203198020e+00
3.595822819239526957e+00
3.186625844751462822e+00
3.156222599067935342e+00
3.157026757935336825e+00
3.173881594969277575e+00
3.200098898637949052e+00
3.162107973616605339e+00
3.209292150333503901e+00
3.341193884003785808e+00
3.305369888317714722e+00
3.324232471923137311e+00
3.307352384337125084e+00
3.269261825687562073e+00
3.288287498899534089e+00
3.358051860474414951e+00
3.442647915721938290e+00
3.423673907396179494e+00
3.408516182140709283e+00
3.278908551802342419e+00
3.277356497170235805e+00
3.308787145889172443e+00
3.318423400438278215e+00
3.300977291184021389e+00
3.341881792413397889e+00
3.328547548303107728e+00
3.164304469907582629e+00
3.241305737265880005e+00
3.334112150001273811e+00
3.372754918695816340e+00
3.358229668789524336e+00
3.366657442233210951e+00
3.402365468418342864e+00
3.388808399838620922e+00
3.495706014471657852e+00
3.397687405920758241e+00
3.417659526262539771e+00
3.430257722193373215e+00
3.537359188237170216e+00
3.552610920529565952e+00
3.565732584779832237e+00
3.565443440779107576e+00
3.576450575118706787e+00
3.585291640577022765e+00
3.591947475764303732e+00
3.552293637730139508e+00
3.537028525623037822e+00
3.519679085818326669e+00
3.500279528309897081e+00
3.478866855389686208e+00
3.455480406149187722e+00
3.596403372880733862e+00
3.598649225258698348e+00
3.598679606278334830e+00
3.596493779007206903e+00
3.592095636894178767e+00
3.585493576545168981e+00
3.576700304976040634e+00
3.212094301391132056e+00
3.168592002582370171e+00
3.199817610115050392e+00
3.206500811626035397e+00
3.270854547298478465e+00
3.251169159826304611e+00
3.229409762333497635e+00
3.325015171864253993e+00
3.290308063304264508e+00
3.416318120328583063e+00
3.395200748538452107e+00
3.379189747646742514e+00
3.430161188997640664e+00
3.290461390035198441e+00
3.318204111055990779e+00
3.139179312389607013e+00
3.170046830380486291e+00
3.132578800450846579e+00
3.063880826776300914e+00
3.094341363571177173e+00
3.212688309857998359e+00
3.208000660737199805e+00
3.246374410802604249e+00
3.351052704381216607e+00
3.382782996070532899e+00
3.485303628877284066e+00
3.506979402514833755e+00
3.474057601411689067e+00
3.427274303113601928e+00
3.412866965639878458e+00
3.444692766051563826e+00
3.515290342595126738e+00
3.505782159976088330e+00
3.532820764694574400e+00
3.525546644667217677e+00
3.524623275082545248e+00
3.542068124419912145e+00
3.548265175771375901e+00
3.590107235268904518e+00
3.580735637989637787e+00
3.574822158859247700e+00
3.595172541786383569e+00
3.588230961403533925e+00
3.583397198064847355e+00
3.598022265836453126e+00
3.593529839036981421e+00
3.589786858355836330e+00
3.598651109189309416e+00
3.596621135821915782e+00
3.593977831528150979e+00
3.582836118003917214e+00
3.571059426930268454e+00
3.564079338549219322e+00
3.573373218761600967e+00
3.559222074980400663e+00
3.551190364242131192e+00
3.561736551030268316e+00
3.545247228402062856e+00
3.536180571519197180e+00
3.547947780449033583e+00
3.529162081062061418e+00
3.519078631757534659e+00
3.532031848400003948e+00
3.510996977750796333e+00
3.499916130454197472e+00
3.514016533602426051e+00
3.478727060413608463e+00
3.490784964586957084e+00
3.597058394927079128e+00
3.597498302719387642e+00
3.595961298705010023e+00
3.593248142838973536e+00
3.596159472262542511e+00
3.595733057399607357e+00
3.587229080315023744e+00
3.593293584258642426e+00
3.592607485519578869e+00
3.579014581772820947e+00
3.586849849189051476e+00
3.588648026513619360e+00
3.568622539378861092e+00
3.578898623829658732e+00
3.581806125085742476e+00
3.556075166900213524e+00
3.568770244894365451e+00
3.572782069599471200e+00
3.541398739627082293e+00
3.561594288229518401e+00
3.556485279742888306e+00
3.242874521018196177e+00
3.278807022488599010e+00
3.244875702714795196e+00
3.240282083867989549e+00
3.289009826067275100e+00
3.243632728055823922e+00
3.388260203819318583e+00
3.348259249417537831e+00
3.365005289801024535e+00
3.361031946111694868e+00
3.317066777384373388e+00
3.334497217993389384e+00
3.403020480963271588e+00
3.493931834272853365e+00
3.468561233190369908e+00
3.455546560996491490e+00
3.258007243162828637e+00
3.259950610257358772e+00
3.297523255233716366e+00
3.280727406272274216e+00
3.103302521665118441e+00
3.178104638778380675e+00
3.298353450384595931e+00
3.316446748587473792e+00
3.332942445944584442e+00
3.335482592731794593e+00
3.351242757763812641e+00
3.366979658382192930e+00
3.456280884271299314e+00
3.370959062520675342e+00
3.384475193866481213e+00
3.399308614460743172e+00
3.495881501299237470e+00
3.515700311335641093e+00
3.533476521326702979e+00
3.586914757585912827e+00
3.593060029650786191e+00
3.596999517494687382e+00
3.598725732611863570e+00
3.598235725262258100e+00
3.578575546886538117e+00
3.568058355990205932e+00
3.555382954268987206e+00
3.540572566477574235e+00
3.523653457625378849e+00
3.504654414671727558e+00
3.595531195147212422e+00
3.590618534715281029e+00
3.583508803789830388e+00
3.574217634403767718e+00
3.562765067768574490e+00
3.549175325840665973e+00
3.275376197926727517e+00
3.283954993721253324e+00
3.375482492206763219e+00
3.343827401512461162e+00
3.307850182566403952e+00
3.353469020344641560e+00
3.471810082606838321e+00
3.444362080742623178e+00
3.430483758067781608e+00
3.483606401434077959e+00
3.237708911040636295e+00
3.279859393540579759e+00
3.090650197907753416e+00
3.078267322380269011e+00
3.115328653196558495e+00
3.153350859507904058e+00
3.182978393848728160e+00
3.146460437501366947e+00
3.019322617061817482e+00
3.042235357712530064e+00
3.317527466496569488e+00
3.353763605032479056e+00
3.454630133797851776e+00
3.441137075552085811e+00
3.469798729535409798e+00
3.405021143147554774e+00
3.388353955082138214e+00
3.416000872914594311e+00
3.480388563697279558e+00
3.479803386383871100e+00
3.492939051600304712e+00
3.502535529445452767e+00
3.503348612611149271e+00
3.522678627555750452e+00
3.514120573596854591e+00
3.622662289084734866e+00
3.603036657823706967e+00
3.606544486326452414e+00
3.622891984442738078e+00
3.609178530997181777e+00
3.606775520323317163e+00
3.620859589117658928e+00
3.609575890987807512e+00
3.608283007834471867e+00
3.616571198487450012e+00
3.607736994299784783e+00
3.607557316110035828e+00
3.610037699517222975e+00
3.603666974854732086e+00
3.604601265331864646e+00
3.620169079347201446e+00
3.597072681452119891e+00
3.601677901751505040e+00
3.615415422516485400e+00
3.594587296106523056e+00
3.588894083300753657e+00
3.608408632790521153e+00
3.585285304310108501e+00
3.578515299017910323e+00
3.599159966958233703e+00
3.573788359064249853e+00
3.565954368998770718e+00
3.587684273387027112e+00
3.551232544801379731e+00
3.560116325706854656e+00
3.573999736731059862e+00
3.534373800227038842e+00
3.544292094993790165e+00
3.601274811528103026e+00
3.599422394168815043e+00
3.597375730527595294e+00
3.590303062440251214e+00
3.588877916361951748e+00
3.592032985288593494e+00
3.577147692971425652e+00
3.578192866042073206e+00
3.582450022699894099e+00
3.561838490873963536e+00
3.565344443819452813e+00
3.570695078452478022e+00
3.544409557172827796e+00
3.550360828998685214e+00
3.556794131117838376e+00
3.524899007413732299e+00
3.540777318389223716e+00
3.533274235892324810e+00
3.312338536822515334e+00
3.363846991470246017e+00
3.327156053267976699e+00
3.320541704454082144e+00
3.391577492247849435e+00
3.339370729494214984e+00
3.449041626173846797e+00
3.405515117797515146e+00
3.418963725569682754e+00
3.427976311116035291e+00
3.395412506267233788e+00
3.386844439488568614e+00
3.461223974382073187e+00
3.558127589539108904e+00
3.526341132068286921e+00
3.515404514497411093e+00
3.189470456383940888e+00
3.225060764386968426e+00
3.201524497317189688e+00
3.232706778323937158e+00
3.265958521326380648e+00
3.246552492298049764e+00
3.056749793689642392e+00
3.122795859437745847e+00
3.171752081867708739e+00
3.275394225600142484e+00
3.287029487565937824e+00
3.305838775333056034e+00
3.316982213272940960e+00
3.344341045467017715e+00
3.326355328311142223e+00
3.429874651474263736e+00
3.357052373409048940e+00
3.381246449679257360e+00
3.364114086593849251e+00
3.467541102986082535e+00
3.492028128547910448e+00
3.514549259467247833e+00
3.621881611831254233e+00
3.623214625593361937e+00
3.622289625988996953e+00
3.619110444050227748e+00
3.613685634970590144e+00
3.606028557242794363e+00
3.618291327983424566e+00
3.612448880522275196e+00
3.604363466306482522e+00
3.594048045407009617e+00
3.581518987877420734e+00
3.566795742126193325e+00
3.596157380739403386e+00
3.584095026321052480e+00
3.569869034344882230e+00
3.553511364301743303e+00
3.535058127910980730e+00
3.354644378318718090e+00
3.377599008901750910e+00
3.440035122221359210e+00
3.397788792533499524e+00
3.540042013480479977e+00
3.506293285874426680e+00
3.495005478036823821e+00
3.549894039063317575e+00
3.211687401292698141e+00
3.254637329160753545e+00
2.990983168696816907e+00
3.005710838438746091e+00
3.059744175608765993e+00
3.075642358099035079e+00
3.040635986556920578e+00
3.126476991939568517e+00
3.109255394987290977e+00
3.140066801133042151e+00
3.158571622735988349e+00
3.296706614036985172e+00
3.337490778048433526e+00
3.437034376364170640e+00
3.421231403463425913e+00
3.445699432718848598e+00
3.395727367071645464e+00
3.376729710053178568e+00
3.400266183001454223e+00
3.458619478059675068e+00
3.467012119699138140e+00
3.485486309010875416e+00
3.473521521375769971e+00
3.495361145260110547e+00
3.499460945151431801e+00
3.510420297830733283e+00
3.668761559429422725e+00
3.645888265296835407e+00
3.644756127305431193e+00
3.664196961430341570e+00
3.643703463778098950e+00
3.643707304202139063e+00
3.657311434242101811e+00
3.639229206841941178e+00
3.640368797173864746e+00
3.648122060065384975e+00
3.632477129669450022e+00
3.634749901431988839e+00
3.636650979117627358e+00
3.626864769306903824e+00
3.623463792760929891e+00
3.622925405050106740e+00
3.612210709525075281e+00
3.616732477509299493e+00
3.670993123371173894e+00
3.643510698244146973e+00
3.645776801275977252e+00
3.670884360922289424e+00
3.643366915257186367e+00
3.639970972436464614e+00
3.668432580096914641e+00
3.638660876060662464e+00
3.634141171470663956e+00
3.663639401583732358e+00
3.626029464520833745e+00
3.631665079222691439e+00
3.656510399948873058e+00
3.622389716120888892e+00
3.615647697145295325e+00
3.647054407062261916e+00
3.603010996773835295e+00
3.610848473205196640e+00
3.606977567132444662e+00
3.604377018204708794e+00
3.598744305017951728e+00
3.588844579905461352e+00
3.583095802253482454e+00
3.589827221576616267e+00
3.568568240787742596e+00
3.565301037541945384e+00
3.573116606528208727e+00
3.546194757790083418e+00
3.545400206626164952e+00
3.554283161416310399e+00
3.521774410027627589e+00
3.523437544759069340e+00
3.533369057373498379e+00
3.461305093629990282e+00
3.411646043790543814e+00
3.427438890669788130e+00
3.506391631114894381e+00
3.447961919234503902e+00
3.524831288275124486e+00
3.487330179891352966e+00
3.477903991996317945e+00
3.445455219231354338e+00
3.533339750978899296e+00
3.635296813696468288e+00
3.597058212637950447e+00
3.588106594859097775e+00
3.169322873856660117e+00
3.179294351053699508e+00
3.201383042340430141e+00
3.217367771244727059e+00
3.225145302300107986e+00
3.246788897904030691e+00
3.027151088443716276e+00
3.094361682117066081e+00
3.148312271105989879e+00
3.264935343635069209e+00
3.291329030212996720e+00
3.270251389566312117e+00
3.311165005466256694e+00
3.314148059703022398e+00
3.334453577088784648e+00
3.416484546552144952e+00
3.355981874651747354e+00
3.356582378390760901e+00
3.376080250108640435e+00
3.452331847511070251e+00
3.481592538420217764e+00
3.508952576594779771e+00
3.666933703501617181e+00
3.670365571892085121e+00
3.661179488802528859e+00
3.653117617614729085e+00
3.642767790753903334e+00
3.630154767316417175e+00
3.615308342574272249e+00
3.671465294218531739e+00
3.670227773517810377e+00
3.666652365533440872e+00
3.660742580989924111e+00
3.652505754819063810e+00
3.641951802906192359e+00
3.598263252933966871e+00
3.579059008638798112e+00
3.557739655425322667e+00
3.534353467667046278e+00
3.483985062523548226e+00
3.516638067274307389e+00
3.472886927596218420e+00
3.521820161749088740e+00
3.490086144026864012e+00
3.624882345836670350e+00
3.582879629740893801e+00
3.575329072417807730e+00
3.630970619330929683e+00
3.193784478125554216e+00
3.241632661959276795e+00
3.043963035839738929e+00
3.018644062122603167e+00
3.052403366082463876e+00
2.978643302299897044e+00
2.985232875777997563e+00
3.107500978442270245e+00
3.084542306279489665e+00
3.117258376485394944e+00
3.139209377646073662e+00
3.288488379724538113e+00
3.333976555129331665e+00
3.432524660771504532e+00
3.414346281741716282e+00
3.434681347017700226e+00
3.399413602226686315e+00
3.397500536405804628e+00
3.378011989024007455e+00
3.449985142230048041e+00
3.467420667303345638e+00
3.467298359897999394e+00
3.481679274491765064e+00
3.500676747752100582e+00
3.511499788428332991e+00
3.498097302135521058e+00
3.719119852774007917e+00
3.691831096417502511e+00
3.694218951042902432e+00
3.728439503259810550e+00
3.698794338436346862e+00
3.700009245994693607e+00
3.707408516179452107e+00
3.682513479179926552e+00
3.686068789329306483e+00
3.693333038621648967e+00
3.675578636460681281e+00
3.670863863377647807e+00
3.676926394991239189e+00
3.662773564327504339e+00
3.656909870982326005e+00
3.658226976922690277e+00
3.647683874325893250e+00
3.640684369865534897e+00
3.637278504521863631e+00
3.622225400184043487e+00
3.630345060456162898e+00
3.735345291046227700e+00
3.703386003677574312e+00
3.703424882402153173e+00
3.739820282663857576e+00
3.705593920825857701e+00
3.704455983956099985e+00
3.741852552975576174e+00
3.705410730876774306e+00
3.703097334404156449e+00
3.741434845546514065e+00
3.702833611581032969e+00
3.699348071740884425e+00
3.738565098819130128e+00
3.693211485972803576e+00
3.697864089546804678e+00
3.733245910233293774e+00
3.684703541116288950e+00
3.690506826869084378e+00
3.614129863066012582e+00
3.601576026822672638e+00
3.610797698281281054e+00
3.588834865024733922e+00
3.578784118361464817e+00
3.589087260323941653e+00
3.561451939122828314e+00
3.565263859085337383e+00
3.553902054505797548e+00
3.532043749282668621e+00
3.539381920050789887e+00
3.526986364651745198e+00
3.572073480198887374e+00
3.515876224777723991e+00
3.540020809783629208e+00
3.631898444299725526e+00
3.568187071263576815e+00
3.606288394210293013e+00
3.566689345813925716e+00
3.562291888600459089e+00
3.544939651908722844e+00
3.617086421389022810e+00
3.725507518125337647e+00
3.680779139389273702e+00
3.675636692879102441e+00
3.161621065785768181e+00
3.165195935942262118e+00
3.189829814275695341e+00
3.214817078578579679e+00
3.240224048716899841e+00
3.216045090112953808e+00
3.012929412479310898e+00
3.077294045366698594e+00
3.135033628221481017e+00
3.267010871813590622e+00
3.265995111470468171e+00
3.289426352841720025e+00
3.318056182393232412e+00
3.314639625173140480e+00
3.337338205746653408e+00
3.416124774563087385e+00
3.367780863493299748e+00
3.383836764655447471e+00
3.361904059411865653e+00
3.450264062895213257e+00
3.484407790771007818e+00
3.516703961396069111e+00
3.724250637262553898e+00
3.713700631244285510e+00
3.732402320089638792e+00
3.700777282648481492e+00
3.685510966345994177e+00
3.667937474275714038e+00
3.648097963668152310e+00
3.626038830056613538e+00
3.738136001293873356e+00
3.741437130832153901e+00
3.742296052021730546e+00
3.740708090937579833e+00
3.736674147334761109e+00
3.730212084202801481e+00
3.601811505385057455e+00
3.575472182216035577e+00
3.547081466344099265e+00
3.601958191079271288e+00
3.590681262927049477e+00
3.731233140673142046e+00
3.679171287595526252e+00
3.669976552217034893e+00
3.730158636708075015e+00
3.188433966386161611e+00
3.241253559245762084e+00
3.039215087100384682e+00
3.010315119115876570e+00
3.042300446863452468e+00
3.101072701977858781e+00
3.073643874654125696e+00
3.104751126329281519e+00
2.983381351797119940e+00
2.980809108628088566e+00
3.132371013975416396e+00
3.292894669875300551e+00
3.343251589540590540e+00
3.441126260662014769e+00
3.420504531944277282e+00
3.436761111663761525e+00
3.416118256851729651e+00
3.392236508014236929e+00
3.407733258262564124e+00
3.454504215399209155e+00
3.481057830508199835e+00
3.474290272987974326e+00
3.491136796767245087e+00
3.519327350012102062e+00
3.510053683731150009e+00
3.525942496931194547e+00
3.787706534470477671e+00
3.753600511923067096e+00
3.758350645201308460e+00
3.771195097820853270e+00
3.745421326241887172e+00
3.739466172082672735e+00
3.801744063590899447e+00
3.765303840880593889e+00
3.768838520656570434e+00
3.752247131832184834e+00
3.730080400265473717e+00
3.722933361705825117e+00
3.730905914307232063e+00
3.704040288449166773e+00
3.712363330954012497e+00
3.707220585829470672e+00
3.682830801595990522e+00
3.692311220750035261e+00
3.681246033666172757e+00
3.659354289188572196e+00
3.669970745731006012e+00
3.653042698325875914e+00
3.633665498790114690e+00
3.645394014136328131e+00
3.813276166868663886e+00
3.774549236643621519e+00
3.776860661542836617e+00
3.822277060216802358e+00
3.781315273838361968e+00
3.782398143912713451e+00
3.828726534903596157e+00
3.785585829245874390e+00
3.785437159441924493e+00
3.832609922922503021e+00
3.787349951200781550e+00
3.785969510604993538e+00
3.833917092120465497e+00
3.786601011552424900e+00
3.783992157222751729e+00
3.832657505905136652e+00
3.779504193934986489e+00
3.783333567345331883e+00
3.622676301757029371e+00
3.605824281551380572e+00
3.618638348229026747e+00
3.590217498691066211e+00
3.575895261350127363e+00
3.589765990503728688e+00
3.555741453982853795e+00
3.543947431613594379e+00
3.558843736398591417e+00
3.684467847499516502e+00
3.660250002973030714e+00
3.628419802499303071e+00
3.766989542448052841e+00
3.698400057166882693e+00
3.647354861736335607e+00
3.711258797219410432e+00
3.836201279891660487e+00
3.781092365805241329e+00
3.785650178559657686e+00
3.163263099107844312e+00
3.189510295175312038e+00
3.162118457926536230e+00
3.224525325685214217e+00
3.246084205908885245e+00
3.219567685667560575e+00
3.012339513831711280e+00
3.071970432841945264e+00
3.132648749876861594e+00
3.281660698233593187e+00
3.274322349619939398e+00
3.300172497631063351e+00
3.337704769157038065e+00
3.327863268353044468e+00
3.353034603134332770e+00
3.428826853972439359e+00
3.392500712014694830e+00
3.380121607130283756e+00
3.404560764712966758e+00
3.461364821053540375e+00
3.500504433157106909e+00
3.537836756436159469e+00
3.795212298436746234e+00
3.779898108021687797e+00
3.762133077523382330e+00
3.808041058140209767e+00
3.741957674421211522e+00
3.719418242740661018e+00
3.694566925236774768e+00
3.667461507273523935e+00
3.638165182548685372e+00
3.818355594813825693e+00
3.826132778970462667e+00
3.831355175472729968e+00
3.834012341131771251e+00
3.834086369913323189e+00
3.835193113359876449e+00
3.606746241289766619e+00
3.573277682932033184e+00
3.726609117533540960e+00
3.813832756404434754e+00
3.750072535223184289e+00
3.774118480861859748e+00
3.854936062777162942e+00
3.793514617307394587e+00
3.846159542195722203e+00
3.194160776664804580e+00
3.253390910249723156e+00
3.038870221974702801e+00
3.038155312792950813e+00
3.010270465886016211e+00
3.104947390760826487e+00
3.073824327720051208e+00
3.103556653750120020e+00
3.002300246352661794e+00
2.992707024442903485e+00
3.135071755518275438e+00
3.309969833432038655e+00
3.365364452596041112e+00
3.462881665415395105e+00
3.439746472656206144e+00
3.451972436899488628e+00
3.445897745034625537e+00
3.419457427777004899e+00
3.431011550713123359e+00
3.472212210487843898e+00
3.507969038438964571e+00
3.494534535548406318e+00
3.513897596502947529e+00
3.551360971370009612e+00
3.553789684982434860e+00
3.535370203949691259e+00
3.870015713308101457e+00
3.836155735411096224e+00
3.829063956037164207e+00
3.848728387651133787e+00
3.818477977462505280e+00
3.810137996940234473e+00
3.824920450631402069e+00
3.788735175472755401e+00
3.798305409847855696e+00
3.888735958722643993e+00
3.845471035635971369e+00
3.851299622491352270e+00
3.798644836714429207e+00
3.764903695506348846e+00
3.775683250191581131e+00
3.769960890927473773e+00
3.738697900504297955e+00
3.750662864029382426e+00
3.738934228554164907e+00
3.710178144681077761e+00
3.723301675721763182e+00
3.705636514688483985e+00
3.679410585278224399e+00
3.693662999460405327e+00
3.670145161470470541e+00
3.661815790308058816e+00
3.646466893868171688e+00
3.904849120807532881e+00
3.859323385677472018e+00
3.863876669761356464e+00
3.918321564653208355e+00
3.870591225177208550e+00
3.873859875957823107e+00
3.929125579058412754e+00
3.879250632819460698e+00
3.881227987505697197e+00
3.937242198416092798e+00
3.885284301978417787e+00
3.885963951545353012e+00
3.943431298030809717e+00
3.888458479979975291e+00
3.889057152192086697e+00
3.949757019325430996e+00
3.893432171486848059e+00
3.891609101456352526e+00
3.632542943647530720e+00
3.627834315478057015e+00
3.611423888573265017e+00
3.592917535321042966e+00
3.591797747913996197e+00
3.574363090000097998e+00
3.909493901893388745e+00
3.837329617582897257e+00
3.792088850171972947e+00
3.836038929774216122e+00
3.955423005980133411e+00
3.896336234340653348e+00
3.905710393193882357e+00
3.183561897922692729e+00
3.173354667026464071e+00
3.204302456577441838e+00
3.246674719254291297e+00
3.264478731653873922e+00
3.235553807859827380e+00
3.019629385092115204e+00
3.072365690856914355e+00
3.145165883297556420e+00
3.308954080734452852e+00
3.323613401013711943e+00
3.295246409986950731e+00
3.370176252392566241e+00
3.381601491543175797e+00
3.353878251988864356e+00
3.454639914082869190e+00
3.430212153588960255e+00
3.438315716832300417e+00
3.411296574885604116e+00
3.485678123614061263e+00
3.529929380239535064e+00
3.572400149001193626e+00
3.879878364622020293e+00
3.859829867935258285e+00
3.837241677767649684e+00
3.812163659570965368e+00
3.897343765525078663e+00
3.784652113906787463e+00
3.754769677056815524e+00
3.722585139534559495e+00
3.688173182517281212e+00
3.651614032048782654e+00
3.912189089331705283e+00
3.924383564563677318e+00
3.933902776545928681e+00
3.941114886279159624e+00
3.947446600777006598e+00
3.953610996601746308e+00
3.612993033531411768e+00
3.862421464544460115e+00
3.943358874038829676e+00
3.900257090906243285e+00
3.879240287282122779e+00
3.950952257234686016e+00
3.215360431731900448e+00
3.278053453300663111e+00
3.076796557276017197e+00
3.040400111702666219e+00
3.057208634823690652e+00
3.090378687326670537e+00
3.038952869316222216e+00
3.020555509338481937e+00
3.147430789036098631e+00
3.126579432186139762e+00
3.165614643305167064e+00
3.339775555755057024e+00
3.400384499264430538e+00
3.497850576486704277e+00
3.472130050688262415e+00
3.480366256407658732e+00
3.488826165361356146e+00
3.459747212156967677e+00
3.467400532164344629e+00
3.503161581062954166e+00
3.548216296021585947e+00
3.528085015206024799e+00
3.550016726759185559e+00
3.596841589701816666e+00
3.574103003519179644e+00
3.595098390336016081e+00
3.966118099745226111e+00
3.918286090172018898e+00
3.927699966300718160e+00
3.940077774680819545e+00
3.894592227969992937e+00
3.905302825119525423e+00
3.911421517900198097e+00
3.868331618954565343e+00
3.880316568333371574e+00
3.880211158323751075e+00
3.839561758701318883e+00
3.852795415619984176e+00
3.989487776205365765e+00
3.947460558252129381e+00
3.939362506158910815e+00
3.846515583949947192e+00
3.808346881537914896e+00
3.822800342006991592e+00
3.810410580931774316e+00
3.774757809060743874e+00
3.790398969475317070e+00
3.771978589825617068e+00
3.738871718233840902e+00
3.755665374563258219e+00
3.731308376538446048e+00
3.700771823642128311e+00
3.718679812275660357e+00
3.688494614994546339e+00
3.679528354965305503e+00
3.660546974526107888e+00
4.010139413167653544e+00
3.957777646542620875e+00
3.964543986206011006e+00
4.028033188899205363e+00
3.973494534268023237e+00
3.978916269103009551e+00
4.043136577582804314e+00
3.986482955798399175e+00
3.990551631020255563e+00
4.055434296559303320e+00
3.996728032784776286e+00
3.999817992818269552e+00
4.065489492256110005e+00
4.004901942626559297e+00
4.008017107574088911e+00
4.075647590025826439e+00
4.013236634932145108e+00
4.015955463731248898e+00
3.643637384940955126e+00
3.618291171119300209e+00
3.638302448741243644e+00
4.057421208661640577e+00
3.982699750907093161e+00
3.927758449960394138e+00
4.073450991987070502e+00
4.015384413557200105e+00
4.008997247722899004e+00
3.212852149182410244e+00
3.230128617278578140e+00
3.198202333214580584e+00
3.281438081065036982e+00
3.295472571924610072e+00
3.263957692670791388e+00
3.071977354344145095e+00
3.072759882261811626e+00
3.036652584759753637e+00
3.112207641687551707e+00
3.054877127469863840e+00
3.180343164275480916e+00
3.348968008508848904e+00
3.328855444952584453e+00
3.359825242244931065e+00
3.415556403807411989e+00
3.392761331864410312e+00
3.423117737628924573e+00
3.493630613050370037e+00
3.481004064916972229e+00
3.455508441284694143e+00
3.485182850275413635e+00
3.523264865581727801e+00
3.572745814585534418e+00
3.620459007402294205e+00
3.978320455682943901e+00
3.953565957251122587e+00
3.926172062311391819e+00
3.896197229087867697e+00
3.863707003271566354e+00
4.000384299322911730e+00
3.828773905022906376e+00
3.791477226675511680e+00
3.751902745046135301e+00
3.710142344435040762e+00
3.666293554538741617e+00
4.019713511063828015e+00
4.036271618686094520e+00
4.050033057039248874e+00
4.061270868883084084e+00
4.071468850722119726e+00
4.075873885922764117e+00
4.001006591362678222e+00
4.066562847349188381e+00
3.247413604928745645e+00
3.315364532760127325e+00
3.118618045072711009e+00
3.097923237166154919e+00
3.095664715141145606e+00
3.133473305882970461e+00
3.116640976401970242e+00
3.077281733662244445e+00
3.093341379420161186e+00
3.090899160988618277e+00
3.064463800492900791e+00
3.177916152866538724e+00
3.196418291132734346e+00
3.163149649087507509e+00
3.382398353356847576e+00
3.448398868620106583e+00
3.546109721289364636e+00
3.517730562913714998e+00
3.522010628169876867e+00
3.544995090563302753e+00
3.513195822786662870e+00
3.516982866915918216e+00
3.547421576162101076e+00
3.601877950994730071e+00
3.575012047324308995e+00
3.599565398364050317e+00
3.655848857886782710e+00
3.626324049688288476e+00
3.649941187486088090e+00
4.076095447772852154e+00
4.033060550696629498e+00
4.021343099926391496e+00
4.045323910240830045e+00
3.992903859719257653e+00
4.005971591425583789e+00
4.011830404887218648e+00
3.961796987095378419e+00
3.976188650891162801e+00
3.975684771531506456e+00
3.928088442037461547e+00
3.943774082687468763e+00
3.936964656048316691e+00
3.891851627862234153e+00
3.908797698732897619e+00
4.104083219393676707e+00
4.057400833934623030e+00
4.047056258977802301e+00
3.895755337830218323e+00
3.853167214708555832e+00
3.871336648586521711e+00
3.852149461306727307e+00
3.812122887919993541e+00
3.831475207124455551e+00
3.806246687679347041e+00
3.789304476754748130e+00
3.768813008750967697e+00
3.758153250934931577e+00
3.723338178324974379e+00
3.744921997888531973e+00
3.707981416683570064e+00
3.675804714563214226e+00
3.698431269735892091e+00
4.129233773168714983e+00
4.078945637820902803e+00
4.069992340145988763e+00
4.151512089674195494e+00
4.090109011412743634e+00
4.097657955254678797e+00
4.170861936349966825e+00
4.107364363189835110e+00
4.113503621198686844e+00
4.187186648171477010e+00
4.121723681569220865e+00
4.126722953597585786e+00
4.201139962184884169e+00
4.133768217903859288e+00
4.138779347922894480e+00
4.210730120506511298e+00
4.143814485046839913e+00
4.142520819529183385e+00
4.207618753976962722e+00
4.132362125623464166e+00
4.141477735718604336e+00
3.254463654320554511e+00
3.268370905330569620e+00
3.233874078853317791e+00
3.328996227940750341e+00
3.305115002411827430e+00
3.339223180607497454e+00
3.117123961158545953e+00
3.149980421632163186e+00
3.102780701365836613e+00
3.217350679595137652e+00
3.401808296666943399e+00
3.375239306306007325e+00
3.408906054518908491e+00
3.473949186335778094e+00
3.444603801339273907e+00
3.477678620258328301e+00
3.545882789997306883e+00
3.544982512162504484e+00
3.512855080790658224e+00
3.545260936336333657e+00
3.574202633285981534e+00
3.629032947901856154e+00
3.682093565713334016e+00
4.090621258722659803e+00
4.061187585132115530e+00
4.029004622698646898e+00
3.994138420934007172e+00
3.956662933380165725e+00
3.916659833423386416e+00
4.117247601406221591e+00
3.874218288356170881e+00
3.829434656442188167e+00
3.782412083994101337e+00
3.733260006273758869e+00
4.141018388291834995e+00
4.161884991208975038e+00
4.179781444974683957e+00
4.194982858144964410e+00
4.206886634955480098e+00
4.210472115700906848e+00
3.292106416249064527e+00
3.365489404162754106e+00
3.148037285850752376e+00
3.168909085195186659e+00
3.141546575953965359e+00
3.129312425490488714e+00
3.158338131109806213e+00
3.123805862490494967e+00
3.238002938086366633e+00
3.246624110497946525e+00
3.208740323002953865e+00
3.437936680959137625e+00
3.509512141242793426e+00
3.607752637830993869e+00
3.576640430733142750e+00
3.576990503390582443e+00
3.614513488379397455e+00
3.579911088871254865e+00
3.579858597474117943e+00
3.605078003534420095e+00
3.669048354432010051e+00
3.635402161058976400e+00
3.662630674696662147e+00
3.728477672081915273e+00
3.692120777997197401e+00
3.718405793191264408e+00
4.200039444331043370e+00
4.138321626753461935e+00
4.152325196254110118e+00
4.164557615346512698e+00
4.120570610203438733e+00
4.105158597558605571e+00
4.126237697823077255e+00
4.086007329825949164e+00
4.069216607698434629e+00
4.085156498669245906e+00
4.048704753885504104e+00
4.030569123602540493e+00
4.041399497501337201e+00
4.008740634131766178e+00
3.989297872953738278e+00
3.995060670813382231e+00
3.966200855783523771e+00
3.945492637353470222e+00
4.232598688585563096e+00
4.181202678743924039e+00
4.168633189618504709e+00
3.946242170813013317e+00
3.899250971379546460e+00
3.921179203698854643e+00
3.895053965241666027e+00
3.850677860395745000e+00
3.873777049663537309e+00
3.841613385315567619e+00
3.799885260234197037e+00
3.824102943692771817e+00
3.786044546235483921e+00
3.746991527782476794e+00
3.772272099915285004e+00
4.262126677276318887e+00
4.207133180491624103e+00
4.196013455075293663e+00
4.288263008980517377e+00
4.229901568509531806e+00
4.220249059118195589e+00
4.312318873621224569e+00
4.241903709694762270e+00
4.250066770213770440e+00
4.331847089875492607e+00
4.259906362998467699e+00
4.266850920135576430e+00
4.349218545614700560e+00
4.275625587658304028e+00
4.280352684449894696e+00
4.359654976350705091e+00
4.285956801045604614e+00
4.284186106523929283e+00
3.310577730512948236e+00
3.282929032709768880e+00
3.320164533535665985e+00
3.388770176569077641e+00
3.358744592039699661e+00
3.395514641942574130e+00
3.172726606196508925e+00
3.162171396895233855e+00
3.203799017404397098e+00
3.275218408271483028e+00
3.467594575773265131e+00
3.434506606417425889e+00
3.470961153440350166e+00
3.545476673928237510e+00
3.509521098454317034e+00
3.545398755175032335e+00
3.611497344888579875e+00
3.622272062230641687e+00
3.618666679154356469e+00
3.583452284199807547e+00
3.638585433008891812e+00
3.698885639117797552e+00
3.757398945797549850e+00
4.216865573287233993e+00
4.182785985937543138e+00
4.145830097055830166e+00
4.106078005494772754e+00
4.063611099782830749e+00
4.018519358544653919e+00
3.970901072153006695e+00
4.247975155593382901e+00
3.920862533274470429e+00
3.868517631457945694e+00
3.813987311081993070e+00
4.275870453613434208e+00
4.300949563938251785e+00
4.322774698078966082e+00
4.341330672529523760e+00
4.355542403422022701e+00
3.349981043257245439e+00
3.428202006222401454e+00
3.233865179865930806e+00
3.195490720260253603e+00
3.200561465172201636e+00
3.240611710054653649e+00
3.198284301604024549e+00
3.235239387176578774e+00
3.306500449894994809e+00
3.308825179421913010e+00
3.273007551212948840e+00
3.506512617334490045e+00
3.583848729484378381e+00
3.682889298516004217e+00
3.645407440233841889e+00
3.648968994555155554e+00
3.697507247047226553e+00
3.656144912905306299e+00
3.660018292261574491e+00
3.676232895181002824e+00
3.749837366770474745e+00
3.739315003636435097e+00
3.709357647391406498e+00
3.814837568182043448e+00
3.800594502639116357e+00
3.771595569466931419e+00
4.338050369023008557e+00
4.269317653299331994e+00
4.285582163023260449e+00
4.297878677633335087e+00
4.231451670582838887e+00
4.249195633899474522e+00
4.254743281284403267e+00
4.209868024189095337e+00
4.190685720313204854e+00
4.208726951827999940e+00
4.147099547667435715e+00
4.167683095019086181e+00
4.159921827495171698e+00
4.100782215338139025e+00
4.122725486407091466e+00
4.108429674273987864e+00
4.051831776917788730e+00
4.075088903335712942e+00
4.054361336390892134e+00
4.000354893041730087e+00
4.024875832268353548e+00
4.375182672849001975e+00
4.304205003702952226e+00
4.318936962879636354e+00
3.997836364249639729e+00
3.946466502285310263e+00
3.972197200337405754e+00
3.938982580132942779e+00
3.890289396242752051e+00
3.917171979058548636e+00
3.877935500567868843e+00
3.831953580031507212e+00
3.859926640712357582e+00
4.409280880323251495e+00
4.336032046867662970e+00
4.349063550941947298e+00
4.436501217593942670e+00
4.362755408501021392e+00
4.374772313827833159e+00
4.464439123767308004e+00
4.398420373341928702e+00
4.388620171856157270e+00
4.486361640241956827e+00
4.418066837333611829e+00
4.409379442868839760e+00
4.510476768077601228e+00
4.430225416352142176e+00
4.435421695594830460e+00
3.378033940854137995e+00
3.344497561429077059e+00
3.383655571263916251e+00
3.461746485806005413e+00
3.464857896736745602e+00
3.425035030909750144e+00
3.235234340807234599e+00
3.270448460142505454e+00
3.343035604205120137e+00
3.546470735206293856e+00
3.546122771259973661e+00
3.506776062656130843e+00
3.630281961773794031e+00
3.626412122303337426e+00
3.587646022469133555e+00
3.690591849148297854e+00
3.713014997568067521e+00
3.667432921985606331e+00
3.705533837573096179e+00
3.716523250637864706e+00
3.782413830791739429e+00
3.846484508164321081e+00
4.318460968521926624e+00
4.357176920347678006e+00
4.276748328654385922e+00
4.232116317629429858e+00
4.184652777184570738e+00
4.134455006925992215e+00
4.081629589467370423e+00
4.026291940129152813e+00
4.392846195027653167e+00
3.968566036759169080e+00
3.908583823321505779e+00
4.423566862029875146e+00
4.451091656496036997e+00
4.475945035151994489e+00
4.499012399638249171e+00
3.419949385072770909e+00
3.504005967272166622e+00
3.317698038173575892e+00
3.274457808877991205e+00
3.278217201850953444e+00
3.337088576820189889e+00
3.287322277875493803e+00
3.310920243120920148e+00
3.377828915444624158e+00
3.378513675185670362e+00
3.343322394683652110e+00
3.588266513049835904e+00
3.671550671351193174e+00
3.771645437925437605e+00
3.734841963158501699e+00
3.727379114529687953e+00
3.794118010347870218e+00
3.753659494856246504e+00
3.745975500644391332e+00
3.761003946882183868e+00
3.844369659432525843e+00
3.796995950116415663e+00
3.829735559136429934e+00
3.915051935358274449e+00
3.896623455218708898e+00
3.864865062297567988e+00
4.445394078309481856e+00
4.371886426753679444e+00
4.391950452444637776e+00
4.490244852245930396e+00
4.414435037407297813e+00
4.432961252069222979e+00
4.397454571533126355e+00
4.326308178499311374e+00
4.347874557694987985e+00
4.346505236201580580e+00
4.277784602980212902e+00
4.300813655026469284e+00
4.292642458633061153e+00
4.226410991425037622e+00
4.250858042295261541e+00
4.235975192125572164e+00
4.172292654527540279e+00
4.198108144280464415e+00
4.176622042578966187e+00
4.115544607668701005e+00
4.142674268611541422e+00
4.114711309463126021e+00
4.084676032752186714e+00
4.056290847002583355e+00
4.531918438661584503e+00
4.453874425063157894e+00
4.470866803861872185e+00
4.050380495285725857e+00
4.024242090208936418e+00
3.994664328991898827e+00
3.983775959964753532e+00
3.961509592904433052e+00
3.930806226107329771e+00
4.566518002183056701e+00
4.501887962994245207e+00
4.488349473977622850e+00
4.594936813220789951e+00
4.530026751285268105e+00
4.516104136049762019e+00
4.622897853554330361e+00
4.554958688419000978e+00
4.543881385394737293e+00
4.656892950600529879e+00
4.571695859300016984e+00
4.583930766979493754e+00
3.456155394685525017e+00
3.459082387998672736e+00
3.416587599795342101e+00
3.547755026705564418e+00
3.547203766665889546e+00
3.504265502201968197e+00
3.324572559561086216e+00
3.348301039622817221e+00
3.417368923308148787e+00
3.638616559716040033e+00
3.592194853396649012e+00
3.634555497336187990e+00
3.728522460571230823e+00
3.720868000454820468e+00
3.679120692286792060e+00
3.783299828444326440e+00
3.817370250316957314e+00
3.764947882735971696e+00
3.806012946728725588e+00
3.808141358798406984e+00
3.879741815519620829e+00
3.949473031862205996e+00
4.421867075609807962e+00
4.468321703667142764e+00
4.511652735775522061e+00
4.372361792870097297e+00
4.319898064678871386e+00
4.264578699290169972e+00
4.206517959608662593e+00
4.145839338482452341e+00
4.082676051763455050e+00
4.549931149531857066e+00
4.017170433748631808e+00
4.581558878597856932e+00
4.609519677179394037e+00
4.640288620447941881e+00
3.501501760095962368e+00
3.592873038733769953e+00
3.424875159711692874e+00
3.381260342428726418e+00
3.370674330738179236e+00
3.445822362361400604e+00
3.390181327462179262e+00
3.401996979476391125e+00
3.441766550075561426e+00
3.683352781765809603e+00
3.772774151649214147e+00
3.874161950275538224e+00
3.823038573395886708e+00
3.834400394922543143e+00
3.904503027562589157e+00
3.849499450973633330e+00
3.860990936231562642e+00
3.859523728109469420e+00
3.952783801152680354e+00
3.934023428782477794e+00
3.898448929813831842e+00
4.029257087467009057e+00
4.006621725659877953e+00
3.972059276172085873e+00
4.554477024535890095e+00
4.476195349310671645e+00
4.500135755915303903e+00
4.606978715548740055e+00
4.548844832513449177e+00
4.526475044190659602e+00
4.655463211115873357e+00
4.593920617302691412e+00
4.573167369456614395e+00
4.498607404216356187e+00
4.422736762701405588e+00
4.448207950598157545e+00
4.439678501886435313e+00
4.366299131716471216e+00
4.393252135701883887e+00
4.377817482702329066e+00
4.306992359683334826e+00
4.335374656581436170e+00
4.313148549784979302e+00
4.274693133255284216e+00
4.244939866743711043e+00
4.245806278530340983e+00
4.211334932072390735e+00
4.180273505537522638e+00
4.175937809142046930e+00
4.113135366621177624e+00
4.145437416211787962e+00
4.702234089712528764e+00
4.617466560237056150e+00
4.634643480776284186e+00
4.103699547261135727e+00
4.043677268210306153e+00
4.077147682579504995e+00
4.731210007338574108e+00
4.649814277437020138e+00
4.663717347463657958e+00
4.758481912469339825e+00
4.676954644542480111e+00
4.690906720691496723e+00
4.796356514139294980e+00
4.709540215204080837e+00
4.726840327076384796e+00
3.542318774891029420e+00
3.545319996719109135e+00
3.498333622844123525e+00
3.644460750586612896e+00
3.595440560854872736e+00
3.641695052472623040e+00
3.434432493165961553e+00
3.484140786305239157e+00
3.744190133016024102e+00
3.736410099611507274e+00
3.690951786051289929e+00
3.840320305188224204e+00
3.828913634612580719e+00
3.784092147237448245e+00
3.889769592100182916e+00
3.935502285088540830e+00
3.920266951557731083e+00
3.876163980082689697e+00
3.913579595162796743e+00
3.991007300557061210e+00
4.066499727966335520e+00
4.526926597968873978e+00
4.581198547498168239e+00
4.631767351949449107e+00
4.679478598926434252e+00
4.469465253852332509e+00
4.409011487828939480e+00
4.345689006454518832e+00
4.279630799399683383e+00
4.210977010416168120e+00
4.139879515681496258e+00
4.717873660995278939e+00
4.745988680317697828e+00
4.777673193387987460e+00
3.592873099726662023e+00
3.693940403724154553e+00
3.512412880164107243e+00
3.469632474813736156e+00
3.480436676475269664e+00
3.568140123374312189e+00
3.504738960959127514e+00
3.528909926738136971e+00
3.791925471719924889e+00
3.887678482928223378e+00
3.990593930113447652e+00
3.947800204401382906e+00
3.932533492190704472e+00
4.028851535407481421e+00
3.966881643756821507e+00
3.982196989445862201e+00
3.971938879243277931e+00
4.075231167818015088e+00
4.052322595637152247e+00
4.013861797021608169e+00
4.157600920178135873e+00
4.093320627002677625e+00
4.130730261065712838e+00
4.665160700859798837e+00
4.609988349461897172e+00
4.582089432591491374e+00
4.725638945353439979e+00
4.640470561544416839e+00
4.666575479334892584e+00
4.782945698238203924e+00
4.719646443700717953e+00
4.695632141909710455e+00
4.829771030171218449e+00
4.766045910500575467e+00
4.742740674710503868e+00
4.601133875161496078e+00
4.550024694618685750e+00
4.520572538873532054e+00
4.534062136049235470e+00
4.487007614481242967e+00
4.456058686051046713e+00
4.464066852799172480e+00
4.421057179831510808e+00
4.388668491889093026e+00
4.391257778902655673e+00
4.318546418441955304e+00
4.352304178932659084e+00
4.315794945380524439e+00
4.245838274576884785e+00
4.280892054359052068e+00
4.237850483489047804e+00
4.170705866411857698e+00
4.206978557862696810e+00
4.905658725763803574e+00
4.805111786698146759e+00
4.819799109524295133e+00
4.877471512283441335e+00
4.818616934261476636e+00
4.805544460052046496e+00
4.926274082643810281e+00
4.842089594849299239e+00
4.861572617671358287e+00
3.637681076014973591e+00
3.589755820793228747e+00
3.642225333633440698e+00
3.755521397362378444e+00
3.749948378528145998e+00
3.699514979517028124e+00
3.538836643485214317e+00
3.577264175957667547e+00
3.862738210484083723e+00
3.803052699525513169e+00
3.851645251232596046e+00
3.965997347196688061e+00
3.902845077819044661e+00
3.950785191319569289e+00
4.010164398512007011e+00
4.067409878072957952e+00
4.048448565852104331e+00
4.001274272465272119e+00
4.032991336393263460e+00
4.116360666707270966e+00
4.197711274478156618e+00
4.633484441218829630e+00
4.695944581216749292e+00
4.755260325244404562e+00
4.807256402030088971e+00
4.869133549996245591e+00
4.567878781411042866e+00
4.499266907646070734e+00
4.427798877040910241e+00
4.353607678141326431e+00
4.276853768471220008e+00
4.894690273802755343e+00
4.902204493347821490e+00
3.697435148797615589e+00
3.808658806137467323e+00
3.603506422527794406e+00
3.699708655227800236e+00
3.631900203112083503e+00
3.914156439910308372e+00
4.016453995185901960e+00
4.121108272725901855e+00
4.056024774284558987e+00
4.075218197127013831e+00
4.167334410857155724e+00
4.098300964381585310e+00
4.117410192990313078e+00
4.098407568297064429e+00
4.211877675853487268e+00
4.143393390758046912e+00
4.184787883149489573e+00
4.300248510414188097e+00
4.228803479462086123e+00
4.269100657658228215e+00
4.777060784877953381e+00
4.689426796899605066e+00
4.721329864757027650e+00
4.845582211225854863e+00
4.756047713261590815e+00
4.786073230079923135e+00
4.931378083167895277e+00
4.829967415154780674e+00
4.858499885839754562e+00
4.929671637682311314e+00
4.880782167159973817e+00
4.857997001684132954e+00
5.020914886829614510e+00
4.924448022020361471e+00
4.965069334354186736e+00
4.705810985652009393e+00
4.620101745752032585e+00
4.653600108305166572e+00
4.630268032190587135e+00
4.547250762488717513e+00
4.582279420874921350e+00
4.551219528215944443e+00
4.507718515322739705e+00
4.471249408460256092e+00
4.470106760852992522e+00
4.392918132496485661e+00
4.430748672978989333e+00
4.386383808717659427e+00
4.312041233658446160e+00
4.351149696262107014e+00
5.044273581409102647e+00
4.975345217464396619e+00
4.960900481416861574e+00
4.985749549008975379e+00
3.756824249955144968e+00
3.757375764220279635e+00
3.699114584980569109e+00
3.885156770332465648e+00
3.820637134687644654e+00
3.875124615278378926e+00
3.667327580436295253e+00
3.996052926356933988e+00
3.929357318794458376e+00
3.981058755395407101e+00
4.112230235179438864e+00
4.089823156664793125e+00
4.038636995697984844e+00
4.144635591330581903e+00
4.219936243349061478e+00
4.193981395174905202e+00
4.143701392026873265e+00
4.166539982684883014e+00
4.255961751242050894e+00
4.343261987216233244e+00
4.741866777410526979e+00
4.812123583348893341e+00
4.890944911863302380e+00
4.934218373143254510e+00
4.975708344164419650e+00
5.145319193447767780e+00
5.083482712055468866e+00
5.026791493374642705e+00
4.668304148806861953e+00
4.590868790581771997e+00
4.510707603981190417e+00
4.428243588788769003e+00
5.096572099258565913e+00
3.729415499340623885e+00
3.823430302298193695e+00
3.941958821739836694e+00
3.835748483297289901e+00
3.767777527906820634e+00
4.053760956314008013e+00
4.165773262281074807e+00
4.265996169644910019e+00
4.193687487445844297e+00
4.216814654059606760e+00
4.322170928562554693e+00
4.244715038131447571e+00
4.271223369055610064e+00
4.239092771260331460e+00
4.362903081950388895e+00
4.287220433575587464e+00
4.331588769631434133e+00
4.457401106781913924e+00
4.378669439382623985e+00
4.421902345624912911e+00
4.890135573430441696e+00
4.798429208070523089e+00
4.833849304804488156e+00
4.995664035381635060e+00
4.887652002028973541e+00
4.922004891642008495e+00
5.011925123226385281e+00
4.974977535530365813e+00
4.930739609752091468e+00
5.092374705362091802e+00
5.014277539664691474e+00
5.012708602784541334e+00
5.058951593350172082e+00
5.235463355013052933e+00
5.126544914232978201e+00
5.192380282519596157e+00
4.813959076172807272e+00
4.722706630238146630e+00
4.760266268474346418e+00
4.725582093695500419e+00
4.638505640820830500e+00
4.678057549049758457e+00
4.639143369004569806e+00
4.595176813154103534e+00
4.554513587273133268e+00
4.549515840121438615e+00
4.467837606487152335e+00
4.509826171465802780e+00
3.797528837344999353e+00
3.864146312961409535e+00
4.027132234709178249e+00
4.012538937950580475e+00
3.957684216389027121e+00
4.141762596285824216e+00
4.126974136516851743e+00
4.068023699627582701e+00
4.289835514994938315e+00
4.201290057547717005e+00
4.256132226725823031e+00
4.294093810065978900e+00
4.387073102914499145e+00
4.354578587932798506e+00
4.304356321219246162e+00
4.314456463512301276e+00
4.410033479733247219e+00
4.503329976625666475e+00
4.853076479653518405e+00
4.945094458163637796e+00
5.007908189560400736e+00
5.140712916158598489e+00
5.078918942712939533e+00
5.037659552461604129e+00
5.120599904516033085e+00
5.164681476694734208e+00
4.770247167213224060e+00
4.682410514130154411e+00
4.594240882118378444e+00
3.983446097974153943e+00
3.912238162259241481e+00
3.935525331432148999e+00
4.008663935577025939e+00
4.084761217177099724e+00
4.216429699087008487e+00
4.340933919362820248e+00
4.423557308889857431e+00
4.372828054133315767e+00
4.344825375747687346e+00
4.494454476047085478e+00
4.408101593272466090e+00
4.441151696432516616e+00
4.393216391193186965e+00
4.524399357735518379e+00
4.490982883024459582e+00
4.443706386669732389e+00
4.627894612669599006e+00
4.588700618848077006e+00
4.542491413839881531e+00
5.014182714499264115e+00
4.952892986439572098e+00
4.915810328982590960e+00
5.061213886822097052e+00
5.031593322470368612e+00
4.977053748574636671e+00
5.175521512233078880e+00
5.088140180118584155e+00
5.095402635765109878e+00
5.162534965585002134e+00
5.301363503694069834e+00
5.223636425747455903e+00
5.198542314366960682e+00
5.270880480856737549e+00
4.955451217703078726e+00
4.839729777025128854e+00
4.884278906488611405e+00
4.819035536783477625e+00
4.772194567657588316e+00
4.728832480344303590e+00
4.721418957277482065e+00
4.680291098379590231e+00
4.635410392253381140e+00
4.135616713691903534e+00
4.062222858433909067e+00
4.083078712180183700e+00
4.140986798304202132e+00
4.293873985402886007e+00
4.216132703025850859e+00
4.293992333101856573e+00
4.460264972026465102e+00
4.423969824248040084e+00
4.375689590127698203e+00
4.458686053498038149e+00
4.559157479164605675e+00
4.526498267970350042e+00
4.473032975260770705e+00
4.474027485043146513e+00
4.576119567163966728e+00
4.674646159262227485e+00
4.986511660654812772e+00
5.040339210238411027e+00
5.208055697480948432e+00
5.103057614084274718e+00
5.137121249320650840e+00
5.195469070192636707e+00
5.351029914470299964e+00
5.266022130058050088e+00
5.247526385864481391e+00
5.330461511769719607e+00
4.887174781537626522e+00
4.770136490956556230e+00
4.215490935498722003e+00
4.445418274707408912e+00
4.369942994119742075e+00
4.368978581078141410e+00
4.454939367502062986e+00
4.509555507984577716e+00
4.602943461152250393e+00
4.513005948411808355e+00
4.548442775497498758e+00
4.679885772692622403e+00
4.619213608541652860e+00
4.587052179552239650e+00
4.563412062484703213e+00
4.702357930550793874e+00
4.665266621755334242e+00
4.613711046438082164e+00
4.804130879820867506e+00
4.762896525043427864e+00
4.716362165533332984e+00
5.167886058304308250e+00
5.062201135012850628e+00
5.091977219268775556e+00
5.209910676701880128e+00
5.136589422862920529e+00
5.114186713512363980e+00
5.212644139395363752e+00
5.379687164373850194e+00
5.296910915314592572e+00
5.279404335379425994e+00
5.369935495943591874e+00
4.982398216943934699e+00
4.969816459226573002e+00
4.900922827859389486e+00
4.896047309049782470e+00
4.857668649334026867e+00
4.809073708711656181e+00
4.597034855458812075e+00
4.522590808647964700e+00
4.529752906007170843e+00
4.579303600667886442e+00
4.641097480488812543e+00
4.744395127012203339e+00
4.650875543966220604e+00
4.712029741748216871e+00
4.652790515272292815e+00
4.753769224733602528e+00
4.850675349577523221e+00
5.144044189360057473e+00
5.157947360806163672e+00
5.048780556716367940e+00
5.192166695410391775e+00
5.387620161642907135e+00
5.301846296569756589e+00
5.299214596585805737e+00
5.388383569007355156e+00
4.939799840329857084e+00
5.064387365005259767e+00
4.670706725270479254e+00
4.793454317537355180e+00
4.697835086746948718e+00
4.736301351882482358e+00
4.879656264168204416e+00
4.811378173277554460e+00
4.779862463846168197e+00
4.747533630712922559e+00
4.902424921196116614e+00
4.853273200197320669e+00
4.802858200282830836e+00
4.995978687092655690e+00
4.900906254228992509e+00
4.946146785302090620e+00
5.339802525346891926e+00
5.243280985558647522e+00
5.254441732684670185e+00
5.374626218745737205e+00
5.273602640688874743e+00
5.293292356296579015e+00
5.385104537536223646e+00
5.084844632158842970e+00
5.033967234620550180e+00
4.991420513795904235e+00
5.116007579561152596e+00
4.836349318706316680e+00
4.847952568865442124e+00
4.950018302704693340e+00
5.041749523949933476e+00
5.360171895969055633e+00
5.284675312532258751e+00
5.214001479954761820e+00
5.314181981347605443e+00
5.186069167877555230e+00
5.004918844443033699e+00
4.941975247315175679e+00
4.898785855878503348e+00
4.953336448770570222e+00
5.114821532856963060e+00
5.009031017546629272e+00
5.055313537950667069e+00
5.208521864423673264e+00
5.103180439324623840e+00
5.146828045287803022e+00
5.247797499479598393e+00
5.059770705636275068e+00
5.162393042087894734e+00
