2.122029489143855585e+00
2.188197657524534989e+00
2.247191683000157703e+00
2.049958628682136741e+00
2.085666974881310587e+00
2.154949111207525192e+00
2.217736226627340823e+00
2.297640599604298561e+00
2.272708175441289669e+00
1.971690043450691654e+00
2.011390865851975462e+00
2.022170397018493659e+00
2.036068424078280259e+00
2.071873845395353353e+00
2.083903489113884344e+00
2.102947183098893280e+00
2.135963547996626577e+00
2.141570700428388818e+00
2.164829357758407014e+00
2.194404802285422118e+00
2.196808068704555694e+00
2.221950833594878993e+00
2.247448467254831161e+00
2.339068801803662723e+00
1.969903537669943860e+00
1.972123562684530818e+00
2.010024273572589060e+00
2.318734785135993182e+00
1.996158127582730257e+00
2.052857054653689506e+00
2.112646746214885241e+00
2.169153058988968485e+00
2.246740040847609254e+00
2.221823523768930109e+00
2.272198961755340196e+00
1.893663184443817205e+00
1.932993413289545881e+00
2.369267338852027116e+00
2.354975440428539013e+00
1.877149781775309112e+00
1.923931702038939928e+00
1.924486579096688743e+00
2.293006559782871712e+00
1.933613451171101616e+00
1.951792226550239651e+00
1.977952107942127169e+00
1.987888062299014269e+00
2.005042913497703694e+00
2.035819407286454830e+00
2.044923755546353306e+00
2.093270310793207578e+00
2.064427671980038070e+00
2.096920888894890922e+00
2.119227241335485346e+00
2.146832052168353488e+00
2.149454039064721211e+00
2.198054258961785301e+00
2.173073735755172819e+00
1.810896121583674079e+00
1.852588686282141239e+00
1.885786562991832671e+00
2.388735842027023715e+00
2.398071093119908515e+00
2.380670645691157716e+00
2.295229650738126459e+00
2.317100387189449329e+00
2.332368063075112907e+00
1.905708096094203441e+00
2.270870515971061376e+00
1.960795582069433163e+00
2.016338347057119229e+00
2.070907280437696230e+00
2.123070035197897276e+00
2.205925708760113846e+00
2.226406089901148633e+00
2.177534082599003273e+00
1.806294030683437857e+00
1.809770323608110854e+00
1.849421661108083370e+00
1.841446521155381655e+00
2.395476482217999248e+00
2.395288689043950647e+00
2.398245546312229415e+00
2.274231790978374246e+00
2.322155678102947096e+00
2.332320944706995025e+00
2.285402793230143281e+00
1.842356835527256376e+00
1.888056517507377796e+00
1.859720709766584656e+00
2.250296954442552178e+00
1.896809256494689011e+00
1.942372723676219159e+00
1.915205002970710613e+00
1.949645272171956822e+00
1.997262183878455444e+00
1.968777947984110099e+00
2.001121227541800440e+00
2.048980875113449507e+00
2.023015576250858594e+00
2.053141860355545134e+00
2.101231827145600306e+00
2.075046278458331450e+00
2.106415444453211272e+00
2.156178945172029682e+00
2.128013430781224624e+00
1.731474294478763110e+00
1.771560974877674832e+00
1.733556049009495448e+00
1.772880354696866334e+00
1.770143472864864176e+00
1.784437778263433527e+00
1.830531404702936182e+00
1.795484840381735392e+00
2.382959248523653706e+00
2.390301876087687294e+00
2.303113099776842976e+00
2.346167521975172754e+00
2.351511517300357568e+00
2.310126725660356151e+00
2.354667144656490407e+00
2.353755607537959982e+00
2.289472327345095426e+00
2.240115374824897199e+00
1.813276961482987781e+00
1.869603622174259794e+00
1.923225976355874778e+00
1.975354916079365530e+00
2.027085277719173018e+00
2.079763159963395225e+00
2.156232805507858341e+00
2.181069473720561369e+00
2.131344848495496436e+00
1.651663166222684609e+00
1.574503469304571190e+00
1.691311446515507688e+00
1.733458112932958484e+00
1.725482524950897600e+00
1.765542510063565329e+00
1.730340445276025374e+00
1.754778312044085187e+00
2.291705246099104976e+00
2.344282260268607754e+00
2.337737764128006823e+00
2.308046815522241335e+00
2.302616906839594080e+00
2.201173689574365433e+00
2.252403366002283303e+00
2.237734877421138524e+00
2.215280068145209391e+00
1.759042608170634514e+00
1.771764351866103260e+00
1.800582969800389677e+00
1.812231774789618832e+00
1.854558589394134316e+00
1.827321193530145660e+00
1.860959228031286328e+00
1.905270869250424992e+00
1.878885159538263849e+00
1.911058380553532166e+00
1.956069508495760445e+00
1.930378112523625456e+00
1.959484802342877474e+00
1.980329691947462667e+00
2.006289022385018050e+00
2.007986407394847017e+00
2.057222040007437247e+00
2.030604680069647117e+00
2.054560855577997724e+00
2.105406529188299292e+00
2.080528873195160777e+00
1.613058268062847578e+00
1.500354147653550685e+00
1.538034312647266866e+00
1.667943824390673679e+00
1.660203892108741197e+00
1.699044405634706045e+00
1.701031225962548188e+00
1.666892429731843484e+00
1.696164657606880510e+00
1.700533556867404039e+00
1.705587586919747212e+00
1.744833812727260236e+00
1.715591075143148903e+00
2.356926577799735245e+00
2.371203586538812580e+00
2.275585545692181189e+00
2.284863638144870368e+00
2.328533554380785908e+00
2.232413822507156809e+00
2.271452583241226453e+00
2.267744915364174663e+00
2.199587894652195175e+00
2.246492716920512223e+00
2.255379121697334011e+00
2.178832101882036465e+00
2.216884991600171606e+00
1.732202179675214948e+00
1.785571627596799882e+00
1.836607363754466649e+00
1.885992168355764997e+00
1.935274202358979512e+00
1.983758857239213302e+00
2.031349035884925769e+00
2.099706568848711097e+00
2.127922740355331577e+00
2.077188529112033777e+00
1.597615913729518944e+00
1.586694288440192890e+00
1.624049685814256350e+00
1.530303542391148852e+00
1.516386618718696511e+00
1.551821390402815304e+00
1.632724708438717087e+00
1.667857268351681022e+00
1.652516464207553826e+00
1.688814375557985636e+00
1.659989292385272153e+00
1.678942402111464727e+00
2.322139961695715460e+00
2.341437474867235302e+00
2.316699603984467615e+00
2.208230120690602760e+00
2.250052308260592770e+00
2.241460765926313048e+00
2.216716420379744701e+00
2.204520588014140969e+00
2.150470922461270362e+00
2.143343375383782057e+00
2.187786138373696954e+00
2.172350288056672962e+00
1.684127358715149292e+00
1.721478645056898626e+00
1.694893130013053417e+00
1.732854544344683223e+00
1.772476951957427938e+00
1.745984183964908176e+00
1.780151181626252077e+00
1.820513049829904473e+00
1.796218457883251851e+00
1.826921193711176006e+00
1.868966347961501517e+00
1.843975965316820620e+00
1.872707422749449346e+00
1.916092593806344224e+00
1.891923747483851947e+00
1.917404078896372654e+00
1.962715900226147614e+00
1.938491093825817746e+00
1.960897507763362357e+00
1.984493265119962269e+00
2.007777884954849767e+00
2.003120618066271064e+00
2.051433502912666462e+00
2.028900167990051351e+00
1.563976359090920143e+00
1.465255024077260826e+00
1.498150683947242712e+00
1.483084074646993100e+00
1.432240488041574444e+00
1.467342011249241018e+00
1.619052986160890661e+00
1.608929961599361746e+00
1.643431581835038457e+00
1.643261177954230767e+00
1.600104377315201054e+00
1.633347471346982438e+00
1.626076925425855801e+00
1.635111496935915509e+00
1.670234857836469633e+00
1.643853072559472661e+00
2.279186989042476963e+00
2.301717980039561073e+00
2.250256135515637634e+00
2.304306424459608316e+00
2.287326102956587448e+00
2.264053918382173958e+00
2.164965642114753397e+00
2.219923219857903973e+00
2.187213393463729005e+00
2.171743673638421246e+00
2.119487737358444424e+00
2.163893701414575599e+00
2.159590616031016541e+00
2.121600808652949866e+00
1.659556674638866358e+00
1.708444328957553049e+00
1.756494567265749707e+00
1.803532602872217172e+00
1.849837548103632434e+00
1.895104297781945002e+00
1.939232163005631726e+00
1.982120799943297040e+00
2.044098615662221174e+00
2.071848332768641221e+00
2.023685374081253485e+00
1.551024074661504271e+00
1.573837707440982836e+00
1.541315198032406020e+00
1.449945070791788915e+00
1.496906403136320840e+00
1.481792941220475779e+00
1.513359212243144958e+00
1.585335568032847142e+00
1.609483346795419489e+00
1.585743808617902317e+00
1.592863187636788025e+00
1.619006310507719038e+00
1.610349164160945534e+00
2.224923121559883477e+00
2.216199071536466558e+00
2.269657136685546028e+00
2.247669693259796375e+00
2.252864606603133701e+00
2.234761997557924040e+00
2.208482151856618891e+00
2.142599927795058701e+00
2.083323616925155886e+00
2.141603896851632438e+00
2.113415427416111214e+00
2.101651647370873288e+00
2.093748920449135298e+00
1.617717183115415791e+00
1.650841721088234015e+00
1.626464601023307699e+00
1.662719768873951232e+00
1.697722936033104979e+00
1.673471724561741869e+00
1.707071237347268733e+00
1.720010359774542419e+00
1.743573501081453703e+00
1.750498658028551091e+00
1.765373330188901635e+00
1.788687616369094124e+00
1.793057513034024941e+00
1.832881767698940845e+00
1.810040557776635861e+00
1.834591928661033045e+00
1.876018740602646506e+00
1.853705056560945641e+00
1.875005274897022733e+00
1.917995984672489884e+00
1.896265621008934144e+00
1.914205888986132864e+00
1.958730770442197899e+00
1.937619624428082110e+00
1.952109528811517780e+00
1.998125238550699123e+00
1.977691424525460206e+00
1.370253707861241343e+00
1.523905392889590260e+00
1.406388838198116664e+00
1.419610707611993927e+00
1.436769495116969164e+00
1.443679215117441572e+00
1.470763640672598127e+00
1.454589761274827087e+00
1.401967733399795080e+00
1.575610601553766976e+00
1.535753195224356382e+00
1.560755307037966944e+00
1.567933902630339826e+00
1.572122836874608964e+00
1.603521359054223883e+00
1.578984169969350759e+00
2.165303653813764662e+00
2.195906836426815723e+00
2.167474603356012608e+00
2.192488180865609149e+00
2.222703057973619334e+00
2.196418640375297215e+00
2.167809346098242607e+00
2.209163235018629212e+00
2.192137180108209016e+00
2.167034425710727241e+00
2.056402959783270035e+00
2.110888104145752564e+00
2.088063101659217491e+00
2.063827884007378266e+00
2.023717088197867664e+00
2.071760511027297191e+00
2.053622741047644862e+00
1.594885305486162475e+00
1.640197365201953028e+00
1.684891577912202010e+00
1.728801757579211174e+00
1.771815462934188901e+00
1.813886635289137406e+00
1.854887268082535901e+00
1.894723165680958221e+00
1.933306017688535938e+00
1.988637452199750744e+00
2.016375770609603713e+00
1.970554461344398822e+00
1.313880301952813578e+00
1.342619866824755759e+00
1.486142064653831696e+00
1.518473662302290972e+00
1.491527844021284244e+00
1.389302871593822264e+00
1.425968072834511879e+00
1.465212865689486499e+00
1.543477574214069836e+00
1.526058625238521538e+00
1.555799173334762253e+00
1.531039251856235461e+00
1.549045062507909964e+00
2.120426049270206725e+00
2.173302340949294198e+00
2.143352389695939220e+00
2.098144442335577065e+00
2.131971843226692087e+00
2.118067161523584652e+00
2.167295392589986491e+00
2.142506690411319248e+00
2.144774943783395837e+00
2.143188700465720409e+00
2.084148718117300625e+00
2.126047283114311348e+00
2.124630368484904164e+00
2.070574530360936194e+00
2.040322802885355280e+00
2.036096268309548929e+00
2.006393700624005572e+00
1.558771312674406939e+00
1.588175717119671537e+00
1.565512678241843814e+00
1.600455854930523891e+00
1.631534610353955195e+00
1.609149071195063341e+00
1.641479081558792519e+00
1.652160571928960042e+00
1.674239393690978961e+00
1.681714067312646055e+00
1.716088544192905907e+00
1.694453467370613309e+00
1.721084760060055396e+00
1.757072223121611598e+00
1.735854323341283756e+00
1.759487639128638481e+00
1.797060849440893282e+00
1.776338278913884183e+00
1.796831805261162485e+00
1.815782139098903070e+00
1.835960330142534236e+00
1.833031214494821537e+00
1.854094523233188019e+00
1.873681749589013457e+00
1.868005442793431836e+00
1.891189330622428999e+00
1.910142536210273079e+00
1.901679989361181322e+00
1.945266050900031019e+00
1.926987167025954406e+00
1.352868433434065709e+00
1.334124750335160314e+00
1.361301874392240929e+00
1.510968466791940301e+00
1.380222104020212948e+00
1.383816341568218089e+00
1.413853393302364481e+00
1.395065038270124180e+00
1.432520198213862894e+00
1.459268123633664205e+00
1.438116785562934652e+00
1.479577396588806604e+00
1.502767896982004192e+00
1.507659762216124744e+00
1.516523937721526050e+00
1.544241024214662472e+00
1.521361481277348826e+00
2.066354108936906186e+00
2.115584165941258643e+00
2.094222695204931650e+00
2.082291151573725241e+00
2.055786763720361510e+00
2.111511461173231741e+00
2.087683212498371077e+00
2.089091400562099743e+00
2.101210395955146026e+00
1.994052222545854569e+00
2.039282978311397709e+00
2.025360380101794977e+00
1.964698409167213722e+00
1.994320472136060340e+00
2.010702805092638101e+00
1.933986045999357639e+00
1.978983159617526910e+00
1.961414649759981588e+00
1.537642812937066283e+00
1.579618915408671720e+00
1.620985690111329536e+00
1.661631426020191205e+00
1.701452376146669554e+00
1.740360360565827103e+00
1.778257425298567895e+00
1.815055043047988370e+00
1.850669689283712005e+00
1.885023801392174514e+00
1.918045846859199433e+00
1.264979398328573978e+00
1.289965909681092260e+00
1.304134158229333762e+00
1.309166223832440856e+00
1.328755205333149725e+00
1.482909353685274212e+00
1.368987303656512333e+00
1.408286366001718637e+00
1.455998075945504233e+00
1.473821871728353994e+00
1.499845603869133237e+00
1.476776528055376847e+00
1.495161518264633393e+00
2.043255598134087858e+00
2.082062579072505137e+00
2.054900544534993490e+00
2.025870421694129675e+00
2.062268423020753971e+00
2.007578612926501194e+00
2.037218127960844782e+00
2.052909558777317400e+00
2.020862304564413847e+00
2.038934313349283212e+00
2.069508945473891082e+00
2.050417861240791062e+00
2.052650571570515670e+00
2.007754702139199487e+00
1.979650809319574378e+00
1.949588849487440712e+00
1.507206298888170481e+00
1.532933280368683260e+00
1.511946031304725935e+00
1.545643008757809689e+00
1.552283883721992996e+00
1.573006941784350410e+00
1.583436603218549177e+00
1.612429635718826582e+00
1.592020371716000859e+00
1.620491644697975797e+00
1.651090425472518275e+00
1.631058458753446461e+00
1.656715579357834089e+00
1.688904349613058686e+00
1.669288485213667350e+00
1.692019521841872320e+00
1.725775454385701124e+00
1.706627865321261872e+00
1.726318641543698629e+00
1.742982411903658546e+00
1.761615672358812779e+00
1.759532522357226458e+00
1.796341675537664218e+00
1.778266436715017385e+00
1.791585612460276256e+00
1.829875313434111028e+00
1.812399095039963326e+00
1.822407657476719844e+00
1.862144116387335568e+00
1.845304990862996597e+00
1.851933935998518743e+00
1.893081495491915955e+00
1.876914516506402730e+00
1.285175943687878242e+00
1.336671807897390929e+00
1.320799807612987875e+00
1.344436402420341681e+00
1.359969295420642821e+00
1.387494549718498504e+00
1.409884560088513705e+00
1.385787873448992791e+00
1.430697745246020780e+00
1.431695295721898242e+00
1.455029400229510994e+00
1.452245635415168934e+00
1.468224236760435675e+00
1.492307190694664554e+00
1.471109703650109513e+00
1.985409898690362773e+00
2.025898370776948454e+00
2.014507277648355466e+00
2.017017784834123972e+00
1.996685823919686964e+00
1.955964511557510610e+00
2.006217479824758954e+00
1.988578880655923253e+00
1.971275415246464879e+00
2.007531817994801404e+00
2.013668266767861592e+00
1.932181400437835705e+00
1.976709813312470754e+00
1.963258246055721967e+00
1.906826312932839329e+00
1.935891114663227608e+00
1.950601411258098716e+00
1.880080709897579805e+00
1.907150919106626041e+00
1.922532095395667273e+00
1.487741237390421967e+00
1.526457036168201054e+00
1.564581642418120033e+00
1.602018369277522947e+00
1.638673022878869068e+00
1.674454777786163584e+00
1.709276624607546369e+00
1.743055808040693933e+00
1.775714181779616041e+00
1.807178665925659677e+00
1.837381636430305498e+00
1.866248674987972311e+00
1.264320387304661342e+00
1.284609110749421301e+00
1.264816432890975895e+00
1.223597338220068442e+00
1.244612851827058275e+00
1.302227173273437177e+00
1.319473333381194546e+00
1.303250160431521421e+00
1.343864801801839537e+00
1.363626575543734898e+00
1.340442835930996113e+00
1.365645535324797155e+00
1.409085979349131268e+00
1.428796609700710984e+00
1.451231507021417677e+00
1.429842327202101915e+00
1.448533278292742033e+00
1.950252171842392412e+00
1.872099731720191951e+00
1.978666832354712302e+00
1.988129765682209671e+00
1.933667072585088187e+00
1.979885144891694759e+00
1.970872303782941204e+00
1.920389543865398396e+00
1.964112047527789562e+00
1.953125570658544641e+00
1.944424893442133317e+00
1.964099434445007120e+00
1.919808126740073284e+00
1.893725654549792470e+00
1.462944254665464072e+00
1.485034010392947579e+00
1.465679899249279883e+00
1.498205066553049969e+00
1.502796160392067204e+00
1.521893178783948475e+00
1.532839335067632591e+00
1.558118939256991187e+00
1.539328041531935254e+00
1.566759579165910132e+00
1.593619714762335660e+00
1.575182918115747510e+00
1.599880780630939192e+00
1.628306600229239676e+00
1.610270548027723736e+00
1.632120980922551201e+00
1.662094062591098709e+00
1.644503654970643103e+00
1.663401764687511220e+00
1.694900386377802715e+00
1.677798553932348113e+00
1.693648659446987059e+00
1.726648025594835545e+00
1.710075565269385534e+00
1.722791503208332964e+00
1.757264014432377897e+00
1.741259362623060580e+00
1.750764803670582515e+00
1.786680370897421488e+00
1.771279377210250860e+00
1.777508029275976398e+00
1.814834380367740030e+00
1.800070164715747989e+00
1.802965812536739154e+00
1.841656428641545107e+00
1.827571631598429391e+00
1.244372722775233475e+00
1.283622220121479085e+00
1.323078494757573775e+00
1.189959860388337010e+00
1.207045201589186156e+00
1.349005754596009243e+00
1.368155626089824217e+00
1.346554311099266155e+00
1.389022271546798359e+00
1.409772492063985583e+00
1.388363737394371578e+00
1.408932285416133690e+00
1.427146292736685362e+00
1.447635066819585425e+00
1.428073876814097698e+00
1.910942421274635095e+00
1.791885636247833924e+00
1.831987420776767239e+00
1.906216549251328551e+00
1.946008112539283852e+00
1.938956526030854333e+00
1.942177170133387420e+00
1.927422428506479823e+00
1.913687484828998864e+00
1.871150443536819141e+00
1.913754696624868634e+00
1.901822495849319505e+00
1.891017436683213093e+00
1.931417031200482359e+00
1.923664151989471494e+00
1.849829617951785021e+00
1.891179044386125163e+00
1.878472273205715748e+00
1.827088011320705752e+00
1.867110294111827606e+00
1.853716817773585657e+00
1.445102494878446997e+00
1.480634711505031120e+00
1.515588152183002135e+00
1.549874274375040661e+00
1.583406727692636906e+00
1.616101880810541402e+00
1.647879421716860637e+00
1.678662781807819915e+00
1.708379511254932925e+00
1.736961635979796803e+00
1.764345995770870923e+00
1.790474494465568833e+00
1.815294189267164793e+00
1.233956772270418334e+00
1.229046418482179659e+00
1.249638875567375074e+00
1.268921215319200657e+00
1.285606488084428012e+00
1.266707965224482813e+00
1.309041416032364680e+00
1.326372954091704859e+00
1.305743290944033408e+00
1.212563027583341002e+00
1.369041254236304406e+00
1.329047750807512696e+00
1.390901767930858401e+00
1.409791553638848116e+00
1.390072843368666877e+00
1.409081622905805853e+00
1.864641184119826267e+00
1.907276187693783376e+00
1.868409508501307936e+00
1.794708027790130611e+00
1.833187849326386454e+00
1.793825544113666792e+00
1.899047019720363938e+00
1.899199502166266651e+00
1.852406389893130445e+00
1.886619004170019931e+00
1.893223863692076847e+00
1.841959983007997570e+00
1.881403067629906056e+00
1.874310713545472851e+00
1.881450289583290969e+00
1.860822052829241624e+00
1.838757555895337958e+00
1.425914679505969840e+00
1.444403434165616007e+00
1.426640356345890259e+00
1.458072494745479286e+00
1.478120622319812227e+00
1.460612097628750217e+00
1.489611288176048154e+00
1.511216467560022814e+00
1.494007304554616056e+00
1.520451576765774915e+00
1.543607395467089471e+00
1.526741537494967105e+00
1.550515963287352861e+00
1.575212106901392684e+00
1.558732351135718286e+00
1.579729654169312214e+00
1.605952121885150241e+00
1.589899824935750328e+00
1.608020936958476588e+00
1.620167100966992457e+00
1.635752285097664682e+00
1.635321585983381620e+00
1.649460832569079827e+00
1.664541158084552830e+00
1.661567212808338967e+00
1.692251374216739990e+00
1.677711558533767189e+00
1.686697579978788664e+00
1.704854041732150494e+00
1.718819975889554152e+00
1.710656868282081966e+00
1.730827583044300066e+00
1.744188700473534581e+00
1.733393877451254284e+00
1.768304184208767449e+00
1.755576268504971393e+00
1.754862141342492965e+00
1.791118034621631327e+00
1.779049133642512048e+00
1.164475474122253607e+00
1.177312802123061442e+00
1.252015712218985000e+00
1.289081502219324937e+00
1.202749010580538958e+00
1.218894852662038897e+00
1.196517372725821593e+00
1.354301694228345232e+00
1.371599281881931365e+00
1.351774339031258654e+00
1.317435960019661012e+00
1.333152765942039908e+00
1.313367998321449459e+00
1.372662879406693959e+00
1.393218830852398282e+00
1.392177858066085516e+00
1.410150198888925344e+00
1.712448504947928773e+00
1.752625592240111052e+00
1.829499347101611217e+00
1.724280455735878625e+00
1.759694594765842890e+00
1.758825879670501413e+00
1.827282904204914571e+00
1.866977231196871312e+00
1.859339578667785098e+00
1.858742564979442236e+00
1.847604004805655897e+00
1.835031648048561337e+00
1.811262074881923256e+00
1.851341193274208319e+00
1.841377678184205058e+00
1.793830423877882385e+00
1.821988544057754122e+00
1.832672209036215083e+00
1.775019996319783466e+00
1.801200226701626939e+00
1.812586918322089957e+00
1.442081757607325487e+00
1.409655585560547042e+00
1.473932476207776121e+00
1.505127417940951284e+00
1.535588049181522585e+00
1.565238171255748378e+00
1.594004419484558843e+00
1.621816712492450296e+00
1.648608627969580853e+00
1.674317730739239840e+00
1.698885865716252885e+00
1.722259397271123316e+00
1.744389377031052124e+00
1.765231621964330699e+00
1.184004056813155126e+00
1.238705008691734610e+00
1.253839045069188085e+00
1.236331229454946223e+00
1.280387769546267096e+00
1.294658708601049479e+00
1.274795067060813469e+00
1.221401429098245783e+00
1.335936278911519004e+00
1.298994278351582876e+00
1.360066793399132612e+00
1.357310992133186955e+00
1.375447188643239560e+00
1.376735432648005686e+00
1.719660461553505382e+00
1.785147099999811582e+00
1.789959903008997655e+00
1.824707916343801806e+00
1.718810799195332528e+00
1.722223162164915555e+00
1.756566519947002414e+00
1.819663376193936033e+00
1.818814944016602375e+00
1.775750715206303454e+00
1.814313454676668602e+00
1.809111537540737391e+00
1.764868672351491252e+00
1.803628850580932363e+00
1.796283388514436474e+00
1.802899965850464747e+00
1.784746750267264259e+00
1.425182856717386981e+00
1.441623165848783694e+00
1.425665191857627523e+00
1.396054657781053754e+00
1.410974777922494150e+00
1.394760249010565722e+00
1.453690867167430456e+00
1.471653408049980349e+00
1.455992547647987578e+00
1.481507192600186151e+00
1.500989933478822369e+00
1.485666082597069781e+00
1.508562094266203912e+00
1.529559092794353647e+00
1.514611185406770755e+00
1.534788081923649905e+00
1.557289660741066228e+00
1.542755404980761913e+00
1.560120357101788979e+00
1.570028930952976243e+00
1.584113298517066726e+00
1.584497205088949201e+00
1.609964955419234567e+00
1.596365029557924808e+00
1.607860333111362117e+00
1.634783211469977404e+00
1.621700416508358167e+00
1.630155160827269745e+00
1.645975577039339166e+00
1.658510578575225214e+00
1.651331064858695408e+00
1.681093758513504177e+00
1.669135044926348233e+00
1.671341570037708557e+00
1.702483841805071840e+00
1.691127632613774523e+00
1.690144477937728373e+00
1.722636432992072475e+00
1.711906597810468833e+00
1.707701932606997985e+00
1.741511713192695598e+00
1.731429735366859513e+00
1.146870594783225172e+00
1.155809217953232881e+00
1.180752838564941287e+00
1.172875669866655146e+00
1.192162836709122598e+00
1.259725333157430072e+00
1.208620824912063796e+00
1.205749609178539128e+00
1.223487351377016363e+00
1.326540515987013835e+00
1.322125628944990083e+00
1.340381004949764865e+00
1.292721982800430158e+00
1.305037731093840137e+00
1.286703268640343900e+00
1.343403256049701566e+00
1.366378988422143115e+00
1.363354981365843654e+00
1.379785167832678017e+00
1.634676179277535057e+00
1.674058398870638120e+00
1.649401681388648067e+00
1.681896200247836592e+00
1.687308645096369908e+00
1.751781936673564077e+00
1.663248036956787468e+00
1.690992779628698095e+00
1.694352927140457155e+00
1.752588340076980167e+00
1.790141869816727516e+00
1.782111222834481534e+00
1.780697793304650167e+00
1.770770829371177912e+00
1.759139024195933931e+00
1.738950897953593477e+00
1.775293979074194617e+00
1.766562548252495590e+00
1.723980426160174328e+00
1.759074368384674569e+00
1.749659418332133454e+00
1.439552454503053580e+00
1.410735344239590905e+00
1.381337444612751764e+00
1.467716611135912563e+00
1.495157123920517916e+00
1.521805296182843659e+00
1.547594893161942320e+00
1.572462562604579617e+00
1.596348201485479512e+00
1.619195269651168001e+00
1.640951057426826676e+00
1.661566905944750205e+00
1.680998371035161698e+00
1.699205322478939184e+00
1.716151985645177458e+00
1.164159536491649938e+00
1.195132705152385011e+00
1.258706827700702302e+00
1.269487485583531194e+00
1.248912201082618578e+00
1.224449965760431969e+00
1.231468861473182574e+00
1.216758738442288879e+00
1.309739357979053498e+00
1.275846339387416206e+00
1.336229226374892942e+00
1.348132010331522856e+00
1.331527017635603771e+00
1.351431827987707557e+00
1.643577128961548839e+00
1.657520595523818585e+00
1.710883821739223709e+00
1.714829303971538543e+00
1.747767817631763476e+00
1.648605994335895941e+00
1.656009136648853186e+00
1.683505494300074234e+00
1.746143294125789724e+00
1.743306170333753125e+00
1.703845554863659739e+00
1.740032086980895620e+00
1.734574152496350941e+00
1.695201982132369167e+00
1.730245932060694658e+00
1.724094223503094936e+00
1.731806937735299368e+00
1.425023406948433990e+00
1.439371535138831426e+00
1.425225181891231596e+00
1.399481178663376957e+00
1.412342001771902833e+00
1.397896458403200981e+00
1.373309335814634435e+00
1.384689019618654537e+00
1.369980687079643156e+00
1.449872402273518102e+00
1.465710001001925278e+00
1.451898704977072851e+00
1.473966066305118172e+00
1.491291413510720476e+00
1.477850237107653841e+00
1.497244269377453474e+00
1.516051893164218844e+00
1.503014843355707342e+00
1.519649261890648972e+00
1.539930095303627899e+00
1.527329896358120997e+00
1.541126041718823725e+00
1.562867591478565021e+00
1.550735482252495911e+00
1.561622674181935455e+00
1.584809199099161958e+00
1.573174757323792861e+00
1.581090564314111102e+00
1.594594253547852780e+00
1.605703262638412898e+00
1.599484682347084075e+00
1.614944136669126173e+00
1.625501889186683036e+00
1.616763740651763870e+00
1.644161134014540337e+00
1.634178417354239965e+00
1.632890318041076982e+00
1.661641128625889419e+00
1.652255109936741961e+00
1.647830929834456892e+00
1.677906148623659943e+00
1.669136332902516617e+00
1.661556049605353858e+00
1.692924625357760116e+00
1.684788353601698319e+00
1.138108787826429769e+00
1.142558700062314525e+00
1.166159863997366708e+00
1.173283833867612813e+00
1.156620246803643504e+00
1.195800652471091796e+00
1.202241645039302309e+00
1.188385907968626309e+00
1.241685956068129482e+00
1.210257463041400916e+00
1.305679072915490346e+00
1.299354214108707994e+00
1.316093003715378407e+00
1.274803012858588325e+00
1.266922497988423491e+00
1.283746617237341736e+00
1.321092048717324108e+00
1.346572549649737827e+00
1.356481331273479585e+00
1.341546867710272206e+00
1.559658708007630290e+00
1.597701477891582567e+00
1.579170702658250658e+00
1.614782172238876434e+00
1.607869339066270165e+00
1.596007159465507197e+00
1.623695536965637842e+00
1.630148230268176235e+00
1.679538713190739774e+00
1.622930135368182869e+00
1.685261489346163044e+00
1.719116486496602203e+00
1.712290642058396317e+00
1.707580632513135743e+00
1.699948547974708735e+00
1.690622030667190412e+00
1.674040111337019576e+00
1.706669177065974541e+00
1.699181588380481722e+00
1.437587387216007206e+00
1.412393131128256707e+00
1.386540407417404364e+00
1.360093389985067569e+00
1.462060269005659219e+00
1.485750601278908123e+00
1.508599374030562323e+00
1.530550134135068019e+00
1.551549330811451410e+00
1.571546612540545063e+00
1.590495076359697002e+00
1.608351470192570076e+00
1.625076345556694557e+00
1.640634156830016455e+00
1.654993307598804586e+00
1.668126153794440070e+00
1.152406183175595178e+00
1.181168494790749923e+00
1.243753767791980547e+00
1.251214701320191747e+00
1.234294365353323819e+00
1.212701212894105041e+00
1.218658318073325475e+00
1.204441087118166998e+00
1.290392100718972479e+00
1.259450836245281202e+00
1.319336123798024563e+00
1.312664486667600938e+00
1.327788294242873146e+00
1.333117075424616438e+00
1.570907758092331408e+00
1.588995418343383648e+00
1.644729294112654783e+00
1.646666625967742048e+00
1.677581643806432821e+00
1.586666955499064224e+00
1.591772138999194341e+00
1.617409376022548528e+00
1.680008994438914716e+00
1.674285190254132694e+00
1.639166149035194753e+00
1.671717560551475801e+00
1.667394812737910570e+00
1.632825331126086965e+00
1.664207256947426661e+00
1.659239562642758736e+00
1.425500018028943883e+00
1.425388445633952506e+00
1.437716911992114932e+00
1.403561539580672202e+00
1.401654004154137656e+00
1.414319741597295454e+00
1.380920269319646509e+00
1.390225946309738836e+00
1.377254845773719483e+00
1.357632121401463055e+00
1.365495336806769711e+00
1.352251243693515237e+00
1.446681158391398103e+00
1.448399100600693767e+00
1.460359083202414698e+00
1.467052182454604781e+00
1.470628536404068321e+00
1.482189745346104370e+00
1.486562453374424830e+00
1.503154647201302874e+00
1.492021368693584815e+00
1.505163815034533004e+00
1.523202151124192882e+00
1.512524637404507155e+00
1.522810889059990735e+00
1.542283542442501876e+00
1.532088139412480121e+00
1.539461327449812789e+00
1.550664715251147019e+00
1.560353292386026602e+00
1.555076019779955132e+00
1.568210489107455308e+00
1.577369274779388375e+00
1.569619254448371137e+00
1.593292935843035885e+00
1.584685062501724584e+00
1.583058832223419587e+00
1.608089414041566023e+00
1.600051660069385928e+00
1.595366131481571248e+00
1.621727608071172888e+00
1.614277225007802574e+00
1.606516127884038303e+00
1.627332464316786798e+00
1.634180196568327803e+00
1.616487377384423496e+00
1.639191849994842354e+00
1.645423627566107161e+00
1.137775989398516430e+00
1.137903421319118813e+00
1.167159788010637467e+00
1.166487196834526063e+00
1.152790664440557222e+00
1.187715283929106080e+00
1.177313681155250258e+00
1.192071839473419992e+00
1.228453248226140104e+00
1.200759171045046481e+00
1.291667574639613347e+00
1.283404705948007374e+00
1.298680700710013625e+00
1.263636857961122129e+00
1.253877704691621187e+00
1.269232031347937495e+00
1.305678088535881187e+00
1.333753973839633344e+00
1.340188723256670045e+00
1.326704267551193528e+00
1.488391810332989618e+00
1.524584773157378947e+00
1.512788972900057205e+00
1.546426540172788133e+00
1.537112579913503030e+00
1.526826182188143921e+00
1.553607779739289318e+00
1.561661494769370995e+00
1.615481489475366850e+00
1.529687688858486272e+00
1.563162523845038177e+00
1.558218679927128036e+00
1.625261962829521956e+00
1.649833592351517053e+00
1.655438091164565417e+00
1.642157386812032271e+00
1.636399647633272281e+00
1.629415851025203921e+00
1.436250422915948510e+00
1.414692352115845875e+00
1.392407102972492483e+00
1.369449934127584090e+00
1.345877260883309168e+00
1.457027612128535488e+00
1.476972161239347159e+00
1.496034614890313197e+00
1.514168140804319496e+00
1.531328805811682070e+00
1.547475806517923491e+00
1.562571654319534487e+00
1.576582313961800708e+00
1.589477294171230959e+00
1.601229690389443627e+00
1.611816183694446014e+00
1.621217004461883215e+00
1.152705198088726846e+00
1.177954107207932033e+00
1.235271320891730529e+00
1.239534051648464530e+00
1.224181993197418938e+00
1.202454721619254707e+00
1.207686878705185540e+00
1.195140121052169047e+00
1.277845449442019277e+00
1.249671064049947100e+00
1.309343240706157152e+00
1.314367534143356941e+00
1.300676325082631202e+00
1.321746254860692193e+00
1.502084149468187357e+00
1.520877722361158257e+00
1.528889491177046089e+00
1.584953538688033126e+00
1.585823436946474541e+00
1.614633083835534944e+00
1.531773605612814837e+00
1.530995789244057992e+00
1.559016121782408337e+00
1.612073459780632767e+00
1.581697744691082264e+00
1.610625428946356630e+00
1.607468538925672208e+00
1.577700849042076969e+00
1.601674328426220484e+00
1.605440063762333391e+00
1.426667396830692880e+00
1.426214167157740187e+00
1.436718686601244244e+00
1.408349995876970295e+00
1.406091571159422848e+00
1.416966973435803245e+00
1.389265450716601791e+00
1.385235486032729835e+00
1.396454351463638943e+00
1.369460896483342793e+00
1.363697419915921749e+00
1.375231700732129081e+00
1.348984740747583899e+00
1.353351217746206592e+00
1.341529994720652708e+00
1.444172154797779273e+00
1.445553262382558435e+00
1.455660309383184581e+00
1.460820744425784135e+00
1.473744715006037431e+00
1.464060709728440379e+00
1.476571923060143066e+00
1.490927157292036620e+00
1.481690568194595548e+00
1.491387001511094823e+00
1.507165555241904542e+00
1.498399408252268694e+00
1.505230075138926704e+00
1.522420735817588300e+00
1.514146576161846003e+00
1.518068211601669049e+00
1.536656631684925944e+00
1.528894414479297525e+00
1.529871595051186972e+00
1.549840434459687000e+00
1.542608438026802586e+00
1.540613625469419601e+00
1.561942701636233721e+00
1.555257464526478728e+00
1.550270973080814185e+00
1.572937416779124797e+00
1.566813699023989370e+00
1.558823588995599918e+00
1.582802004490018177e+00
1.577252772136324976e+00
1.566254674982757278e+00
1.586553734665608228e+00
1.591517306134936582e+00
1.572550613390200525e+00
1.599067519403314819e+00
1.594699013757349570e+00
1.146025324241839671e+00
1.141626134558633154e+00
1.159838040831319583e+00
1.148870881460766658e+00
1.163411997091253536e+00
1.185414805322526632e+00
1.219170399246547243e+00
1.284457227406249791e+00
1.288094402799424998e+00
1.274230800326978663e+00
1.259152846144935278e+00
1.261432475821463006e+00
1.247409418599048525e+00
1.297114298017374656e+00
1.327886279642213063e+00
1.318786540062952151e+00
1.330866027905952542e+00
1.421943992071295515e+00
1.455730261656087654e+00
1.451976411538430822e+00
1.471300298344001556e+00
1.482908781770376105e+00
1.477722561728932016e+00
1.502496424089289739e+00
1.495815751807229699e+00
1.476335123593615739e+00
1.501695821022484001e+00
1.503197273777557186e+00
1.558182013976687319e+00
1.479712650360726744e+00
1.505764610631933342e+00
1.504867702918736949e+00
1.583531988821929914e+00
1.580082559209516901e+00
1.575479320386920623e+00
1.435596419411770963e+00
1.417687478322006367e+00
1.398991471436241474e+00
1.379554740049692363e+00
1.359425071933897389e+00
1.338651331147858059e+00
1.452673749440294149e+00
1.468877043190222942e+00
1.484166287030243225e+00
1.498504130677165369e+00
1.511856097665850829e+00
1.524190751909758834e+00
1.535479820291498765e+00
1.545698270319379342e+00
1.554824343131737008e+00
1.562839543416872035e+00
1.569728589173189803e+00
1.153072314486415229e+00
1.181489038907037381e+00
1.174105892215360658e+00
1.171061353757154366e+00
1.192009717718877093e+00
1.233496916412050393e+00
1.234413970274662820e+00
1.218228687775221530e+00
1.272037260986666585e+00
1.246586512227485954e+00
1.306215253817653688e+00
1.307829763296466385e+00
1.295520533380079442e+00
1.317283038300105957e+00
1.438651056178819054e+00
1.466087955401884857e+00
1.477272170670223872e+00
1.478346582438131662e+00
1.532304602111866920e+00
1.558439037283102957e+00
1.532066549394676569e+00
1.483920990520094074e+00
1.507660107432990282e+00
1.482040595958038942e+00
1.557028912170801860e+00
1.531403644846612178e+00
1.554754677104938088e+00
1.556726160824178251e+00
1.529792248397152665e+00
1.551360442807052653e+00
1.553906968778358655e+00
1.428571203620077945e+00
1.427752519775434381e+00
1.436427205428687293e+00
1.413891825389023138e+00
1.420333694097289046e+00
1.411258913526756364e+00
1.398389657275812548e+00
1.403423751513771078e+00
1.393971812602651461e+00
1.382103042551021899e+00
1.375933941024844787e+00
1.385739330598853680e+00
1.365071884960838755e+00
1.357189434649466842e+00
1.367323980900220892e+00
1.347337309432328656e+00
1.348222498396748792e+00
1.337783479830316313e+00
1.442391317204106738e+00
1.443411654313954129e+00
1.451664251259866090e+00
1.455317841141729573e+00
1.458197396298860582e+00
1.466007012336245641e+00
1.467318844351642282e+00
1.479420142348409017e+00
1.472073157635853224e+00
1.478364997958219851e+00
1.491870988416817090e+00
1.485004922835060137e+00
1.488429741754526026e+00
1.503329768528595567e+00
1.496961447870256645e+00
1.497489410073977956e+00
1.513769706969142481e+00
1.507914417288979791e+00
1.505523314606079355e+00
1.523167125753561058e+00
1.517838557955246692e+00
1.512513784521042348e+00
1.531501492162443911e+00
1.526711709079996648e+00
1.518446164388895347e+00
1.534514848709175983e+00
1.538755423155370394e+00
1.523308771139019191e+00
1.541232077783447174e+00
1.544914648791940515e+00
1.527092810409528489e+00
1.549967936256823053e+00
1.546850563661644529e+00
1.162131563007585910e+00
1.153541906214013313e+00
1.180138098042273986e+00
1.169623044925493183e+00
1.163614108302176264e+00
1.180823814161059637e+00
1.207501271019495004e+00
1.204989833381159281e+00
1.194814724021951768e+00
1.220778294991770485e+00
1.284021426541810618e+00
1.284295931402029467e+00
1.271785279664178425e+00
1.261353743116618187e+00
1.260317820343093365e+00
1.247639847253603662e+00
1.295369938630401840e+00
1.328941289562317607e+00
1.328480548420789775e+00
1.317761903605767060e+00
1.361270610002063730e+00
1.392101145756328595e+00
1.393738583790191665e+00
1.423305554494225245e+00
1.408718871575037612e+00
1.423841953040211994e+00
1.438932104445224791e+00
1.451232684155809860e+00
1.450819903541788580e+00
1.430168660168805284e+00
1.455224555663330754e+00
1.453384810635020674e+00
1.507964023738485704e+00
1.436605831856993643e+00
1.460310323203794836e+00
1.458322435413797136e+00
1.532056254721846145e+00
1.530959778550035733e+00
1.528776880250765746e+00
1.435671166359497875e+00
1.421423971984342671e+00
1.406338528130301357e+00
1.390452261309356619e+00
1.373804305919267055e+00
1.356435181659644051e+00
1.338386437850616062e+00
1.449044686689746397e+00
1.461511373880843179e+00
1.473040561060526832e+00
1.483604261762839549e+00
1.493177316661594922e+00
1.501737498492051737e+00
1.509265574093467732e+00
1.515745323934575506e+00
1.521163519945089915e+00
1.525509863007168398e+00
1.171096334314217557e+00
1.194095136728999806e+00
1.238264993047298645e+00
1.223114626712323627e+00
1.235948112262726717e+00
1.272961773388320950e+00
1.250109968967996199e+00
1.309926225879083139e+00
1.308144232224248915e+00
1.297170770713132359e+00
1.319700264188783390e+00
1.378823094814555006e+00
1.410176535805075959e+00
1.427776221836039028e+00
1.433824631401353411e+00
1.486749118594574703e+00
1.509355704446301294e+00
1.485376253337299834e+00
1.443077517272346233e+00
1.440073884747296473e+00
1.463332717661115057e+00
1.509117555631197538e+00
1.488250618460660535e+00
1.509984542478631342e+00
1.509218534779585230e+00
1.489068390386107055e+00
1.508264995384976048e+00
1.509574240931839118e+00
1.431247993783965056e+00
1.436883714923711253e+00
1.430044603508173529e+00
1.420223257506109782e+00
1.424460853547026007e+00
1.417196775774877349e+00
1.408328687321890982e+00
1.411174687678213857e+00
1.403504102987452651e+00
1.395593822534090922e+00
1.397058247770281980e+00
1.389000511916355540e+00
1.382050024346308970e+00
1.382146408434870910e+00
1.373721615775793881e+00
1.367730191900540238e+00
1.357704402690359746e+00
1.366475592395064442e+00
1.352668444137957948e+00
1.350083441998227940e+00
1.340986890143989196e+00
1.441375433480418744e+00
1.448412353193567315e+00
1.442015626842261700e+00
1.450580410966445744e+00
1.459018194634470911e+00
1.453080104653196258e+00
1.458840242382922980e+00
1.468675207346022749e+00
1.463210728533817617e+00
1.466134870847896288e+00
1.477360057337332222e+00
1.472382799617528715e+00
1.472446972047134484e+00
1.485052224562573464e+00
1.480574364667597953e+00
1.477762019079546629e+00
1.491734077036271700e+00
1.487766311691774090e+00
1.482068305907592976e+00
1.497390902791569722e+00
1.493942423275733677e+00
1.485356930139980713e+00
1.502010900365770008e+00
1.499089388304544634e+00
1.487621735979547166e+00
1.505585128899397329e+00
1.503196772695602368e+00
1.488859218461002110e+00
1.506256950379506243e+00
1.508107418712590020e+00
1.199973442615686503e+00
1.189676116630806746e+00
1.181398546539313310e+00
1.186851659425985472e+00
1.174040183443181284e+00
1.215375397995471340e+00
1.211480350781195536e+00
1.198044471247550202e+00
1.227143535480232917e+00
1.290334518258557051e+00
1.287259665623125215e+00
1.276055771402558658e+00
1.270209094229907798e+00
1.265872279867595207e+00
1.254463042784282001e+00
1.300419183530116429e+00
1.336899771736526299e+00
1.333008458032935994e+00
1.323607740362553464e+00
1.306614999111388897e+00
1.334430580918325226e+00
1.342737102384467418e+00
1.368619408786225788e+00
1.352672864790121832e+00
1.367286406559148348e+00
1.381111087463811060e+00
1.395781357496378883e+00
1.380870765451297943e+00
1.402728789404155352e+00
1.405782530470210290e+00
1.391103667958927703e+00
1.410822933414213498e+00
1.414095578900141703e+00
1.464797859292686466e+00
1.400444106862971605e+00
1.418683112230374244e+00
1.421821923204513727e+00
1.487696974927072535e+00
1.488999109239423024e+00
1.489278328208516022e+00
1.425938221950248774e+00
1.436511333531802048e+00
1.414484280950036421e+00
1.402178020714668572e+00
1.389049894779357031e+00
1.375132030765899627e+00
1.360457929312353986e+00
1.345062130457198579e+00
1.446177286215594382e+00
1.454912134426700421e+00
1.462694481850175698e+00
1.469505607078171350e+00
1.475329549320465006e+00
1.480153152953038287e+00
1.483966071017855493e+00
1.486760728494134209e+00
1.488532246442013429e+00
1.193511557262253886e+00
1.207726548164444802e+00
1.250312632281382230e+00
1.244386457196487994e+00
1.233093484677758589e+00
1.280585430543002445e+00
1.260599437910362441e+00
1.320459698749397948e+00
1.315289603110529448e+00
1.305605839195630669e+00
1.328979859177761513e+00
1.325878457678737465e+00
1.355973445449999426e+00
1.374732867970050121e+00
1.258776379796104905e+00
1.283184619010440564e+00
1.386457394207488036e+00
1.396171921067208110e+00
1.448256425333748876e+00
1.445721211934033690e+00
1.467350605347298664e+00
1.409215550200716871e+00
1.405054453155602623e+00
1.426000541590891846e+00
1.468307441598227570e+00
1.452210830837433297e+00
1.470370077703615941e+00
1.470830661875464296e+00
1.455503896219768167e+00
1.472413710612133109e+00
1.472360640606832582e+00
1.427371422098861586e+00
1.429380299888785677e+00
1.423936831199425601e+00
1.434725179488655744e+00
1.438120320509610250e+00
1.433122396772140927e+00
1.419109300652529937e+00
1.419738659680746196e+00
1.413863629258374388e+00
1.409959526733477464e+00
1.409219501507569472e+00
1.402927902165818308e+00
1.399944874470496980e+00
1.397848995746422851e+00
1.391156698541753611e+00
1.389089949798238965e+00
1.378578747257693804e+00
1.385655138746526127e+00
1.377420928486103868e+00
1.365224167152052859e+00
1.372667479349223285e+00
1.364965269515990398e+00
1.358916814336000423e+00
1.351124149406645270e+00
1.441152120684964899e+00
1.445936897599789273e+00
1.441397377962072346e+00
1.446636214876491966e+00
1.452810658770663066e+00
1.448741180997768163e+00
1.451163977591866994e+00
1.458724818217656427e+00
1.455135721140827787e+00
1.454724555188060320e+00
1.460565537585031715e+00
1.463665271951438474e+00
1.457309770230827528e+00
1.465017869081811419e+00
1.467620653153113519e+00
1.458914126757478780e+00
1.468482689096844762e+00
1.470582346612657298e+00
1.459534775794304240e+00
1.470952700497210053e+00
1.472544462883459415e+00
1.459171442183422318e+00
1.473503773269697614e+00
1.472423290612496327e+00
1.457826314007928392e+00
1.473459606781632569e+00
1.472892447761666945e+00
1.216801830279426344e+00
1.202023304318093233e+00
1.208182062196522910e+00
1.232285692319999404e+00
1.216440863076359458e+00
1.223862528405948114e+00
1.219362445775096671e+00
1.202581324473389390e+00
1.241618225187513636e+00
1.303401977542211432e+00
1.287029954690753319e+00
1.296974982513561692e+00
1.285827209625461709e+00
1.268304732017710545e+00
1.278136826158208228e+00
1.312256100567206873e+00
1.351751411514410695e+00
1.344434861921844915e+00
1.336310642688820938e+00
1.296598980009223467e+00
1.302315933187916386e+00
1.320016275911231274e+00
1.328880060943078423e+00
1.348168216650082796e+00
1.336041575089568889e+00
1.336215229844585517e+00
1.351924457738648000e+00
1.358715569846253635e+00
1.278973333524494160e+00
1.347027865871770924e+00
1.364145196287571693e+00
1.369326594084977256e+00
1.359505784507543558e+00
1.375459631461198207e+00
1.380207428075149290e+00
1.428652944506592082e+00
1.371183948531083718e+00
1.385949639632822361e+00
1.390272528899787252e+00
1.450424955555912554e+00
1.454174110013033872e+00
1.456959303654961513e+00
1.423455673111641451e+00
1.431257498338242895e+00
1.438144435137115984e+00
1.414758541385354285e+00
1.405187840710909075e+00
1.394767250314621121e+00
1.383522144326577719e+00
1.371479315764854601e+00
1.358666689136012629e+00
1.444099236671860131e+00
1.449107135068393060e+00
1.453155946038104496e+00
1.456236134125558301e+00
1.458340838244573723e+00
1.459465857304538261e+00
1.459609596598223868e+00
1.458772976319971271e+00
1.218051261389919926e+00
1.224672035965768568e+00
1.268274866750464636e+00
1.259479878002999875e+00
1.250555151296867340e+00
1.294965772378928293e+00
1.277465440926440543e+00
1.337808477474529134e+00
1.329254012351489767e+00
1.320824878082468512e+00
1.345112982274443869e+00
1.313439955539725590e+00
1.332755996607421167e+00
1.341971612514996748e+00
1.218667944279384852e+00
1.239098284329395838e+00
1.256533960285973750e+00
1.277021595492092931e+00
1.258604524340057873e+00
1.353687603862582689e+00
1.365711041753198129e+00
1.416802921318339736e+00
1.413075667833593840e+00
1.432396418915515612e+00
1.382315639330337298e+00
1.376964061563863639e+00
1.395640257159475928e+00
1.434572729130325630e+00
1.423263154741438274e+00
1.437858393611391117e+00
1.439567804661956441e+00
1.429079792211240596e+00
1.442403274986956863e+00
1.443626133261361355e+00
1.430749175682866081e+00
1.425072605725501429e+00
1.429138077502673410e+00
1.435354315113274382e+00
1.431501638321495795e+00
1.435114742276458522e+00
1.439020999643350729e+00
1.437008721448089110e+00
1.440159954504584672e+00
1.425217431351848196e+00
1.422245116056092940e+00
1.417737890038770709e+00
1.418773210946366437e+00
1.414453283010513651e+00
1.409515923780422675e+00
1.411432748618017818e+00
1.405782086770937855e+00
1.400427103554976682e+00
1.403214173837856071e+00
1.390493554162991918e+00
1.396252898507958529e+00
1.394137276322911401e+00
1.379738867938467894e+00
1.385888702692213759e+00
1.384223243062475461e+00
1.368187823102529954e+00
1.374713823051239903e+00
1.441739801188821168e+00
1.444260979735353612e+00
1.441579924704634363e+00
1.443503815738403473e+00
1.447407618812353913e+00
1.445203785417340958e+00
1.444308728510362405e+00
1.447871403831799464e+00
1.449592282703665802e+00
1.444152838850880638e+00
1.450810027695126347e+00
1.449576497749806014e+00
1.443037046171601112e+00
1.450315418242583032e+00
1.451058550983113316e+00
1.440964796508280799e+00
1.450087125678466204e+00
1.450338146640444137e+00
1.437941991120887941e+00
1.448893126921488417e+00
1.448651623198218719e+00
1.433976858550423117e+00
1.446004184404371617e+00
1.446737375049122365e+00
1.248316757817640177e+00
1.232587261896706199e+00
1.234484439130885569e+00
1.240571754225737955e+00
1.259875842095445897e+00
1.239396366425758789e+00
1.258763395491486747e+00
1.323184134921339572e+00
1.304740742729178393e+00
1.313425073754476147e+00
1.308002918439687079e+00
1.288390853330812824e+00
1.297072301511440706e+00
1.330856659637517314e+00
1.373494346365913499e+00
1.362753634345743148e+00
1.355866095664193027e+00
1.296529052909164870e+00
1.297093308856491101e+00
1.312894413569411389e+00
1.316805555456892707e+00
1.305237404785287270e+00
1.326383921018717826e+00
1.320692374278343850e+00
1.238968410754258009e+00
1.277562591644728851e+00
1.320052810329702897e+00
1.340014621422208618e+00
1.333678544624074203e+00
1.334723271115712429e+00
1.353174784240490203e+00
1.347240668131084229e+00
1.399507855179990212e+00
1.348805712588003303e+00
1.360106911438785593e+00
1.365644111687768669e+00
1.420217826881582379e+00
1.426464799419073781e+00
1.431801772722409272e+00
1.428211301645387898e+00
1.433270542446925200e+00
1.437399918971429713e+00
1.440588802137548807e+00
1.422235171548633659e+00
1.415357314355131013e+00
1.407594887678719431e+00
1.398966821497581225e+00
1.389493570505547115e+00
1.379196855057758020e+00
1.442829030894388964e+00
1.444114996152687791e+00
1.444443685675965039e+00
1.443814689575700472e+00
1.442230166536049518e+00
1.439694771437704190e+00
1.436215545748859013e+00
1.263662265633230142e+00
1.241528945786328997e+00
1.256232312303339649e+00
1.261973967550859221e+00
1.291983660613769569e+00
1.280461737983977111e+00
1.270502229380233494e+00
1.315993337658055262e+00
1.300626813755168865e+00
1.361972971676595145e+00
1.350034341410397909e+00
1.342808720567409964e+00
1.368099288100949273e+00
1.301156572298644676e+00
1.313004018988231714e+00
1.223804960748059667e+00
1.240476992319214711e+00
1.221841103365324255e+00
1.186108776899702733e+00
1.202692999524263895e+00
1.260084477673921288e+00
1.259247346412567303e+00
1.278617856255741758e+00
1.327748496471879314e+00
1.342094207984055210e+00
1.392371969734475190e+00
1.404472975965825432e+00
1.387421509199186609e+00
1.362365674185862741e+00
1.355788530039609974e+00
1.372235848467939334e+00
1.407894468082062200e+00
1.401393307123878884e+00
1.415413344224732306e+00
1.412431865248312324e+00
1.409783856911974276e+00
1.419527411025705010e+00
1.422046750717132602e+00
1.441375772504720043e+00
1.436148055344648844e+00
1.433443228570049577e+00
1.443256888129045734e+00
1.439386232367549256e+00
1.437144156441921394e+00
1.444180776514946363e+00
1.441677724744253597e+00
1.439904612639046011e+00
1.444144500781601170e+00
1.443016355051226940e+00
1.441717218507887033e+00
1.438542845173546247e+00
1.431971821726532035e+00
1.428811581881247017e+00
1.434765877504748932e+00
1.426868477133418134e+00
1.423261195543039870e+00
1.430054841915699537e+00
1.420851120374188703e+00
1.416806092939510098e+00
1.424421723122418770e+00
1.413934803783261085e+00
1.409462130117591805e+00
1.417880304788521340e+00
1.406136308095904619e+00
1.401246757026279210e+00
1.410445922741085045e+00
1.392178733269794799e+00
1.397473888229452843e+00
1.443147686662231033e+00
1.443398489240161897e+00
1.442577082976245872e+00
1.441192565566921990e+00
1.442823091006259828e+00
1.442481874970017008e+00
1.438283980670061801e+00
1.441431859000251503e+00
1.441291737119979377e+00
1.434429352481462860e+00
1.438808593018372495e+00
1.439429890340572449e+00
1.429638605325881828e+00
1.435380349208079220e+00
1.436481371271070895e+00
1.423924055795787513e+00
1.431016119482841020e+00
1.432594168618349650e+00
1.417300264947137567e+00
1.427778494278039378e+00
1.425727302796396367e+00
1.278552904044798932e+00
1.298902632910787336e+00
1.280975439913599301e+00
1.279815588890065303e+00
1.307502363614295948e+00
1.283200724659490977e+00
1.349758524201089216e+00
1.329121485889587229e+00
1.336626628436482722e+00
1.338157596087207857e+00
1.315661564704337039e+00
1.323252347449558552e+00
1.356259427363306180e+00
1.402135117756434290e+00
1.387966963736431358e+00
1.382277442995562433e+00
1.283280202082045962e+00
1.281862553477546740e+00
1.301219478414523456e+00
1.293698899679231795e+00
1.205886028962898759e+00
1.243093421789953856e+00
1.299529460496865463e+00
1.309913061225362441e+00
1.317358688741359085e+00
1.316738139404631802e+00
1.325830521340344514e+00
1.332981003935890696e+00
1.377347987145796315e+00
1.333301826288639358e+00
1.341142628303011231e+00
1.347927003001946566e+00
1.397060138982964217e+00
1.405858015209718648e+00
1.413794407644792583e+00
1.440199915082814419e+00
1.442544710370931238e+00
1.443937598813866741e+00
1.444374428707944080e+00
1.443853564774274512e+00
1.436909777897524387e+00
1.432683138255350874e+00
1.427530938557493911e+00
1.421466022453046874e+00
1.414502900664583951e+00
1.406657460929872538e+00
1.442375951190407957e+00
1.439945136246927548e+00
1.436567257902580774e+00
1.432250989638520045e+00
1.427007447726977407e+00
1.420850061322369795e+00
1.295726615657060155e+00
1.303217637378695670e+00
1.344409704774667924e+00
1.331564268742496004e+00
1.312050641154106412e+00
1.335425401705493620e+00
1.392965905625788370e+00
1.377635553227102072e+00
1.371600503016508377e+00
1.397946790087132518e+00
1.271713784779626266e+00
1.291077646666186407e+00
1.197244610606366333e+00
1.192198218494573636e+00
1.210744836440057703e+00
1.228921905229283906e+00
1.244483488009771266e+00
1.226454391233247954e+00
1.161451187465409873e+00
1.174116922684221631e+00
1.308463063549574201e+00
1.325313581538672070e+00
1.374954359133029547e+00
1.368747994440727034e+00
1.383567250162243578e+00
1.349361647161991140e+00
1.341522294132761806e+00
1.355779147032693865e+00
1.388260827882317638e+00
1.386594242172914049e+00
1.394079917442032190e+00
1.398357662307898819e+00
1.397610949854232398e+00
1.407614638912175531e+00
1.403777511104981945e+00
1.459252612161381357e+00
1.449046994347185535e+00
1.450408155099078833e+00
1.458433733427644041e+00
1.450932205035838862e+00
1.450047625724138367e+00
1.456631893669184441e+00
1.450487277127006536e+00
1.450082295729773652e+00
1.453850477488654924e+00
1.449073609885622727e+00
1.449150008810204948e+00
1.450095528136791101e+00
1.446694052895017624e+00
1.447252333489993825e+00
1.459087736003893188e+00
1.447083866203507485e+00
1.448917424283365118e+00
1.457940799139530341e+00
1.446464732179780110e+00
1.444164046549631486e+00
1.455815845130996156e+00
1.443057074335662548e+00
1.440295518083738457e+00
1.452719094177753467e+00
1.438703541534392283e+00
1.435488248734134276e+00
1.448658744140471466e+00
1.429753969427328242e+00
1.433415112826418536e+00
1.443644824126267823e+00
1.423105898429983363e+00
1.427204426030571627e+00
1.445375770923478242e+00
1.444393455917254876e+00
1.443354100022593123e+00
1.439702599641996983e+00
1.439061885504829608e+00
1.440580194430510552e+00
1.433090022113251871e+00
1.433828139292347981e+00
1.435821975252337124e+00
1.425554565890883918e+00
1.427666102838118123e+00
1.430130768053170964e+00
1.417115145354765682e+00
1.420591406522333511e+00
1.423520982711376615e+00
1.407792891887821085e+00
1.416009328640796205e+00
1.412621910444303408e+00
1.315771101640170304e+00
1.344559296636169909e+00
1.326402630831160501e+00
1.321316544067430598e+00
1.362167112866728980e+00
1.334344532314340803e+00
1.383641114901198010e+00
1.361153160458085987e+00
1.366873981917156478e+00
1.375713557395983777e+00
1.357417679148209988e+00
1.354138017931971971e+00
1.388733280211734256e+00
1.437689058251335084e+00
1.420085526264955877e+00
1.415558691960097759e+00
1.245594962969776232e+00
1.263916694642303939e+00
1.253080119745429544e+00
1.265783390351585380e+00
1.282884906953683846e+00
1.273949575635755505e+00
1.180270481546316086e+00
1.213490972470499862e+00
1.237438819302358661e+00
1.285854874555138805e+00
1.292782954841675158e+00
1.301509022182187669e+00
1.305549499372018918e+00
1.319621534300547294e+00
1.311217306151658768e+00
1.362166548905352492e+00
1.324673728602505207e+00
1.337119722091339336e+00
1.329053644810161972e+00
1.380943779126581950e+00
1.392347758271594627e+00
1.402932894629116856e+00
1.459423265251787338e+00
1.459081085770584485e+00
1.457758090924583971e+00
1.455456408614494768e+00
1.452180787875586798e+00
1.447938643915756884e+00
1.458785037525483164e+00
1.457169226753165736e+00
1.454580918110961241e+00
1.451027272141919289e+00
1.446517324535057991e+00
1.441061798756998247e+00
1.442740062806449064e+00
1.436597767122942626e+00
1.429527041163893841e+00
1.421545616979506210e+00
1.412673522596408660e+00
1.338484324727493568e+00
1.353290397211937668e+00
1.380482922253474687e+00
1.361117360559739531e+00
1.430778662923744227e+00
1.412074761760672592e+00
1.407456531227055718e+00
1.434669489331845904e+00
1.256012739588146188e+00
1.276136618771583908e+00
1.145234240620367050e+00
1.153635698488803429e+00
1.179692637117521148e+00
1.188702567129839016e+00
1.171147101773775345e+00
1.213416517370138115e+00
1.205687895192038672e+00
1.221245382229643628e+00
1.229817384741337616e+00
1.295982982169531228e+00
1.315368344978115722e+00
1.364548620343745799e+00
1.357052319653021311e+00
1.369673811115817319e+00
1.343307703405344222e+00
1.334168113497418595e+00
1.346270151172907603e+00
1.375667485724111794e+00
1.378866442051606356e+00
1.388398441053955157e+00
1.382799344691019616e+00
1.392563256749770773e+00
1.395152167338048699e+00
1.400329080578111896e+00
1.484387831124888590e+00
1.471923108453984330e+00
1.471889068872352491e+00
1.480892366309527919e+00
1.469756809253896845e+00
1.470216505577044419e+00
1.476381438120356604e+00
1.466592360581321808e+00
1.467545734858473505e+00
1.470864526291232544e+00
1.462436218399685961e+00
1.463881918477246025e+00
1.464353919319811625e+00
1.459232913601896664e+00
1.457297573387729139e+00
1.456864723236463988e+00
1.451188366773371152e+00
1.453609310923695830e+00
1.486861115519465759e+00
1.472560884316412855e+00
1.473087479921797449e+00
1.488308171797940282e+00
1.473248725789616742e+00
1.472231917424200898e+00
1.488727500939773574e+00
1.472408098721163405e+00
1.470904493402664048e+00
1.488119988408735495e+00
1.468583116085814488e+00
1.470569132148906721e+00
1.486488703235797182e+00
1.467737452721916025e+00
1.465274313251362370e+00
1.483838481608677817e+00
1.460986431348914039e+00
1.463920606239158984e+00
1.448414828793436193e+00
1.447024429713475335e+00
1.444123266894838054e+00
1.439024837344950569e+00
1.436119604580206488e+00
1.439494273770782984e+00
1.428717945814641510e+00
1.427197268132607055e+00
1.431037446514655365e+00
1.417519791820427866e+00
1.417378558968960922e+00
1.421675026286847610e+00
1.405458260684219862e+00
1.406688009710846954e+00
1.411430403330758310e+00
1.396368481219331548e+00
1.369966927065051632e+00
1.379783394481227665e+00
1.423111635494790139e+00
1.392094720921599249e+00
1.425453543559375813e+00
1.404765793296014031e+00
1.401373495890456233e+00
1.386462250359113080e+00
1.428603776858476504e+00
1.480183529004454934e+00
1.459127895163043531e+00
1.455713053298186566e+00
1.233324195802944834e+00
1.239412204726982658e+00
1.249750597507560457e+00
1.256136178182452046e+00
1.261025168290223819e+00
1.271212551354395259e+00
1.163398129295659666e+00
1.197204568084810461e+00
1.223587014492639735e+00
1.278885290611518011e+00
1.292413556402254970e+00
1.282424298911456040e+00
1.301164010888758993e+00
1.303404658674826244e+00
1.313100869652605640e+00
1.353964744371509932e+00
1.322930920422962675e+00
1.323845498527485676e+00
1.333229141985179167e+00
1.371868265289809319e+00
1.385935446129145987e+00
1.399220164487559925e+00
1.482887465460298593e+00
1.485889885256693965e+00
1.478868679026896782e+00
1.473841676961612279e+00
1.467817392912852403e+00
1.460809570197499241e+00
1.452834749293777650e+00
1.487870501296298276e+00
1.488826483976807946e+00
1.488757468840933074e+00
1.487665388026905955e+00
1.485554282683172911e+00
1.482429709129659656e+00
1.443912213852091675e+00
1.434063895569791081e+00
1.423314238666667286e+00
1.411690025358549150e+00
1.409799793751016939e+00
1.423558981326565664e+00
1.399953913454245580e+00
1.425092547459262837e+00
1.410553690667529114e+00
1.477465210745378510e+00
1.454353332698180568e+00
1.451714039183169103e+00
1.479300214833671356e+00
1.244969522148994923e+00
1.267771900195974188e+00
1.170038357832404508e+00
1.158248095630902474e+00
1.175155181601222232e+00
1.137354636559833931e+00
1.141514651238213718e+00
1.201942207034894405e+00
1.191293685344851472e+00
1.207817479441739339e+00
1.218049191493792094e+00
1.290262768515369807e+00
1.312266853643267783e+00
1.361161187458981736e+00
1.352339711787397647e+00
1.362795067776107594e+00
1.344216242576592002e+00
1.343717060587465539e+00
1.333737031504586001e+00
1.370117837232946334e+00
1.378218083752572376e+00
1.378594550648098993e+00
1.385540874105779530e+00
1.394650456699604302e+00
1.400196689635009983e+00
1.393657383343017253e+00
1.510646789313088378e+00
1.495870778592547357e+00
1.497661871142180967e+00
1.516796079987118961e+00
1.500704272834802344e+00
1.501981287387254227e+00
1.503442986634879741e+00
1.490003292225823284e+00
1.492305483047259518e+00
1.495199956712422118e+00
1.485923153980596378e+00
1.483114228664952128e+00
1.485936001852466326e+00
1.478528800882619842e+00
1.475218917517317152e+00
1.475672434667389510e+00
1.470139245829533703e+00
1.466335603516347064e+00
1.464433528028228793e+00
1.456485404797288830e+00
1.460774195116966601e+00
1.521878556553078798e+00
1.504494234564171862e+00
1.505255523171642906e+00
1.525884828265851478e+00
1.507233915731258200e+00
1.507479096441850519e+00
1.528808282260793350e+00
1.508919236518593276e+00
1.508649105951586300e+00
1.530644886883292921e+00
1.509548627652757213e+00
1.508765058400120207e+00
1.531393481312520066e+00
1.507828749174722871e+00
1.509122924385002618e+00
1.531055436444050954e+00
1.505848981164036759e+00
1.507644669373346957e+00
1.452246422330612186e+00
1.445692229075068225e+00
1.450456176195247915e+00
1.439140990224612837e+00
1.433982648000157401e+00
1.439210432727547673e+00
1.425149659825441839e+00
1.427064778462082684e+00
1.421385730805749592e+00
1.410307198074297386e+00
1.414049411287373603e+00
1.407932838799476727e+00
1.454928075364644524e+00
1.425212252313629024e+00
1.439420303831420611e+00
1.489504462875610447e+00
1.455797006200360233e+00
1.470453550845481239e+00
1.448561308500770917e+00
1.447452146265849393e+00
1.439551090216014684e+00
1.474768768260167118e+00
1.529646774903527850e+00
1.505123183562964595e+00
1.503788634227919641e+00
1.227710107378513271e+00
1.230376211968927880e+00
1.242102026880922860e+00
1.253318156485929702e+00
1.266286432488558544e+00
1.254709332866786209e+00
1.154545173068398434e+00
1.186804498852344958e+00
1.215071059003817400e+00
1.278640412772249046e+00
1.278782840331710968e+00
1.290081057289445887e+00
1.303596167268860739e+00
1.302404114710081995e+00
1.313431616259115753e+00
1.352751847121727691e+00
1.328091927706110953e+00
1.336270607460033233e+00
1.325532233189091746e+00
1.369840915565460282e+00
1.386630094741287067e+00
1.402666553234544589e+00
1.513978150684112567e+00
1.507283139754274970e+00
1.519614849482865182e+00
1.499543675873469484e+00
1.490776616256841436e+00
1.481001829310667484e+00
1.470242165371616228e+00
1.458523384658275024e+00
1.524182322566231651e+00
1.527672502958236311e+00
1.530080035427601848e+00
1.531402323058413284e+00
1.531639820371773819e+00
1.530801699239098035e+00
1.445874042544758709e+00
1.432325332775161719e+00
1.417910889931967899e+00
1.472185512493595416e+00
1.463485930264516899e+00
1.535958336370512711e+00
1.507304427072742703e+00
1.503850398199036764e+00
1.533746935312130910e+00
1.240632772968087716e+00
1.266165263541937147e+00
1.166271558498868766e+00
1.152543053540248996e+00
1.168533406762578331e+00
1.197202653590488053e+00
1.184203549283542767e+00
1.199813032906346999e+00
1.138404663295663255e+00
1.137766749503068775e+00
1.212988960903440550e+00
1.291315482358723177e+00
1.316026357350056131e+00
1.364806572511055194e+00
1.354623556027511500e+00
1.362941410639477491e+00
1.352108186647807520e+00
1.340248701695940792e+00
1.348136430131079866e+00
1.371623155576925601e+00
1.384665174373985952e+00
1.381477710728351571e+00
1.389797823424250289e+00
1.403889829296289804e+00
1.399306713686764958e+00
1.407231537389888487e+00
1.547717225122552609e+00
1.529291200360277880e+00
1.532401168281994686e+00
1.537836369447187934e+00
1.524378467463122888e+00
1.520736761288689287e+00
1.556498217691766328e+00
1.536769366886980848e+00
1.539341873199112420e+00
1.526876392417265693e+00
1.515290327702414785e+00
1.511124103971448029e+00
1.514861316876825903e+00
1.500474434209795982e+00
1.505156434021595935e+00
1.501818426125058892e+00
1.488812094982399747e+00
1.493999606275030034e+00
1.487778198226561210e+00
1.476164508233519967e+00
1.481845762363590779e+00
1.472774196286753767e+00
1.462562073174342059e+00
1.468723837976064761e+00
1.564161863667475005e+00
1.543156329826872009e+00
1.545187106720713022e+00
1.570693866510061376e+00
1.548440212442775632e+00
1.549926373489562970e+00
1.576083027077531007e+00
1.552612081777682951e+00
1.553552014046881924e+00
1.580321231868703880e+00
1.555665874620639766e+00
1.556059476041850242e+00
1.583402865805382032e+00
1.557597871055095506e+00
1.557447068486981445e+00
1.585334176641306048e+00
1.557714237943626179e+00
1.558404988445706518e+00
1.456842914065576089e+00
1.448038020868162468e+00
1.454665662679627713e+00
1.440023577814714351e+00
1.432628226152967477e+00
1.439705792917266525e+00
1.422357906006350037e+00
1.416370978450068430e+00
1.423881303189781455e+00
1.514261966232662182e+00
1.502970635941760058e+00
1.484674380083008449e+00
1.560757877647299008e+00
1.524573584369199652e+00
1.493405492350790453e+00
1.526908258704035903e+00
1.589822977944027382e+00
1.559870735562197908e+00
1.563908160943014991e+00
1.227208163481587233e+00
1.240512924532802819e+00
1.227296061536025107e+00
1.257077283322880046e+00
1.268026178649873881e+00
1.255151172360101208e+00
1.152879000476055182e+00
1.182687355842045429e+00
1.212456760464557748e+00
1.285141385419786397e+00
1.281892528180271995e+00
1.294534509414771994e+00
1.312872321888886029e+00
1.308234002372162141e+00
1.320635373739205143e+00
1.358545397897104934e+00
1.340183979215149979e+00
1.334136816129569914e+00
1.346268131463115525e+00
1.374877008726630434e+00
1.394448447641028821e+00
1.413289891659438968e+00
1.552373660334706917e+00
1.543021490384126171e+00
1.532582135710762294e+00
1.560619454615488788e+00
1.521078056028829284e+00
1.508534979962861566e+00
1.494981861186088112e+00
1.480450789950995771e+00
1.464976860119350466e+00
1.567742906212130638e+00
1.573731194970294123e+00
1.578574666939195792e+00
1.582267429157234728e+00
1.584799917606752651e+00
1.587992683058922383e+00
1.448597991960958842e+00
1.431354711994415885e+00
1.537968704890625204e+00
1.582658271565078989e+00
1.548956219976328041e+00
1.560142217228497330e+00
1.602123887842234584e+00
1.569282599377184173e+00
1.596297163340022252e+00
1.242291323926621782e+00
1.271273204795278389e+00
1.165436794276671240e+00
1.165387413846016740e+00
1.151476285030975433e+00
1.197872866511694667e+00
1.182993921858637387e+00
1.197831366567400746e+00
1.146855135281504623e+00
1.142549800103474400e+00
1.213046907965314780e+00
1.299165048948268009e+00
1.326672776502839435e+00
1.375507514029056688e+00
1.363925611871134036e+00
1.370131371258352493e+00
1.367013119105018770e+00
1.353731673435202953e+00
1.359553399314708200e+00
1.380202742211450229e+00
1.398231639663761294e+00
1.391468878775192097e+00
1.401189914959259708e+00
1.420306288725417199e+00
1.421455203342346429e+00
1.412121331884389708e+00
1.592129763795109065e+00
1.574457883871562380e+00
1.570041205059127254e+00
1.579587351880902713e+00
1.563787696511306891e+00
1.558815551335184457e+00
1.565919487275134081e+00
1.546488480289304412e+00
1.552006197765676276e+00
1.603520933472250443e+00
1.580142126874313213e+00
1.583995083259764236e+00
1.551155557597394541e+00
1.533086749106540747e+00
1.539138488928083026e+00
1.535328517758589362e+00
1.518640531206623123e+00
1.525213091520575936e+00
1.518474810730318758e+00
1.503183343520949178e+00
1.510261897082258775e+00
1.500634242746636593e+00
1.486751928801511191e+00
1.494320071506846759e+00
1.481849811500567604e+00
1.477425913758571241e+00
1.469386091743888345e+00
1.613738669043710772e+00
1.589098433197216442e+00
1.592381006234737661e+00
1.622764323110579721e+00
1.596893616066143995e+00
1.599600682923064898e+00
1.630582548337612181e+00
1.603514426002207394e+00
1.605642346072086557e+00
1.637183011667629362e+00
1.608951319164141136e+00
1.610496632305925324e+00
1.642946176752079879e+00
1.614359828078825831e+00
1.613386769636031781e+00
1.648901764990941432e+00
1.619603592503355172e+00
1.617340359294477503e+00
1.462167487751036443e+00
1.459620669118122382e+00
1.451128489999127913e+00
1.441635952063072157e+00
1.440948298192092469e+00
1.432024381781615396e+00
1.635721591717448131e+00
1.597750553267675899e+00
1.572594143108038356e+00
1.593273810574583393e+00
1.654501402927474940e+00
1.622449562349479679e+00
1.628598278166985658e+00
1.236406737474953443e+00
1.231786320987878547e+00
1.246879013910929590e+00
1.267511740852968583e+00
1.276491041319056219e+00
1.262279229839426531e+00
1.155641798801492204e+00
1.181906326478412650e+00
1.217624272150491072e+00
1.298425573777735709e+00
1.305798345579714637e+00
1.291760179956254140e+00
1.329026615094598407e+00
1.334742996611578025e+00
1.320925613889041283e+00
1.371371383735895844e+00
1.359243702417507471e+00
1.363254761940314141e+00
1.349691436004704759e+00
1.386999900415632148e+00
1.409415029773582351e+00
1.431115515723836218e+00
1.598100363555105208e+00
1.586109652365060851e+00
1.572982773389859812e+00
1.558747406097813926e+00
1.608930824756906075e+00
1.543434811725822531e+00
1.527079777380567993e+00
1.509720513470657277e+00
1.491398504277778869e+00
1.472158311589088608e+00
1.618580527571809036e+00
1.627032420873560925e+00
1.634273044161354882e+00
1.640486414529820136e+00
1.646385284416728600e+00
1.652252828050735811e+00
1.452047332902457466e+00
1.609586736410822061e+00
1.650675250446796749e+00
1.626994874028323101e+00
1.617015545205082505e+00
1.653426053329016376e+00
1.252093628425404059e+00
1.283101659799589012e+00
1.183632657757027085e+00
1.165675800283463737e+00
1.174193965850745869e+00
1.190487896105837606e+00
1.164617090195958937e+00
1.155693557318415943e+00
1.218278877754628287e+00
1.208286650409673202e+00
1.227406676730200763e+00
1.313843715632201148e+00
1.344242145626035612e+00
1.393294998596727563e+00
1.380276103105910313e+00
1.384391722828750559e+00
1.388969151037213967e+00
1.374223339370331143e+00
1.378001736676431666e+00
1.395883992070499291e+00
1.418949316100588165e+00
1.408596019052056780e+00
1.419745547564807309e+00
1.443932331745183983e+00
1.432130021703721168e+00
1.442896744364078998e+00
1.643915925552621671e+00
1.618149570952289729e+00
1.623861138418996486e+00
1.628727231349846871e+00
1.604268179151365548e+00
1.610561881967263353e+00
1.612360557293336383e+00
1.589235839921561588e+00
1.596099324775544837e+00
1.594850236964281187e+00
1.573084474366293950e+00
1.580503570570287231e+00
1.657896265902747412e+00
1.635970767502988643e+00
1.630851877919245796e+00
1.576234533997228127e+00
1.555849755102368670e+00
1.563808483294753415e+00
1.556555551335916832e+00
1.537571020982738013e+00
1.546051626155330094e+00
1.535859093644011519e+00
1.518291146078599496e+00
1.527274153030148574e+00
1.514194480938792609e+00
1.498056359530836712e+00
1.507520652036805853e+00
1.491614311648670865e+00
1.486838940550250898e+00
1.476916016696733891e+00
1.670641955277686108e+00
1.642350786918248540e+00
1.646868238622455127e+00
1.682130915748315081e+00
1.652625801684303841e+00
1.656534718356657443e+00
1.692345133167525217e+00
1.661660208247419890e+00
1.664956018740062937e+00
1.701276539767100804e+00
1.669445870676305121e+00
1.672316142001504691e+00
1.709209499843745483e+00
1.676320648426252058e+00
1.679266008870492488e+00
1.717298663821855476e+00
1.683392016414023251e+00
1.686127031416104982e+00
1.468174177307906891e+00
1.454922324330244710e+00
1.465279813151523891e+00
1.713340288358253138e+00
1.674123963371081825e+00
1.643902905610804766e+00
1.718850535285925796e+00
1.687185104739654440e+00
1.685083005608377871e+00
1.250583752604815135e+00
1.259242490637003886e+00
1.243503656362405785e+00
1.284710567481669230e+00
1.291713881930306673e+00
1.276068257346688828e+00
1.180986240716763058e+00
1.181442443338822201e+00
1.163655010622724806e+00
1.201000382656430610e+00
1.172478155683035261e+00
1.234546472006751383e+00
1.318531923893658142e+00
1.308432176922230461e+00
1.323912007189891327e+00
1.352103062754550722e+00
1.340518659442956118e+00
1.355795150291398299e+00
1.391264217381509738e+00
1.385316531588138167e+00
1.372236956783976058e+00
1.387272128690812067e+00
1.406241025784025211e+00
1.431562114037028044e+00
1.456176195858536637e+00
1.651190022429823490e+00
1.636579030957701519e+00
1.620776906490108527e+00
1.603816105509714207e+00
1.585733031117195546e+00
1.664581433620881290e+00
1.566567969588732900e+00
1.546364976435968153e+00
1.525171713649779770e+00
1.503039235851745925e+00
1.480021727811079213e+00
1.676728875427898169e+00
1.687612140853277376e+00
1.697217243304517842e+00
1.705681833765094302e+00
1.713741768974620383e+00
1.718787491766571973e+00
1.682332304531499956e+00
1.716695045644373918e+00
1.267797703902389550e+00
1.301713505916794134e+00
1.203907353360854637e+00
1.193878399284171721e+00
1.192642021717537748e+00
1.211327453818727085e+00
1.202978155636156288e+00
1.183519507578087993e+00
1.191468122650305439e+00
1.190411825733937112e+00
1.177259384171451373e+00
1.233189285417828573e+00
1.242439445569604617e+00
1.226004354442112643e+00
1.335396016205154801e+00
1.368779122774658852e+00
1.418208188342558351e+00
1.403713602106418934e+00
1.405757452214741354e+00
1.418022836224074101e+00
1.401769561124363017e+00
1.403523678376799033e+00
1.418702340086697378e+00
1.446857848556942550e+00
1.432894960240249427e+00
1.445500819728653408e+00
1.474807904982206486e+00
1.459369088110821888e+00
1.471592583930611209e+00
1.703112156056010740e+00
1.680645196110962303e+00
1.673650254238882251e+00
1.685292355380709539e+00
1.657128451763260069e+00
1.664734979436930828e+00
1.666236128356308521e+00
1.639400101102743479e+00
1.647603644263091027e+00
1.645982269823364152e+00
1.620501833172641515e+00
1.629285819988690820e+00
1.624573922219168853e+00
1.600474424022022779e+00
1.609820289037539265e+00
1.719661211316994454e+00
1.695303928845316666e+00
1.688933061111800971e+00
1.602058477635428080e+00
1.579362695595276644e+00
1.589249919089803065e+00
1.578487427136459509e+00
1.557215374297494570e+00
1.567621543686797292e+00
1.553916164292911795e+00
1.544985794059103634e+00
1.534084899095589760e+00
1.528403733270083054e+00
1.510027174037745112e+00
1.521396878250892426e+00
1.502012521481584484e+00
1.485101271148685731e+00
1.496912308992970120e+00
1.734909827095191481e+00
1.708685203767815297e+00
1.702948572804320104e+00
1.748838482595344912e+00
1.715673315751820693e+00
1.720768516012390448e+00
1.761415913615670847e+00
1.727084109520210742e+00
1.731535016732178800e+00
1.772592385201160692e+00
1.737163218404320197e+00
1.741105874282050214e+00
1.782712866948575670e+00
1.746210456533402899e+00
1.750212542844453711e+00
1.790650838526152144e+00
1.754314325617275960e+00
1.754984276701487156e+00
1.791944899919403200e+00
1.752557985889005909e+00
1.755903117404357117e+00
1.271367900267379447e+00
1.278263563706777406e+00
1.261105297390228364e+00
1.308763384703409915e+00
1.296693235548050271e+00
1.313774577187307502e+00
1.203178693743989003e+00
1.219458800977787138e+00
1.196157448930505574e+00
1.252913320403195918e+00
1.345514889341757891e+00
1.331954321614419179e+00
1.348925890444116593e+00
1.382154682121490952e+00
1.367059733941945909e+00
1.383840432197096515e+00
1.418266585341297681e+00
1.418456225069522070e+00
1.401823194686372620e+00
1.418370361395488333e+00
1.432639816070880423e+00
1.460929613319326581e+00
1.488511985764459755e+00
1.711679332209061544e+00
1.694466024164923645e+00
1.676000986054051900e+00
1.656320903203868378e+00
1.635466861586850396e+00
1.613484246381424070e+00
1.727608675838893770e+00
1.590422615340540968e+00
1.566335528162093205e+00
1.541280318271265326e+00
1.515317809536333771e+00
1.742227255594983371e+00
1.755508163276168876e+00
1.767416606478689145e+00
1.778097662712331939e+00
1.787197288503862058e+00
1.791996073303975923e+00
1.290274907375469571e+00
1.327192481198101293e+00
1.218500805135039222e+00
1.229162487519479985e+00
1.215412254631331734e+00
1.209474597518580996e+00
1.224363496044694966e+00
1.206950202753563239e+00
1.263469357679903204e+00
1.267631494425266236e+00
1.248752920207836903e+00
1.363872276556531205e+00
1.400336846214141007e+00
1.450294325947944829e+00
1.434284934901780773e+00
1.434271661809574550e+00
1.454229141117666213e+00
1.436424867728130605e+00
1.436169860678120358e+00
1.448701157584866284e+00
1.482004529481044219e+00
1.464409269218470477e+00
1.478499385718924142e+00
1.512980193045914135e+00
1.493882184432079541e+00
1.507586318948034743e+00
1.769759244939226761e+00
1.736581828119866833e+00
1.744848957678378554e+00
1.749323549520999332e+00
1.726345648721346659e+00
1.717434937196807621e+00
1.727587396208860371e+00
1.706557956067184634e+00
1.697020122130839637e+00
1.704593468779211918e+00
1.685524436095645173e+00
1.675378198588195922e+00
1.680389284131400984e+00
1.663288298569939538e+00
1.652554584069638066e+00
1.655027088208742780e+00
1.639897282202244622e+00
1.628599180165326121e+00
1.788847721627713216e+00
1.762029957236970423e+00
1.754420607086128348e+00
1.628563677748451344e+00
1.603566216224878271e+00
1.615403523587337409e+00
1.601060199339677359e+00
1.577514056987522562e+00
1.589863381977415280e+00
1.572581892953119898e+00
1.550504941220511856e+00
1.563337207892531833e+00
1.543197762508110138e+00
1.522604658544202572e+00
1.535889051269371919e+00
1.806529017148355232e+00
1.777849991871228941e+00
1.770907123959468477e+00
1.822604957861824193e+00
1.792190351475264620e+00
1.785923907047140435e+00
1.837796250485815630e+00
1.799782119779014922e+00
1.805361611692152035e+00
1.850774611077824261e+00
1.811899667342459885e+00
1.816934347610752454e+00
1.862800132192445668e+00
1.823002632346877983e+00
1.826928592562617082e+00
1.871334261868981885e+00
1.831408670411280415e+00
1.831938714386132760e+00
1.299867266075580119e+00
1.285847528267814344e+00
1.304516621440048985e+00
1.339382781641280884e+00
1.324010777435455477e+00
1.342566932784746925e+00
1.230818683613097431e+00
1.225988362362124384e+00
1.246504999997389618e+00
1.282176079564153248e+00
1.379435365564880556e+00
1.362381956707768405e+00
1.380893376178135457e+00
1.419243213953160776e+00
1.400607507960786480e+00
1.418936888744416924e+00
1.452429401859719249e+00
1.458725560183535830e+00
1.456608299738454626e+00
1.438508673195955989e+00
1.466243573503017927e+00
1.497564895469435831e+00
1.528169985135196196e+00
1.779605079880498986e+00
1.759811426646006538e+00
1.738696038749998785e+00
1.716303336636513022e+00
1.692678556587431604e+00
1.667871718946751347e+00
1.641937472235264872e+00
1.798025213034746717e+00
1.614934920703851695e+00
1.586927395098822080e+00
1.557982145232151616e+00
1.814937233453117971e+00
1.830560890115019879e+00
1.844663858076971197e+00
1.857221940163971130e+00
1.867667539993417281e+00
1.319797575001441015e+00
1.359426627633749440e+00
1.262012016250635194e+00
1.242861903589582484e+00
1.245142088553083282e+00
1.266160082217212768e+00
1.244624066782457295e+00
1.262369316182055279e+00
1.298368788498454496e+00
1.299275156113995244e+00
1.281330978033254908e+00
1.399334248474298992e+00
1.438978168547882408e+00
1.489608554144322472e+00
1.469985436522419642e+00
1.472045086435013639e+00
1.497651220357480328e+00
1.475999213015562139e+00
1.478252253995291587e+00
1.485931592735675100e+00
1.524444055105400597e+00
1.518792225118260175e+00
1.503190041122604459e+00
1.558503316028668761e+00
1.550928437283515260e+00
1.535720052590287432e+00
1.843901629324763647e+00
1.806986899458612239e+00
1.816510569172649081e+00
1.820865490872574100e+00
1.785230343570451517e+00
1.795436628382423239e+00
1.796459591855903870e+00
1.773005323068991945e+00
1.762139116133241590e+00
1.770729949937740910e+00
1.737757547296923555e+00
1.749263110237113228e+00
1.743727818547113673e+00
1.712135157122109952e+00
1.724257053759470359e+00
1.715509802289173935e+00
1.685326468127291699e+00
1.698039263739430371e+00
1.686137556354297518e+00
1.657390794341068618e+00
1.670666737285452674e+00
1.865525982693428508e+00
1.827365174760970046e+00
1.836177012933369657e+00
1.655677584618009845e+00
1.628392060494656457e+00
1.642201171306883367e+00
1.624200994865488967e+00
1.598398559433802157e+00
1.612708739507384026e+00
1.591783166297963348e+00
1.567482588485073602e+00
1.582259782654776847e+00
1.885740787195665291e+00
1.846319947551867902e+00
1.854328377453165366e+00
1.902439797086357798e+00
1.862731145198120331e+00
1.870309948822501900e+00
1.919819588793742593e+00
1.885445109447614120e+00
1.878945700790540574e+00
1.934204401965542663e+00
1.898650438151110453e+00
1.892644037041968597e+00
1.949912205274712651e+00
1.906566365917038208e+00
1.910814857853349480e+00
1.334504387916892743e+00
1.317300172167532146e+00
1.337077661383390126e+00
1.377064071652289501e+00
1.378347578220915359e+00
1.358115670596328650e+00
1.263012784510155750e+00
1.280336840567383616e+00
1.316858594802796434e+00
1.420366160898481889e+00
1.419881395464441809e+00
1.399775005591149757e+00
1.463440856126037026e+00
1.461152089194914350e+00
1.441229028083226282e+00
1.493811620596941392e+00
1.506195949509448573e+00
1.482360189134307893e+00
1.502053056572175027e+00
1.507107256503675163e+00
1.541522502800223293e+00
1.575204012344336268e+00
1.832659666596624604e+00
1.855024087841557368e+00
1.808907017702587883e+00
1.783809122842056727e+00
1.757414829852301574e+00
1.729778259101197646e+00
1.700958694713839536e+00
1.671020341537026166e+00
1.875971956551827580e+00
1.640032171423538854e+00
1.608067584473706235e+00
1.894461877277944906e+00
1.911470436325162892e+00
1.927311746939251336e+00
1.942386543204364768e+00
1.355823409809642666e+00
1.398668186815121839e+00
1.304764528329384499e+00
1.282685593137533608e+00
1.284970115860718520e+00
1.315489301021383728e+00
1.290007211792421948e+00
1.300945044807764184e+00
1.335004511242775083e+00
1.335059648212747696e+00
1.317300317513266927e+00
1.441852788754042436e+00
1.484774536555617530e+00
1.536213582548528800e+00
1.517056933649309380e+00
1.512957604799072486e+00
1.548359829105907970e+00
1.527322867282887353e+00
1.523078643939790311e+00
1.530452293835318889e+00
1.574238175605410017e+00
1.549295595852929974e+00
1.566437312646030922e+00
1.611437930917260175e+00
1.601675945677986768e+00
1.584940176172791926e+00
1.899965763287853271e+00
1.860560785517147986e+00
1.872054005874678850e+00
1.925591684263146419e+00
1.884911375876295203e+00
1.895689795989839332e+00
1.872901048609378671e+00
1.834803976418356353e+00
1.846992369727108230e+00
1.844441461148997208e+00
1.807687823953903372e+00
1.820549358004899254e+00
1.814640681394910304e+00
1.779265355184848074e+00
1.792775229038189533e+00
1.783559349218860612e+00
1.749595159693673851e+00
1.763725865768918322e+00
1.751263474928370423e+00
1.718741224047154681e+00
1.733462646988117140e+00
1.717824455053685195e+00
1.702052129996178831e+00
1.686772540972538925e+00
1.949729463639588101e+00
1.907811642049871859e+00
1.917877544386901389e+00
1.683318827996141964e+00
1.669565910438790990e+00
1.653763095775668379e+00
1.647828048032361714e+00
1.636080307105856058e+00
1.619791433274707648e+00
1.970230763524560835e+00
1.936536748867410562e+00
1.928236309917907398e+00
1.987693074863039477e+00
1.953936263964323183e+00
1.945281304138497314e+00
2.005070969681833848e+00
1.969810899170327811e+00
1.962569062538016329e+00
2.025998715769950387e+00
1.980147499914008513e+00
1.988084701694539769e+00
1.374917475598244287e+00
1.376059468320940615e+00
1.354449249265315736e+00
1.421726453383352684e+00
1.421091824212217247e+00
1.399145663458114752e+00
1.308625322666305824e+00
1.320169760730792508e+00
1.355153292545769883e+00
1.468398641573676056e+00
1.444207342661599336e+00
1.465973466383530432e+00
1.514826538031949443e+00
1.510560985567931391e+00
1.488995601088629606e+00
1.542479882727399776e+00
1.560946975931449821e+00
1.533453352352372123e+00
1.554779918489161528e+00
1.555293134099388963e+00
1.592863782371860770e+00
1.629674187205453650e+00
1.886682164611024781e+00
1.913059197740306416e+00
1.937977668895338290e+00
1.858887391680434265e+00
1.829726201319940460e+00
1.799255855577647445e+00
1.767539935076281044e+00
1.734647174078663978e+00
1.700651721921299986e+00
1.960373610258139276e+00
1.665632799732673197e+00
1.979415516163137267e+00
1.996714529297097585e+00
2.015754889697944474e+00
1.398085847474466181e+00
1.444902372571138294e+00
1.359641028119009221e+00
1.337701396158042844e+00
1.331873788147205362e+00
1.371343866792537058e+00
1.342736193859270344e+00
1.347662626423212995e+00
1.367925735138830312e+00
1.491505908762711829e+00
1.537804156744064121e+00
1.590179388320380749e+00
1.563254365328905493e+00
1.569390730748106533e+00
1.606433229024144982e+00
1.577482480133721277e+00
1.583714669179921986e+00
1.582329011569580501e+00
1.631455230142522250e+00
1.621499206711526808e+00
1.602791108026138112e+00
1.671850759148308940e+00
1.659891905330786122e+00
1.641606335512542314e+00
1.956958062936382081e+00
1.915064744397066976e+00
1.928567439126678718e+00
1.986547683256294716e+00
1.956193200405074162e+00
1.943423169130362282e+00
2.014204201734864252e+00
1.982088955170745237e+00
1.970076717229260144e+00
1.925780589944494414e+00
1.885220129574830317e+00
1.899433493273113172e+00
1.893181492971668600e+00
1.853998093851177531e+00
1.868894905465492862e+00
1.859231513486047316e+00
1.821459808836424665e+00
1.837010858042249506e+00
1.823999873980880482e+00
1.803846874169585002e+00
1.787673973665011351e+00
1.787561453346031337e+00
1.769473841154802551e+00
1.752713970130528320e+00
1.749998207689862362e+00
1.716658925815002235e+00
1.733968244160785765e+00
2.041134417375132681e+00
1.995653442173701775e+00
2.005828447499542921e+00
1.711397251590394575e+00
1.679593354076245104e+00
1.697411988236168456e+00
2.058747866300916662e+00
2.015002541551938364e+00
2.023563711690026246e+00
2.075572111878937864e+00
2.031772411465782469e+00
2.040436505257576361e+00
2.098266593453718798e+00
2.051632063340734557e+00
2.062242687848398148e+00
1.419699932151930355e+00
1.420855503388240848e+00
1.396831563224839590e+00
1.472154047081696060e+00
1.446595984796012369e+00
1.470357580142716447e+00
1.364994472784458734e+00
1.389942255209845934e+00
1.523611309020730165e+00
1.519244695153710856e+00
1.495775746359724101e+00
1.573462241363846825e+00
1.567237740182487737e+00
1.543981609999383720e+00
1.598507907496414138e+00
1.623060023519980577e+00
1.614870000135870676e+00
1.591871640049552283e+00
1.610870423763657744e+00
1.651656410124806573e+00
1.691646426047253460e+00
1.941588384633924358e+00
1.972018300891821063e+00
2.000681359053663844e+00
2.028021553484431472e+00
1.909666669224473257e+00
1.876360489238499962e+00
1.841738617675638956e+00
1.805875065724126483e+00
1.768847911545555096e+00
1.730741741222189045e+00
2.050571509978223350e+00
2.067776703336993371e+00
2.087064110916415860e+00
1.445654170263625637e+00
1.497686905036073934e+00
1.404939561561072914e+00
1.382817762773852710e+00
1.388852485644524348e+00
1.434466928162255295e+00
1.401716573707371571e+00
1.413132382582480862e+00
1.548370767721841013e+00
1.598147632782318750e+00
1.651582734995734159e+00
1.629123851636070430e+00
1.620948915728472883e+00
1.671965975301681340e+00
1.639292681375545957e+00
1.647519652963389758e+00
1.641634192545329052e+00
1.696169585268628488e+00
1.684048528189454830e+00
1.663748064660341086e+00
1.739813888383100249e+00
1.705788107809228293e+00
1.725644885193007294e+00
2.014804988773309269e+00
1.985970706582266043e+00
1.970415868287285432e+00
2.048524423656368665e+00
2.002977287082678082e+00
2.017678033998432152e+00
2.080767719766475121e+00
2.047722135469999039e+00
2.034028128427347593e+00
2.107646669003751416e+00
2.074411210191168919e+00
2.061000915049691962e+00
1.979395822264605531e+00
1.952668904876266875e+00
1.936391323546756249e+00
1.942573355872126539e+00
1.917948741486158681e+00
1.900979860457468584e+00
1.904405212457812580e+00
1.881877378447493143e+00
1.864248960374910169e+00
1.864953223208693833e+00
1.826278952074381179e+00
1.844527787338068103e+00
1.824306304924659505e+00
1.787151161356679951e+00
1.805979734963668593e+00
1.782560443531504779e+00
1.746955733998363902e+00
1.766321176075124733e+00
2.150344190891480434e+00
2.096351717551088178e+00
2.105261938827803103e+00
2.137515437890638026e+00
2.106871578580864934e+00
2.098758171228971570e+00
2.165372827300740433e+00
2.120329405682367163e+00
2.131948566894268371e+00
1.469504089768394195e+00
1.444486231200452497e+00
1.471433902814260675e+00
1.530224110412438776e+00
1.526962376644064534e+00
1.500948082862222366e+00
1.418943238820091990e+00
1.438396315595349639e+00
1.585769156055957918e+00
1.554486696897543263e+00
1.579676088138875834e+00
1.639504911213828242e+00
1.606330354616168909e+00
1.631298349006941928e+00
1.661976597334753558e+00
1.692525670487187384e+00
1.682397635163011884e+00
1.657711701954742267e+00
1.673914768603973702e+00
1.717974026549086375e+00
1.761191940819890167e+00
1.997295787135725975e+00
2.031974275967113996e+00
2.065181861254938411e+00
2.094693665745559041e+00
2.129738442206844606e+00
1.961149722422578012e+00
1.923612237350098342e+00
1.884766307730968649e+00
1.844686812846169088e+00
1.803463036790468932e+00
2.145556648809338718e+00
2.151618847970455661e+00
1.500311916185217864e+00
1.557759642603168571e+00
1.452312329048320416e+00
1.502597888049968411e+00
1.467452554089708094e+00
1.612538320472425069e+00
1.665897663142228646e+00
1.720505958356594256e+00
1.686120738559357068e+00
1.696344038997571246e+00
1.745042646212519921e+00
1.708598291168466288e+00
1.718802798655992170e+00
1.708445595961835206e+00
1.768462762190744719e+00
1.732244492067120500e+00
1.754160868886508684e+00
1.815407888884762455e+00
1.777560639366519091e+00
1.799008316515896100e+00
2.073297276517139132e+00
2.026539249129666320e+00
2.044167665937929979e+00
2.111192745247142177e+00
2.063374174072334810e+00
2.080103484116310852e+00
2.158742358513439985e+00
2.104405413035700612e+00
2.120459316921576853e+00
2.159576150986948218e+00
2.134160454842828791e+00
2.121057655247416296e+00
2.209649139818736785e+00
2.158182873561186099e+00
2.180912996542232474e+00
2.034163011373980812e+00
1.988471189624143820e+00
2.006846467951507229e+00
1.992943890186535505e+00
1.948734322807044173e+00
1.967818122917539325e+00
1.950072763668654563e+00
1.927276900763184919e+00
1.907533459011182986e+00
1.906317389877179913e+00
1.865309078672448440e+00
1.885668140200972731e+00
1.861392306179482592e+00
1.821950493817354300e+00
1.842878633215562001e+00
2.226089727070647228e+00
2.188407117263398760e+00
2.181812787700821765e+00
2.195972039981169299e+00
1.531575081747217348e+00
1.531530430369953732e+00
1.501527413841921232e+00
1.598202245675608868e+00
1.564380232295997430e+00
1.592600644425517409e+00
1.485333462207076849e+00
1.655782825330576191e+00
1.620770766870383683e+00
1.647658473182950001e+00
1.716479973078244736e+00
1.704501827145625592e+00
1.677751532976136106e+00
1.732959534903355969e+00
1.772953483610729464e+00
1.759165995999241616e+00
1.732774816779537819e+00
1.744506426268407351e+00
1.791894539168970679e+00
1.838385214052340455e+00
2.053980771413193018e+00
2.092696098696178897e+00
2.136268134188192391e+00
2.161094733221967878e+00
2.184822981449020762e+00
2.277796843854107411e+00
2.243903350432489674e+00
2.214749803021163199e+00
2.013712059443963032e+00
1.971591423997282266e+00
1.928234153337034629e+00
1.883868615990800022e+00
2.252860892661626036e+00
1.517697205809620087e+00
1.566171540209230439e+00
1.627717315547060561e+00
1.573220128865335132e+00
1.537933819748475317e+00
1.685938247102499288e+00
1.744576342966363436e+00
1.797095758891046557e+00
1.758856043518213674e+00
1.771130089998542045e+00
1.826823477996446066e+00
1.785898009539087727e+00
1.799985286408709362e+00
1.782842709356498911e+00
1.848422164149568392e+00
1.808367342681659773e+00
1.831918885866255620e+00
1.898731810069642423e+00
1.857002123384039027e+00
1.880064367220338983e+00
2.132424918549201021e+00
2.083553844418512657e+00
2.102994011551171383e+00
2.190036796939792918e+00
2.132351689327031341e+00
2.151341857866307716e+00
2.200180399147748211e+00
2.181204537215830186e+00
2.156741971826825477e+00
2.245914747817059798e+00
2.203577442757586269e+00
2.203626124642235951e+00
2.228980786708020023e+00
2.323678408353881508e+00
2.265798476190543198e+00
2.301763301381949844e+00
2.090778867663310781e+00
2.042197583423617235e+00
2.062675363140854312e+00
2.042848157273935872e+00
1.996533565497252249e+00
2.017964509239086546e+00
1.996167553538483741e+00
1.973115126926192620e+00
1.951197707798171699e+00
1.948000137702486478e+00
1.904651518710434921e+00
1.927164051061342809e+00
1.553056373762503162e+00
1.587672440233887095e+00
1.672566917782633222e+00
1.664668701090987968e+00
1.636182460705070341e+00
1.732456006881714972e+00
1.724446759632191961e+00
1.693657359049560718e+00
1.810134384307969135e+00
1.763441697964607924e+00
1.792190236921269442e+00
1.811929809278631565e+00
1.861165364194786509e+00
1.843953907467415387e+00
1.817523593303145946e+00
1.822760433394269741e+00
1.873527603488882365e+00
1.923312300970545508e+00
2.112171005439293037e+00
2.162390238659507968e+00
2.197278137800370512e+00
2.269870315928655735e+00
2.236390930397726073e+00
2.215160367192748669e+00
2.260017583434760891e+00
2.285185852774843429e+00
2.067097360341826118e+00
2.019553086489556559e+00
1.972050992699706740e+00
1.650186910940744101e+00
1.613092683549273598e+00
1.624849943774245409e+00
1.663152320532877759e+00
1.702666201318780992e+00
1.771613069382114380e+00
1.836960756884502999e+00
1.880446888465456157e+00
1.853601638050403899e+00
1.838780809904468905e+00
1.917898894469469484e+00
1.872228839409353363e+00
1.889733897462535284e+00
1.864407540947700559e+00
1.933971693197334529e+00
1.916392895475907299e+00
1.891244430626265682e+00
1.989156050581676105e+00
1.968573134654594048e+00
1.943878047581973467e+00
2.197514755418534360e+00
2.165365174244038293e+00
2.145084651627771954e+00
2.223602157983734173e+00
2.208479119920709444e+00
2.178762604823779814e+00
2.286778386645679895e+00
2.239742155147019798e+00
2.244366099613621657e+00
2.280650656491046924e+00
2.356752887868335922e+00
2.314669989806002803e+00
2.302213351068720826e+00
2.341500932587404993e+00
2.165166339744313273e+00
2.103589378921193465e+00
2.127731611650439447e+00
2.091795910947348514e+00
2.067257190285002100e+00
2.043860443357473855e+00
2.039284361050361927e+00
2.017728128049115277e+00
1.993627797265182355e+00
1.729706143680164177e+00
1.691353332627834716e+00
1.702032944913049572e+00
1.732285177493183781e+00
1.812642734277258194e+00
1.771659574164900164e+00
1.812502293086112770e+00
1.899952623483632586e+00
1.880704350405768999e+00
1.855345832974001574e+00
1.898967084240749115e+00
1.952065414903020546e+00
1.934799755644375674e+00
1.906578190565941799e+00
1.907237745099970905e+00
1.961566118846802986e+00
2.014230282929804439e+00
2.182240912131041988e+00
2.211979713886374377e+00
2.302571584515277880e+00
2.246946451607576556e+00
2.264404387678165431e+00
2.296621494553249487e+00
2.381262104111418587e+00
2.335460911950665519e+00
2.326441170642521428e+00
2.371246602153057381e+00
2.128434577150480234e+00
2.065504002255586169e+00
1.771553247488532712e+00
1.892266927654589814e+00
1.852591636921681495e+00
1.851911413944676843e+00
1.897182428199021498e+00
1.925919922728094313e+00
1.975409714166416197e+00
1.927780341995602997e+00
1.946503033374936020e+00
2.016000842373459889e+00
1.983864500842121181e+00
1.966863845031522784e+00
1.954536148131562401e+00
2.028281563785299113e+00
2.008791240507565412e+00
1.981323467950775408e+00
2.082665813367687413e+00
2.061037814449117711e+00
2.036116885733413984e+00
2.278543186797106657e+00
2.222124814594506503e+00
2.238535748707353612e+00
2.301997515294001317e+00
2.263347958886967604e+00
2.250895809585264917e+00
2.304228046413792974e+00
2.394729777540872018e+00
2.350245851347342985e+00
2.341704814691210501e+00
2.390404026676794746e+00
2.178547569289899233e+00
2.172325659386624253e+00
2.135307478210215937e+00
2.132054009446997966e+00
2.111991642329165586e+00
2.085868274216206686e+00
1.972158022215200202e+00
1.932902319589609119e+00
1.936617739249330672e+00
1.962726948644186287e+00
1.995500053041255661e+00
2.049987952258561119e+00
2.000559267215914261e+00
2.032911160371058124e+00
2.001926300966223149e+00
2.055775525135528081e+00
2.107691458129652862e+00
2.264809686014482182e+00
2.272732240421448502e+00
2.214476445543610783e+00
2.292016819727467070e+00
2.397287378723144791e+00
2.351275598812620604e+00
2.350668506873875963e+00
2.398507259771932354e+00
2.155635279337675847e+00
2.222299303224628986e+00
2.011054262637095746e+00
2.076320613343437316e+00
2.025651068738601346e+00
2.045947261322130117e+00
2.121729706939857962e+00
2.085505160108814593e+00
2.068886933523758298e+00
2.052085094356478123e+00
2.134385553107869260e+00
2.108526209804956419e+00
2.081599903122132833e+00
2.184549875177258293e+00
2.134077274531914092e+00
2.158375875003645472e+00
2.369129311885715072e+00
2.317690149912998265e+00
2.324162967747278152e+00
2.388916975376897511e+00
2.334977656065913898e+00
2.346006994980518456e+00
2.395225058590570555e+00
2.232331808778823756e+00
2.205624339004712997e+00
2.182730697238663087e+00
2.249406099868772380e+00
2.098873298268485232e+00
2.105364535741777399e+00
2.159926175890695799e+00
2.209178248735256922e+00
2.380607879783741332e+00
2.338782295010328305e+00
2.301599552613027289e+00
2.355002075749918156e+00
2.286255582283587273e+00
2.188372897979911080e+00
2.154861248989572431e+00
2.132109488276652698e+00
2.161182426309580684e+00
2.247073846153175847e+00
2.190962965103925075e+00
2.215770797157906369e+00
2.297461273059981934e+00
2.241514913674396592e+00
2.264980779236704489e+00
2.318776356227722601e+00
2.217672914173894227e+00
2.272676677223745223e+00
