1.622024313296879683e+01
1.648203551049510907e+01
1.671133035477264173e+01
1.593101065129839000e+01
1.607416154150074306e+01
1.635023986614300640e+01
1.659655588519054703e+01
1.690285112285299363e+01
1.680794261251937627e+01
1.561269477286907303e+01
1.577428859561907792e+01
1.581802352158270075e+01
1.587457659400268994e+01
1.601796845671753644e+01
1.606366238565505000e+01
1.614192713002715607e+01
1.627224997770644066e+01
1.628967268950285074e+01
1.638565219606620360e+01
1.650037218241570613e+01
1.650235002979410481e+01
1.660665940968700127e+01
1.670324529867126628e+01
1.705466232857213527e+01
1.560774066445134167e+01
1.561559082672302523e+01
1.576930114345395140e+01
1.698003116676747482e+01
1.571291307301577866e+01
1.593990066480279033e+01
1.617605401294829193e+01
1.639561604111741389e+01
1.669052137880553488e+01
1.659630289121288627e+01
1.679665887743066577e+01
1.529263583607116850e+01
1.545409464465679683e+01
1.715814951783362829e+01
1.710966435081348180e+01
1.523109116246871864e+01
1.542089182936120650e+01
1.542203022517765199e+01
1.687275181838304050e+01
1.546126518429867502e+01
1.553466610899544165e+01
1.563958489475313485e+01
1.567831421266104641e+01
1.574824827854751774e+01
1.587040426529165238e+01
1.590341500043949807e+01
1.609639585015068519e+01
1.598362192760101408e+01
1.610472630508872172e+01
1.619715363770977845e+01
1.630316985789596629e+01
1.630506087980796082e+01
1.649732093152729462e+01
1.640350940657111067e+01
1.494915104645521531e+01
1.512219441830585076e+01
1.526348117063041343e+01
1.721651016534434575e+01
1.723135040223388259e+01
1.719401781112144079e+01
1.687115638198635281e+01
1.696268197191956517e+01
1.701524819063390481e+01
1.534731843104759363e+01
1.678002091789975836e+01
1.556960811603232031e+01
1.579029526508186265e+01
1.600373625747145567e+01
1.620416351591110882e+01
1.651754893481029285e+01
1.660423925168517911e+01
1.641040895804308875e+01
1.493817678458996667e+01
1.494857482514964175e+01
1.511292526565896566e+01
1.508332544451238633e+01
1.719612538738060081e+01
1.723135691491250299e+01
1.721958229873071033e+01
1.677341061945682910e+01
1.696715229803393044e+01
1.699826570198212750e+01
1.682507435809900542e+01
1.509278638885919932e+01
1.527707215401963126e+01
1.516184408704375031e+01
1.669290278900465196e+01
1.531254374413579988e+01
1.549528139063169974e+01
1.538686961735284697e+01
1.552227001814392437e+01
1.571250153051432719e+01
1.560034544133271162e+01
1.572323703286857466e+01
1.591358410892285669e+01
1.581331329068627056e+01
1.592279928796246935e+01
1.611340613010083445e+01
1.601386210998131787e+01
1.612384968216876047e+01
1.632038301072560316e+01
1.621482499430859292e+01
1.461627180249189450e+01
1.478438260362654333e+01
1.463421238354438536e+01
1.479438620697525053e+01
1.478710667203137596e+01
1.485508134471404773e+01
1.504173895487359047e+01
1.489720552158468436e+01
1.711966559301101753e+01
1.716240934555895237e+01
1.686841522571128493e+01
1.704326801469146702e+01
1.705362347502471820e+01
1.686861605305244538e+01
1.705239658471303699e+01
1.703645843330956922e+01
1.682377896467286149e+01
1.664524540258555874e+01
1.497321845695409337e+01
1.520250840338892928e+01
1.541712447880023262e+01
1.562237055386078133e+01
1.582258354666331002e+01
1.602298887913885395e+01
1.630808370238825233e+01
1.641278770846595592e+01
1.621573373889319214e+01
1.427852483133825956e+01
1.394884602002353446e+01
1.444651122082284544e+01
1.462924832555293264e+01
1.460922713840617249e+01
1.477206528825912635e+01
1.462520259347829210e+01
1.473127445943715941e+01
1.677551620241032637e+01
1.698847870426876128e+01
1.694933623439330717e+01
1.687435500669372246e+01
1.682907676212308701e+01
1.646957976478205055e+01
1.666989965393217688e+01
1.662160811705914298e+01
1.654066460505033120e+01
1.475563071517821179e+01
1.480549568907179747e+01
1.492349976146107871e+01
1.497225532984321106e+01
1.514231617620410120e+01
1.503264946760608289e+01
1.516726676497949811e+01
1.534440776003608242e+01
1.523991143701888973e+01
1.536430080146754307e+01
1.554344470267253087e+01
1.544341237979317327e+01
1.555120421062137126e+01
1.563735380997025359e+01
1.573665130577875182e+01
1.573495157441126935e+01
1.592922301738487256e+01
1.582905938936755419e+01
1.590771929315644861e+01
1.610769580947308555e+01
1.601595293344384174e+01
1.411376290012653456e+01
1.362916287780188540e+01
1.379157917860180049e+01
1.435725145069212516e+01
1.431959923696484793e+01
1.448398736608615067e+01
1.449694242094371965e+01
1.436159447033618974e+01
1.448533228455369226e+01
1.449928608341260627e+01
1.453427309417998003e+01
1.469371582033609158e+01
1.457202154131442740e+01
1.698786401426952253e+01
1.705908301340149791e+01
1.668745109914679858e+01
1.673648525297148737e+01
1.690066299185804510e+01
1.657585111852958804e+01
1.672310969510634493e+01
1.672193487051883665e+01
1.642661552995665275e+01
1.660440443657936882e+01
1.664949220103399341e+01
1.638906612591110346e+01
1.652274416074326524e+01
1.464428514382147029e+01
1.486344391501918949e+01
1.506955696332877892e+01
1.526547772440087414e+01
1.545751003627442621e+01
1.564290592849360095e+01
1.582135237268111538e+01
1.607149592793898663e+01
1.618961565668702463e+01
1.598954341641783827e+01
1.405875983472313706e+01
1.400651572342211892e+01
1.416635928850686810e+01
1.377060069224763161e+01
1.370409545149870922e+01
1.385741781499985592e+01
1.420792711980858769e+01
1.436141090016840849e+01
1.431066195412781994e+01
1.445897418988715799e+01
1.433748989813351571e+01
1.442184343617004672e+01
1.682019781919004231e+01
1.691203345949413261e+01
1.683968805102663069e+01
1.643873254010854623e+01
1.660726091111517988e+01
1.656127344423417114e+01
1.650422003546963623e+01
1.643471531637143102e+01
1.627042336238754672e+01
1.622610360917805039e+01
1.640032099338485949e+01
1.634822096742174580e+01
1.445160072808164742e+01
1.460296318055096876e+01
1.449310942251615586e+01
1.465211779302057948e+01
1.481168947834654404e+01
1.470404675858474519e+01
1.484325202058856874e+01
1.500486100992466021e+01
1.490788496391905937e+01
1.502873587438217484e+01
1.519618659326140886e+01
1.509817006641300097e+01
1.520678870344914557e+01
1.537874174400375615e+01
1.528573149883065696e+01
1.537706711290163497e+01
1.555584596051564361e+01
1.546434241225650297e+01
1.553917245872171016e+01
1.563727966824691151e+01
1.572339505357017231e+01
1.569291929450036172e+01
1.588204866271144411e+01
1.580056356917178206e+01
1.391496807830258575e+01
1.348923187620055941e+01
1.363135512649038006e+01
1.356019505110504397e+01
1.333181416634416649e+01
1.348465676164079952e+01
1.415834322650739274e+01
1.411085272376979916e+01
1.425722757649196737e+01
1.426090731052527971e+01
1.408612298263727602e+01
1.422353043291595043e+01
1.419750062823854009e+01
1.424621798463298816e+01
1.438956990567269223e+01
1.427862383095199661e+01
1.661987088088302755e+01
1.672455039098977991e+01
1.656137659439023579e+01
1.677742448093155403e+01
1.669546425556380242e+01
1.662917670672133141e+01
1.624675711697040725e+01
1.646549335024016969e+01
1.634529981700753964e+01
1.632712528300006127e+01
1.609401775382954725e+01
1.626627602684506968e+01
1.626047052116040348e+01
1.614879909904889388e+01
1.434846878300779771e+01
1.455147211738794510e+01
1.474743985403222979e+01
1.493575836142148994e+01
1.511762033292587759e+01
1.529187462947040999e+01
1.545818635041585409e+01
1.561622339038698115e+01
1.583843171617609613e+01
1.595476111507093187e+01
1.576570908819292072e+01
1.387172992926633341e+01
1.396321230165269611e+01
1.382378163257358139e+01
1.341514359578438942e+01
1.363584073498195792e+01
1.356512777374897105e+01
1.370206972073280305e+01
1.401605120035820562e+01
1.412203361487292241e+01
1.403577849392499743e+01
1.406096238840933133e+01
1.417251088918680324e+01
1.414050068687678063e+01
1.637392727189697439e+01
1.639912482102833380e+01
1.661173501376508099e+01
1.650953157031683816e+01
1.650045837645792446e+01
1.648671394284566105e+01
1.640758010870106176e+01
1.617156685590649801e+01
1.597380971950170370e+01
1.620055271227955629e+01
1.610025316028123754e+01
1.603461495263970704e+01
1.603214124429059240e+01
1.418092705248948349e+01
1.431572782705662661e+01
1.421380274820944933e+01
1.436836892318747694e+01
1.450976739155236217e+01
1.441020764604036586e+01
1.454956152840270178e+01
1.460105894515803016e+01
1.469603407786533111e+01
1.472347972562459262e+01
1.478358710587761138e+01
1.487579138787510757e+01
1.489041815260701540e+01
1.504837047745690626e+01
1.495980694226906138e+01
1.504981720453707439e+01
1.521329189643640589e+01
1.512854575071888164e+01
1.520135316543419535e+01
1.537020612786805174e+01
1.528947058992029540e+01
1.534471918510582178e+01
1.551885263748554067e+01
1.544222863413585145e+01
1.547963512133533115e+01
1.565889262722340014e+01
1.558658750497503931e+01
1.305746049457388835e+01
1.375321372765252903e+01
1.323258130780015129e+01
1.328326354368144457e+01
1.336458875178880490e+01
1.340779874543507866e+01
1.352343847330399385e+01
1.344881982673175536e+01
1.319754684386450272e+01
1.397910308108301791e+01
1.381845485892452885e+01
1.392720077439741821e+01
1.395259971725565507e+01
1.398739918152934436e+01
1.411621823273013021e+01
1.401181669497523608e+01
1.610791964738156423e+01
1.624436977063453114e+01
1.617944205913036981e+01
1.629225007704377859e+01
1.639700590333504238e+01
1.627769988233803744e+01
1.623183084319553515e+01
1.639692091003751528e+01
1.631599111184780071e+01
1.624155707870569998e+01
1.582772485637211801e+01
1.603783361310966527e+01
1.596131254155144674e+01
1.590630354528060764e+01
1.572308228092795446e+01
1.590895403761893334e+01
1.584884831580543363e+01
1.408384735495453555e+01
1.427437735453109013e+01
1.445875360604312654e+01
1.463638127057441629e+01
1.480688172757555776e+01
1.497013809543739171e+01
1.512570220985303138e+01
1.527325855970809165e+01
1.541251254557960237e+01
1.560583601107168050e+01
1.572217481962016450e+01
1.554319294025091125e+01
1.280509114547904836e+01
1.293353702186363208e+01
1.359998101612348798e+01
1.373520263528945407e+01
1.361785188321351647e+01
1.314886077261472508e+01
1.332359017868989781e+01
1.350473774772170898e+01
1.384566475537512531e+01
1.378820405828473383e+01
1.391138001950037761e+01
1.380410592523620039e+01
1.388744926176293504e+01
1.596530866071497812e+01
1.617215678909592214e+01
1.603851350641906848e+01
1.581253444915729034e+01
1.596124972010121823e+01
1.601486857891958948e+01
1.620782614585365167e+01
1.609620098465135740e+01
1.607594627671111454e+01
1.612459574945749452e+01
1.590996140550456772e+01
1.607097265123652008e+01
1.607858986272609059e+01
1.586977982488206784e+01
1.577616834035739046e+01
1.579004822470026959e+01
1.566505038114267734e+01
1.393931753663176920e+01
1.405964293508167096e+01
1.396364862462529643e+01
1.411535211083006303e+01
1.424143837678252744e+01
1.414841918281588917e+01
1.428509441484069775e+01
1.432700614136813044e+01
1.441697162676131150e+01
1.444810007338227464e+01
1.458550170657388634e+01
1.449910288070049980e+01
1.460412936711846754e+01
1.474705784269696096e+01
1.466408204870565513e+01
1.475282833908048730e+01
1.490118407811601919e+01
1.482191015373497756e+01
1.489389173747166417e+01
1.497215580057986273e+01
1.504756453185532727e+01
1.502703082597789752e+01
1.511451262144998964e+01
1.518590120198067339e+01
1.515197637682119769e+01
1.524869248247632925e+01
1.531591855046357864e+01
1.526847890111482187e+01
1.543735944445595720e+01
1.537443055856032714e+01
1.299445808799264945e+01
1.290268117556329130e+01
1.302499040185617929e+01
1.370935126670453208e+01
1.311596630974593758e+01
1.314743682927636925e+01
1.327795044854947903e+01
1.318967498595323384e+01
1.337202243894491005e+01
1.348558757247318241e+01
1.338990252216301258e+01
1.358341734213248486e+01
1.368544606679842524e+01
1.370093043983575498e+01
1.375731877352203725e+01
1.387182850853793958e+01
1.377306721513468446e+01
1.572443850672742371e+01
1.591500514454946114e+01
1.584835435062716158e+01
1.576847162197359609e+01
1.574222542148359594e+01
1.596010605673181715e+01
1.588194608152390508e+01
1.585777042235326384e+01
1.596276197649793716e+01
1.556435212204393892e+01
1.573767299779904860e+01
1.569655747538413237e+01
1.547461869708637217e+01
1.559929184497664068e+01
1.565155658978975239e+01
1.537630837272266149e+01
1.554999587112504145e+01
1.549148124934625415e+01
1.384813142192297519e+01
1.402718143193446565e+01
1.420011348162082854e+01
1.436654531020366043e+01
1.452612624565135491e+01
1.467856578808251911e+01
1.482353181092357985e+01
1.496072710391972471e+01
1.508987174264701281e+01
1.521070620113283667e+01
1.532299125044548838e+01
1.258220085550638068e+01
1.269569788236358221e+01
1.277412704901473361e+01
1.279010109517204441e+01
1.288529876689915277e+01
1.359190298625306426e+01
1.307351846599033607e+01
1.326010543862257052e+01
1.347736949708755461e+01
1.356972411099986431e+01
1.367838827512006716e+01
1.357690031048992019e+01
1.366331403157722235e+01
1.566256827881161584e+01
1.581463498209184060e+01
1.569364600510414576e+01
1.549823970880429513e+01
1.565643650238059692e+01
1.546657047650215588e+01
1.559651051951592748e+01
1.563954671790093975e+01
1.564085084842950302e+01
1.569373424797846184e+01
1.582800529928224975e+01
1.570569780022092132e+01
1.577596883464235944e+01
1.560351630739043571e+01
1.552032018589814655e+01
1.542618993599061383e+01
1.372633552566401249e+01
1.383240677020330978e+01
1.374217631116844984e+01
1.389127204491709300e+01
1.391562973873403664e+01
1.400294079115429824e+01
1.404999246047961492e+01
1.416722575694387842e+01
1.408299819100927763e+01
1.420217365256545428e+01
1.432487901115881357e+01
1.424395583679010180e+01
1.434750287178780326e+01
1.447562165834212600e+01
1.439812449974305686e+01
1.448568044025378043e+01
1.461912814653897996e+01
1.454523408969317266e+01
1.461642066649353033e+01
1.468496480916536129e+01
1.475510220167105402e+01
1.473945302524658274e+01
1.488326384839128025e+01
1.481702872807517402e+01
1.485452369372604053e+01
1.500335099252447435e+01
1.494115446301888817e+01
1.496139687961888143e+01
1.511512068734243996e+01
1.505708938232085714e+01
1.505985548410777852e+01
1.521835014570912392e+01
1.516460033830680487e+01
1.268039372222744277e+01
1.293213973226129809e+01
1.285444056549450664e+01
1.296190773302187083e+01
1.303852769668873535e+01
1.317924013793103910e+01
1.327492885880151263e+01
1.316391542728785247e+01
1.337650575160978406e+01
1.337462892344511722e+01
1.347933466031363636e+01
1.347290428555363917e+01
1.355551463688972191e+01
1.365595515757734191e+01
1.356298770624119854e+01
1.541458855741680978e+01
1.556939826646865654e+01
1.553922664936390774e+01
1.548334825953329386e+01
1.544110150066457621e+01
1.536579250386328255e+01
1.555520987249395404e+01
1.550394517882726575e+01
1.539172231850621131e+01
1.552806019352936850e+01
1.556742840938710337e+01
1.530287908003719721e+01
1.547240451340800504e+01
1.543416479895859261e+01
1.523059095435642263e+01
1.535310954614619838e+01
1.539790526784728542e+01
1.514960548073304736e+01
1.526342337541464644e+01
1.531246586898587481e+01
1.364086938795785997e+01
1.380876828214731766e+01
1.397062818800059603e+01
1.412612152064724214e+01
1.427492969590700866e+01
1.441674629622362502e+01
1.455127822622659650e+01
1.467824699556569357e+01
1.479738993254037993e+01
1.490846170505354173e+01
1.501123548004674291e+01
1.510545511832858701e+01
1.259256140208198360e+01
1.268473112333819941e+01
1.258786842447099374e+01
1.238953088672742098e+01
1.248705075163874589e+01
1.277843706833380821e+01
1.285521337888684279e+01
1.277642727965817571e+01
1.297642491202224946e+01
1.306085088995649812e+01
1.295497304825188145e+01
1.307756282553984484e+01
1.327766921688128576e+01
1.337914938713352875e+01
1.347393445608705420e+01
1.337822569847230270e+01
1.346726777533633523e+01
1.517239556397999678e+01
1.483906582199185564e+01
1.540419700235793421e+01
1.533570104531531086e+01
1.514749614664204813e+01
1.532312350662478906e+01
1.530800322553723447e+01
1.513494099650510805e+01
1.530107895509979343e+01
1.527563857619276888e+01
1.533547783055332303e+01
1.538045868536783978e+01
1.526770151467271219e+01
1.519093991604733063e+01
1.354157684911556458e+01
1.363359999661505739e+01
1.354895109477641491e+01
1.369572696804488388e+01
1.371141933551106007e+01
1.379318180113338421e+01
1.384373539154690036e+01
1.394659042394411941e+01
1.386787955157628005e+01
1.398530511409886756e+01
1.409351545830322650e+01
1.401801742400718709e+01
1.412014807556731633e+01
1.423365609846308288e+01
1.416152735571878019e+01
1.424798716220123396e+01
1.436672361277892840e+01
1.429811440760861885e+01
1.436855763561764476e+01
1.449244249786787364e+01
1.442749630027774543e+01
1.448160837344558338e+01
1.461055158321669545e+01
1.454940458568259132e+01
1.458690304410957950e+01
1.472080541118735653e+01
1.466358576097987765e+01
1.468422125473786366e+01
1.482297550541193587e+01
1.476980261646394155e+01
1.477335946333560024e+01
1.491685121016532101e+01
1.486783536919412185e+01
1.485413168136622986e+01
1.500219229807340326e+01
1.495748237612096432e+01
1.249243739622037452e+01
1.268662015760036432e+01
1.287738408438121951e+01
1.222830208270867303e+01
1.230983697066960403e+01
1.301116086992657017e+01
1.309463777144695129e+01
1.299426861186618254e+01
1.319757539029800952e+01
1.328650227288643215e+01
1.318883924473709257e+01
1.328830137375054221e+01
1.338158932911321131e+01
1.346816310086666491e+01
1.338079706608354691e+01
1.500498516485515665e+01
1.450039052470678769e+01
1.466971992090768850e+01
1.511469980206454977e+01
1.526523303730443004e+01
1.525402357531903164e+01
1.516070468453238007e+01
1.514256912118433895e+01
1.512610780071327632e+01
1.504465153059674520e+01
1.520580888041161316e+01
1.517437375774793651e+01
1.509045809755048673e+01
1.524199826396171886e+01
1.522879393808761250e+01
1.498992192298637605e+01
1.514688931934130167e+01
1.511082160148316689e+01
1.492636965233043433e+01
1.507888526870595669e+01
1.503851250319632449e+01
1.346165857054601211e+01
1.361873485349315516e+01
1.376983285958496239e+01
1.391465171728249217e+01
1.405289866113517405e+01
1.418429070446941864e+01
1.430855658717993784e+01
1.442543803707340544e+01
1.453469094076087842e+01
1.463608649599763822e+01
1.472941227917573315e+01
1.481447303870565690e+01
1.489109093735835110e+01
1.245178612377015526e+01
1.242172434073116172e+01
1.252397549594505932e+01
1.262645595842611357e+01
1.270237231797113253e+01
1.260971726870342380e+01
1.282120707117447367e+01
1.289831705840034637e+01
1.280023022830726731e+01
1.234237614834599839e+01
1.310432496591141138e+01
1.291612668208457393e+01
1.321607389376368502e+01
1.329719577449713519e+01
1.320727982409077583e+01
1.329891128108044462e+01
1.485149639533451627e+01
1.501136187748742401e+01
1.484546267867930425e+01
1.455237327149736792e+01
1.469495287437860576e+01
1.452840680459585343e+01
1.510406165875955864e+01
1.499976965183943634e+01
1.484389582205144364e+01
1.499025311664182425e+01
1.499626672043619990e+01
1.484109311612974835e+01
1.498875603135982182e+01
1.497874994515777658e+01
1.506877671141136688e+01
1.501837680062818592e+01
1.495910650728961855e+01
1.338467799222492971e+01
1.346283781459582585e+01
1.338359278300391608e+01
1.352835274551313560e+01
1.361177907492992389e+01
1.353540358446405101e+01
1.366592803994021565e+01
1.375460549202098548e+01
1.368125092305920276e+01
1.379713326373062188e+01
1.389103299961317362e+01
1.382084737767601013e+01
1.392170551043814797e+01
1.402078584412272377e+01
1.395391301413613405e+01
1.403939122055227173e+01
1.414359835951249167e+01
1.408017701730164362e+01
1.414994769071030944e+01
1.419937944832709675e+01
1.425921653767716535e+01
1.425314433106456669e+01
1.431127260064972262e+01
1.436739923008588349e+01
1.434876376130788955e+01
1.446791926829534702e+01
1.441562216607573355e+01
1.443660280080576541e+01
1.451220831043313986e+01
1.456056453822857222e+01
1.451647331122082818e+01
1.460082666981848831e+01
1.464513887705534678e+01
1.458820283550945085e+01
1.472146275147312267e+01
1.468128912694817778e+01
1.465163492845761084e+01
1.478937345129804193e+01
1.475342434309008866e+01
1.210049237367430486e+01
1.216466951007254593e+01
1.254112344408315316e+01
1.272402725690490044e+01
1.229822051514303283e+01
1.237715743948663771e+01
1.226386940704420425e+01
1.304534196738616458e+01
1.312102549528524875e+01
1.302873820759914381e+01
1.286970024365946230e+01
1.293997829213884465e+01
1.284596495873130273e+01
1.313080326691111388e+01
1.323518025390882791e+01
1.322611143436359527e+01
1.330807242530877943e+01
1.416757739162803276e+01
1.433568533553410695e+01
1.470145594869451955e+01
1.425466714067055207e+01
1.440442669455151403e+01
1.438041301563582053e+01
1.481981552152392823e+01
1.496798009123880746e+01
1.495586380073835997e+01
1.484848057489491069e+01
1.484393645998610367e+01
1.483185167662459314e+01
1.479082690131068034e+01
1.494125500915031246e+01
1.491840405325102736e+01
1.475306134706547567e+01
1.487211198055834416e+01
1.489938688080516371e+01
1.470662930318427541e+01
1.481707794938184897e+01
1.484872515746593002e+01
1.345671682458706364e+01
1.331013569946587616e+01
1.359734803742103892e+01
1.373175558156730602e+01
1.385967247659924162e+01
1.398084022718587249e+01
1.409501040475917222e+01
1.420194605621300710e+01
1.430142287056474615e+01
1.439323020830689615e+01
1.447717202480362531e+01
1.455306762337126258e+01
1.462075218298977219e+01
1.468007697691557922e+01
1.220085829947321088e+01
1.248161686315533103e+01
1.255406067141333537e+01
1.246656929286211479e+01
1.268946758058362789e+01
1.275491973425152636e+01
1.265849598495513284e+01
1.239258062272654826e+01
1.295764229426766612e+01
1.277975041094334152e+01
1.308013958582345282e+01
1.306325507076922676e+01
1.314777785969143764e+01
1.315788302781069774e+01
1.421613624993943681e+01
1.455496634988121407e+01
1.455384419367149285e+01
1.470257875513688184e+01
1.426986473192163274e+01
1.426488800305227045e+01
1.441039541000870194e+01
1.480665374917672494e+01
1.469968071260689690e+01
1.455809949715620988e+01
1.470174754391993766e+01
1.470058700334025836e+01
1.455423752629999612e+01
1.469833705630064458e+01
1.468782462244345943e+01
1.477313276856877167e+01
1.473090940711444219e+01
1.338882509079534344e+01
1.345838799318704915e+01
1.338723849414914469e+01
1.325531695869179316e+01
1.331977729989663928e+01
1.324575888168883431e+01
1.351624480392397842e+01
1.359091053559628293e+01
1.352276729076782580e+01
1.363733205388825809e+01
1.371708736452280419e+01
1.365208507231145951e+01
1.375184935092140392e+01
1.383666804624270164e+01
1.377493781994730782e+01
1.385956733618856340e+01
1.394941086968667321e+01
1.389107941264653157e+01
1.396026618987771428e+01
1.400027315092303049e+01
1.405508431272301806e+01
1.405373686426721136e+01
1.415346829717095467e+01
1.410229313089567071e+01
1.413978214178702686e+01
1.424435525841132488e+01
1.419692540514486012e+01
1.421821754421662298e+01
1.428396898392888126e+01
1.432755109125496418e+01
1.428887209809087011e+01
1.440287596060242059e+01
1.436323671190537965e+01
1.435158893120060952e+01
1.447016492919254560e+01
1.443455598950044205e+01
1.440622566225610512e+01
1.452926833507991944e+01
1.449776929343968845e+01
1.445265458169034289e+01
1.458005194104155144e+01
1.455273444056344090e+01
1.200571005757271692e+01
1.205342878160858433e+01
1.218536855184515844e+01
1.214393247536932563e+01
1.224329783601872634e+01
1.258620479287184502e+01
1.232892387270036139e+01
1.231368342087365164e+01
1.240445403775458999e+01
1.291983718759286148e+01
1.289531754379637363e+01
1.298225052058738171e+01
1.275455306090653451e+01
1.281178645844252273e+01
1.272259610870116298e+01
1.300023953079774230e+01
1.311596923786374091e+01
1.309859279972539881e+01
1.317534129714400670e+01
1.384446210318937531e+01
1.400789236108447255e+01
1.394967377236622141e+01
1.406240004443877467e+01
1.410390033622646122e+01
1.441185315226725194e+01
1.403921690434524372e+01
1.415457944869558737e+01
1.414943091636819616e+01
1.454163922445878043e+01
1.468136627786097392e+01
1.466695308879213400e+01
1.455742343021579899e+01
1.455778994056744580e+01
1.454936199056084511e+01
1.452045217978611547e+01
1.465620073180231486e+01
1.463742866753278804e+01
1.449076269289826158e+01
1.462239670143929970e+01
1.459932468640637637e+01
1.345284830227887163e+01
1.332239055419251805e+01
1.318597998195247456e+01
1.357710668600479131e+01
1.369492477523865048e+01
1.380606894754497560e+01
1.391031438245639862e+01
1.400744639072665976e+01
1.409726156431995037e+01
1.417956875709236542e+01
1.425418992137567997e+01
1.432096079587011239e+01
1.437973141397688437e+01
1.443036640104286761e+01
1.447274508825365302e+01
1.209666456221204633e+01
1.225864036971144166e+01
1.258463861201770584e+01
1.263661343172207907e+01
1.253397435737378807e+01
1.240962218696612851e+01
1.244500222888356333e+01
1.237012272541229052e+01
1.283748002837496216e+01
1.266996018153366244e+01
1.297103368629680986e+01
1.302534600658768227e+01
1.294600660993741315e+01
1.304386685101618859e+01
1.390308925766500536e+01
1.399931108813111891e+01
1.428073837362696707e+01
1.427527516768724425e+01
1.441695155551542484e+01
1.401352641399605403e+01
1.402682403807331823e+01
1.414096670871274775e+01
1.453232526997006957e+01
1.441946100737592928e+01
1.429394214113338535e+01
1.442678361034691825e+01
1.442492290377725439e+01
1.429731959993050872e+01
1.442644182781956630e+01
1.442024925793137768e+01
1.450676156765231894e+01
1.339439984956408836e+01
1.345519949984729458e+01
1.339212347743454856e+01
1.327686145371331605e+01
1.333270477675450927e+01
1.326662166151512778e+01
1.315321582468063610e+01
1.320411795815507183e+01
1.313515123835693643e+01
1.350561331951744037e+01
1.357137110298482696e+01
1.351142350195639352e+01
1.361028988074912149e+01
1.368099466277648446e+01
1.362429377163169875e+01
1.370822471039607748e+01
1.378385288597988279e+01
1.373051315684217322e+01
1.379922146228367197e+01
1.387973747506513078e+01
1.382986881140139346e+01
1.388309343194701562e+01
1.396845033267999980e+01
1.392215746067553184e+01
1.395966456367666808e+01
1.404980459573636153e+01
1.400718652342466264e+01
1.402877030288418680e+01
1.408477506795849976e+01
1.412362551512846487e+01
1.409025829917785799e+01
1.415475461833714732e+01
1.418975119144605834e+01
1.414398895458727345e+01
1.424803315243949164e+01
1.421696981198613585e+01
1.418983580264408317e+01
1.429833674442292946e+01
1.427127889032343511e+01
1.422768571401775617e+01
1.434054132611895760e+01
1.431755400043116921e+01
1.425743896041834446e+01
1.437454030873443855e+01
1.435568131936956604e+01
1.194768523224924550e+01
1.197677422413703496e+01
1.209947856277348066e+01
1.214166777892926063e+01
1.205295767770428128e+01
1.225980519663297130e+01
1.229434271367227183e+01
1.222296941248968594e+01
1.249744403950995597e+01
1.233506773621082431e+01
1.282076407293900644e+01
1.278826724896716449e+01
1.287005821493169933e+01
1.266541769178434507e+01
1.262568221540452562e+01
1.270974833952292826e+01
1.289630391057514736e+01
1.302368485919377505e+01
1.306967449507293111e+01
1.299794893544024177e+01
1.353558462911093230e+01
1.369204606639315536e+01
1.366194805449057981e+01
1.380765879615444192e+01
1.375695576170587131e+01
1.377851187653714859e+01
1.386801679815927990e+01
1.391080050159069259e+01
1.414652609316184062e+01
1.389872000942342822e+01
1.429232346610533710e+01
1.441756595155071707e+01
1.440710767582269014e+01
1.428813073301353143e+01
1.429712222868392502e+01
1.429617833900557500e+01
1.427900922990709986e+01
1.440024133177818655e+01
1.438556106821065939e+01
1.345041762263417162e+01
1.333604900000535487e+01
1.321547527178221237e+01
1.308891624127943842e+01
1.355836621953838161e+01
1.365968625481372811e+01
1.375417697445909937e+01
1.384164665446732556e+01
1.392191369200982365e+01
1.399480753723205950e+01
1.406016947180068222e+01
1.411785323768139300e+01
1.416772550785684004e+01
1.420966618624329847e+01
1.424356854109412573e+01
1.426933921439095521e+01
1.202450841974904705e+01
1.218038570899156170e+01
1.250568747205304732e+01
1.254492286747857399e+01
1.245839485277479142e+01
1.234265186596502062e+01
1.237627718908996854e+01
1.230188825622161097e+01
1.274354608989310655e+01
1.258608463553861689e+01
1.288849334968093885e+01
1.285525395891595224e+01
1.292961263706319031e+01
1.295659519347618627e+01
1.360465778297558259e+01
1.372568760237494701e+01
1.404063409584109223e+01
1.402714699968783663e+01
1.415988480956006157e+01
1.379138783942511637e+01
1.378662956817364105e+01
1.390163907662061504e+01
1.428689817634762527e+01
1.416737974187180527e+01
1.405805266164329836e+01
1.417667178189018706e+01
1.417849993965949551e+01
1.406886580888850347e+01
1.418369156903414918e+01
1.418135859311291824e+01
1.340172879785007787e+01
1.339859551692822848e+01
1.345361571429977410e+01
1.330014896218215270e+01
1.328905600148464572e+01
1.334720703619787230e+01
1.319222277504624685e+01
1.323446825278788452e+01
1.317329451112044580e+01
1.307814207129234596e+01
1.311560422008584048e+01
1.305151783141147703e+01
1.349677562639175932e+01
1.350171094549425632e+01
1.355349483792012855e+01
1.358510925398220159e+01
1.359820624006914080e+01
1.364665174560120953e+01
1.366655714326968862e+01
1.373290182662617553e+01
1.368789274129114375e+01
1.374095549537817718e+01
1.381206964988471064e+01
1.377059037880873049e+01
1.380815018972148778e+01
1.388398994019193822e+01
1.384612872487627300e+01
1.386799757809265898e+01
1.391434789604567612e+01
1.394850840296662575e+01
1.392036513117934504e+01
1.397509930329882266e+01
1.400548239993507771e+01
1.396513193734848457e+01
1.405478147510769205e+01
1.402824625370840828e+01
1.400218904831629985e+01
1.409628772059368451e+01
1.407366439883518083e+01
1.403143967069372877e+01
1.412989597674319420e+01
1.411124202191671984e+01
1.405279921437718826e+01
1.414088016564063466e+01
1.415551388424258761e+01
1.406619522390500521e+01
1.416249262595342984e+01
1.417306184908343880e+01
1.192496490942663812e+01
1.193597983141996721e+01
1.209078029637129958e+01
1.209434589909943014e+01
1.201997364816368830e+01
1.220879256858625794e+01
1.215570040193531298e+01
1.223535640463540197e+01
1.242487995918559029e+01
1.227763834508238006e+01
1.274787856846247536e+01
1.270731406670658536e+01
1.278417842298419416e+01
1.260209597757884836e+01
1.255459843607681947e+01
1.263363387028209672e+01
1.281874378916734258e+01
1.295810258556509353e+01
1.299082380842938456e+01
1.292393614352757858e+01
1.324496714945550124e+01
1.339239939658081546e+01
1.338886984898877941e+01
1.352710808115746133e+01
1.346581776168638100e+01
1.348899688615317238e+01
1.357785083107157220e+01
1.363464440474167283e+01
1.391537006669035037e+01
1.354613657409774774e+01
1.366342901218697037e+01
1.366901705996642846e+01
1.407156716606669988e+01
1.417600585262954027e+01
1.418247290243570014e+01
1.405012367066817980e+01
1.406487951442769813e+01
1.407151311553820605e+01
1.344974657953697061e+01
1.335144176127158389e+01
1.324670807839068409e+01
1.313573479916249553e+01
1.301871570265555178e+01
1.354143903844437702e+01
1.362634266288371165e+01
1.370428914261188069e+01
1.377511934871254518e+01
1.383868420418946243e+01
1.389484540633568876e+01
1.394347600164832457e+01
1.398446081171964295e+01
1.401769670576506144e+01
1.404309272100500650e+01
1.406057004485901984e+01
1.407006187793603047e+01
1.200880889457010525e+01
1.215194063251207268e+01
1.245120291894465225e+01
1.247834708509511081e+01
1.239765655906748520e+01
1.227366212509736343e+01
1.230850948892188690e+01
1.224134334744434938e+01
1.267560915606999927e+01
1.252735250503320330e+01
1.283230256379075485e+01
1.286033876627342742e+01
1.279076693350758553e+01
1.289584781683686643e+01
1.332289379947481223e+01
1.344312487645197862e+01
1.351995796473599931e+01
1.382536360286454169e+01
1.380851291368701084e+01
1.393226945399394268e+01
1.359657180892088491e+01
1.357237045129973652e+01
1.369325741918055961e+01
1.394187146093229046e+01
1.385022813984856427e+01
1.395474382616042419e+01
1.396035114273957234e+01
1.386859280877721723e+01
1.397083629667859839e+01
1.396926460478441001e+01
1.341109509393682231e+01
1.340695937586457553e+01
1.345393684381883581e+01
1.332547168458356701e+01
1.331337552453372197e+01
1.336359339049048245e+01
1.323329094236114933e+01
1.321334466008138619e+01
1.326671013915637509e+01
1.313471456627363487e+01
1.310704348280034282e+01
1.316346135300194753e+01
1.302990907779954988e+01
1.305402627932431159e+01
1.299465304302667690e+01
1.349000546770072440e+01
1.349392508626198683e+01
1.353757244406311067e+01
1.356205417654916090e+01
1.361433948340557798e+01
1.357410827730093317e+01
1.362710065385910774e+01
1.368408564220363388e+01
1.364735241239411145e+01
1.368501325565145876e+01
1.374666789090780483e+01
1.371350976846409431e+01
1.373566998994746946e+01
1.380195325516462646e+01
1.377244227123857101e+01
1.377895910493706211e+01
1.384981943372484992e+01
1.382402218717213316e+01
1.381477953560510841e+01
1.389015527312057330e+01
1.386813267075354794e+01
1.384304120558665119e+01
1.392286109312360942e+01
1.390466816573076514e+01
1.386366518429979600e+01
1.394784886264098134e+01
1.393353465768941390e+01
1.387658370324124135e+01
1.396504223176492232e+01
1.395464977877484003e+01
1.388174003849979954e+01
1.396794277274447893e+01
1.397437643736084389e+01
1.387908825707208216e+01
1.397579807581189471e+01
1.397335433312929887e+01
1.193859070390193722e+01
1.193055079617037606e+01
1.202991137503441621e+01
1.197781832956152392e+01
1.206013591928556927e+01
1.218470163022665531e+01
1.236358428959978895e+01
1.270094047409333982e+01
1.272436786856624202e+01
1.265223613081104226e+01
1.256421291278950569e+01
1.258313704221906448e+01
1.250847162168930460e+01
1.276732959237648757e+01
1.291904457462738876e+01
1.287635741731960692e+01
1.293858791651910067e+01
1.297682517339559283e+01
1.311304853353739119e+01
1.314376968218224917e+01
1.319884631348788240e+01
1.326830221836251589e+01
1.328174010088902079e+01
1.338633807852065161e+01
1.333771663456246870e+01
1.331594567125130979e+01
1.340280254136835936e+01
1.343170916624828592e+01
1.371048296241193754e+01
1.337187996945627688e+01
1.348440844671411476e+01
1.345952445586243940e+01
1.383857468177549599e+01
1.386075871360687728e+01
1.387507357167083555e+01
1.345111350058387245e+01
1.336885637612956224e+01
1.327997475158845475e+01
1.318462735033045696e+01
1.308297827812599223e+01
1.297519582709554697e+01
1.352659390276345874e+01
1.359515289626450851e+01
1.365665425969725888e+01
1.371097103351802104e+01
1.375798618218860803e+01
1.379759311322926862e+01
1.382969605397390112e+01
1.385421028365140472e+01
1.387106222169273551e+01
1.388018937687521159e+01
1.388154016276744329e+01
1.198496799136344393e+01
1.214951773656301803e+01
1.211917334560867943e+01
1.209115519508095815e+01
1.221158420533549460e+01
1.242236805106331232e+01
1.243671672806905093e+01
1.234902405642365864e+01
1.263335410394497593e+01
1.249416918478463501e+01
1.280229323438173239e+01
1.281733161424640066e+01
1.275234176103332828e+01
1.286145107299534374e+01
1.306707769906683048e+01
1.321787975656190639e+01
1.329982399049599451e+01
1.334500423344926645e+01
1.363774424618777559e+01
1.373090329937706500e+01
1.361736497016947389e+01
1.342900274608710198e+01
1.351214070581089643e+01
1.340130118882328603e+01
1.374421274891622780e+01
1.367020033700529069e+01
1.377018764303203824e+01
1.376074789067214610e+01
1.369624039224366108e+01
1.378841002294131357e+01
1.378288823806137486e+01
1.342273795301635175e+01
1.341747617623401112e+01
1.345641933346181496e+01
1.335307813302334701e+01
1.338212962876623280e+01
1.333985051492735963e+01
1.327667783633008902e+01
1.330111840393409040e+01
1.325558078711945775e+01
1.319366859443888096e+01
1.316481354948876614e+01
1.321352934432069937e+01
1.310418764277179982e+01
1.306770060924390009e+01
1.311951197374442479e+01
1.300837681304657067e+01
1.301922052040727174e+01
1.296439784674646489e+01
1.348553246054705212e+01
1.348831754474489131e+01
1.352385070180641868e+01
1.354134442144462902e+01
1.355224171603557437e+01
1.358429473727725068e+01
1.359006498056221446e+01
1.363763108304566174e+01
1.360912398982724625e+01
1.363159432330192544e+01
1.368374872010388188e+01
1.365884863172188091e+01
1.366584219906824060e+01
1.372254652415868392e+01
1.370130949964144840e+01
1.369272831304496485e+01
1.375393368610387590e+01
1.373641053463935258e+01
1.371218257769168858e+01
1.377782999015245480e+01
1.376406611069070962e+01
1.372414522611898846e+01
1.379416595021914560e+01
1.378420124297781868e+01
1.372856678791094609e+01
1.379675165543330806e+01
1.380288280694795056e+01
1.372540793055719455e+01
1.380166371043461915e+01
1.380393239069007549e+01
1.371463916401500605e+01
1.379727685150112393e+01
1.379889420432438030e+01
1.198607096809120343e+01
1.196005758826158427e+01
1.211385294326091255e+01
1.207038440134242308e+01
1.202846665695067330e+01
1.213161888156215973e+01
1.227543219064882862e+01
1.227437732122518277e+01
1.221372748840869171e+01
1.234984719166684641e+01
1.267982795262698659e+01
1.269044273940675716e+01
1.262279076755478258e+01
1.255181970207205389e+01
1.255810675029398382e+01
1.248791880555446809e+01
1.274191646921359400e+01
1.290638130354643565e+01
1.291281267841590719e+01
1.285506384838941685e+01
1.273493038242537168e+01
1.285777168947342908e+01
1.290946247402963465e+01
1.302828572147012309e+01
1.294671028479347541e+01
1.307879816309685950e+01
1.311538574645729582e+01
1.318195417973970329e+01
1.320034361346759155e+01
1.315547123026595955e+01
1.326477624884000051e+01
1.323604329114809985e+01
1.353302821910443576e+01
1.322411024061746687e+01
1.332684457062582695e+01
1.329848451460871317e+01
1.365474524509848919e+01
1.368449247996271723e+01
1.370660543349844929e+01
1.345475270124991951e+01
1.338853659324977841e+01
1.331552816444391851e+01
1.323585560948945883e+01
1.314965329812940453e+01
1.305706072972728826e+01
1.295822136399706892e+01
1.351405541413056177e+01
1.356633162130457926e+01
1.361147689640814384e+01
1.364939609228544271e+01
1.368000380026324336e+01
1.370322467350194273e+01
1.371899361143317364e+01
1.372725580626520170e+01
1.372796665356458945e+01
1.372109152964415024e+01
1.204979823191128752e+01
1.219566536469677231e+01
1.241844859366296561e+01
1.234782492647045871e+01
1.242051324933864720e+01
1.261676516525868053e+01
1.248617962279712756e+01
1.279834827808204167e+01
1.280044815255881829e+01
1.273985860753816546e+01
1.285328133587744759e+01
1.282748742414463727e+01
1.299957809738573644e+01
1.312003886302119682e+01
1.319136507636065758e+01
1.347753115828068537e+01
1.355706768948745022e+01
1.345354142135836639e+01
1.328843847963812053e+01
1.325717261946744330e+01
1.335816353726572103e+01
1.357415309137720172e+01
1.351773135413153781e+01
1.359442909763499685e+01
1.360776061357578115e+01
1.355158434955542823e+01
1.363384377550740467e+01
1.362432006726429634e+01
1.343685213448926952e+01
1.346127534467117570e+01
1.343036285519408324e+01
1.338317256048443049e+01
1.340303745187296514e+01
1.336870730155665044e+01
1.332259693624797237e+01
1.333792399790053551e+01
1.330023832985579446e+01
1.325522660867801683e+01
1.326604812006279488e+01
1.322507232696544932e+01
1.318116943154358367e+01
1.318752954691598234e+01
1.314333177150663445e+01
1.310053884048386585e+01
1.305514421758734578e+01
1.310249364017365359e+01
1.301345280396802195e+01
1.301107031657895163e+01
1.296064115478662160e+01
1.348354164322790183e+01
1.351253199334495214e+01
1.348509560273357266e+01
1.352315511288851368e+01
1.355670991492814537e+01
1.353280396225741988e+01
1.355561520103145412e+01
1.359372045346383295e+01
1.357339484176156574e+01
1.358085365631590236e+01
1.362348427223633962e+01
1.360678419989697829e+01
1.359881164912310680e+01
1.364593171608819233e+01
1.363289747301655197e+01
1.360943996932710931e+01
1.366100303713185937e+01
1.365166987081065031e+01
1.361269908922417216e+01
1.366864848371106334e+01
1.366304653395986435e+01
1.360855909360552118e+01
1.366882825428117165e+01
1.366698255676396556e+01
1.359699947919264851e+01
1.366151231883244499e+01
1.366344287566964866e+01
1.357800882639715212e+01
1.365240202702223193e+01
1.364668010849358026e+01
1.217311049802426837e+01
1.214178483837388889e+01
1.208108294313528397e+01
1.206993363765083060e+01
1.202614595472263304e+01
1.228248997586147340e+01
1.227894810651444502e+01
1.219936045198396890e+01
1.235159977458063096e+01
1.268442536707739166e+01
1.268228730491816769e+01
1.261894134651767629e+01
1.256475857441739130e+01
1.255848891747407237e+01
1.249246929507460102e+01
1.274238854495428086e+01
1.292003267237137720e+01
1.291339285274891147e+01
1.285995673139407458e+01
1.252026169289144697e+01
1.262946218708650292e+01
1.270110797628359656e+01
1.280674947943491482e+01
1.272081223116863491e+01
1.284225235288040423e+01
1.287824765426907092e+01
1.296126965351947291e+01
1.294070976512533910e+01
1.301111453678250740e+01
1.304909264911632505e+01
1.302536991626399754e+01
1.309100699654891997e+01
1.312566164592177387e+01
1.338278305999870810e+01
1.310301716071193923e+01
1.316403512072639437e+01
1.319608265108677614e+01
1.349839426286886024e+01
1.353584932672721663e+01
1.356589114644231309e+01
1.341068183375895195e+01
1.346085400288193057e+01
1.335357708773444330e+01
1.328963743981112344e+01
1.321896746065339912e+01
1.314167774227676233e+01
1.305788391068475640e+01
1.296770552379142671e+01
1.350400358132265310e+01
1.354004886776260008e+01
1.356891699914316796e+01
1.359054434628384911e+01
1.360487677982346000e+01
1.361186980179796890e+01
1.361148854377397477e+01
1.360370763327233412e+01
1.358851093163884016e+01
1.212195634982177950e+01
1.222791347681917351e+01
1.244321424424184563e+01
1.243105608887830371e+01
1.236381861912696500e+01
1.262569011601010871e+01
1.250517642688626196e+01
1.282040195766234092e+01
1.280959656510464839e+01
1.275322626028420103e+01
1.287126488049785600e+01
1.261557105985122362e+01
1.277551896456822966e+01
1.289395880414957674e+01
1.233579192604007879e+01
1.242990653959774328e+01
1.298476191817773895e+01
1.306561634378109105e+01
1.334450516277740562e+01
1.331681063707515555e+01
1.341052966107471356e+01
1.317468525591045925e+01
1.313972954758657075e+01
1.323109364051381931e+01
1.343146381028434178e+01
1.339261960008389352e+01
1.345556787334971460e+01
1.347285732716605011e+01
1.343443893907224762e+01
1.349335547331316221e+01
1.350693920430851236e+01
1.341591451489052034e+01
1.342649399293998691e+01
1.340012774761656544e+01
1.345358755859008681e+01
1.346867233924882967e+01
1.344579171767501613e+01
1.337121719732167513e+01
1.337731349998419184e+01
1.334750846719193440e+01
1.331956671270170744e+01
1.332121344322521317e+01
1.328802005614924298e+01
1.326104142370776984e+01
1.325828368921807865e+01
1.322175556133791119e+01
1.319572619525037993e+01
1.314881405798607261e+01
1.318862059909820417e+01
1.312371153262032486e+01
1.306929969345755893e+01
1.311232613340238728e+01
1.304509263676581199e+01
1.302950684664202541e+01
1.298332063904582867e+01
1.348417311657962969e+01
1.350377391429596230e+01
1.348442179687336662e+01
1.350761639379436829e+01
1.353173260954828905e+01
1.351594761905317021e+01
1.352387141327777620e+01
1.355249126233013968e+01
1.354030752771256729e+01
1.353290128288543670e+01
1.355744893938181939e+01
1.356600195519209784e+01
1.353467833491763628e+01
1.356732857916111357e+01
1.357222618549746684e+01
1.352918413467143921e+01
1.356991258415501989e+01
1.357113490172685033e+01
1.351640935899851037e+01
1.356517647481853750e+01
1.356270840806564948e+01
1.349635354763213080e+01
1.354693614075086927e+01
1.355310499658397205e+01
1.346902473101191156e+01
1.352381631861851652e+01
1.353369183444007717e+01
1.222247692651191642e+01
1.214724617709291721e+01
1.219690640954257077e+01
1.232703428065369522e+01
1.225131318586898743e+01
1.230470661498377893e+01
1.218784518358204316e+01
1.212668516172941580e+01
1.238623255672447243e+01
1.271477798315152086e+01
1.264063291697488012e+01
1.269986344626322250e+01
1.260360986293199659e+01
1.252430399621542279e+01
1.258449822230580040e+01
1.276873331697358438e+01
1.295996841829445856e+01
1.294027280786617595e+01
1.289098799709946164e+01
1.252334501718635629e+01
1.252476068079832139e+01
1.261358079646709740e+01
1.267955839346808311e+01
1.276126229379551447e+01
1.269142615221329251e+01
1.274576350921645229e+01
1.279459728995020740e+01
1.284387258523054776e+01
1.243484719303607378e+01
1.283140365139420602e+01
1.288667862579173118e+01
1.292938367452537740e+01
1.292321968711802782e+01
1.297475417528088570e+01
1.301401226358216867e+01
1.325953338098361201e+01
1.300837529554837246e+01
1.305607804361787316e+01
1.309193968829240617e+01
1.336931165056299520e+01
1.341463639249493056e+01
1.345275196618957025e+01
1.339428571300910775e+01
1.343544677528122833e+01
1.346956236243352123e+01
1.334614630910609989e+01
1.329110324978126734e+01
1.322923807745606695e+01
1.316063838160273036e+01
1.308539688979858795e+01
1.300361053190882821e+01
1.349657347380766481e+01
1.351642970437389479e+01
1.352908957784610067e+01
1.353452075090461015e+01
1.353270008799579394e+01
1.352361360593476292e+01
1.350725628994346827e+01
1.348363178498546233e+01
1.220525230991025545e+01
1.227519679405727615e+01
1.248981478559912972e+01
1.246706747512121893e+01
1.240944641958904171e+01
1.266043879328995203e+01
1.254816658840233146e+01
1.286844042294376322e+01
1.284473686863579900e+01
1.279246024066092957e+01
1.291537933210613431e+01
1.260445029496949232e+01
1.271346920794816526e+01
1.278980943982020335e+01
1.218490789483086267e+01
1.226185359661398699e+01
1.237509012184026602e+01
1.245100462365127925e+01
1.235933484504915469e+01
1.287882754687003839e+01
1.296709836284947137e+01
1.323849264122709180e+01
1.320698828881385367e+01
1.329109178029839455e+01
1.308759645346509970e+01
1.304883115254819970e+01
1.313076210018248524e+01
1.331595680817052951e+01
1.329470658577032616e+01
1.334398460039579248e+01
1.336530565139735671e+01
1.334465960253173300e+01
1.338982956759521414e+01
1.340753777669556968e+01
1.342266267647880795e+01
1.339753768105591369e+01
1.341942870239998342e+01
1.345141851250619602e+01
1.343424886134702589e+01
1.345263146026891832e+01
1.347304900504507685e+01
1.346389009126744440e+01
1.347873274777376551e+01
1.338682228009872688e+01
1.337917646670009830e+01
1.335381245194415101e+01
1.334394604006936547e+01
1.333193465264435673e+01
1.330313665690723468e+01
1.329409004038835462e+01
1.327777046166190544e+01
1.324558070023261891e+01
1.323731703849163566e+01
1.318122113009072116e+01
1.321675767308323657e+01
1.317369569180677757e+01
1.311013978041725103e+01
1.314897582354588934e+01
1.310329968315276972e+01
1.303242284652556293e+01
1.307450930292664282e+01
1.348752177396011120e+01
1.349768897343451002e+01
1.348641360427500047e+01
1.349481317243168021e+01
1.350946531358492209e+01
1.350178019386449435e+01
1.349490849840810824e+01
1.350995952051033022e+01
1.351403595124881463e+01
1.348780207229897776e+01
1.351138418502361205e+01
1.351093028351701086e+01
1.347349718817245723e+01
1.350468026664183085e+01
1.350150240918175903e+01
1.345200593576705117e+01
1.349120625381321048e+01
1.348439196393044526e+01
1.342334889777063545e+01
1.347051381749390409e+01
1.346006285971083827e+01
1.338755472602800012e+01
1.342853338001151187e+01
1.344261698350153544e+01
1.236127844202579595e+01
1.229197742295538731e+01
1.227713426053015056e+01
1.234511837581851523e+01
1.234009671579082124e+01
1.226296512422544183e+01
1.242722853535662608e+01
1.277070282744542240e+01
1.268805813290637374e+01
1.274310554455615474e+01
1.266738819696183782e+01
1.257956780729404755e+01
1.263595989522757712e+01
1.282085176367478674e+01
1.302620666162893137e+01
1.299344640754265079e+01
1.294815986850085920e+01
1.256593399168813896e+01
1.254692951458745043e+01
1.262360106513323998e+01
1.265771110379267483e+01
1.264685399962124457e+01
1.274003902426043844e+01
1.269600899648416892e+01
1.228562347631911322e+01
1.247489963995360185e+01
1.274856748689263242e+01
1.283678887894070542e+01
1.279038140055330253e+01
1.284713319084507077e+01
1.292860701916015032e+01
1.288552066397848250e+01
1.316312007293615238e+01
1.294004359883523669e+01
1.297449702545824124e+01
1.301428051850566625e+01
1.326733132038889096e+01
1.332070237043913252e+01
1.336704979500960810e+01
1.340551090094083975e+01
1.343777329462065495e+01
1.346294103357506344e+01
1.348097758487114817e+01
1.336619853369371214e+01
1.331988850316925088e+01
1.326664011904658480e+01
1.320651895570006928e+01
1.313959603618133798e+01
1.306594698462499515e+01
1.349185496135484641e+01
1.349555399357583596e+01
1.349206447354172234e+01
1.348138516952601762e+01
1.346352371280401528e+01
1.343849635784319219e+01
1.340632761973339981e+01
1.239471276874036576e+01
1.229152874790213446e+01
1.237896794972175485e+01
1.236838027957105268e+01
1.255192324018051764e+01
1.252220800125437172e+01
1.245804842183357586e+01
1.272047405539651876e+01
1.261222766388345029e+01
1.294249465646641362e+01
1.290587873297273092e+01
1.285748686963106913e+01
1.298565076400380036e+01
1.260748572917854204e+01
1.269893433670551630e+01
1.225274209761444766e+01
1.231514788678884287e+01
1.222140943764514631e+01
1.206698590055140130e+01
1.212716130207391885e+01
1.243994914967865384e+01
1.241132840267019688e+01
1.250410645432177859e+01
1.279912503019469483e+01
1.289474686714062024e+01
1.315936327551221297e+01
1.319860199973606107e+01
1.312393569099147328e+01
1.302707056073988134e+01
1.298436467513311676e+01
1.305704395396362472e+01
1.322748746783596729e+01
1.322387656576425741e+01
1.328497545493446097e+01
1.325954242698050578e+01
1.328214400435673070e+01
1.331361916675201051e+01
1.333552226746470737e+01
1.345708170014270522e+01
1.344004341556485826e+01
1.342256038525511386e+01
1.347701230999884459e+01
1.346436633153361839e+01
1.345042745687072561e+01
1.348975382136488221e+01
1.348153687790898303e+01
1.347116252464067365e+01
1.349529591440136400e+01
1.349153373709436821e+01
1.348474007719805456e+01
1.342998088219662378e+01
1.340859792766031688e+01
1.338759505962594787e+01
1.339573690881558221e+01
1.337006770658921440e+01
1.334557298186078000e+01
1.335438448389976074e+01
1.332449809299415300e+01
1.329654280450659343e+01
1.330596533659883107e+01
1.327194126913950711e+01
1.324055963224279253e+01
1.325052750858060513e+01
1.321245551446868305e+01
1.317768422531059258e+01
1.318812450843525497e+01
1.310798202458259354e+01
1.314610435349035100e+01
1.349363711894850049e+01
1.349434437472098658e+01
1.349114321550238671e+01
1.348478495656785370e+01
1.348996521736931342e+01
1.349036388830996103e+01
1.346875596460550284e+01
1.348240300994456575e+01
1.347840170274962901e+01
1.344557558623677629e+01
1.345966819991385677e+01
1.346727044394644146e+01
1.341527793268993562e+01
1.343378780126647953e+01
1.344498486003685045e+01
1.337790542046141340e+01
1.340079198901939250e+01
1.341557346386197480e+01
1.333350828864428550e+01
1.337907160480297719e+01
1.336072018166003694e+01
1.247642612370435700e+01
1.253824114080343577e+01
1.246528920285723352e+01
1.244107938076577113e+01
1.252372717292388060e+01
1.242996424877206962e+01
1.285258057696012735e+01
1.276090948662452007e+01
1.281210642241513753e+01
1.276247094179111130e+01
1.265962836003255276e+01
1.271541976327519308e+01
1.289895034517666339e+01
1.311881412836369165e+01
1.307295546225429383e+01
1.303152056247177626e+01
1.254590920009750654e+01
1.257767458511922598e+01
1.266412249050277694e+01
1.261268190190701333e+01
1.216377638617996482e+01
1.235096246531182373e+01
1.268991023977865140e+01
1.271956037142034290e+01
1.276941194921182010e+01
1.279699179132147080e+01
1.282230051925037628e+01
1.286932731156604603e+01
1.309342625859778764e+01
1.289795039953077094e+01
1.291919121500660239e+01
1.296301900432473708e+01
1.319233027419648430e+01
1.325393854435900565e+01
1.330868848269971849e+01
1.344434630544154174e+01
1.346781487299196911e+01
1.348411392701653355e+01
1.349322895453114945e+01
1.349515413302959566e+01
1.341373108509919732e+01
1.337599996125569390e+01
1.333119100474222662e+01
1.327934893708558661e+01
1.322052433505288072e+01
1.315477261864152325e+01
1.348989253896147744e+01
1.347745623122684755e+01
1.345786620720711113e+01
1.343115222857819546e+01
1.339735252069925764e+01
1.335651334948695457e+01
1.254630740395173838e+01
1.253120491130747638e+01
1.280913381289729713e+01
1.269714744104423332e+01
1.262552487020206193e+01
1.273180471828467830e+01
1.304265642797545155e+01
1.299307854126291950e+01
1.294853587708927378e+01
1.308215327609780410e+01
1.251164867495798205e+01
1.263514604166277877e+01
1.215829197590811006e+01
1.211488769437723079e+01
1.220641616205499602e+01
1.230981971126555763e+01
1.237478812281208285e+01
1.228184623222941241e+01
1.198312464665603372e+01
1.202642057516583662e+01
1.274460481889243724e+01
1.284848888494799724e+01
1.310703190478917080e+01
1.306755919737418026e+01
1.313295218274432585e+01
1.299305397870919521e+01
1.294626813007909050e+01
1.300986121519818894e+01
1.316595499326052909e+01
1.318005792725678305e+01
1.320214800727217508e+01
1.323177981657432767e+01
1.324683313169275678e+01
1.329081793740178874e+01
1.326464385951976155e+01
1.351919858071536851e+01
1.347520588770493433e+01
1.348834403897161494e+01
1.353038823814970470e+01
1.350387540293640143e+01
1.349432968453923820e+01
1.353429976507264065e+01
1.351217786597075587e+01
1.350623409769145411e+01
1.353094433814207953e+01
1.351325192360427607e+01
1.351091532159075115e+01
1.352034228672822636e+01
1.350710706577154951e+01
1.350837839839969945e+01
1.350072853498863168e+01
1.344887504054926985e+01
1.346559201812030793e+01
1.347498441646092004e+01
1.343563594698264652e+01
1.341535757704046006e+01
1.344198065009119780e+01
1.339850030807989967e+01
1.337468148858542349e+01
1.340173919272798386e+01
1.335421685891098775e+01
1.332688168189191913e+01
1.335428886438829110e+01
1.327199922358888706e+01
1.330282393794790963e+01
1.329966484632640977e+01
1.321008040461862443e+01
1.324436567608222148e+01
1.350252317629773380e+01
1.349863739889332059e+01
1.349376188931859488e+01
1.347752577338112800e+01
1.347324409185153371e+01
1.348171547547886107e+01
1.344539787635113726e+01
1.344559033152438765e+01
1.345764478929294583e+01
1.340619601566368502e+01
1.341084595736963436e+01
1.342646630515941197e+01
1.335998502719105829e+01
1.336906461378280397e+01
1.338822945957155319e+01
1.330683750360480033e+01
1.334299170497530085e+01
1.332030772394323748e+01
1.261988690026000448e+01
1.271259368128307976e+01
1.261987040590705433e+01
1.262374167841295503e+01
1.273842550627596992e+01
1.262914864324937980e+01
1.296299669715468994e+01
1.286372011043127728e+01
1.290831996977193441e+01
1.288129979069854159e+01
1.282378550119459248e+01
1.279121528479373637e+01
1.300437317633908130e+01
1.323790794463122111e+01
1.317889109438041828e+01
1.314117472347485638e+01
1.241476773818441082e+01
1.249691576024777362e+01
1.242821774554144909e+01
1.253774139003827592e+01
1.261469041443935701e+01
1.255805645817767413e+01
1.207463139314948997e+01
1.223593660646677250e+01
1.236299772481151038e+01
1.265758059041562333e+01
1.267394684875143440e+01
1.272810370912273470e+01
1.277276206077997855e+01
1.283611864603480335e+01
1.278500938300753731e+01
1.305038186717968784e+01
1.288207496388029583e+01
1.293811717279198525e+01
1.289011410952279668e+01
1.314423019295343309e+01
1.321427995546446432e+01
1.327761484264196135e+01
1.351082303300821508e+01
1.352559453539828382e+01
1.353309670950733690e+01
1.353333640748168776e+01
1.352632949963016884e+01
1.351210103050961919e+01
1.348878407966131832e+01
1.345948788019041231e+01
1.342295244938136989e+01
1.337920298988175460e+01
1.332827121494733902e+01
1.327019471916288396e+01
1.349068524231670807e+01
1.346212547169127660e+01
1.342647391395101941e+01
1.338379125916276990e+01
1.333414620349874724e+01
1.270665220185788513e+01
1.272544570667696107e+01
1.292538017527735583e+01
1.280107916239112242e+01
1.316895454295430490e+01
1.310645853128992222e+01
1.306692132525943428e+01
1.320500220776630584e+01
1.247739062266975907e+01
1.259876497140202467e+01
1.193536023752939634e+01
1.196049317375796406e+01
1.210495249574941035e+01
1.213262442224484161e+01
1.204649655375306061e+01
1.226631556926340494e+01
1.221388698659281502e+01
1.228848348760585374e+01
1.234188645215379054e+01
1.271613598116284649e+01
1.282829223938303720e+01
1.308145947810277043e+01
1.303781226128196025e+01
1.309407989308703968e+01
1.298554054969946847e+01
1.293452793085421959e+01
1.298918378733909762e+01
1.313130381948025693e+01
1.316322410025400202e+01
1.320567597621234768e+01
1.317175251883744735e+01
1.323871201375255602e+01
1.324286689450423182e+01
1.327339337149430065e+01
1.360908179043417121e+01
1.356437817755395692e+01
1.355552619589050600e+01
1.361160674537282489e+01
1.357119845000659097e+01
1.356599927543032535e+01
1.360673998629133052e+01
1.357068833088291626e+01
1.356914104161578649e+01
1.359451341747006481e+01
1.356286946124943071e+01
1.356496863803303121e+01
1.357496857430492199e+01
1.355350846985306390e+01
1.354777286932316471e+01
1.354815666661431450e+01
1.352543903259121372e+01
1.353479634179518598e+01
1.359914268546368632e+01
1.353771366770018858e+01
1.355021506142730381e+01
1.358177613987256116e+01
1.352870550733380561e+01
1.351256217269519766e+01
1.355697759971857508e+01
1.349985434211857793e+01
1.348008031766484294e+01
1.352475070654466194e+01
1.344028423056373356e+01
1.346367424885383812e+01
1.348510659655006805e+01
1.342018513189339046e+01
1.339319703351683977e+01
1.343806277776154801e+01
1.333884795544852331e+01
1.336941356239922385e+01
1.351413848536821760e+01
1.350887745250270910e+01
1.349591781279239910e+01
1.347298417477741239e+01
1.345926825611269351e+01
1.347580626251967750e+01
1.342477287050407497e+01
1.341555826147797958e+01
1.343564622844876055e+01
1.336959220744942378e+01
1.336486411971469224e+01
1.338846940674773478e+01
1.330753770178098705e+01
1.330726992912076412e+01
1.333435593140806219e+01
1.291804226801445488e+01
1.281341096012564407e+01
1.283050479521290121e+01
1.298131925250527630e+01
1.285775777864965619e+01
1.310540723862463963e+01
1.303488802190547524e+01
1.299657908103107751e+01
1.290153000259926941e+01
1.313892356215367663e+01
1.338366492794595786e+01
1.331139196833305860e+01
1.327720785594269337e+01
1.238924189118861285e+01
1.240167564982235504e+01
1.246423095412616711e+01
1.252159787519395096e+01
1.252977231560037552e+01
1.259041783999556330e+01
1.202414069706422950e+01
1.218848392162741590e+01
1.232864881623398645e+01
1.265079360059379887e+01
1.271253614097295426e+01
1.265424281307265630e+01
1.277445582502504529e+01
1.277363844097632395e+01
1.282897796248662203e+01
1.303396384332109648e+01
1.289244316134582391e+01
1.288726835184846919e+01
1.293958509011410740e+01
1.312299830931898015e+01
1.320170612304634972e+01
1.327381932177924639e+01
1.361117664049792175e+01
1.360501389798623784e+01
1.360994612007527849e+01
1.360134968487917462e+01
1.358542421623043950e+01
1.356221623015877853e+01
1.353178185066315109e+01
1.359143983841506120e+01
1.357044533829923694e+01
1.354202972839096830e+01
1.350620021903867496e+01
1.346297126559455926e+01
1.341236118707756475e+01
1.349418664739465257e+01
1.344950533920300373e+01
1.339782136553802161e+01
1.333922632997583690e+01
1.295014998720336408e+01
1.306005276842508422e+01
1.297175984952233918e+01
1.308484566577218189e+01
1.299139344965315424e+01
1.332954596027371252e+01
1.324998205739656676e+01
1.321840106262343895e+01
1.335830352331333515e+01
1.245621279213741772e+01
1.258708012104747809e+01
1.208501498072519986e+01
1.201278228459508313e+01
1.209620124368021976e+01
1.192312141316615026e+01
1.193019432704577021e+01
1.224112278386510155e+01
1.217512548786488580e+01
1.225438063796881849e+01
1.231696204676454443e+01
1.271342267422410544e+01
1.283417607249516479e+01
1.308265323215609577e+01
1.303469521608992920e+01
1.308196898011490283e+01
1.300457157732685687e+01
1.299502899831176350e+01
1.294917804838048880e+01
1.312352406369484470e+01
1.317339384969180216e+01
1.316835230994925787e+01
1.320666586240462159e+01
1.325781009377440967e+01
1.328326099411558303e+01
1.324829575141890992e+01
1.372076875425040399e+01
1.366641606963439060e+01
1.366552094935849837e+01
1.372684050905889031e+01
1.366823452974105990e+01
1.366361464114921276e+01
1.370716801696598708e+01
1.365714156249383748e+01
1.365996037250565820e+01
1.368608992441549432e+01
1.364697001633166984e+01
1.364045290793096754e+01
1.365759641031806026e+01
1.362659686117158664e+01
1.361640197118397921e+01
1.362175970939471981e+01
1.359889783962803023e+01
1.358505060060916847e+01
1.357866221232906234e+01
1.354647050744507553e+01
1.356393978497804653e+01
1.372534182837575045e+01
1.366256486288578031e+01
1.365421399003306036e+01
1.371624118006372939e+01
1.364938452143339376e+01
1.363730085544715287e+01
1.369951650505607788e+01
1.362868007264119186e+01
1.361286593168630432e+01
1.367515461255621290e+01
1.360044668218334074e+01
1.358090815968262888e+01
1.364315212411172951e+01
1.354143432895958377e+01
1.356468771528951578e+01
1.360351501586276513e+01
1.349447485850863870e+01
1.352141269211598740e+01
1.352839618186649417e+01
1.350074300844397257e+01
1.352179924180022041e+01
1.347106333046688675e+01
1.344795863224551269e+01
1.347256214020118747e+01
1.340677426224738689e+01
1.341632333547229194e+01
1.338821659266288400e+01
1.333564778426210751e+01
1.335318601719415454e+01
1.332162413331552031e+01
1.315503167927662531e+01
1.303489353805897721e+01
1.307005040117618933e+01
1.324920947923101089e+01
1.311330132160989947e+01
1.325757827554435941e+01
1.318374375675675125e+01
1.316045682910032077e+01
1.310880713297648725e+01
1.329651181196011578e+01
1.355630553051793186e+01
1.347065650133986381e+01
1.344385957251817665e+01
1.238936604987848966e+01
1.238862650825379674e+01
1.245615934477673292e+01
1.253194153487730844e+01
1.259207431673804578e+01
1.252655340146437624e+01
1.200771494770793169e+01
1.216658022447894005e+01
1.231628481646295725e+01
1.266961939468507481e+01
1.266012619919981219e+01
1.272273391853692459e+01
1.280213061125898300e+01
1.278822546372949631e+01
1.284794884093545875e+01
1.304419596087258526e+01
1.292913133850658269e+01
1.296748117685596391e+01
1.291070530032138031e+01
1.312864766714440989e+01
1.321624144975198689e+01
1.329733637642917188e+01
1.372466614991392220e+01
1.371475934069865055e+01
1.372703260362357724e+01
1.369735893551599659e+01
1.367252192063349092e+01
1.364031557000049588e+01
1.360081736779754102e+01
1.355411479179117507e+01
1.372182197881677723e+01
1.370900725052305624e+01
1.368857065199944500e+01
1.366050380649416596e+01
1.362480923450769943e+01
1.358152857821140103e+01
1.350030495799817487e+01
1.343949412828024847e+01
1.337179708462669048e+01
1.320228555248399971e+01
1.320944611789345657e+01
1.353095272683060379e+01
1.343255379839008157e+01
1.339681973041687435e+01
1.354741428583618479e+01
1.246099505162741394e+01
1.260136817630109007e+01
1.208800665090599935e+01
1.200855882629138094e+01
1.208802734051396399e+01
1.224156795644425877e+01
1.216584356097606801e+01
1.224242976669138017e+01
1.194850538525078321e+01
1.193547464825177684e+01
1.231776984413027165e+01
1.273651245088771233e+01
1.286621034816574571e+01
1.311066703653209409e+01
1.305825540668035778e+01
1.309664971723080740e+01
1.305023650283130721e+01
1.299030104930489671e+01
1.302746186189533972e+01
1.314265178678450496e+01
1.321063148404616783e+01
1.319198920353440840e+01
1.323479640502932675e+01
1.330420136162419098e+01
1.328098240653390505e+01
1.332047730343418124e+01
1.385801465867407778e+01
1.378964883254279528e+01
1.379301952875830395e+01
1.383571685821684483e+01
1.377880909189291714e+01
1.377165077928940917e+01
1.387262349577130571e+01
1.380004193826737691e+01
1.379960488093188076e+01
1.380580022830761777e+01
1.375702945008353595e+01
1.374610882481687568e+01
1.376834606710774978e+01
1.371309474981699239e+01
1.372774713992841811e+01
1.372344679106606335e+01
1.367269104194795304e+01
1.369103939704106310e+01
1.367120574225877938e+01
1.362499072551484147e+01
1.364699405605161786e+01
1.361173685295987568e+01
1.357009705010918665e+01
1.359570930945607792e+01
1.387948430350757079e+01
1.380277967265382699e+01
1.379851975199094838e+01
1.387854882776501597e+01
1.379782198880395683e+01
1.378972888005122321e+01
1.386977929558940303e+01
1.378513883257857486e+01
1.377320666467231369e+01
1.385314822926040890e+01
1.376470985637426203e+01
1.374893808012626550e+01
1.382863683050431547e+01
1.373652335743119934e+01
1.371691782966254536e+01
1.379624955909267925e+01
1.367714466300551734e+01
1.370057019950326627e+01
1.354516416552683644e+01
1.350812303755302501e+01
1.353729332467147195e+01
1.347162120997133172e+01
1.343919088970198317e+01
1.347186372095431750e+01
1.339125024388426510e+01
1.336343126162040207e+01
1.339954690961661044e+01
1.339637539494154872e+01
1.332723550738428031e+01
1.327601772445267159e+01
1.353975600459001782e+01
1.339235613103190659e+01
1.333113822729749209e+01
1.347092799004046704e+01
1.377389053563217480e+01
1.366545765311586891e+01
1.365657490477309111e+01
1.240744132778850073e+01
1.247065478303584030e+01
1.239758736038213272e+01
1.256734211029210613e+01
1.261912728475845213e+01
1.254929679292580325e+01
1.202061698064805384e+01
1.216889832668359972e+01
1.232553551275471193e+01
1.271416127223034920e+01
1.269173196846571194e+01
1.275879363142955825e+01
1.285590326993514232e+01
1.282884980953845933e+01
1.289312523589641657e+01
1.308114925937695716e+01
1.299226420816937910e+01
1.296052561537013048e+01
1.302191226365468069e+01
1.316123742095722804e+01
1.325795542970261920e+01
1.334824455491059503e+01
1.386620756285350886e+01
1.384767303729892163e+01
1.382149385741138303e+01
1.387703257417597058e+01
1.378774598891682146e+01
1.374651652522105394e+01
1.369790356544776877e+01
1.364201594786509375e+01
1.357897283926885024e+01
1.388009414899339689e+01
1.387534902528551406e+01
1.386276458690045565e+01
1.384232250546950738e+01
1.381398570856755015e+01
1.378652324539841700e+01
1.350890318109178168e+01
1.343194499522731356e+01
1.347003274178327459e+01
1.367271928983094575e+01
1.353638605206104550e+01
1.360524962570915442e+01
1.378645600412299643e+01
1.365943425992473337e+01
1.378125134339525459e+01
1.248780924422747063e+01
1.264125392030094019e+01
1.209363115877906125e+01
1.208889138700361698e+01
1.201915651008564900e+01
1.226430050335510913e+01
1.217986981781802669e+01
1.225405924089539234e+01
1.200531155888681667e+01
1.197675727675364499e+01
1.233796747317591525e+01
1.278551215446863409e+01
1.292451238215953779e+01
1.316560163451382337e+01
1.310858767331447794e+01
1.313819908378480150e+01
1.312267309332311527e+01
1.305802873932525188e+01
1.308659556755014286e+01
1.318876924879062784e+01
1.327504686720952520e+01
1.324275059223018403e+01
1.329015960157207310e+01
1.337800418061031493e+01
1.338514279010104246e+01
1.334102329954469823e+01
1.402352294933394461e+01
1.394865868597554837e+01
1.394105609291952774e+01
1.399255771623855971e+01
1.392584305296329461e+01
1.391436803882981721e+01
1.395380913974894987e+01
1.387998279622344100e+01
1.389529590251102320e+01
1.404661764136329438e+01
1.395996809630284474e+01
1.396366957115426111e+01
1.390737661940163505e+01
1.383799091227298916e+01
1.385710208853166847e+01
1.385337168031466959e+01
1.378849455544087732e+01
1.381135809686090532e+01
1.379191773897386497e+01
1.373160730036284960e+01
1.375817190423010672e+01
1.372314972109355402e+01
1.366745376741292795e+01
1.369766268976811219e+01
1.364721352823534062e+01
1.362996039932375503e+01
1.359616911358654789e+01
1.406176676794462743e+01
1.397103680977554596e+01
1.397081395565760253e+01
1.406890724398889603e+01
1.397420640312688889e+01
1.397004128989615879e+01
1.406798701735889523e+01
1.396943202523550198e+01
1.396131170389594800e+01
1.405896831847856099e+01
1.395668081317108999e+01
1.394459248515659056e+01
1.404371647351560881e+01
1.392083450838349634e+01
1.393685110406004490e+01
1.402734411254105495e+01
1.390154038568967465e+01
1.391250876784598844e+01
1.356426535427521607e+01
1.355520516274527409e+01
1.351789837731294064e+01
1.347447085560485469e+01
1.347354656708724008e+01
1.343279568150922110e+01
1.384838263971150596e+01
1.369223650050629004e+01
1.360980046931002718e+01
1.373297213768765701e+01
1.400961200494347025e+01
1.389271891867592679e+01
1.389908222108891422e+01
1.246721345056924690e+01
1.243706998343033732e+01
1.251780552049319795e+01
1.262819005801030059e+01
1.267181345980483798e+01
1.259753400561441161e+01
1.204744887859954972e+01
1.217981762910141796e+01
1.236761769886103401e+01
1.278457738367016105e+01
1.282082923603919511e+01
1.274910838186877626e+01
1.293593621264657756e+01
1.296465121328601811e+01
1.289565559966462516e+01
1.314494234495303537e+01
1.308201745701082430e+01
1.310303485687006209e+01
1.303688062811419712e+01
1.322087295490767467e+01
1.332696253396587949e+01
1.342666624446163226e+01
1.403598349798034484e+01
1.400886203798902407e+01
1.397392248681761018e+01
1.393125843665625396e+01
1.405520545199249760e+01
1.388097563288018677e+01
1.382319181512860418e+01
1.375803640672544503e+01
1.368565005364976450e+01
1.360618401244286346e+01
1.406645854492145986e+01
1.406968503230172729e+01
1.406483839246859446e+01
1.405282563438071719e+01
1.403716855839061495e+01
1.402046504825689688e+01
1.351979939087116023e+01
1.376222098530450566e+01
1.395459890934326452e+01
1.387276601902901163e+01
1.381491219279380722e+01
1.398523025998897040e+01
1.254808797595360126e+01
1.270675928242099317e+01
1.219542150670347880e+01
1.210241082689856640e+01
1.214331412627539564e+01
1.222885941661301246e+01
1.210083904598759474e+01
1.205300087688022259e+01
1.237751443308000887e+01
1.232166790932166833e+01
1.242259363749860412e+01
1.286057538640237041e+01
1.300925407394560196e+01
1.324760428760266961e+01
1.318583432872565098e+01
1.320674078528301010e+01
1.322206623235624434e+01
1.315254153604889709e+01
1.317259122129845039e+01
1.326200480200910370e+01
1.336679501281512650e+01
1.332076919439573004e+01
1.337289220659624611e+01
1.347938075003713010e+01
1.342855897587143943e+01
1.347740151179264245e+01
1.421750848100004205e+01
1.412083443234062230e+01
1.413263935370264868e+01
1.417789837571010736e+01
1.408548279092528688e+01
1.410125546043920153e+01
1.413031839557280378e+01
1.404225809338712594e+01
1.406195591731870920e+01
1.407488454428261093e+01
1.399126827303522980e+01
1.401484242659278934e+01
1.424904610108581693e+01
1.415601867321335305e+01
1.414821788932924918e+01
1.401172614787878956e+01
1.393263398888706384e+01
1.396002943999214452e+01
1.394098558593154280e+01
1.386648837129504486e+01
1.389764398488516051e+01
1.386281786766396706e+01
1.379297661878549519e+01
1.382782533477918463e+01
1.377739005258393234e+01
1.371225543862116325e+01
1.375072452659484767e+01
1.368488051053233256e+01
1.366650372247532275e+01
1.362449233160591433e+01
1.427242238369754723e+01
1.416755094087003819e+01
1.417131728401576929e+01
1.428756255662055707e+01
1.417876416244116911e+01
1.417847139745561336e+01
1.429440539860702586e+01
1.418180052864257945e+01
1.417743141280015529e+01
1.429291722806777187e+01
1.417663055599372512e+01
1.416910247377412446e+01
1.428445182905585753e+01
1.416488897833193050e+01
1.415669084919462861e+01
1.427499414575156855e+01
1.415217123155844092e+01
1.414311876786808142e+01
1.358547802549453465e+01
1.352986472753181602e+01
1.357533541956366463e+01
1.417089111000860413e+01
1.400812243300853766e+01
1.390429734237665471e+01
1.423919426327334570e+01
1.412629733228644113e+01
1.409805140721592664e+01
1.254363226617757476e+01
1.258664613658260834e+01
1.250525845605796427e+01
1.271489862639564272e+01
1.275030771201590518e+01
1.267119987477648735e+01
1.218498194192480710e+01
1.218680195175676317e+01
1.209421289857969839e+01
1.228670305757362335e+01
1.214181640846802779e+01
1.246086090461749762e+01
1.288106952101879443e+01
1.283246556575852182e+01
1.290903080700312344e+01
1.304244497063879571e+01
1.298883381715580398e+01
1.306272344452651168e+01
1.323574087908500552e+01
1.319861436121250975e+01
1.313996904281127520e+01
1.321105256243087922e+01
1.330770548076178628e+01
1.342342171403861428e+01
1.353276708310327869e+01
1.423421289575997584e+01
1.419853765203838591e+01
1.415484962693164661e+01
1.410325846132137428e+01
1.404388715218655292e+01
1.426177924691386423e+01
1.397687187100764916e+01
1.390236161630736333e+01
1.382051770994868001e+01
1.373151313141028496e+01
1.363553169603397741e+01
1.428115418076446375e+01
1.429226910556714358e+01
1.429507392057272952e+01
1.429022739707042255e+01
1.428145231375767921e+01
1.425971249831350107e+01
1.406407607455629005e+01
1.420736523785199878e+01
1.262968293453143076e+01
1.279819423698986469e+01
1.230497694974135037e+01
1.225073741690463791e+01
1.224573914241895167e+01
1.234224247567359711e+01
1.229821946174437741e+01
1.219849296631867830e+01
1.223956669420516263e+01
1.222975721475990696e+01
1.216445231878306110e+01
1.245517610890308013e+01
1.250152256199275058e+01
1.241712400615227097e+01
1.296191852104267994e+01
1.312065399426438006e+01
1.335686799816336645e+01
1.329018410956747154e+01
1.330244468262619506e+01
1.334864709693446549e+01
1.327406601952953835e+01
1.328565656121899075e+01
1.336253223954456004e+01
1.348607528070300532e+01
1.342622248706768495e+01
1.348317507535392501e+01
1.360853624462502864e+01
1.354377340775129746e+01
1.359744034605314056e+01
1.444022042579418219e+01
1.434519777943236107e+01
1.432921577447660511e+01
1.439198122409080582e+01
1.428522007513345571e+01
1.430527501737361717e+01
1.433556477982032540e+01
1.423315397736381627e+01
1.425723186695934430e+01
1.427110195678435822e+01
1.417314117128286455e+01
1.420118517180315720e+01
1.419873832288924831e+01
1.410531937697233040e+01
1.413726582437425172e+01
1.448016665748605902e+01
1.437689769659670702e+01
1.436503150877910251e+01
1.411863386874822623e+01
1.402984004740810775e+01
1.406561857254806647e+01
1.403096253594525500e+01
1.394686792755704730e+01
1.398640165390460055e+01
1.393591160046169364e+01
1.389978627322403426e+01
1.385658045607269884e+01
1.383368088741559987e+01
1.375916699344458394e+01
1.380595591525745292e+01
1.372448180845069743e+01
1.365482789028661159e+01
1.370510549381466703e+01
1.451172005122823627e+01
1.440028710457577077e+01
1.439257170933410990e+01
1.453481545565296784e+01
1.441175690140198284e+01
1.441529628489811543e+01
1.454934913466199120e+01
1.442250816596605389e+01
1.442186015760640139e+01
1.455509877198111823e+01
1.442474332460552588e+01
1.442055796109616495e+01
1.455346407030048539e+01
1.441978736915709547e+01
1.441499616632307834e+01
1.454104054609369712e+01
1.440922079325307337e+01
1.439094049907989437e+01
1.450065231704244617e+01
1.433544789604867020e+01
1.437182436783635175e+01
1.264532420401552670e+01
1.268095677310257940e+01
1.259474135561400843e+01
1.282794517254135336e+01
1.277106263056878355e+01
1.285500531511460309e+01
1.230047931409646189e+01
1.238367753029160845e+01
1.226205787274261638e+01
1.255243716919732222e+01
1.300390018978053419e+01
1.294203231891858863e+01
1.302364165287478848e+01
1.317569057006571853e+01
1.310861538953093230e+01
1.318758194473725354e+01
1.335375638233549189e+01
1.334232347839839150e+01
1.327003755843274035e+01
1.334621516386065743e+01
1.342193126251870083e+01
1.354753562058712646e+01
1.366675505589683759e+01
1.446114916392573946e+01
1.441694567070430821e+01
1.436451492247439354e+01
1.430398062176679730e+01
1.423548136067076442e+01
1.415917029078720191e+01
1.449701683556242848e+01
1.407521473147141045e+01
1.398379563664752645e+01
1.388510688299790985e+01
1.377935438467229012e+01
1.452445873997312198e+01
1.454338328899537736e+01
1.455364727526392699e+01
1.455584164047460405e+01
1.454908463063702939e+01
1.452341554843139448e+01
1.273726879363065834e+01
1.291597342115789715e+01
1.237812130669861688e+01
1.242542115536046410e+01
1.235930002424499463e+01
1.232630927467490345e+01
1.239231149269138044e+01
1.230939674470508471e+01
1.259933844077782972e+01
1.262307826053007176e+01
1.252879237658311595e+01
1.308978888238660687e+01
1.325897627617322883e+01
1.349363077544242628e+01
1.342187134677368476e+01
1.342552594885278872e+01
1.350269281379623010e+01
1.342287569199240949e+01
1.342604530035292321e+01
1.349056997479322106e+01
1.363313037897208702e+01
1.355933184624601751e+01
1.362123225302548413e+01
1.376571765087730981e+01
1.368689298389050535e+01
1.374548791974106621e+01
1.469193986938369001e+01
1.456646509522692412e+01
1.458660339830515440e+01
1.463508088001063179e+01
1.453816371260893980e+01
1.451383833936334611e+01
1.456981785930267037e+01
1.448137983557182018e+01
1.445292362981576062e+01
1.449629447278276473e+01
1.441638163276107143e+01
1.438385852095537487e+01
1.441467067963553461e+01
1.434331465647816373e+01
1.430679611143918351e+01
1.432512248919264231e+01
1.426233979758956671e+01
1.422190470665097095e+01
1.474023548364884562e+01
1.462657045024776714e+01
1.461066759538943671e+01
1.422784138094783657e+01
1.412936731587873496e+01
1.417363288176028036e+01
1.412303365054709836e+01
1.402938104235150973e+01
1.407738411187525784e+01
1.401091961377860429e+01
1.392215627164191716e+01
1.397379734666477269e+01
1.389173258135102174e+01
1.380791565978631397e+01
1.386308919096710213e+01
1.477976206406166426e+01
1.465793317467789514e+01
1.464629541870421647e+01
1.480983565400072344e+01
1.468028778944923829e+01
1.467294472093666258e+01
1.483293697286804580e+01
1.469166712159521992e+01
1.469465329908175377e+01
1.484424145965822461e+01
1.470035731425222281e+01
1.469957654821877213e+01
1.484872831525216341e+01
1.470190429381633557e+01
1.469563625238507854e+01
1.483635337103404517e+01
1.469015687308911033e+01
1.466954559246639356e+01
1.277752191861999620e+01
1.271211538091687032e+01
1.280350045761540301e+01
1.296588723271793953e+01
1.289647194465837643e+01
1.298536508680690815e+01
1.243875985299553832e+01
1.240583583275768298e+01
1.251300261163161132e+01
1.269017950578694354e+01
1.315336887400593113e+01
1.307808311703618820e+01
1.316493032054939150e+01
1.333598242858482408e+01
1.325529063482898451e+01
1.333951677088511190e+01
1.349924572347715923e+01
1.351346139277870506e+01
1.350881937120223775e+01
1.342737969783311591e+01
1.356379076810859452e+01
1.369954953900962735e+01
1.382887924640867361e+01
1.471706230695277640e+01
1.466436390369172216e+01
1.460319053737809014e+01
1.453369264294011565e+01
1.445602247934943563e+01
1.437034848576567647e+01
1.427685480015106023e+01
1.476110881178135514e+01
1.417574070413714793e+01
1.406721990564871660e+01
1.395151957811831522e+01
1.479604240960977535e+01
1.482260585303730593e+01
1.483987084375524290e+01
1.484799026291977242e+01
1.484466042738662850e+01
1.287219679302885744e+01
1.305953861832306728e+01
1.258051975063893480e+01
1.248512975576700690e+01
1.250131394534444595e+01
1.258670644360294055e+01
1.248706310957571120e+01
1.258848541709071256e+01
1.275976578040648057e+01
1.276917827742539480e+01
1.268102013546160656e+01
1.324449644356447564e+01
1.342453605194223520e+01
1.365817456135177288e+01
1.357624419021634665e+01
1.358117531888229124e+01
1.368452505982309830e+01
1.359405639594575277e+01
1.359928979254181947e+01
1.364638007178250589e+01
1.380824505077527320e+01
1.378732972400730539e+01
1.372036135391696021e+01
1.395121223299011604e+01
1.392181317404361884e+01
1.385818514731850470e+01
1.497297685830403502e+01
1.483287801314531151e+01
1.485713921206037114e+01
1.490750153655785937e+01
1.477162685452045920e+01
1.480021423965666827e+01
1.483337730039268898e+01
1.473468710219690081e+01
1.470185168800941966e+01
1.475075867953961328e+01
1.462370148832740568e+01
1.466071501788665721e+01
1.465981764720207892e+01
1.453734273976302305e+01
1.457845608896576195e+01
1.456074440353620147e+01
1.444295891723371028e+01
1.448808550857329891e+01
1.445374634362979194e+01
1.434074977290541852e+01
1.438979507658536505e+01
1.502966175747270050e+01
1.488545743630151108e+01
1.490529116458899139e+01
1.433904732701417828e+01
1.423093071876456150e+01
1.428379256172194900e+01
1.421688690797010324e+01
1.411373208896663911e+01
1.417030099127091347e+01
1.408751934862944744e+01
1.398939801262656246e+01
1.404955770312020036e+01
1.507757027600980848e+01
1.492921148625823236e+01
1.494428980749967195e+01
1.510934932196943592e+01
1.496023411905294509e+01
1.497189245278062941e+01
1.513912857207211005e+01
1.499224328948217533e+01
1.498640686424612767e+01
1.515387465260172029e+01
1.500185604101698544e+01
1.499951815689002288e+01
1.517134330802788433e+01
1.501069536777330171e+01
1.500455240533416656e+01
1.293236340762200420e+01
1.285518827216084858e+01
1.294965258632986327e+01
1.313116563540445547e+01
1.314265985622210131e+01
1.304790961340209599e+01
1.257947887259233255e+01
1.267062703714894312e+01
1.284750063462366043e+01
1.332983789805368602e+01
1.333323049472991428e+01
1.324092111893179613e+01
1.352368223099115596e+01
1.351886725261019961e+01
1.342919582410921642e+01
1.367251002097377466e+01
1.371239049666273502e+01
1.361233380993331821e+01
1.369920651833697178e+01
1.373356746287349495e+01
1.387974992692050336e+01
1.401942821603719480e+01
1.494109908045924051e+01
1.500231047636858328e+01
1.487117844174359327e+01
1.479269283265131563e+01
1.470580623674039344e+01
1.461070038445073038e+01
1.450757457328712441e+01
1.439664478705486772e+01
1.505472497486850081e+01
1.427814323144393960e+01
1.415231727938335560e+01
1.509469298153468841e+01
1.512538275315713676e+01
1.514748779272307644e+01
1.516366182156279230e+01
1.303175937115425498e+01
1.323015243092832094e+01
1.277683408133529497e+01
1.267588735675731648e+01
1.267971456143904341e+01
1.281137159391800573e+01
1.269588437208222942e+01
1.276575700581361517e+01
1.292369809457891350e+01
1.292930969921128082e+01
1.284418188964790630e+01
1.342639616014177228e+01
1.361769400503446192e+01
1.385082346301825140e+01
1.376841872136353828e+01
1.375490210957313053e+01
1.389450715800737868e+01
1.380367127533983940e+01
1.379003225354796136e+01
1.383026675823471408e+01
1.401174429614965611e+01
1.390961622237880846e+01
1.398177374011767782e+01
1.416534559950770777e+01
1.412672355934243384e+01
1.405795667542879457e+01
1.520957335471410410e+01
1.505890264369099185e+01
1.509174703631743597e+01
1.528368493782501503e+01
1.512877725180657862e+01
1.515718122507692556e+01
1.512656909661338567e+01
1.498025135877264447e+01
1.501746918968783362e+01
1.503481921774170971e+01
1.489298077035586587e+01
1.493449760681680871e+01
1.493450281964969761e+01
1.479726843412162296e+01
1.484300036811235657e+01
1.482582298773945872e+01
1.469331095880998106e+01
1.474316474938042631e+01
1.470900112396867598e+01
1.458132333372138945e+01
1.463519673230143781e+01
1.458427705847243594e+01
1.451931996110216261e+01
1.446153751154377431e+01
1.534874053775098091e+01
1.518972536785550176e+01
1.521369316955187045e+01
1.445190790129334779e+01
1.439577511805210364e+01
1.433420237868288538e+01
1.431216768942867645e+01
1.426481907034132668e+01
1.419958253225799893e+01
1.539743393316464193e+01
1.525416235032780676e+01
1.523829495580989857e+01
1.543023827957406446e+01
1.528538047435891301e+01
1.527046505452946690e+01
1.546017400384918972e+01
1.530772268495074329e+01
1.529995684772253028e+01
1.549876327420480671e+01
1.532633549487021796e+01
1.533558012840525109e+01
1.310848055806243018e+01
1.312010325237352149e+01
1.301924552147372793e+01
1.332332284538323997e+01
1.332678497093732695e+01
1.322610739893664444e+01
1.278818392525709058e+01
1.285139364169696385e+01
1.301695738326536400e+01
1.353375194753352773e+01
1.343092325816677324e+01
1.352895053365837086e+01
1.373919040216864218e+01
1.372601300406087255e+01
1.363069437445349408e+01
1.387389272067158075e+01
1.393951601223383818e+01
1.382528457336973560e+01
1.391776138235207227e+01
1.393158602129690138e+01
1.408846257993458373e+01
1.423872801272508859e+01
1.516880800441726507e+01
1.524748893053930132e+01
1.531721622293756724e+01
1.508130687295864547e+01
1.498515707942082287e+01
1.488054966656930844e+01
1.476769789785300802e+01
1.464683235865326516e+01
1.451820204253935742e+01
1.537437474986419339e+01
1.438207325346171928e+01
1.541540800597410410e+01
1.544629233568403492e+01
1.548013517881064161e+01
1.321485678674070741e+01
1.342776782268748370e+01
1.302581621842825221e+01
1.291930685505057497e+01
1.290007860663340367e+01
1.306192602380910550e+01
1.293399888123713559e+01
1.297615909082154673e+01
1.306999425942582249e+01
1.363587583473361420e+01
1.383884891378373183e+01
1.407194218751106973e+01
1.396184359311810397e+01
1.398396513389387330e+01
1.413304390687109091e+01
1.401435609646394909e+01
1.403642080932491965e+01
1.404257443995043531e+01
1.424399114763492591e+01
1.420490881772566283e+01
1.412744094232832559e+01
1.440847945581441358e+01
1.436056285705026525e+01
1.428655154752138046e+01
1.544972696465847406e+01
1.528846156017499425e+01
1.533006310687249218e+01
1.554115022978953853e+01
1.541289344476271594e+01
1.537580018164570994e+01
1.562172653759735219e+01
1.548570037435607816e+01
1.545320502456584144e+01
1.534882521278004575e+01
1.519203312505694470e+01
1.523806677785355923e+01
1.523907312423421345e+01
1.508691033851282626e+01
1.513728466510999127e+01
1.512070727588509023e+01
1.497329802218562023e+01
1.502791482554330216e+01
1.499395828353511106e+01
1.491017594998613305e+01
1.485142628157751687e+01
1.485907777905161709e+01
1.478430583086035099e+01
1.472154144254552222e+01
1.471634014713941241e+01
1.458390876711687056e+01
1.465056087607150559e+01
1.569649344210154496e+01
1.552325709515324803e+01
1.554746760210299783e+01
1.456603739061182168e+01
1.443881218785401188e+01
1.450921590045684084e+01
1.573216753339834995e+01
1.556668304680424697e+01
1.558252671072970230e+01
1.576281970223245210e+01
1.559692273363116755e+01
1.561195034663075987e+01
1.581297290325244198e+01
1.563626858316753854e+01
1.565637328471558121e+01
1.330055359167876006e+01
1.331262328818540297e+01
1.320257130550687918e+01
1.353715326186523882e+01
1.342869511722235210e+01
1.353578337305867052e+01
1.304206212370083762e+01
1.316451539541850480e+01
1.376551834533567131e+01
1.375248130740256869e+01
1.364854613444170539e+01
1.398281020559011623e+01
1.396132295874431506e+01
1.386015191759744525e+01
1.410377691013228585e+01
1.419526548941884059e+01
1.416490319818775490e+01
1.406665672388663246e+01
1.415821050277517301e+01
1.432605036168676804e+01
1.448713981781129334e+01
1.539987844247665372e+01
1.549621559084175715e+01
1.558237761286530620e+01
1.566019657111607977e+01
1.529442675695878862e+01
1.518024902822920197e+01
1.505757658794511755e+01
1.492665757931742654e+01
1.478775309654799130e+01
1.464114659107373662e+01
1.571649955993490622e+01
1.574975970716509011e+01
1.578829962527411368e+01
1.341771623748751452e+01
1.365038611338100161e+01
1.322346788763713121e+01
1.312670532332778706e+01
1.314535326624219103e+01
1.334071241402292785e+01
1.319656326626876641e+01
1.326536146255417137e+01
1.387332733665323659e+01
1.408839462159787814e+01
1.432193364101470578e+01
1.422821788212557514e+01
1.419745181856404237e+01
1.440061500063625033e+01
1.426745263854938450e+01
1.429800833961783724e+01
1.428368570932748582e+01
1.450538412538904609e+01
1.445711530259063871e+01
1.437421669192743856e+01
1.468100855726646081e+01
1.454434854501221608e+01
1.462370868118608058e+01
1.569316036130366854e+01
1.557179309919983723e+01
1.552124877608790321e+01
1.580266106741465393e+01
1.562685319836775832e+01
1.567244767842085196e+01
1.590299779183935591e+01
1.576326252083540780e+01
1.572330056193915482e+01
1.597883485697719763e+01
1.583778539286716125e+01
1.580041960628797426e+01
1.557385990835878076e+01
1.546166303418444343e+01
1.540663777735953488e+01
1.544572640751352210e+01
1.534268994604367187e+01
1.528328889227137743e+01
1.530898415991566175e+01
1.521509411891507924e+01
1.515142334567496007e+01
1.516383231804603682e+01
1.501131138162130974e+01
1.507911768886935100e+01
1.501057081303820695e+01
1.486322400980391478e+01
1.493502952166635289e+01
1.484951946855318994e+01
1.470746285486584526e+01
1.478312284925858044e+01
1.611136278932716337e+01
1.590645130276883279e+01
1.592474088384889086e+01
1.602758141491386468e+01
1.589669566928378508e+01
1.588255492671906310e+01
1.610812764394895069e+01
1.593474164702670670e+01
1.596118615523776008e+01
1.351037185931255635e+01
1.340478509431192577e+01
1.352628934978980979e+01
1.378116356172536605e+01
1.377358248102969895e+01
1.365801455054259606e+01
1.327899160004790957e+01
1.337164127648978251e+01
1.402411065172307758e+01
1.389376106785778120e+01
1.400369846677662267e+01
1.425540057022119811e+01
1.411828058223199989e+01
1.422542555277136600e+01
1.436258533749591848e+01
1.447975381698476127e+01
1.444104401092954681e+01
1.433693777119267843e+01
1.441384186884680751e+01
1.459291122546311570e+01
1.476505772320628296e+01
1.563400006175048418e+01
1.574879155099317529e+01
1.585458546643877398e+01
1.594268198986349283e+01
1.604820727478016096e+01
1.551016856247781917e+01
1.537757239030058543e+01
1.523649712379948085e+01
1.508718193175749889e+01
1.492992707006682451e+01
1.607643138241398262e+01
1.606856835831360542e+01
1.364746423697033961e+01
1.390146839549751689e+01
1.342668988814244457e+01
1.363817456773775305e+01
1.348520947031538952e+01
1.413912411241468803e+01
1.436684792082122897e+01
1.460123277087409299e+01
1.446214585622878523e+01
1.450163216429831436e+01
1.469766287732447552e+01
1.454977960781100421e+01
1.458878689877529666e+01
1.455401618528995300e+01
1.479635861844080580e+01
1.465036099472975373e+01
1.473880499779006215e+01
1.498337057830735475e+01
1.483176013393292969e+01
1.491656981618374367e+01
1.593913324378032215e+01
1.575697576746842898e+01
1.581659397856208216e+01
1.606674051448677076e+01
1.588117205570888579e+01
1.593567274484303020e+01
1.622513924361318516e+01
1.601699663475863034e+01
1.606695781865765582e+01
1.620191693137405053e+01
1.609278029958882428e+01
1.605613126100207921e+01
1.637571793202086923e+01
1.617526992016579612e+01
1.624765652434550134e+01
1.580328537076242235e+01
1.562466528757128437e+01
1.568883425861099923e+01
1.565606208275611522e+01
1.548250840313406584e+01
1.555113303984444073e+01
1.549896804014318974e+01
1.540414285388435900e+01
1.533124177717630943e+01
1.533502389487108886e+01
1.517254915470732968e+01
1.524957915991354795e+01
1.516303578288071385e+01
1.500594042091525182e+01
1.508694417801097742e+01
1.637886096301993888e+01
1.624605318169965074e+01
1.620334121506016345e+01
1.624464217109936470e+01
1.377517686431588295e+01
1.378081306127692862e+01
1.364670529413255551e+01
1.406386712008899842e+01
1.392303844697804394e+01
1.404658980659873180e+01
1.357128679287629325e+01
1.431386443311922818e+01
1.416872797306326959e+01
1.428473437908928467e+01
1.457126246208026821e+01
1.452553469977357992e+01
1.441217562756997062e+01
1.465072627095555369e+01
1.480766857783406643e+01
1.475356811075659813e+01
1.464352697166721029e+01
1.469890979184906499e+01
1.488947138510192403e+01
1.507290054364695564e+01
1.587183823275001693e+01
1.600430582122304202e+01
1.615121867753519069e+01
1.622159830154576809e+01
1.628981303791917767e+01
1.661395133769011423e+01
1.649577710279570297e+01
1.636554807044671733e+01
1.572999475685374904e+01
1.557755846055367854e+01
1.541688404790908606e+01
1.524882939536140469e+01
1.650044894588219790e+01
1.370908137061569221e+01
1.392482301494116470e+01
1.419165388070259581e+01
1.394386651891139195e+01
1.379114770347819352e+01
1.444163581364392890e+01
1.468850657958570238e+01
1.491055742287718289e+01
1.475638293485619457e+01
1.480463064843130461e+01
1.502908317726126697e+01
1.486347588364874994e+01
1.491864305954861969e+01
1.485400059965816411e+01
1.511739304118536786e+01
1.495633551143941098e+01
1.505042840356661671e+01
1.531608582777734640e+01
1.514922256129083245e+01
1.523960054338611059e+01
1.618744734553830611e+01
1.599611175047711775e+01
1.606381776152360530e+01
1.639237127142233419e+01
1.616846239129859342e+01
1.623254159475157365e+01
1.640980394179025481e+01
1.632474313438263280e+01
1.624243589360613527e+01
1.654530518601745115e+01
1.639059149914373137e+01
1.637732755636050896e+01
1.646567681042930076e+01
1.682647731911640321e+01
1.659754943953220874e+01
1.672476877277853902e+01
1.603995662772062047e+01
1.584900138365363098e+01
1.592238374436995940e+01
1.586440998926259383e+01
1.568170355480189393e+01
1.576052776400959843e+01
1.569035704717698287e+01
1.559466865623743814e+01
1.551228093070557179e+01
1.550713668591881600e+01
1.533466898384130062e+01
1.542112567802874779e+01
1.386217098153447758e+01
1.401169541856553735e+01
1.437522776976982897e+01
1.434665228779642376e+01
1.422301029565235098e+01
1.462898080307923010e+01
1.460018388833374559e+01
1.446945600350372985e+01
1.495307762494298132e+01
1.476272963135136074e+01
1.488318382098200132e+01
1.497024702996298018e+01
1.516637559261081059e+01
1.509783759063160602e+01
1.498867264004377020e+01
1.501399996554123639e+01
1.521631015475990978e+01
1.541114947192449236e+01
1.611558615250831750e+01
1.629459930694154934e+01
1.640991540931766934e+01
1.666649983698135173e+01
1.654380479440746754e+01
1.644924906828943278e+01
1.661477744828440706e+01
1.668769132005451183e+01
1.595280740056902502e+01
1.577723437612123902e+01
1.559837318154042407e+01
1.427265807916986518e+01
1.411399532060841722e+01
1.417080226803445342e+01
1.433125855669204540e+01
1.450288778820278068e+01
1.479254973662875727e+01
1.506502452851549734e+01
1.524638723456428835e+01
1.513782023333893179e+01
1.507877325924538070e+01
1.539723241705455692e+01
1.521295263774648632e+01
1.528266444550657610e+01
1.518208063547728948e+01
1.546028790862106916e+01
1.538837908435964863e+01
1.528874212058606830e+01
1.567683958995016269e+01
1.559199233015617736e+01
1.549592919004226488e+01
1.645740056048570210e+01
1.632389375973216872e+01
1.625217170494037333e+01
1.654428964335847496e+01
1.647514819769870087e+01
1.636857317009202006e+01
1.675756500342247080e+01
1.658055053873907525e+01
1.658727262752535481e+01
1.672155852642846696e+01
1.698714042225219600e+01
1.683254593456129555e+01
1.676984618642633862e+01
1.691229468623068755e+01
1.634615726495645305e+01
1.610361693382456139e+01
1.619232152939952130e+01
1.606849988237262750e+01
1.596626025101260105e+01
1.587870559034275786e+01
1.586960185700661086e+01
1.578002424557546846e+01
1.568806225277366195e+01
1.460901965828984217e+01
1.444677490031670786e+01
1.449583620769372594e+01
1.462403876236265532e+01
1.495626506680703471e+01
1.478899027226155738e+01
1.495943220076813240e+01
1.532102217170240621e+01
1.524449213865663211e+01
1.513881682779106796e+01
1.532154910762151090e+01
1.553507549020943657e+01
1.546572402188549589e+01
1.535047169773446996e+01
1.535340198691356406e+01
1.556829476829622116e+01
1.577300128724217920e+01
1.640533320439985943e+01
1.650617774871923515e+01
1.684271273329775553e+01
1.661998300526093431e+01
1.669877635639423019e+01
1.680797677211613816e+01
1.711290662886395708e+01
1.694122809018702114e+01
1.689322590209413377e+01
1.705929558979221738e+01
1.620730566939991490e+01
1.596870678766606488e+01
1.478439982587429746e+01
1.528652384098123918e+01
1.512224806586577230e+01
1.512274202866604966e+01
1.530866297766269568e+01
1.542778234287646555e+01
1.562814477168344496e+01
1.543696838077969247e+01
1.551231922379913897e+01
1.579271569304146894e+01
1.566329980291388502e+01
1.559500217765995522e+01
1.554385704870387741e+01
1.583779809917778714e+01
1.575762491549062716e+01
1.564950576875994415e+01
1.604942476535696372e+01
1.595977765623494626e+01
1.586363249002443254e+01
1.678784761118338054e+01
1.656827597537668595e+01
1.662453210243362278e+01
1.686392809464589604e+01
1.670623073102787259e+01
1.666513068158655386e+01
1.686103801486103038e+01
1.719301549690120012e+01
1.702448619193408774e+01
1.697913610061052481e+01
1.716285282494855124e+01
1.641291486365866348e+01
1.638146071740867882e+01
1.624083778858773641e+01
1.623748573250678717e+01
1.615326254927896343e+01
1.605405272715205101e+01
1.561442266890700736e+01
1.545373876201225549e+01
1.547032411838073784e+01
1.557759268346701020e+01
1.571018593194416013e+01
1.593108312500262969e+01
1.573105000837595924e+01
1.586194505493209483e+01
1.573318273082817775e+01
1.594443684977699505e+01
1.614444742924536769e+01
1.674920585692516539e+01
1.677266139118187738e+01
1.654562404997759728e+01
1.683263891531397505e+01
1.722829949081249978e+01
1.705263589134941071e+01
1.703830175252030443e+01
1.722075484300556525e+01
1.632608766287795987e+01
1.658351112954278506e+01
1.577288792006237550e+01
1.603303821751598335e+01
1.583007277050332817e+01
1.591229961953958671e+01
1.621835939208803268e+01
1.607346040440715029e+01
1.600604317100352603e+01
1.593483645715078190e+01
1.626151805702558661e+01
1.615541365853653133e+01
1.605042695069667857e+01
1.645414549833969176e+01
1.625338178958413238e+01
1.634605552580799070e+01
1.715806558875337018e+01
1.695650623870119134e+01
1.697409659589756359e+01
1.721724150088828509e+01
1.700747242911609902e+01
1.704265983499780290e+01
1.723104032260042828e+01
1.663548673666983646e+01
1.652490215819252839e+01
1.643830355506637986e+01
1.669557742686799173e+01
1.612575094031296175e+01
1.614724531751858549e+01
1.635925461505069833e+01
1.654731518374522992e+01
1.719371266637491402e+01
1.705342061562646805e+01
1.690063539499569600e+01
1.710967205483778386e+01
1.684718668667187913e+01
1.648209568114426204e+01
1.634984134882179063e+01
1.625700638348411076e+01
1.637130531895428476e+01
1.671092490202590142e+01
1.648689094554656975e+01
1.658228486311293892e+01
1.690216993485033470e+01
1.667994477056463865e+01
1.676903694226424690e+01
1.698011730771331429e+01
1.659626813511113497e+01
1.680776348949610366e+01
