1.945665873171980920e+01
1.947944306755573507e+01
1.948817394404515468e+01
1.942018087599260312e+01
1.943845381785686044e+01
1.946812332698812753e+01
1.948390867154574480e+01
1.948296230701664555e+01
1.948569222795568834e+01
1.936945944882647197e+01
1.939550861355028033e+01
1.945055384669358745e+01
1.943545136420565811e+01
1.945348243263067189e+01
1.947727716226922468e+01
1.946704646879746292e+01
1.947833757672162847e+01
1.949144900226135846e+01
1.948541460461850860e+01
1.948991223625832703e+01
1.949272916545542955e+01
1.949039669681739895e+01
1.948795985180820978e+01
1.946407897627896233e+01
1.941598911223672275e+01
1.939364092274768581e+01
1.941757097087791806e+01
1.947371052533967983e+01
1.943284744001163133e+01
1.946392344270536867e+01
1.948435431567474652e+01
1.949212611927608663e+01
1.948053712435929796e+01
1.948660532674518109e+01
1.948167090260417922e+01
1.930947131777370629e+01
1.933985310996415663e+01
1.943192025184895400e+01
1.944859848322279916e+01
1.938014396534043726e+01
1.939848037491400135e+01
1.937458498114448702e+01
1.947237798113482654e+01
1.944397911902434828e+01
1.943030453755046594e+01
1.944719558220305444e+01
1.947418939656800774e+01
1.946242790485169039e+01
1.947563804653781006e+01
1.949300120595759012e+01
1.949221385735045686e+01
1.948513784477311361e+01
1.950017374399039483e+01
1.949581338961023746e+01
1.949644417694372578e+01
1.949385185399234643e+01
1.948714555116947267e+01
1.949324242790096662e+01
1.923600073740811922e+01
1.927284782002942265e+01
1.934522062566189859e+01
1.938922304190412049e+01
1.933549617881073956e+01
1.941143290446660430e+01
1.945716529613508783e+01
1.946044479856045939e+01
1.944494903577789557e+01
1.941277405075060258e+01
1.946860468060070204e+01
1.945903409862495792e+01
1.948349424501396854e+01
1.949656020156818670e+01
1.949693534756887203e+01
1.947311460725548926e+01
1.947672250218518286e+01
1.948346623059792648e+01
1.930874636369972208e+01
1.927324587879060402e+01
1.930866615886050397e+01
1.934433577815430638e+01
1.927249277791151982e+01
1.936299041134132892e+01
1.930442087546017049e+01
1.943534392388140475e+01
1.943329481860834917e+01
1.941287717050270345e+01
1.944670950337459203e+01
1.942610210725886688e+01
1.943516881897555137e+01
1.940310712399682203e+01
1.946490074668138703e+01
1.946795610305215618e+01
1.947107996849345923e+01
1.945596223060181629e+01
1.949334736217971198e+01
1.949312075110862352e+01
1.948376483245595381e+01
1.950573910260283128e+01
1.950293377895225078e+01
1.949933736285477437e+01
1.950497677613529390e+01
1.949934058247728785e+01
1.950259846389968033e+01
1.948994005035771693e+01
1.948129768034767295e+01
1.949198098339721597e+01
1.915575103067972051e+01
1.919633184532044723e+01
1.923241649783552987e+01
1.923453665524688105e+01
1.927083770604512480e+01
1.937017758190715710e+01
1.937490302635950812e+01
1.933979509733397606e+01
1.920240588228626777e+01
1.923819506976622762e+01
1.938863624485687964e+01
1.938865434531151877e+01
1.936280577385250368e+01
1.932078775058889875e+01
1.932834814942184920e+01
1.929732350582649048e+01
1.941200746314940417e+01
1.945424357269015303e+01
1.939801267915726868e+01
1.944711658287391032e+01
1.948062353755255316e+01
1.949945817523843061e+01
1.950534118722820764e+01
1.949744747614804652e+01
1.946183930824637187e+01
1.946752932830308325e+01
1.947582470870176508e+01
1.906761522214700122e+01
1.897468227896473536e+01
1.911190545231232463e+01
1.919486193904275240e+01
1.929937186461941678e+01
1.930372026329180102e+01
1.926649875760454478e+01
1.933479644455958280e+01
1.927153806549726056e+01
1.927181189141932549e+01
1.923757126481037005e+01
1.935552608120739393e+01
1.929676401278609887e+01
1.942096773345516070e+01
1.940496570500539164e+01
1.942806035811443621e+01
1.944861063961898751e+01
1.941333393328245904e+01
1.939179367408335608e+01
1.941960764769252634e+01
1.945886532673523561e+01
1.946339292571256863e+01
1.944244740069380839e+01
1.949121836358184368e+01
1.949224942029846375e+01
1.947954202284309488e+01
1.950960207788923029e+01
1.950760355051923867e+01
1.950146845741876689e+01
1.951452070009264261e+01
1.951012502708515939e+01
1.950967875756339609e+01
1.950584022288431996e+01
1.949782456691465882e+01
1.950540226376284991e+01
1.948385986774980339e+01
1.947285385302628313e+01
1.948686466097370840e+01
1.902154504491735665e+01
1.887868870167364932e+01
1.892752774737672539e+01
1.915544676242459232e+01
1.911212578151213037e+01
1.915514541834648909e+01
1.919416550966281676e+01
1.922341043093043211e+01
1.926141138265782615e+01
1.922809454986566280e+01
1.935464375427404704e+01
1.936222287790332075e+01
1.932712261669800213e+01
1.912649310225284083e+01
1.916525278577784874e+01
1.920875748449646281e+01
1.924068114002979613e+01
1.920563109761494758e+01
1.937473429434794170e+01
1.934831394789691927e+01
1.938142129102737599e+01
1.933390541623459313e+01
1.930298965977554460e+01
1.932707244258825696e+01
1.944137460591645095e+01
1.939759171321380649e+01
1.938386999327133253e+01
1.943597717961154103e+01
1.947495656988577295e+01
1.950036147522490637e+01
1.951198664329914578e+01
1.951011080983130341e+01
1.949476218090966739e+01
1.944855219396475476e+01
1.945524558639800006e+01
1.946617088978402421e+01
1.907717585778672387e+01
1.902679787752993334e+01
1.907216623444270454e+01
1.899573549652795990e+01
1.893804150285711430e+01
1.898479208845583699e+01
1.911660123364609021e+01
1.918982588801656775e+01
1.928194422051816304e+01
1.929045874883627931e+01
1.925288690124324376e+01
1.931822233078772655e+01
1.904635769137025392e+01
1.908727506788204664e+01
1.916840648765266053e+01
1.927335789474429362e+01
1.927222085360262938e+01
1.924126270298268793e+01
1.935476907921029266e+01
1.930332198599671756e+01
1.943476354178581289e+01
1.940028426292763442e+01
1.938732223734947269e+01
1.941063428480338260e+01
1.939975345285716912e+01
1.940641417671789171e+01
1.937721387269759532e+01
1.945024968054690717e+01
1.945445270071845201e+01
1.943179914013948917e+01
1.948753279885959344e+01
1.948929696552169943e+01
1.947318657471604908e+01
1.951138671005838532e+01
1.951041253172869716e+01
1.950128987237895473e+01
1.952188591174081012e+01
1.951812456227965953e+01
1.951572634235519388e+01
1.951910008328567869e+01
1.951239643526992751e+01
1.951678528097493270e+01
1.950308309507940407e+01
1.950442272339413563e+01
1.949340759011236202e+01
1.947396209130746314e+01
1.946124435314806789e+01
1.947885953947853466e+01
1.903684155663053090e+01
1.890996422858776072e+01
1.895309994022780842e+01
1.889449934017159194e+01
1.878267620255537551e+01
1.883151724468216059e+01
1.915803766968580391e+01
1.911816768073577677e+01
1.915628589137115512e+01
1.919048133954859026e+01
1.920099987654937479e+01
1.921217817393828398e+01
1.924134876045293652e+01
1.933583427164919399e+01
1.934510275962480463e+01
1.930890112546904192e+01
1.896388214494049862e+01
1.900576204829006244e+01
1.913980938286626454e+01
1.913305312914715373e+01
1.909359992470001188e+01
1.917499489677138058e+01
1.922476019827212212e+01
1.921641133383669953e+01
1.924935482112205420e+01
1.936713875631068404e+01
1.930991061009562415e+01
1.929153538065769879e+01
1.932176849854654677e+01
1.942439296684634087e+01
1.936768613193437716e+01
1.942489933242478628e+01
1.946880085317236819e+01
1.949937174406502294e+01
1.951654247446509771e+01
1.952039446609225593e+01
1.951098821135370187e+01
1.948841198854325185e+01
1.943170220668552872e+01
1.944017787724228086e+01
1.945277692169831596e+01
1.910124079495809468e+01
1.908865411344892848e+01
1.904896768657213713e+01
1.884722170557234122e+01
1.901212029045039387e+01
1.896149151412882361e+01
1.900362418222746896e+01
1.912980358977522499e+01
1.917944335905485076e+01
1.925959754792975076e+01
1.923027486594513391e+01
1.927062519900759696e+01
1.929758645554495899e+01
1.887962924813432153e+01
1.906629137680793562e+01
1.905647276553575864e+01
1.901549758284175695e+01
1.892237289946831780e+01
1.910367616149274639e+01
1.918266473879813816e+01
1.926733563388905068e+01
1.937684585178593366e+01
1.935535857437527696e+01
1.938848303166834697e+01
1.934326612985747218e+01
1.941599433470803504e+01
1.938418924590390091e+01
1.939183693873209435e+01
1.936000723174838356e+01
1.943963678433340903e+01
1.944482095044315884e+01
1.941968870569731109e+01
1.948191906724626676e+01
1.946607026204730317e+01
1.948462042023509255e+01
1.951105436895290168e+01
1.949927310699536065e+01
1.951112079596603266e+01
1.952701998145951379e+01
1.952436138738556082e+01
1.951917662262007269e+01
1.952985937725865284e+01
1.952439378766018052e+01
1.952583749444255545e+01
1.951963066838266059e+01
1.951127644408544271e+01
1.951932064392003596e+01
1.949641203170334336e+01
1.948510921148509567e+01
1.949969207716751995e+01
1.946030684899159624e+01
1.944599398030142012e+01
1.946706774349491198e+01
1.868814450836472929e+01
1.905643954114904659e+01
1.883318723867482802e+01
1.880809679356875819e+01
1.887221483830950675e+01
1.895958627347383540e+01
1.898591552377259006e+01
1.893460519236271367e+01
1.873605132438377296e+01
1.915109569893031960e+01
1.916930046871675941e+01
1.921450927716827906e+01
1.918531835947257846e+01
1.931562075301237158e+01
1.932558345284871493e+01
1.928759854591932310e+01
1.879635732746937293e+01
1.883846247635020532e+01
1.899399694248004167e+01
1.903071003703485431e+01
1.897875289310311686e+01
1.893724659548794520e+01
1.914806494491262256e+01
1.914375874875824834e+01
1.910728214275955850e+01
1.918622612273741979e+01
1.927630178582700182e+01
1.925049778863812833e+01
1.929299840460181770e+01
1.940420159917659149e+01
1.934994934962725921e+01
1.932985501978706822e+01
1.936330795204576560e+01
1.934976578251219692e+01
1.941178192260331770e+01
1.946065264327245359e+01
1.949636642880104631e+01
1.951891846616310389e+01
1.952831989757578768e+01
1.952462132329628375e+01
1.950789111957962874e+01
1.947822036959724912e+01
1.941143597646198415e+01
1.942156218628661080e+01
1.943572116313021425e+01
1.859636852770555038e+01
1.864282182692328860e+01
1.906862669319248837e+01
1.908484792763142224e+01
1.904026728828230475e+01
1.876145662113690094e+01
1.889680336227685586e+01
1.901392941310108498e+01
1.913536319690561882e+01
1.923400508247647167e+01
1.924665356867489052e+01
1.920178003511829345e+01
1.927465988621705861e+01
1.891600215029364662e+01
1.889784469028206004e+01
1.885627191384731915e+01
1.871401373756694397e+01
1.875528021608093354e+01
1.909912522769765530e+01
1.908282784260945775e+01
1.904677564606668838e+01
1.895560287709600544e+01
1.912382030703976810e+01
1.919187162942329650e+01
1.916985016460868607e+01
1.920816279793408654e+01
1.923392690430302565e+01
1.931293517469411114e+01
1.939406361538286916e+01
1.938052729261804075e+01
1.936697408789213171e+01
1.937543177137497352e+01
1.934128019344340643e+01
1.942714044616732139e+01
1.943325143077139927e+01
1.940564532534195763e+01
1.947435614122129621e+01
1.945697337141934469e+01
1.947801220383952270e+01
1.950859755628636094e+01
1.950971080296236693e+01
1.949522974027255628e+01
1.952985511159624821e+01
1.952833024433997267e+01
1.952042030614445167e+01
1.953814783689463752e+01
1.953390294796843207e+01
1.953254222845886190e+01
1.953351681245176152e+01
1.953163806252488044e+01
1.952647801476403444e+01
1.951602489213660618e+01
1.951776833200711181e+01
1.950612598898313621e+01
1.948575724761136740e+01
1.949101484783838245e+01
1.947294111582275633e+01
1.944281953933180418e+01
1.942703666454551481e+01
1.945148215040321915e+01
1.874889783912780317e+01
1.867306895460482252e+01
1.871829282201958833e+01
1.911900239706126570e+01
1.879162442904085850e+01
1.889244630239000244e+01
1.892618501950149579e+01
1.886251011808863964e+01
1.902921099306879071e+01
1.904886480470966958e+01
1.899421424440396677e+01
1.913902937238994184e+01
1.918634857544156347e+01
1.915412880895226166e+01
1.929391034701301422e+01
1.930460141092066451e+01
1.926394111492021821e+01
1.883997518388060399e+01
1.881792041069630983e+01
1.887831372125472384e+01
1.877685951691144695e+01
1.902892107219722817e+01
1.901111302455218066e+01
1.906461066144960625e+01
1.897280018468905638e+01
1.914543424389854565e+01
1.923934982103162028e+01
1.921549835002273099e+01
1.925771447034210482e+01
1.931950273057888978e+01
1.933462011688104809e+01
1.929780632629748283e+01
1.938733769026665499e+01
1.936855133813842755e+01
1.939929394289802289e+01
1.933027127902240849e+01
1.939689768562768180e+01
1.945059697924723352e+01
1.949133154572455240e+01
1.951908415405625519e+01
1.953385940761751627e+01
1.953568792180924518e+01
1.952462147707455387e+01
1.950073410312889521e+01
1.946412134312009812e+01
1.941489907308312368e+01
1.850967009292592991e+01
1.855340147953857155e+01
1.866140380508875651e+01
1.862878973296732354e+01
1.870528097759702746e+01
1.910377513571241082e+01
1.882098833649119740e+01
1.896082610404406310e+01
1.908398285439152886e+01
1.920802968035802394e+01
1.922083712306257652e+01
1.917351556805971668e+01
1.925078470379770579e+01
1.893688557935679739e+01
1.892624356991430901e+01
1.888813155761447149e+01
1.863415453070492589e+01
1.867402609821384729e+01
1.876778357095484751e+01
1.880380731931289873e+01
1.874059889761923614e+01
1.914722854884138670e+01
1.908813616529812407e+01
1.912315635324289431e+01
1.898264360024303699e+01
1.916946565866844665e+01
1.919306889409629591e+01
1.927921454941273183e+01
1.935322677495537391e+01
1.934802474797770344e+01
1.935733439355996310e+01
1.932093762326099196e+01
1.941277607001849503e+01
1.938984400829028942e+01
1.941980641463101165e+01
1.946477652023536109e+01
1.946942604111037767e+01
1.944592499703746924e+01
1.950398398755693563e+01
1.950616072617283692e+01
1.948913282585004580e+01
1.953037887573506382e+01
1.952999528386399319e+01
1.951944605445276792e+01
1.954396465966686947e+01
1.954094138409668346e+01
1.953686168194581541e+01
1.954476687483354880e+01
1.954140196750989489e+01
1.953903219019993642e+01
1.953283300028092739e+01
1.952432286505382208e+01
1.953311125960703620e+01
1.950823203500511482e+01
1.949689046235314649e+01
1.951205554133099440e+01
1.947105382211745805e+01
1.945683276969360520e+01
1.947832238628545554e+01
1.942140796442756212e+01
1.940426771360358416e+01
1.943201953868448939e+01
1.858572954162912083e+01
1.878682597618111672e+01
1.872412507544224880e+01
1.876762585651239590e+01
1.883925117364370294e+01
1.899822113212557895e+01
1.901345897087780656e+01
1.894544658258337222e+01
1.910893030087660449e+01
1.906905476885456707e+01
1.912378250685263836e+01
1.915828381668993430e+01
1.927058784724749074e+01
1.928206972927959484e+01
1.923927887926031133e+01
1.888481047405342395e+01
1.886214020356340271e+01
1.891070149955432456e+01
1.870060336323635397e+01
1.882591688699294608e+01
1.910098989696161809e+01
1.906499033340580951e+01
1.912393273399467120e+01
1.899112793349953421e+01
1.896390151774199140e+01
1.900980304038898439e+01
1.919903441016183976e+01
1.917301172132491160e+01
1.921906128354633836e+01
1.928525399064161050e+01
1.930226004580831400e+01
1.926218848368464620e+01
1.935943057438024795e+01
1.937327778001694512e+01
1.933935872251661081e+01
1.930910741529139329e+01
1.938021402598841192e+01
1.943859983734008878e+01
1.948421094653089369e+01
1.951701655446234795e+01
1.953700860146793516e+01
1.954420166961569549e+01
1.953863227006635483e+01
1.952035868037531685e+01
1.948946038905620881e+01
1.944603722521131317e+01
1.939021207804354674e+01
1.859636672218930187e+01
1.862902308174153276e+01
1.855277576814426155e+01
1.842933067201898112e+01
1.846971785871095761e+01
1.874378359978453545e+01
1.876518494388802338e+01
1.870239539976110166e+01
1.887638124696981379e+01
1.888407199860446894e+01
1.883167271214059824e+01
1.893710256393412195e+01
1.905332492526112631e+01
1.918055346711554776e+01
1.919409427060221418e+01
1.914471366264308472e+01
1.922535563986094331e+01
1.855724763894705021e+01
1.848489452702575875e+01
1.893761827913800033e+01
1.859579534193021999e+01
1.869027842247928106e+01
1.866191186739119701e+01
1.872896018941169061e+01
1.882037453841222430e+01
1.879382532984181964e+01
1.885247500243344376e+01
1.914971955024351047e+01
1.904588111865713529e+01
1.924190382401249266e+01
1.932211943553062738e+01
1.932724227078640311e+01
1.933745493149901762e+01
1.929887237084504292e+01
1.939646545296975688e+01
1.937220250475357375e+01
1.940445532320821442e+01
1.945312711593999211e+01
1.945879807369918169e+01
1.943290780794538009e+01
1.949717233717838383e+01
1.950043460673982310e+01
1.948092819912141849e+01
1.952856822226770106e+01
1.952933861906881674e+01
1.951622619803336534e+01
1.954730408136462572e+01
1.954550648050329187e+01
1.953878671898881692e+01
1.955339109154232702e+01
1.954895654302700692e+01
1.954861711474998387e+01
1.954686200509929961e+01
1.953972890382812366e+01
1.954574657055159292e+01
1.952777077621070489e+01
1.951788503010664755e+01
1.953022584852735477e+01
1.949619203590979666e+01
1.948350716368804214e+01
1.950212681626956979e+01
1.945222032672726087e+01
1.943669740090966513e+01
1.946154172281570993e+01
1.939596922074615648e+01
1.937758057150788460e+01
1.940858220038834148e+01
1.851274407501251318e+01
1.866990127630833385e+01
1.880989170111777042e+01
1.835617033336354709e+01
1.839287711990385787e+01
1.896316016367637403e+01
1.898045198158692770e+01
1.891973148188109732e+01
1.907802608982127879e+01
1.909326182814204742e+01
1.903809413315910248e+01
1.912905842337784534e+01
1.924553435226563280e+01
1.925786792660253255e+01
1.921299989333087055e+01
1.852127522655411695e+01
1.841786638213678629e+01
1.845128039102609563e+01
1.893617264054832106e+01
1.891025935005347947e+01
1.896353025644208756e+01
1.862357543236860380e+01
1.875501829107615848e+01
1.887789561739000277e+01
1.915493556493051841e+01
1.912783013255827314e+01
1.917684082763323516e+01
1.905106530625335282e+01
1.902098213632799428e+01
1.907585873874100102e+01
1.924717172858250080e+01
1.922297379119651595e+01
1.926608188946355327e+01
1.932757028690564738e+01
1.930628846838628476e+01
1.934338221630622812e+01
1.928616270529965604e+01
1.936164210086537807e+01
1.942459569842928246e+01
1.947495763846557892e+01
1.951268400400461545e+01
1.953775299788696529e+01
1.955016488534579366e+01
1.954994166353321461e+01
1.953712671698295011e+01
1.951178438695756512e+01
1.947399932830602154e+01
1.942387565686467354e+01
1.936153596066369431e+01
1.854871082492238088e+01
1.848931803022971110e+01
1.857265171731751607e+01
1.869652703143093930e+01
1.871998076808868561e+01
1.864627452842684718e+01
1.883695006562339813e+01
1.885643793256048184e+01
1.879028429737976325e+01
1.845290883436582874e+01
1.902033869084990059e+01
1.889977638020022255e+01
1.915144020428682126e+01
1.916578757074131545e+01
1.911468649910753470e+01
1.919824520742578144e+01
1.862166823384329817e+01
1.858966915861725155e+01
1.855329646308659619e+01
1.855078495990708021e+01
1.851808172759045945e+01
1.848408661793019192e+01
1.899334359804738881e+01
1.865603206318601082e+01
1.875406176743440767e+01
1.878702528358255108e+01
1.872193586232870288e+01
1.887876433426550093e+01
1.884935100183030343e+01
1.890728984064298146e+01
1.910270021988989342e+01
1.920078486214586277e+01
1.928712022440894813e+01
1.930451759691175795e+01
1.931568909054789174e+01
1.927497057217080823e+01
1.937811979982926047e+01
1.938711493536750297e+01
1.935262696280621242e+01
1.943934035742090671e+01
1.944606777962906463e+01
1.941784888517677032e+01
1.948811250336681766e+01
1.949248673203487314e+01
1.947056458494202147e+01
1.952439078383782700e+01
1.952633257694797919e+01
1.951072389733063872e+01
1.954815121609548356e+01
1.954758793962256647e+01
1.953829841347614504e+01
1.955939126842826425e+01
1.955328155632382447e+01
1.955625712440932062e+01
1.955812965243211821e+01
1.955568830447794682e+01
1.955236585016482209e+01
1.954440601575800329e+01
1.953596090947514696e+01
1.954555489595929529e+01
1.951828051470132053e+01
1.952293842847699068e+01
1.950710969613673740e+01
1.947983322555749908e+01
1.948791630095307781e+01
1.946589953108206572e+01
1.942916339665162795e+01
1.941243684705829864e+01
1.944058545451418851e+01
1.936638854600282400e+01
1.934684619761741686e+01
1.938106148064240841e+01
1.829099555840443259e+01
1.832356105286669745e+01
1.862258483110601048e+01
1.876644793780497267e+01
1.846244439727141540e+01
1.850606145398496949e+01
1.840927464152381887e+01
1.904507934398861835e+01
1.906132663089292123e+01
1.900406919542073680e+01
1.892658441106462774e+01
1.894462970057727702e+01
1.888170495990910425e+01
1.909799857033656423e+01
1.921862154177806303e+01
1.918497285851860212e+01
1.923187260921876884e+01
1.835576892381581260e+01
1.838642593182373730e+01
1.858651665168121525e+01
1.848716485297206802e+01
1.851913103877765465e+01
1.845253698862343583e+01
1.899717486041379644e+01
1.896650033318363882e+01
1.902395043366548322e+01
1.868768466217968438e+01
1.881598118533193187e+01
1.893758970402127417e+01
1.910686495938745111e+01
1.907881263371363190e+01
1.913074474506992217e+01
1.920507960020666616e+01
1.922598365484671490e+01
1.917986244399212481e+01
1.929164355078949455e+01
1.930947765617713330e+01
1.926926921198040787e+01
1.934108288956996446e+01
1.926131872207681539e+01
1.940850670837311043e+01
1.946351286006306935e+01
1.950604521595905538e+01
1.953606904867544003e+01
1.955357110845059410e+01
1.955855950502637342e+01
1.955106344600141810e+01
1.953113287153792044e+01
1.949883794905176515e+01
1.945426840340184427e+01
1.939753269504173261e+01
1.932875709873783165e+01
1.837677473971622888e+01
1.863133349796154192e+01
1.866391318158325063e+01
1.858974191917838681e+01
1.879617665615260691e+01
1.881629327159082621e+01
1.874627507884861188e+01
1.854712324229075548e+01
1.898555200332276627e+01
1.886105790464405629e+01
1.912053977553278727e+01
1.908274762705201866e+01
1.913576889417499061e+01
1.916931225023040497e+01
1.842121443076634080e+01
1.868225206244503056e+01
1.861653962286314012e+01
1.865216588003671205e+01
1.860697191720138477e+01
1.854689882189705230e+01
1.857902264000261994e+01
1.905170171578988203e+01
1.871820729785216741e+01
1.881254851383642901e+01
1.878303592011381440e+01
1.884550205515024857e+01
1.893913819708183155e+01
1.890875042972118791e+01
1.896798564324904390e+01
1.915567516356225752e+01
1.924808467047498439e+01
1.935764101657143499e+01
1.936769178901487010e+01
1.933101385915346171e+01
1.927973296562313266e+01
1.929192353509547431e+01
1.924910927109920067e+01
1.942333759647356572e+01
1.943116211760771606e+01
1.940066452238913186e+01
1.947674480802490393e+01
1.948226213119411199e+01
1.945797842582188508e+01
1.951780530787277712e+01
1.952094038697517320e+01
1.950289353133410586e+01
1.954648257904155528e+01
1.954716659901115605e+01
1.953536887501049790e+01
1.956276103780395559e+01
1.955538469963095594e+01
1.956093168336006727e+01
1.956664597450981091e+01
1.956224762454396071e+01
1.956294241350063245e+01
1.955816335173331311e+01
1.955114721844424608e+01
1.955806438556101767e+01
1.953735947501742132e+01
1.954079362757793703e+01
1.952768369401795923e+01
1.950430052801053193e+01
1.949193018808175282e+01
1.951119334776059588e+01
1.945907196469211087e+01
1.944397906798922904e+01
1.946934635151361803e+01
1.940177776826678979e+01
1.938394110927101366e+01
1.941535429506378208e+01
1.933253961336685833e+01
1.931194461568881238e+01
1.934933681435061814e+01
1.823499147450259983e+01
1.826268900365751691e+01
1.839303941083842986e+01
1.834189721145647667e+01
1.842763860123974951e+01
1.871367824044018846e+01
1.851915060642421196e+01
1.849056130121946495e+01
1.857476693766659537e+01
1.901040000583731882e+01
1.896842509318949510e+01
1.902750167296962402e+01
1.888834288423593932e+01
1.890721118047343197e+01
1.884218943568770754e+01
1.906518148223051767e+01
1.918971141049132001e+01
1.915505381177997535e+01
1.920395030301716943e+01
1.829928499827437349e+01
1.832721728995468879e+01
1.845305386059570552e+01
1.840449708177185784e+01
1.846976627832893314e+01
1.864488918021381636e+01
1.856766981447555054e+01
1.858756611556773564e+01
1.852806687244621031e+01
1.905462468922918262e+01
1.902572866255724549e+01
1.908057935296053031e+01
1.874716501854830497e+01
1.887548359852884161e+01
1.899654030880401834e+01
1.915880128115365366e+01
1.913267187887026921e+01
1.918178859508411449e+01
1.925149596976677202e+01
1.922813444649103687e+01
1.927143061674700775e+01
1.939024451775576452e+01
1.931842854831761969e+01
1.923444755094079284e+01
1.944980747620769890e+01
1.949704977102583925e+01
1.953192445540673106e+01
1.955440547523389938e+01
1.956448769288350675e+01
1.956218675473980539e+01
1.954753882474969373e+01
1.952060018811618747e+01
1.948144671513344051e+01
1.943017318499012092e+01
1.936689249210666119e+01
1.929173477304293627e+01
1.831355824045486358e+01
1.845568893716581371e+01
1.875457126521180840e+01
1.877504324061690610e+01
1.869300392516450771e+01
1.860913837721614783e+01
1.861989327113242965e+01
1.856405264762710416e+01
1.894906287092446107e+01
1.882109245111007567e+01
1.908769362275623038e+01
1.910388489860787331e+01
1.904897000636769278e+01
1.913840922811475309e+01
1.837605211254376059e+01
1.851081850506333737e+01
1.874408950560608744e+01
1.867551201152547691e+01
1.871336385115560930e+01
1.867128131046335682e+01
1.861969337636443100e+01
1.863937271389120909e+01
1.910638956489872342e+01
1.877832510906440788e+01
1.887673626333018717e+01
1.884444587656050629e+01
1.890775135087814363e+01
1.899801824472856993e+01
1.896839096258959145e+01
1.902614752992644043e+01
1.920484656258185652e+01
1.940503159448372728e+01
1.941399814859906314e+01
1.938126209715703041e+01
1.933492262099245451e+01
1.934608360190991405e+01
1.930725112158474133e+01
1.925276240915540882e+01
1.926603637130257596e+01
1.922115653276177838e+01
1.946300093452470037e+01
1.946969680795923097e+01
1.944309627916233296e+01
1.950876202544902327e+01
1.951311655305331527e+01
1.949268041967500764e+01
1.954226643117962325e+01
1.954421486961616949e+01
1.952996164313152505e+01
1.956348612004912013e+01
1.956296992099954934e+01
1.955490769393177075e+01
1.957241352996416595e+01
1.956938055128876286e+01
1.956750702169972556e+01
1.956906148457742489e+01
1.956346614176386822e+01
1.956776870919042821e+01
1.955346297215910312e+01
1.955572226065371666e+01
1.954526633509352251e+01
1.952567079166786357e+01
1.953141726009521051e+01
1.951484062613880255e+01
1.948575706590126799e+01
1.947226781495621850e+01
1.949492289486839169e+01
1.943381262631410422e+01
1.941764532830593382e+01
1.944632734322208023e+01
1.936994628530085549e+01
1.935108843501174647e+01
1.938573703892428668e+01
1.929428402029425627e+01
1.927272938748289732e+01
1.931327584426111343e+01
1.818836031155348820e+01
1.821126604941607141e+01
1.833304987024093435e+01
1.836294869123581464e+01
1.828386582891386780e+01
1.847937698200266254e+01
1.849902814168308041e+01
1.843608358211445974e+01
1.868156446693745565e+01
1.854383012030385913e+01
1.897381520765254237e+01
1.893099581872909098e+01
1.899185875941968149e+01
1.884822895149812894e+01
1.880131082206316151e+01
1.886801938126839673e+01
1.903043997762552308e+01
1.915865854179237360e+01
1.917395929432900203e+01
1.912309076636920224e+01
1.824889134203437990e+01
1.827384960863123808e+01
1.841127380511154144e+01
1.843188636829207994e+01
1.835553543256846254e+01
1.857637386149954750e+01
1.851489991354998210e+01
1.857177950372003039e+01
1.870792999157751169e+01
1.862416743585909629e+01
1.910815594097622494e+01
1.908121334546622450e+01
1.913331801070614091e+01
1.881022052484709661e+01
1.893700528679543638e+01
1.905273901722916108e+01
1.920696809066698663e+01
1.918271656188179364e+01
1.922908416482174232e+01
1.943376376468719968e+01
1.936971232009078747e+01
1.929356289648564626e+01
1.920541354078779150e+01
1.948563868276220035e+01
1.952527852183584045e+01
1.955264503503687479e+01
1.956772042486504048e+01
1.957050733293717570e+01
1.956102868657992389e+01
1.953932741097148096e+01
1.950546600857070700e+01
1.945952600720649883e+01
1.940160728669718537e+01
1.933182730444028508e+01
1.925032024580933054e+01
1.826022765409703297e+01
1.840618424767975725e+01
1.871148658353805416e+01
1.873272871116794747e+01
1.866021730690829372e+01
1.856496286872311785e+01
1.858676935159907373e+01
1.852194980325265306e+01
1.891068439039538873e+01
1.877948564992627567e+01
1.905273701725444013e+01
1.901318460340320726e+01
1.906997405255052769e+01
1.910538110975701542e+01
1.833011296863161377e+01
1.849364246694120339e+01
1.880929720264291660e+01
1.874031204001768813e+01
1.877689587563848406e+01
1.873741944032862605e+01
1.865680887705453728e+01
1.870457790855109792e+01
1.915723606251214406e+01
1.884303546165959276e+01
1.893683590737209244e+01
1.890658282223259334e+01
1.896724516792042792e+01
1.905295190503015945e+01
1.902529248567643805e+01
1.908038568095610898e+01
1.944680456408250890e+01
1.942583640474436280e+01
1.945471844918220938e+01
1.938432723273201930e+01
1.935954084973396050e+01
1.939448469239540884e+01
1.930985051950409215e+01
1.932218007270806126e+01
1.928121875972033195e+01
1.922347284185698868e+01
1.923789804847894302e+01
1.919097313893117374e+01
1.949720314346091854e+01
1.948002154358082549e+01
1.950280730305541965e+01
1.953546313995255090e+01
1.952203205004128250e+01
1.953869708126651261e+01
1.956154459353868091e+01
1.956235375705619717e+01
1.955182373797191531e+01
1.957542759226162943e+01
1.957376357075904494e+01
1.956937265152465955e+01
1.957711230158304971e+01
1.957293300239232892e+01
1.957467511189587483e+01
1.956661885352326635e+01
1.956774761964922149e+01
1.955988860533228646e+01
1.954398710126153915e+01
1.954862662119566963e+01
1.953467670642748999e+01
1.950927624300548402e+01
1.949736297451523725e+01
1.951736814341252568e+01
1.946256431940764386e+01
1.944803186133628969e+01
1.947404729841475302e+01
1.940394759264854230e+01
1.938678592648404830e+01
1.941875766497407341e+01
1.933353981897263196e+01
1.935161056094567300e+01
1.931374506466667640e+01
1.925147142138542833e+01
1.927273422326410923e+01
1.922904565051929993e+01
1.815048302172172612e+01
1.816901560303455554e+01
1.832060538024616392e+01
1.832643948505392117e+01
1.825462397349199151e+01
1.843911047561797645e+01
1.838649479974861833e+01
1.845917954599607214e+01
1.863780648806644891e+01
1.850178233624106383e+01
1.893515077383634093e+01
1.889159076807322890e+01
1.895422471796368669e+01
1.880609298201651569e+01
1.875868119375146037e+01
1.882688609409054337e+01
1.899360487488863569e+01
1.912531104844461893e+01
1.914175088001401903e+01
1.908892541004268395e+01
1.820492323774215748e+01
1.822673963400318087e+01
1.836342997859907555e+01
1.838723811840678835e+01
1.830667657755165934e+01
1.851112328374378890e+01
1.846137104291569386e+01
1.854352007130005831e+01
1.877359663414430813e+01
1.866086664374013182e+01
1.861850732007942355e+01
1.869916660422601495e+01
1.915788853598271757e+01
1.918227289064726193e+01
1.913283952131668997e+01
1.887288542033184413e+01
1.899452203778892923e+01
1.910507165430741594e+01
1.947174494157734159e+01
1.941529605084348020e+01
1.934680554670561392e+01
1.926636236928246504e+01
1.917407420056782286e+01
1.951608258404474228e+01
1.954825906124144197e+01
1.956824442780169448e+01
1.957602881248897830e+01
1.957162237685493622e+01
1.955505513652739680e+01
1.952637665000332134e+01
1.948565557874325904e+01
1.943297912440813846e+01
1.936845235359016115e+01
1.929219742082817390e+01
1.920435268194910350e+01
1.823538168144666116e+01
1.838020446551631437e+01
1.866563240130054879e+01
1.868825528525613677e+01
1.861514913922293246e+01
1.849348524949932937e+01
1.852915431197130047e+01
1.846608783303276624e+01
1.887025860068509786e+01
1.873546243722716653e+01
1.901549974988610714e+01
1.903386896645441340e+01
1.897521926049613938e+01
1.907006684053266099e+01
1.828455173571938985e+01
1.843732543193927143e+01
1.858572503500669271e+01
1.887041144602116205e+01
1.880395034110465247e+01
1.884006744106516962e+01
1.879935972484447859e+01
1.872991347613065116e+01
1.876861712004425087e+01
1.890365593748873607e+01
1.899298616141949481e+01
1.896470288518712977e+01
1.902279433077768900e+01
1.910407440633395026e+01
1.913081964923785705e+01
1.907831598699420539e+01
1.948306334167581610e+01
1.946484611586456737e+01
1.948995108442681712e+01
1.942807195421322319e+01
1.940610940638734405e+01
1.943724702272902860e+01
1.936112219956851632e+01
1.933539261266183829e+01
1.937252302519910074e+01
1.928230379718678122e+01
1.925278980650196203e+01
1.929586368140054731e+01
1.919172482976787819e+01
1.920737228953857567e+01
1.915841345960694042e+01
1.952602556780971454e+01
1.951152766009143136e+01
1.953056985841622151e+01
1.955690717800511180e+01
1.955905760519157965e+01
1.954609840178009961e+01
1.957567633713888355e+01
1.957538842672198953e+01
1.956852245289266534e+01
1.958232096650631249e+01
1.957955634945140133e+01
1.957878383154192292e+01
1.957684873551523808e+01
1.957157526491738864e+01
1.957688647183848119e+01
1.955928692503279365e+01
1.955147873836709493e+01
1.956285410001251179e+01
1.952968215662070506e+01
1.951931968525930117e+01
1.953672997603596073e+01
1.948809999588045727e+01
1.947516992142296033e+01
1.949857650689799016e+01
1.943462443446959043e+01
1.941911959324475845e+01
1.944847473599560317e+01
1.936935725751952830e+01
1.935127649711149544e+01
1.938652371622485759e+01
1.929241730163571233e+01
1.931283977552317666e+01
1.927176529452824028e+01
1.920393960005327116e+01
1.918072660903719040e+01
1.922755567597361193e+01
1.812259906136694099e+01
1.813603364018102226e+01
1.823668184921118041e+01
1.819378772290791701e+01
1.827877650960158462e+01
1.840726801937394086e+01
1.857934740233616466e+01
1.889419063297725287e+01
1.891440506067495875e+01
1.885002696360190555e+01
1.876154827267975378e+01
1.878354035811981149e+01
1.871346895283933875e+01
1.895448367342534723e+01
1.908951110210961133e+01
1.905239378519283733e+01
1.910717023228277611e+01
1.816768817669493075e+01
1.818623600970009946e+01
1.833155904082279974e+01
1.826876866132606381e+01
1.834730082938125406e+01
1.845593804425930173e+01
1.848371833491146532e+01
1.841049426885073359e+01
1.858402733139833174e+01
1.854732833493280353e+01
1.862211013262754022e+01
1.883515064175091069e+01
1.872352729781353275e+01
1.876148495336412836e+01
1.869193800987754628e+01
1.893152520153807572e+01
1.904816040336036309e+01
1.915365951783114795e+01
1.950428045328024496e+01
1.945529405361073216e+01
1.939431134080694719e+01
1.932141261043484448e+01
1.923669681077241478e+01
1.914028094026672377e+01
1.954120938692307874e+01
1.956603919234019173e+01
1.957874790664859432e+01
1.957933332964226381e+01
1.956781295127519726e+01
1.954422374733869816e+01
1.950862184535032640e+01
1.946108206658410111e+01
1.940169735013191854e+01
1.933057806539886769e+01
1.924785121439261815e+01
1.817975507369651211e+01
1.835845598478330132e+01
1.833916645645926025e+01
1.829752056252343095e+01
1.842549117752568932e+01
1.861778043293885077e+01
1.864136187288378821e+01
1.855561300793096891e+01
1.882748450380161742e+01
1.868922755788419110e+01
1.897580533984324447e+01
1.899539628089663523e+01
1.893487800333956272e+01
1.903229934765489872e+01
1.825010556237690551e+01
1.839453444239872226e+01
1.851994669691544360e+01
1.865316415511155057e+01
1.892759577492495637e+01
1.889922235142322293e+01
1.886352396688853972e+01
1.885742164246638453e+01
1.882862521785414245e+01
1.879027958808657317e+01
1.896033533849042030e+01
1.904533147037295038e+01
1.907453586141824076e+01
1.901894730697928182e+01
1.915151472462407156e+01
1.917757218030555322e+01
1.912759388850707154e+01
1.951389947336271291e+01
1.949838871904310977e+01
1.951978251568846545e+01
1.946627027202842797e+01
1.947447906208461177e+01
1.944707612044772915e+01
1.940671252422225024e+01
1.941719536107318334e+01
1.938381886896529593e+01
1.933530764482709330e+01
1.930870253566810035e+01
1.934800755614401524e+01
1.925215537307678559e+01
1.922183103884162492e+01
1.926701042078625292e+01
1.915737315273373298e+01
1.917431676828587328e+01
1.912332601295815948e+01
1.954953753152179985e+01
1.953768996901546018e+01
1.955304866343696091e+01
1.957314104120880671e+01
1.956493244411896271e+01
1.957423985907940533e+01
1.958468601871636139e+01
1.958333805269279893e+01
1.958008824229116840e+01
1.958416799878667192e+01
1.958034483492693312e+01
1.958314910234705053e+01
1.957160199892941677e+01
1.956528135093873288e+01
1.957412638163742358e+01
1.954702235224176832e+01
1.953818808114482408e+01
1.955305090413908786e+01
1.951048241237742076e+01
1.949912449532529024e+01
1.951997267718253681e+01
1.946205413605355616e+01
1.944816858459227760e+01
1.947496048412483205e+01
1.940182754661870490e+01
1.941810135695216033e+01
1.938541627653302157e+01
1.932991008415334733e+01
1.934949993481243169e+01
1.931098073889462441e+01
1.924642584592619698e+01
1.922499157215862198e+01
1.926927771264938016e+01
1.810398488072180356e+01
1.811266178925916392e+01
1.828173605589030970e+01
1.825874959932367503e+01
1.820240516511183770e+01
1.831985496084883991e+01
1.846306343212217982e+01
1.847782946773131130e+01
1.841069388458872069e+01
1.853996600547538520e+01
1.885076611014593340e+01
1.887220550871981573e+01
1.880602763574615111e+01
1.871456775504342218e+01
1.873776671227061641e+01
1.866603570857682115e+01
1.891290269590066231e+01
1.905109538824665805e+01
1.907005676226819446e+01
1.901332603675691146e+01
1.813735650439107161e+01
1.815260107554292901e+01
1.829739059968498793e+01
1.831440755471488657e+01
1.823306050175061443e+01
1.847044759117651225e+01
1.840135557746707207e+01
1.846315891886798255e+01
1.852736302296434445e+01
1.863948973720070157e+01
1.868134666351473783e+01
1.861139804348291804e+01
1.889278829358427458e+01
1.878232336671701930e+01
1.881992220476140787e+01
1.875266078725560348e+01
1.898629808869893054e+01
1.909805669974123177e+01
1.919862532713733927e+01
1.953145075382435891e+01
1.948980886662681300e+01
1.943620458400472373e+01
1.937070994585808847e+01
1.929341557214634051e+01
1.920443010563155539e+01
1.910387953187819576e+01
1.956107722064685461e+01
1.957865455893178463e+01
1.958416854096482851e+01
1.957762444961865356e+01
1.955904697699475037e+01
1.952847999261816625e+01
1.948598618683861261e+01
1.943164659331944222e+01
1.936555999533384309e+01
1.928784222037203833e+01
1.819246145722831898e+01
1.837203884339485782e+01
1.856740296934526313e+01
1.851508511307685012e+01
1.859227671501849599e+01
1.878225683750685349e+01
1.864054859911349027e+01
1.893347255281465280e+01
1.895437704438454674e+01
1.889198564656846102e+01
1.899190634495320751e+01
1.821782385252815573e+01
1.838408283149545142e+01
1.855466865443374047e+01
1.871047350920239438e+01
1.898099987953715484e+01
1.895452067128075058e+01
1.891926874629639599e+01
1.891174163760930327e+01
1.884684540357269000e+01
1.888481952280878318e+01
1.901322149560578012e+01
1.909401135149556694e+01
1.906945766320052726e+01
1.912260413066735865e+01
1.919540085893459036e+01
1.922076564494947348e+01
1.917325468408997935e+01
1.953939256388332879e+01
1.954428721955398984e+01
1.952654979475291341e+01
1.949902391338288865e+01
1.950627746026933451e+01
1.948254860485372575e+01
1.944674504291520378e+01
1.945631561143735055e+01
1.942662684742638746e+01
1.938262941092646585e+01
1.939446973411579478e+01
1.935886196455581043e+01
1.930676877873658981e+01
1.932082645585772340e+01
1.927934971522875074e+01
1.921927263772478867e+01
1.918820357915274855e+01
1.923549043731342678e+01
1.912026750295501643e+01
1.913858370988396018e+01
1.908555403202142742e+01
1.956779629391083120e+01
1.957029580924605128e+01
1.955857176657447738e+01
1.958419948600641192e+01
1.958427340844244569e+01
1.957857501052523119e+01
1.958858579955859724e+01
1.958620960092301644e+01
1.958653936940783069e+01
1.958095823340486064e+01
1.957611338862449912e+01
1.958246411827163413e+01
1.956133905877949175e+01
1.955401307463783667e+01
1.956636791279405685e+01
1.952976962410823702e+01
1.951995601786560641e+01
1.953828860803138667e+01
1.948631003546446649e+01
1.947400826435405108e+01
1.949828295089460894e+01
1.943103871576397879e+01
1.941625405837837803e+01
1.944642615080206483e+01
1.936405184691252401e+01
1.934679523822819291e+01
1.938281133230770692e+01
1.928546269988461148e+01
1.930754887488131288e+01
1.926575052111893172e+01
1.825524355278160016e+01
1.826795174074482730e+01
1.817996221072353080e+01
1.809347811508097692e+01
1.809837958706721395e+01
1.841116776243501008e+01
1.843670676157222132e+01
1.834648942038015207e+01
1.848877041788289333e+01
1.880467034085057065e+01
1.882743967221722414e+01
1.875947437800796536e+01
1.866486161425295620e+01
1.868942133229030489e+01
1.861597515850550266e+01
1.886866865441662711e+01
1.900989608243379081e+01
1.903024488641818479e+01
1.897154768152686799e+01
1.811440885237899323e+01
1.812606451459252099e+01
1.825276028757319224e+01
1.827515265172183945e+01
1.819572422047136584e+01
1.840443668822851819e+01
1.835120789944785002e+01
1.843717486962887264e+01
1.855398199595386544e+01
1.851214268980570310e+01
1.859653766508107964e+01
1.870104491573448158e+01
1.867001448874080438e+01
1.874149224689728399e+01
1.894666477674496008e+01
1.883741335082030943e+01
1.880961500408468368e+01
1.887464307775537620e+01
1.903734859181680505e+01
1.914434476709076094e+01
1.924009084751782694e+01
1.951893117140440737e+01
1.955332428938999456e+01
1.947259793136528927e+01
1.941438867904485122e+01
1.934438606380782133e+01
1.926269076022300908e+01
1.916942082910432177e+01
1.906471094803981003e+01
1.957573210579161938e+01
1.958612863094260348e+01
1.958450719327808542e+01
1.957088043682615464e+01
1.954528019009973150e+01
1.950775720818311854e+01
1.945838079219880612e+01
1.939723828943809281e+01
1.932443447886678101e+01
1.817432780211617782e+01
1.833273710778898291e+01
1.851756066194876027e+01
1.854215585627568430e+01
1.846424923629965775e+01
1.873433829801798822e+01
1.859074084676856842e+01
1.888831608159602382e+01
1.891062819655117622e+01
1.884634624354949040e+01
1.894871147547572221e+01
1.818433554346650638e+01
1.832889207316033975e+01
1.847892760413023439e+01
1.809919372462738707e+01
1.810703281432726541e+01
1.862708344675854022e+01
1.876878547449533841e+01
1.903077604721062244e+01
1.897132792089995945e+01
1.900611362993296538e+01
1.896248795105001506e+01
1.889977689944818451e+01
1.893735437860302540e+01
1.906246032714736671e+01
1.913916614309650299e+01
1.911637380762948624e+01
1.916713318819271095e+01
1.923586000367276938e+01
1.921542599512724081e+01
1.926052130862332845e+01
1.952642275147506723e+01
1.953272696576101097e+01
1.951262266377582932e+01
1.955961021995537052e+01
1.956352763767887737e+01
1.954940295240506387e+01
1.948133165251378784e+01
1.948999059792726385e+01
1.946393427546929189e+01
1.942440270849075645e+01
1.943537880539972917e+01
1.940340741661405133e+01
1.935572002868046582e+01
1.936897040648288026e+01
1.933113003296569232e+01
1.927538550898170300e+01
1.924720783188602624e+01
1.929086227023967481e+01
1.918351817055140174e+01
1.915176359881602863e+01
1.920116869959517913e+01
1.908025337653453590e+01
1.910002068596791602e+01
1.904493639030676277e+01
1.958084701001885364e+01
1.958235125909898144e+01
1.957422426328742304e+01
1.959010509660946653e+01
1.958917563216681401e+01
1.958705477444017973e+01
1.958737563931281755e+01
1.958399782798264610e+01
1.958788189789056489e+01
1.957266901186674346e+01
1.957671232563745889e+01
1.956683416789030971e+01
1.954601470471707358e+01
1.955357194736507154e+01
1.953772007707739178e+01
1.950746110248143594e+01
1.951850564137242827e+01
1.949670981348788601e+01
1.945707513751061057e+01
1.947157694147928098e+01
1.944387607389564110e+01
1.939494182338571093e+01
1.937930948145319832e+01
1.941286758320548955e+01
1.932116367257452083e+01
1.930311795916205497e+01
1.934247693340277863e+01
1.822308210185010680e+01
1.815908312060893337e+01
1.823899235199385416e+01
1.836667757235947462e+01
1.831097289512551640e+01
1.838852277860746298e+01
1.809297672209455499e+01
1.809260543418076495e+01
1.844162679671688920e+01
1.875578100812605342e+01
1.871016326692749487e+01
1.877994217796888776e+01
1.861274506001949192e+01
1.856497233784915579e+01
1.863851058151536932e+01
1.882162724320341951e+01
1.896574195401007046e+01
1.898756503428032261e+01
1.892688046929290735e+01
1.824124110215188566e+01
1.817860518225846889e+01
1.824723097815319406e+01
1.834976524319107938e+01
1.837718607130131332e+01
1.830189372040126372e+01
1.847147491304603051e+01
1.843774649541632726e+01
1.851250466189703303e+01
1.817126629952640471e+01
1.861380428102100026e+01
1.858359619755150405e+01
1.865724607499781840e+01
1.875677793113062108e+01
1.872864709462885813e+01
1.879692225411345063e+01
1.899693824432057809e+01
1.888900482166426897e+01
1.886295716064443084e+01
1.892582421406054038e+01
1.908482296545588852e+01
1.918715830943128609e+01
1.927817642773195317e+01
1.950359227906713855e+01
1.954273971861413273e+01
1.956995745055190028e+01
1.945257157561423256e+01
1.938975259193345124e+01
1.931522837593053765e+01
1.922910944056210880e+01
1.913152304192950126e+01
1.902261233470895263e+01
1.958520792057026938e+01
1.958847268790947282e+01
1.957975252086512441e+01
1.955906736283649749e+01
1.952645617195739902e+01
1.948197663644373989e+01
1.942570476761521903e+01
1.935773437492403204e+01
1.815850092422996198e+01
1.829469623902781805e+01
1.846222004499530911e+01
1.848953568173253004e+01
1.841424842515556293e+01
1.868381997934613636e+01
1.853694346946237914e+01
1.884014890208972659e+01
1.886396345213439929e+01
1.879780465271091217e+01
1.890253549672034339e+01
1.829635102484695253e+01
1.841049993261568929e+01
1.854211056285037884e+01
1.809191242275170808e+01
1.809597664986020860e+01
1.824480981625455200e+01
1.824336803232261772e+01
1.817276953612797286e+01
1.868485445465562478e+01
1.882246640920607561e+01
1.907707735674378924e+01
1.901986207805476425e+01
1.905415395876816120e+01
1.900982581851796027e+01
1.894925292817793050e+01
1.898639683594205607e+01
1.910819844011051671e+01
1.918093530197672081e+01
1.915983571320804302e+01
1.920825634653802538e+01
1.927301762105451743e+01
1.925423418503100592e+01
1.929695863408974787e+01
1.951057245950561381e+01
1.949584715672454394e+01
1.951831531758985250e+01
1.954854471414919459e+01
1.953738219979658552e+01
1.955390035260318271e+01
1.957460798548791914e+01
1.956700976946791215e+01
1.957755412538566375e+01
1.946074956521138333e+01
1.947085173934220137e+01
1.944246671405688431e+01
1.939915275715060616e+01
1.941158090309669859e+01
1.937732130162139299e+01
1.932587664749767598e+01
1.934059220498042819e+01
1.930050918880611377e+01
1.924103310832564517e+01
1.921214584044343709e+01
1.925799257010358900e+01
1.914475054176083546e+01
1.911236316024932691e+01
1.916390575588659573e+01
1.903717303160424379e+01
1.900130862434897949e+01
1.905847153390449833e+01
1.958872269358026941e+01
1.958924281656514310e+01
1.958468654570851442e+01
1.959086827202095549e+01
1.958895171286562942e+01
1.959038822962213189e+01
1.958104329808502087e+01
1.958410968982787992e+01
1.957668528667852215e+01
1.955926549051565644e+01
1.955246714639631023e+01
1.956586497586284068e+01
1.952557158334740706e+01
1.953568720635343325e+01
1.951633986200082660e+01
1.948001707354954704e+01
1.949362833157547215e+01
1.946836466546733035e+01
1.942267584553292536e+01
1.943975877236321281e+01
1.940862102949509449e+01
1.935363967553608688e+01
1.933720612821517904e+01
1.937416693893996467e+01
1.829457806082915994e+01
1.825887545552352975e+01
1.819390193861741167e+01
1.833054916801060941e+01
1.809984557207055289e+01
1.809604041409771114e+01
1.837805409550794877e+01
1.870372870122714559e+01
1.865806229819598627e+01
1.872947024465823773e+01
1.855722689016271687e+01
1.850953392273955345e+01
1.858466722945658489e+01
1.877150221555582377e+01
1.891845947173582942e+01
1.894184478320060094e+01
1.887914414446048283e+01
1.837459360079472148e+01
1.830859926408326999e+01
1.836261480174920635e+01
1.842344225680737324e+01
1.852527982449819532e+01
1.856922438814323684e+01
1.849793832990473774e+01
1.816950919098509942e+01
1.831091697096455206e+01
1.867081096888973235e+01
1.871361236807294759e+01
1.864202585300867199e+01
1.880910583674140213e+01
1.884889321121622174e+01
1.878267732307715576e+01
1.904376817435046121e+01
1.893727143736540697e+01
1.891288851186686415e+01
1.897363800526042255e+01
1.912886745683451650e+01
1.922662980136766819e+01
1.931300026242709578e+01
1.948536970911158051e+01
1.952927665114163247e+01
1.956130125090530214e+01
1.958139452221491794e+01
1.942964799322858127e+01
1.936219721473685240e+01
1.928312066667493596e+01
1.919253854475064003e+01
1.909058715617676327e+01
1.897741802943376044e+01
1.958952637645770523e+01
1.958568581360313132e+01
1.956988098559618905e+01
1.954213913228178967e+01
1.950250639199052927e+01
1.945104748729901445e+01
1.938784528901783943e+01
1.822375872622992787e+01
1.815869294407686141e+01
1.825939287059316740e+01
1.816201302227656811e+01
1.838380121252170341e+01
1.842338309752922143e+01
1.833943254646939636e+01
1.862999266453163472e+01
1.847073912461327438e+01
1.878878300887008734e+01
1.881419467973168480e+01
1.874608318552531827e+01
1.885319713060211910e+01
1.844987853849592696e+01
1.859742520700458002e+01
1.823806002385627778e+01
1.824184174496480182e+01
1.816567960332217524e+01
1.809297599624786912e+01
1.809288045825207902e+01
1.840222841755581484e+01
1.832401962087048020e+01
1.838866944074026222e+01
1.873951310577922769e+01
1.887277565253679512e+01
1.912005597867871387e+01
1.909879421573936753e+01
1.906502981000187447e+01
1.905392097083265313e+01
1.899544580874259836e+01
1.903211238495325119e+01
1.915058159344315314e+01
1.921945669416236768e+01
1.924610523999606215e+01
1.919998206681030339e+01
1.930699673457689869e+01
1.928980352462466641e+01
1.933019456139929204e+01
1.949178028045392708e+01
1.950099374385125017e+01
1.947615602072478325e+01
1.953455568257398767e+01
1.954137284829634780e+01
1.952245965451518828e+01
1.956545571237148096e+01
1.956985835219397529e+01
1.955689913325968732e+01
1.958442929465401861e+01
1.958640490964636527e+01
1.957941973589001350e+01
1.943719907026591898e+01
1.944878501765266776e+01
1.941806139138670417e+01
1.937089963535720827e+01
1.938482885518438081e+01
1.934826688137803430e+01
1.929298699603730327e+01
1.930922510898260214e+01
1.926688095665490152e+01
1.920358291223886837e+01
1.922209063609802726e+01
1.917402872044079487e+01
1.910282507100761862e+01
1.912355852734138750e+01
1.906985108287470609e+01
1.899086615754197283e+01
1.895450386432687395e+01
1.901377722840940265e+01
1.959144419073275145e+01
1.959098610617567360e+01
1.958998554464940867e+01
1.958648721744616594e+01
1.958359463388618948e+01
1.958857967926818233e+01
1.956956434559240421e+01
1.957520441148446011e+01
1.956424233944776958e+01
1.954070066872866818e+01
1.953296014543207804e+01
1.954988114834138457e+01
1.949994024560472994e+01
1.948979784527095305e+01
1.951265029037449850e+01
1.944734581623535163e+01
1.943482377330726862e+01
1.946357096347072613e+01
1.938299839366613142e+01
1.940272062701682643e+01
1.936812435261420973e+01
1.830442562364468628e+01
1.826065141074819920e+01
1.824212937633823728e+01
1.818081953586349186e+01
1.811479535439509192e+01
1.810715159290492338e+01
1.864850580150320170e+01
1.860268329106799357e+01
1.867583610950070039e+01
1.850121692775677573e+01
1.844292592149717080e+01
1.852881238736079794e+01
1.871819868648450225e+01
1.886787271820918122e+01
1.889290955761473256e+01
1.882815682432670457e+01
1.846400839482380363e+01
1.857794565405422205e+01
1.862422442579917004e+01
1.855131817534579497e+01
1.816655962974710903e+01
1.832079552376921683e+01
1.872303080548466880e+01
1.869663749024947563e+01
1.876591281941889022e+01
1.885821153792499061e+01
1.883339781164972848e+01
1.889759304921740224e+01
1.908731333880475489e+01
1.898239248798239842e+01
1.895958582449660668e+01
1.901825686671913473e+01
1.916962705116362287e+01
1.926288968838201754e+01
1.934467770647159313e+01
1.946419347299820757e+01
1.951288234182985803e+01
1.954972811577728109e+01
1.957467044373919407e+01
1.958766764675603511e+01
1.940374012305807838e+01
1.933161864176111067e+01
1.924794247456412677e+01
1.915284140780699218e+01
1.904646070419938653e+01
1.892896008830943444e+01
1.958869700089798727e+01
1.957775489669696256e+01
1.955485687259005445e+01
1.952003752058391228e+01
1.947335026536091007e+01
1.941486701793215985e+01
1.832253019894926993e+01
1.818808408484423467e+01
1.857429923141121009e+01
1.837317816079205457e+01
1.837853335412865619e+01
1.843672381467741062e+01
1.873401994905896473e+01
1.876113137993371183e+01
1.869108014530100803e+01
1.880051200659329780e+01
1.849002556045002166e+01
1.865005050207636828e+01
1.824090038821093174e+01
1.816764071584409024e+01
1.823986526418252652e+01
1.835140796742285474e+01
1.837680537764375543e+01
1.829528677025491135e+01
1.810264764558216299e+01
1.809830060604902258e+01
1.879020416817327188e+01
1.891990525607637608e+01
1.915986271225736459e+01
1.910698932500107716e+01
1.914018586185321524e+01
1.909493740776365556e+01
1.903852678694165945e+01
1.907466590468619572e+01
1.918975405261533140e+01
1.925486585820514662e+01
1.923694959466411802e+01
1.928080911201894665e+01
1.933791723884156255e+01
1.936034285207582073e+01
1.932225549708411094e+01
1.946997938435698217e+01
1.945347656178227425e+01
1.948069811121342809e+01
1.951759330350665067e+01
1.952589815582990695e+01
1.950457970986362355e+01
1.955335755642747486e+01
1.955923426527484565e+01
1.954385399477465057e+01
1.957720957496925962e+01
1.958064959765264135e+01
1.957123333344864946e+01
1.958910543301741569e+01
1.959010605686840734e+01
1.958667021124219332e+01
1.941059656808830169e+01
1.939062874616930188e+01
1.942370932461757604e+01
1.933954326806724211e+01
1.935502482663270030e+01
1.931613800163815498e+01
1.925693487614363875e+01
1.927475486060180643e+01
1.923012292797907463e+01
1.916290299428029797e+01
1.918302614867938871e+01
1.913271819553792596e+01
1.905759456071199764e+01
1.902407364279362767e+01
1.907998104684972063e+01
1.894117078055039372e+01
1.890435318557136668e+01
1.896577657313853749e+01
1.958902016207004593e+01
1.959013601351785994e+01
1.958758456014251692e+01
1.957694794494530299e+01
1.957308518423916865e+01
1.958162123216440875e+01
1.955290218213164621e+01
1.954662718310499159e+01
1.956113554810606914e+01
1.951691542984525185e+01
1.950824887805299568e+01
1.952870778484354730e+01
1.946903920957960565e+01
1.945800742044440312e+01
1.948438573454656364e+01
1.940934368946064836e+01
1.942823585683327536e+01
1.939597842800996119e+01
1.831729969134898894e+01
1.826721598701672988e+01
1.819158902091448837e+01
1.826372103240687039e+01
1.813748481855499861e+01
1.812609462440745389e+01
1.859167706674309883e+01
1.854627375530417766e+01
1.861978013868755610e+01
1.842701899571615343e+01
1.846438854104364680e+01
1.840025259382468903e+01
1.866236984203743887e+01
1.881380579934677044e+01
1.884058315007944273e+01
1.877373138272885100e+01
1.848372321417951625e+01
1.853063485233030860e+01
1.844288342068233177e+01
1.863209060849056442e+01
1.867738821115649372e+01
1.860474818727886870e+01
1.817294377840534736e+01
1.829698720422797820e+01
1.841744820350237788e+01
1.877289345977088786e+01
1.874769195235647601e+01
1.881540823888392211e+01
1.890428866918960438e+01
1.894320687580596996e+01
1.888099386129732338e+01
1.912773108775453679e+01
1.902454512305726908e+01
1.905985133998059666e+01
1.900322746500855331e+01
1.920724488038862887e+01
1.929606567562911579e+01
1.937332063374536872e+01
1.943998835541672676e+01
1.949349846369867123e+01
1.953519681564235455e+01
1.956501170452136407e+01
1.958288985398525028e+01
1.958879679660470430e+01
1.937475612814107606e+01
1.929790873791154127e+01
1.920956974124414529e+01
1.910987847232265580e+01
1.899898910129714480e+01
1.887706941229024338e+01
1.958271712884424787e+01
1.956465464132819676e+01
1.953463232113546155e+01
1.949269222560972992e+01
1.943889522769752531e+01
1.832060046166486345e+01
1.820288047603072812e+01
1.850949188464783646e+01
1.834784115244614000e+01
1.867568979409307772e+01
1.870458487129522496e+01
1.863347530936303187e+01
1.874429937024270743e+01
1.855744858120453245e+01
1.870205014069347982e+01
1.812162301001856335e+01
1.811271569097058176e+01
1.826237456525792169e+01
1.825213091870764615e+01
1.818316212957269329e+01
1.838508216006465545e+01
1.831346831077977910e+01
1.836865864456098763e+01
1.843470296094117344e+01
1.883818772036172362e+01
1.896403886552867135e+01
1.919664595721382483e+01
1.914589677302592818e+01
1.917847849197480414e+01
1.913303652774165187e+01
1.907866522477859306e+01
1.911422008674459505e+01
1.922585773619568528e+01
1.928729520156104371e+01
1.931249408500834619e+01
1.927087229410838631e+01
1.936589523914803479e+01
1.935170812330131795e+01
1.938751346325987868e+01
1.944509788538021056e+01
1.945735904250742365e+01
1.942773104690791897e+01
1.949760230274723227e+01
1.950742371133755171e+01
1.948368131981494855e+01
1.953827513465025945e+01
1.954564634362389697e+01
1.952783025405717510e+01
1.956704226407695302e+01
1.957195857455258547e+01
1.956010038463685419e+01
1.958384800356717648e+01
1.958043256433484203e+01
1.958631058162949401e+01
1.958865550967138347e+01
1.958867144989546105e+01
1.958878639173911296e+01
1.938085389789096169e+01
1.936007467400775184e+01
1.939553875769382429e+01
1.930497960968884641e+01
1.932206673218082571e+01
1.928082455813042984e+01
1.921760078576419772e+01
1.923706358334271371e+01
1.919010941039676155e+01
1.911885887899005354e+01
1.908807345705793068e+01
1.914066588172945416e+01
1.900891009805177845e+01
1.903302522345575554e+01
1.897487542918692327e+01
1.888792480201948720e+01
1.885068749977167002e+01
1.891430730553097916e+01
1.958144707355905112e+01
1.958514051455124871e+01
1.957902941429115984e+01
1.956222428558535142e+01
1.955739197520310668e+01
1.956949280890039944e+01
1.953100807108742387e+01
1.952378588546649141e+01
1.954186043062024680e+01
1.948783859572086286e+01
1.947825700770340518e+01
1.950227973709686680e+01
1.943277503941567375e+01
1.942087004180728371e+01
1.945080607917175186e+01
1.829256291395234157e+01
1.827999800372480266e+01
1.821575637374156287e+01
1.816757185806282848e+01
1.815255747531554320e+01
1.853615488402586209e+01
1.856355393963710299e+01
1.848195662928844740e+01
1.836039542550406622e+01
1.860536658579200520e+01
1.875607420988813701e+01
1.878469029643549959e+01
1.871570502618778775e+01
1.853391586129304969e+01
1.850847931589730422e+01
1.858284561418368597e+01
1.868108241414187987e+01
1.865629542329526913e+01
1.872684888278816118e+01
1.819315216276221037e+01
1.832470395359510107e+01
1.845944339715267546e+01
1.881986421140211974e+01
1.886194702930538014e+01
1.879611221891441986e+01
1.894752943466071926e+01
1.892565891450614757e+01
1.898591888898039315e+01
1.916517625894421428e+01
1.906390407077186921e+01
1.904398921799055344e+01
1.909858937387937772e+01
1.924186131896455265e+01
1.932628201144105873e+01
1.939903682768058957e+01
1.947106142913234805e+01
1.941267432611030230e+01
1.951766051384441170e+01
1.955238846929957575e+01
1.957518035687686364e+01
1.958598988365159599e+01
1.958478975533477850e+01
1.934259989958986381e+01
1.926095572624143770e+01
1.916787548052060330e+01
1.906350804239586338e+01
1.894801663462907371e+01
1.882157707173225347e+01
1.957157190418363513e+01
1.954634758942999184e+01
1.950914736799526850e+01
1.946002093414325529e+01
1.823080532134646958e+01
1.841335242728210275e+01
1.842002077647020641e+01
1.847426636112285436e+01
1.835320728687204550e+01
1.861396444102745207e+01
1.864448442644544457e+01
1.857476313517859623e+01
1.868450936803574081e+01
1.860703381245064136e+01
1.875006087402067578e+01
1.829204689272160067e+01
1.820743487294065588e+01
1.827767186539646360e+01
1.814982579146735375e+01
1.813620685787808640e+01
1.842271805826013065e+01
1.834311845945156350e+01
1.840437274808104107e+01
1.847869581585921139e+01
1.888331349538605863e+01
1.900535913395469123e+01
1.923055092459770066e+01
1.918190540619717055e+01
1.921381889121305164e+01
1.916837658113463760e+01
1.915093471358172650e+01
1.911602754142135652e+01
1.925903140503531219e+01
1.931687332332780116e+01
1.930188068866632634e+01
1.934128248249718851e+01
1.939104244049395120e+01
1.941181195667814663e+01
1.937827532533646036e+01
1.947452223953657935e+01
1.948589163666703783e+01
1.945969832493763008e+01
1.941705922693341790e+01
1.943090229243429690e+01
1.939883712535940674e+01
1.952016450626435073e+01
1.952905340820550961e+01
1.950877830367286592e+01
1.955390024573004482e+01
1.954598813615508135e+01
1.956030763354664970e+01
1.957566187714465045e+01
1.957125694874167365e+01
1.957959266066556481e+01
1.958540053104983869e+01
1.958453244077796995e+01
1.958686562191663683e+01
1.958308643928924653e+01
1.958210277457051873e+01
1.958578128708749944e+01
1.934787882360761913e+01
1.936418309116756831e+01
1.932630104626949930e+01
1.926710120556121808e+01
1.928584879185648049e+01
1.924221308819297604e+01
1.917486258535036825e+01
1.919603042200653320e+01
1.914671211454814781e+01
1.907131439196089318e+01
1.909487443117040684e+01
1.903995194309644035e+01
1.895662177190628128e+01
1.892210008586246772e+01
1.898254148824806009e+01
1.883096573596003509e+01
1.879333368912493540e+01
1.885920642282848547e+01
1.956870919975107270e+01
1.956529971565625203e+01
1.957498941590345254e+01
1.954227791237190814e+01
1.953647146794080314e+01
1.955216215939450564e+01
1.950382118331186376e+01
1.951732427393757163e+01
1.949565243471631248e+01
1.945338699497874302e+01
1.947051982802273784e+01
1.944289622167927689e+01
1.833110854575229709e+01
1.831201799254560214e+01
1.825012722400944298e+01
1.820459978577921945e+01
1.818625244573438238e+01
1.846852370313281710e+01
1.850211487020172285e+01
1.844059448278480318e+01
1.837255013618939259e+01
1.854067708767360756e+01
1.869458546377656205e+01
1.872506286030994005e+01
1.865412572390316370e+01
1.858255340352811658e+01
1.855792773253178396e+01
1.863164586911991805e+01
1.872892736174587824e+01
1.877424812706984270e+01
1.870472190413125091e+01
1.822201659482704272e+01
1.835840043779757380e+01
1.850269820132889720e+01
1.886414700783242537e+01
1.884174434994417879e+01
1.890572721271535528e+01
1.898812473625401154e+01
1.896758408150968123e+01
1.902591088811364273e+01
1.919980049854535764e+01
1.910064085221202035e+01
1.913463584146402496e+01
1.908204427149675553e+01
1.927361324168611034e+01
1.935365883723869018e+01
1.942192940338279428e+01
1.944550272488196541e+01
1.949706700446281005e+01
1.938216697517043485e+01
1.953676519404183765e+01
1.956452056897795799e+01
1.958027486920865101e+01
1.958398875013199003e+01
1.957564211041350077e+01
1.930717158022955715e+01
1.922064479703587381e+01
1.912273048337617709e+01
1.901358700420341918e+01
1.889338710037874591e+01
1.876233582265778210e+01
1.955523429273038261e+01
1.952278415415542057e+01
1.947833000346228260e+01
1.826873739544994635e+01
1.839988400121040968e+01
1.853249026357782014e+01
1.857343700496288008e+01
1.850053706555245370e+01
1.861367244762119100e+01
1.865525482919212763e+01
1.879611382056538460e+01
1.832101876276202645e+01
1.823585970936642653e+01
1.830688529289072974e+01
1.845871177527411078e+01
1.837599395885055387e+01
1.844118546886735999e+01
1.818771595094782967e+01
1.816905453027540318e+01
1.852111486797024398e+01
1.892577806048898736e+01
1.904404639504764774e+01
1.926171900174193397e+01
1.921516498602646905e+01
1.924635033148483032e+01
1.920111199482174769e+01
1.915077665610334279e+01
1.918496609399760189e+01
1.928940999683765511e+01
1.934372437130213740e+01
1.933010116708115333e+01
1.936729219501098243e+01
1.941346554522110068e+01
1.940206631961776296e+01
1.943333892668655238e+01
1.944828782152139723e+01
1.946123903953160905e+01
1.943255980310316744e+01
1.949897638633255070e+01
1.948664327891212977e+01
1.950940882394011666e+01
1.938578258743130434e+01
1.940124914311114068e+01
1.936670827479520796e+01
1.953775067241656060e+01
1.952885818799245143e+01
1.954566677423221321e+01
1.956453101633716685e+01
1.956993924799697382e+01
1.955912177793753415e+01
1.957925631124834354e+01
1.958217124350040450e+01
1.957736967718660281e+01
1.958188449881711790e+01
1.958232684087504794e+01
1.958355639667552950e+01
1.957239293647686651e+01
1.957038951839632190e+01
1.957765570878746075e+01
1.931157551111025938e+01
1.932954825841724400e+01
1.928920622904129800e+01
1.922579780487161827e+01
1.924626211735631287e+01
1.920018741231219295e+01
1.912859603077324522e+01
1.915153215232141193e+01
1.909980084713170001e+01
1.902013052829631690e+01
1.904551419785346411e+01
1.898820926704095768e+01
1.890058361319129787e+01
1.892838120918099776e+01
1.886559006740408151e+01
1.877011487165411907e+01
1.873215118302291771e+01
1.880031982987183881e+01
1.955077863664691407e+01
1.954636234026370900e+01
1.955966089965265908e+01
1.951705837341625838e+01
1.951026801211865092e+01
1.952958489081337490e+01
1.947126865310184485e+01
1.946214880132741598e+01
1.948746022692092694e+01
1.836944072428975616e+01
1.828744371981731121e+01
1.835027176333440480e+01
1.824840614091813507e+01
1.822673119966346533e+01
1.841927359559282706e+01
1.845142970553201778e+01
1.863994502498087869e+01
1.866691304124544004e+01
1.858656363631350672e+01
1.862346193860367549e+01
1.867608676029214365e+01
1.860258419258838813e+01
1.877418054053008234e+01
1.881906373426197732e+01
1.875127984711717488e+01
1.825501994990352372e+01
1.839101196467922961e+01
1.854106069839412640e+01
1.890595514975345992e+01
1.888479965174752095e+01
1.894694407712523798e+01
1.902625663576538528e+01
1.900695585343553873e+01
1.906336092724734854e+01
1.923175162720007947e+01
1.913492329451813134e+01
1.911756224201780086e+01
1.916815173553256813e+01
1.930263337916866462e+01
1.937831155774351188e+01
1.944209624000627912e+01
1.941674927314418397e+01
1.947335897685949035e+01
1.951810078985160146e+01
1.934837795534726368e+01
1.955088602481660232e+01
1.957164425404089059e+01
1.958032386129153579e+01
1.957689247193239268e+01
1.956133725668075130e+01
1.926836810740297778e+01
1.917685868873370936e+01
1.907400314688484144e+01
1.895997303892280783e+01
1.883494887981348853e+01
1.870452053160142114e+01
1.953366510500157815e+01
1.949390266409145767e+01
1.830950870356195281e+01
1.840200816842846265e+01
1.838551126303901384e+01
1.846765957710712414e+01
1.852408963534749375e+01
1.852799040688899268e+01
1.858153900302817618e+01
1.869839294254646589e+01
1.883971276777995030e+01
1.832501807488309353e+01
1.832260779228149161e+01
1.825544134305174993e+01
1.849304729505753286e+01
1.840755652281829668e+01
1.847622302769247327e+01
1.823446074824786578e+01
1.821139268517119802e+01
1.855869541663883737e+01
1.896576995320659620e+01
1.908027668092794471e+01
1.929028700725080014e+01
1.924582108012293702e+01
1.927621189940345303e+01
1.923139239145341861e+01
1.918307127785001143e+01
1.921646625236500938e+01
1.931712393945078787e+01
1.936796735017762927e+01
1.935565531759207047e+01
1.939063603717459827e+01
1.943326564485752073e+01
1.945218943335467543e+01
1.942318501219872573e+01
1.941882923154033946e+01
1.940219043571822510e+01
1.943339833478791334e+01
1.947465637772725344e+01
1.946136533131156909e+01
1.948666072253005410e+01
1.951855509840410718e+01
1.952800032624345050e+01
1.950866666685451989e+01
1.935118331154632898e+01
1.936831682288787704e+01
1.933125425637163630e+01
1.955043340509759275e+01
1.955733129698904449e+01
1.954399960815469939e+01
1.957021768473318701e+01
1.957458625855393919e+01
1.956728748366952075e+01
1.957785329607391134e+01
1.957971685187050781e+01
1.957847238838188986e+01
1.957330504263304505e+01
1.957269415544544700e+01
1.957751566653463371e+01
1.955655751877932147e+01
1.956439826878110111e+01
1.955350897831481305e+01
1.927184506280215004e+01
1.929153685932027074e+01
1.924868566032981221e+01
1.918095668191503833e+01
1.920319519156697652e+01
1.915462906515791275e+01
1.907867509100210768e+01
1.910344360155818677e+01
1.904924314097008775e+01
1.896516203164989278e+01
1.899244495622416906e+01
1.893270108754985159e+01
1.884179139620300703e+01
1.880578756292960918e+01
1.887096510684309436e+01
1.871223501319351712e+01
1.867591973697767926e+01
1.874091706960289727e+01
1.952761532303596326e+01
1.953912097881895349e+01
1.952217202017382292e+01
1.948650313402522727e+01
1.950170450502525554e+01
1.947871389468756220e+01
1.829863978131360724e+01
1.827381964933430325e+01
1.832547607457800964e+01
1.846292189609705403e+01
1.858285141913871641e+01
1.861112300514933793e+01
1.855321505177169783e+01
1.867740312409007331e+01
1.865023617246768239e+01
1.872569370025844293e+01
1.881718557854550511e+01
1.886148236187175087e+01
1.879542484753094556e+01
1.827916319759882313e+01
1.840890598522627641e+01
1.858546951217104137e+01
1.894547667075265451e+01
1.898578869114321321e+01
1.892547446845186343e+01
1.906210810115539900e+01
1.909844372336232965e+01
1.904395712420637210e+01
1.926117280050764435e+01
1.916691384114884400e+01
1.919929303351952399e+01
1.915070835305880692e+01
1.932904960345369716e+01
1.940035019324121635e+01
1.945962941706271465e+01
1.938472381096749331e+01
1.944647429541919337e+01
1.949634880560082806e+01
1.953424646312373980e+01
1.931121546717052340e+01
1.956008441677883170e+01
1.957379849760830126e+01
1.957534375422292428e+01
1.956469486298393079e+01
1.954184640826578345e+01
1.922608365643599271e+01
1.912947798877307548e+01
1.902155943393215409e+01
1.890308842982576820e+01
1.877660252471281765e+01
1.864710860183220476e+01
1.950681302754991364e+01
1.835079122430031973e+01
1.845279610149247418e+01
1.848829362261012932e+01
1.842708209190888269e+01
1.851738956685517223e+01
1.874694883534274936e+01
1.888099579390235405e+01
1.841702056237596352e+01
1.832649938386731847e+01
1.837086264867656027e+01
1.845481667077447696e+01
1.829082300618703627e+01
1.826271646547788308e+01
1.858174043965381017e+01
1.853752752859762509e+01
1.862939395556105993e+01
1.900348322826944170e+01
1.911422229054483068e+01
1.931638636679413779e+01
1.927401416558196345e+01
1.930353771377640015e+01
1.925936161719809903e+01
1.921306443807941733e+01
1.924558193183871069e+01
1.934229840178347004e+01
1.938971542801753500e+01
1.937865923628794818e+01
1.941142110240025431e+01
1.945053762528905139e+01
1.944172939717066839e+01
1.946845244379175455e+01
1.938607249990744563e+01
1.940229759318867053e+01
1.936851090998101554e+01
1.944714522997836781e+01
1.946075224755509225e+01
1.943287992176502499e+01
1.949626963310774741e+01
1.950726709230465516e+01
1.948536441893479321e+01
1.953334109979287092e+01
1.954174380248409193e+01
1.952585723046036037e+01
1.931317341855622871e+01
1.929238163547583440e+01
1.933201897309158568e+01
1.955827318551027005e+01
1.956410233004323729e+01
1.955426910090177017e+01
1.957099831335822770e+01
1.957428155370466527e+01
1.957052939853023332e+01
1.957146835470437907e+01
1.957223980597521873e+01
1.957458670384432509e+01
1.955965508654166740e+01
1.955795527540707823e+01
1.956640927535506336e+01
1.953555051638500828e+01
1.954598538575275768e+01
1.953142627599226344e+01
1.922858612938266631e+01
1.925004873210692935e+01
1.920463231447076069e+01
1.913246332118916371e+01
1.915653443363973807e+01
1.910541783517089698e+01
1.902496967909095105e+01
1.905163680619835986e+01
1.899490127263543471e+01
1.890625502170632188e+01
1.893551545999851271e+01
1.887383886930356880e+01
1.877724734736185752e+01
1.880933225814708720e+01
1.874452459595532616e+01
1.864276271513371697e+01
1.867731227592237175e+01
1.861252614270689065e+01
1.949916706807032440e+01
1.949267137802834071e+01
1.951332352169925599e+01
1.835507595496010680e+01
1.832716033769437658e+01
1.837584299326198334e+01
1.850642847518820489e+01
1.854449052777491502e+01
1.847928435100533306e+01
1.872165790238585359e+01
1.876930770435471274e+01
1.869922576496027844e+01
1.885820375191831744e+01
1.890177549419566105e+01
1.883744876855126194e+01
1.838579108952091090e+01
1.840088405801173010e+01
1.831000832150124680e+01
1.849937375130520323e+01
1.833815138378734488e+01
1.865126254565095465e+01
1.898290968271265911e+01
1.896396258535744650e+01
1.902245039743268862e+01
1.909585399416381435e+01
1.907876673014262536e+01
1.913132769412239753e+01
1.928820161415162815e+01
1.919676842314612486e+01
1.918164181870787033e+01
1.922820971770184784e+01
1.935298417352386124e+01
1.941987874110902013e+01
1.947461466055613144e+01
1.934934532846328281e+01
1.941634631472565431e+01
1.947145763389614714e+01
1.951456592893798359e+01
1.954557561432203983e+01
1.927058482487277757e+01
1.956440962901663028e+01
1.957101007896653044e+01
1.956533875689125779e+01
1.954737753419648172e+01
1.951712861686767653e+01
1.918021037513359062e+01
1.907838067852073038e+01
1.896525501636674704e+01
1.884137453498872361e+01
1.870959074040045778e+01
1.857414841705868014e+01
1.840426880279845534e+01
1.843072076967950679e+01
1.878957082638625664e+01
1.892025622509184757e+01
1.849903407736500327e+01
1.845831868716241786e+01
1.844252031328250396e+01
1.854061145759866136e+01
1.846010138529151945e+01
1.837521562420248245e+01
1.842247353613005956e+01
1.835611540580755374e+01
1.832344440120297335e+01
1.861562158962351887e+01
1.866864455088222030e+01
1.859829227766432425e+01
1.903910284791145457e+01
1.914604820381701700e+01
1.934014241102607912e+01
1.929987877903907290e+01
1.932845613988650157e+01
1.928515726364881999e+01
1.924090296894397412e+01
1.927245380654835216e+01
1.936505258461224344e+01
1.940907529507479978e+01
1.939922285815082148e+01
1.942974813855197169e+01
1.946536958185313537e+01
1.945779096625851423e+01
1.948221028085876938e+01
1.934993988540268006e+01
1.933143835746747285e+01
1.936786091370309393e+01
1.941637911944095052e+01
1.943162182355840528e+01
1.940111814618377295e+01
1.947084511714892230e+01
1.948342051261161956e+01
1.945889722719956438e+01
1.951322030015630915e+01
1.952314586157543630e+01
1.950465578297152902e+01
1.954340501353913240e+01
1.955070479803304195e+01
1.953829163627644405e+01
1.927166192975426284e+01
1.924999420619618462e+01
1.929226608217981820e+01
1.956131833551084398e+01
1.956602305739546566e+01
1.955972106171665104e+01
1.956689876414440477e+01
1.956904581606855231e+01
1.956887947924067461e+01
1.956010479009348657e+01
1.956572203112497732e+01
1.955973820735642121e+01
1.954091534172459887e+01
1.953808570737373884e+01
1.955022403493275363e+01
1.950933008559081472e+01
1.950409437801972956e+01
1.952238129661582278e+01
1.918169602367216342e+01
1.915693733204566129e+01
1.920498182369023610e+01
1.908020100915483752e+01
1.910616594554123537e+01
1.905243000414663612e+01
1.896737061549072578e+01
1.899599409157930907e+01
1.893664531912789073e+01
1.884329029143582446e+01
1.887458836728054123e+01
1.881008409574448947e+01
1.870824406243812632e+01
1.874257453887372193e+01
1.867526852425937989e+01
1.856583537255070482e+01
1.860414648395381576e+01
1.853580403606040861e+01
1.841787032405095204e+01
1.838650876960528180e+01
1.846208159199957777e+01
1.876388249934076313e+01
1.881101933125197689e+01
1.874253023212975933e+01
1.889775546857907784e+01
1.887776180952459271e+01
1.894029090982530406e+01
1.847925874210729091e+01
1.855762314452203654e+01
1.840782215426996160e+01
1.868947638880349871e+01
1.901845169717051220e+01
1.900046063329292068e+01
1.905710840406216278e+01
1.912766192731930559e+01
1.911155555042199339e+01
1.916217526580687291e+01
1.931296944556816442e+01
1.922463733882631232e+01
1.921051572884644187e+01
1.925504553868802660e+01
1.937455305775527137e+01
1.943699455819014332e+01
1.948713079333539966e+01
1.931052945168393009e+01
1.938290420617255805e+01
1.944337073891192347e+01
1.949180289686257339e+01
1.952809200025792080e+01
1.955214770160112181e+01
1.922638928177309836e+01
1.956389873850644534e+01
1.956329356436816980e+01
1.955030085839785414e+01
1.952490989924329767e+01
1.913064092257179283e+01
1.902345674636371697e+01
1.890497645479954514e+01
1.877540614252475493e+01
1.863662925213768062e+01
1.849142627985717624e+01
1.883060169482039470e+01
1.895783902000534127e+01
1.853767612646860741e+01
1.851689932503158786e+01
1.848822740170363943e+01
1.843600333986059070e+01
1.842969567237184592e+01
1.839259469135168246e+01
1.867279894819571950e+01
1.871829386422912833e+01
1.864439239483695587e+01
1.907280181122006013e+01
1.917591412797679595e+01
1.936167370613005900e+01
1.932354294186332666e+01
1.935108911010043542e+01
1.930890984594739734e+01
1.926672718895776271e+01
1.929721592137320840e+01
1.938549906026251790e+01
1.942614650515647057e+01
1.941744930679195846e+01
1.944571092294580694e+01
1.947784222233882545e+01
1.947145411760311973e+01
1.949353806988753490e+01
1.931035029100397082e+01
1.933000884521972651e+01
1.929088668613746904e+01
1.938228996742394372e+01
1.936600708819348426e+01
1.939920345686182657e+01
1.944222732393654240e+01
1.942920605215439522e+01
1.945640885322988822e+01
1.949003144227260620e+01
1.948035088524821745e+01
1.950150075536541294e+01
1.952558902022059684e+01
1.951932609230006577e+01
1.953437265535577083e+01
1.954880532763893086e+01
1.954603443279603070e+01
1.955493670942577111e+01
1.922656614932650854e+01
1.920399901132089582e+01
1.924897087430126064e+01
1.955960499307655454e+01
1.956312446891924850e+01
1.956039771467552768e+01
1.955793268037045962e+01
1.955888750624264460e+01
1.956235747279909276e+01
1.954375367418413134e+01
1.954219793245749770e+01
1.955187555144729217e+01
1.951705430653257167e+01
1.951304876125413656e+01
1.952893454324131639e+01
1.913114001666845354e+01
1.910552315323733197e+01
1.915626475692414843e+01
1.902453011444154996e+01
1.899579829949759002e+01
1.905220857773451115e+01
1.890565901696655970e+01
1.893636086216092806e+01
1.887430160489763864e+01
1.877610001400887185e+01
1.880953037102316827e+01
1.874199574757442477e+01
1.863599353158115335e+01
1.867194266603117825e+01
1.860069807273136533e+01
1.848560557072585908e+01
1.852546625898958510e+01
1.845134777559526995e+01
1.880854877099960731e+01
1.878611318292577792e+01
1.885315424944229434e+01
1.893447917940351033e+01
1.891589612002557530e+01
1.897645773481110965e+01
1.856584164804548465e+01
1.847250472533105636e+01
1.859472605630748632e+01
1.874058489655985582e+01
1.905227194349307496e+01
1.903515670211800170e+01
1.908993932284878170e+01
1.915769597269461855e+01
1.914248980771730757e+01
1.919114314223844886e+01
1.933560076573833086e+01
1.925066314736104189e+01
1.927993693244956930e+01
1.923747651473307485e+01
1.939386526723159321e+01
1.945178772864153771e+01
1.949724918083321157e+01
1.926819374524942319e+01
1.934607335030820963e+01
1.941202691788635448e+01
1.946591041815109691e+01
1.950760166379808780e+01
1.953699656870866619e+01
1.955401002220224171e+01
1.917856712879162018e+01
1.955857661875645448e+01
1.955065129224341902e+01
1.953020982219891266e+01
1.907753380564464862e+01
1.896479483513251196e+01
1.884054006500414147e+01
1.870569466333543929e+01
1.856031542596356942e+01
1.887132487067350439e+01
1.899315758610113392e+01
1.858772507943398367e+01
1.850833633757001806e+01
1.855200982808356613e+01
1.851053972044725171e+01
1.846963453491382623e+01
1.862991136166692030e+01
1.872915650250479302e+01
1.876883747911822908e+01
1.870118725281849592e+01
1.910475748336590485e+01
1.920397293998664878e+01
1.938109125652366060e+01
1.937155140671385212e+01
1.934512735934580618e+01
1.933074181707308625e+01
1.931999475688014201e+01
1.929066942841301824e+01
1.940374305475524253e+01
1.944102077055087463e+01
1.945939561619203317e+01
1.943343421287163508e+01
1.948802826386664222e+01
1.950250318341359446e+01
1.948279555561672538e+01
1.926721969482457908e+01
1.928865889818997559e+01
1.924677269565265192e+01
1.934480576026176379e+01
1.936342708004442770e+01
1.932747022755715705e+01
1.941035718894537965e+01
1.939622730307958065e+01
1.942617541836233386e+01
1.946372931319468691e+01
1.947676605155798413e+01
1.945289279453379905e+01
1.950479472043746654e+01
1.951507854479792670e+01
1.949733741819889232e+01
1.953344432800655639e+01
1.954101097723520297e+01
1.952944992728998130e+01
1.954958837756121426e+01
1.955448076365803090e+01
1.954913802520732347e+01
1.917776085638882222e+01
1.920202993507727030e+01
1.915431509850240488e+01
1.955315709588575501e+01
1.955542534278651345e+01
1.955632909278298115e+01
1.954410146711541785e+01
1.954380284667412226e+01
1.955097089717103387e+01
1.952239383470265821e+01
1.951959262581743104e+01
1.953303220745873858e+01
1.907656887711731741e+01
1.910372515494663048e+01
1.905037812778251549e+01
1.896701671824143887e+01
1.899560781480636606e+01
1.893621253678767147e+01
1.884112094156590089e+01
1.880844379531402311e+01
1.887325511015313495e+01
1.870407471328506332e+01
1.866983984020077614e+01
1.873996484471196666e+01
1.855780816664536559e+01
1.859671101548137173e+01
1.852147088903404182e+01
1.884797229851588440e+01
1.882815224612615168e+01
1.889129448820115087e+01
1.897041530552875699e+01
1.901132841128932327e+01
1.895223239342469057e+01
1.854833370349679100e+01
1.865839577024517837e+01
1.878857000183730719e+01
1.908455200079800562e+01
1.912111303233291437e+01
1.906822027814250475e+01
1.918611099576395773e+01
1.921837929292128067e+01
1.917172899216855342e+01
1.935621224108511740e+01
1.927497964572036082e+01
1.926266224681976169e+01
1.930301199225971231e+01
1.941102210917708248e+01
1.946434041267480808e+01
1.950503317800814074e+01
1.930577573423648374e+01
1.922223424046421414e+01
1.937736060063916810e+01
1.943683628905100136e+01
1.948406669324275242e+01
1.951893344077311454e+01
1.954133705468133186e+01
1.955119769516156580e+01
1.912690486527712252e+01
1.954845592160309664e+01
1.953307335617964213e+01
1.902146439953888901e+01
1.890382048786328184e+01
1.877231022572809138e+01
1.863053831477094135e+01
1.890906465304538031e+01
1.902726199385973160e+01
1.866487928715919509e+01
1.862570609258589016e+01
1.858716838263076454e+01
1.859775435721411796e+01
1.855349027622817459e+01
1.869640787008825100e+01
1.877875538495658247e+01
1.881361101756267828e+01
1.875456946552907311e+01
1.913513411104643680e+01
1.923036798628874067e+01
1.939849766762381122e+01
1.936474451759870874e+01
1.938994984554253520e+01
1.935076643862767654e+01
1.931285332137393240e+01
1.934090823374519630e+01
1.941988168579452179e+01
1.945378126996973833e+01
1.944726501603071256e+01
1.947088011814135200e+01
1.949599184008289399e+01
1.950916468946394389e+01
1.949188369164095391e+01
1.930385133891981297e+01
1.932421898996361520e+01
1.928542805967693852e+01
1.922045728203074333e+01
1.924372541842092588e+01
1.919899041575606802e+01
1.937517126596510764e+01
1.939265878518303410e+01
1.935989311969449744e+01
1.943426311174284038e+01
1.944889372161783925e+01
1.942222658669733804e+01
1.948098529434163950e+01
1.949278877321815884e+01
1.947228457705396920e+01
1.951521337420246383e+01
1.952422736111040891e+01
1.950994130115167735e+01
1.953684264826639705e+01
1.954311219728238314e+01
1.953508975603723741e+01
1.954578835122911329e+01
1.954764267240814135e+01
1.954936601321045586e+01
1.912516947123503286e+01
1.915134372447030486e+01
1.910071652782879426e+01
1.954198635547304974e+01
1.954753301542757882e+01
1.954293221978419837e+01
1.952539426058630667e+01
1.953471501538892952e+01
1.952377579957641274e+01
1.902210227102645845e+01
1.899442620975375107e+01
1.904917708556088485e+01
1.890554765520661817e+01
1.887321202494208805e+01
1.893615439390935506e+01
1.877938597574653912e+01
1.874167079876860242e+01
1.881006708537560002e+01
1.863417746520920915e+01
1.866897460244371842e+01
1.859589778293923956e+01
1.888276373662618113e+01
1.892650896010983175e+01
1.886509827213830448e+01
1.900494385080985538e+01
1.904473085094901208e+01
1.898748536172121604e+01
1.863019818882642298e+01
1.872209170296965652e+01
1.883093703730362023e+01
1.911548085461851443e+01
1.909983512854901377e+01
1.915078600373495021e+01
1.921305339957439173e+01
1.924402262920620643e+01
1.919942115007007999e+01
1.937491182184765037e+01
1.929771357559354783e+01
1.928620322774019868e+01
1.932438911767424017e+01
1.942611642431013053e+01
1.947472621054630082e+01
1.951053758159023133e+01
1.933930239696730524e+01
1.926193090605248415e+01
1.917257620490068959e+01
1.940452318971315648e+01
1.945744325239990502e+01
1.949792884428013551e+01
1.952586565197648127e+01
1.954115874534699770e+01
1.954373365110081906e+01
1.907332579837538589e+01
1.953353704766285404e+01
1.896359879551634364e+01
1.884218493599422928e+01
1.870657585437126613e+01
1.894354188849963450e+01
1.905999012349083443e+01
1.876711742033675634e+01
1.868250782896102180e+01
1.871551413787627638e+01
1.868899166561212510e+01
1.864291387389887333e+01
1.877294892159948247e+01
1.882545737638986694e+01
1.916407742427142580e+01
1.925523396339501403e+01
1.941398657907661729e+01
1.940638250343122095e+01
1.938249777045615474e+01
1.936908826091736913e+01
1.936006498798655429e+01
1.933339174334292920e+01
1.943400327464940958e+01
1.946450197658153414e+01
1.948023341995360269e+01
1.945902027766661035e+01
1.950178789027152959e+01
1.951357281019739887e+01
1.949877805012848242e+01
1.933660227504502416e+01
1.935579252363033831e+01
1.932013194085340402e+01
1.925937444129343845e+01
1.923980118883751089e+01
1.928150574626515379e+01
1.916998575475359701e+01
1.914747220148034046e+01
1.919513932432249348e+01
1.940157602897953382e+01
1.941783020755548961e+01
1.938829278950001012e+01
1.945411807240814994e+01
1.946746313563000186e+01
1.944412053694771814e+01
1.949408435821977292e+01
1.950456038104931267e+01
1.948747575622148887e+01
1.952135366777014625e+01
1.951823484980454992e+01
1.952900855127019142e+01
1.953582838612485162e+01
1.953629599468491307e+01
1.954071560919960859e+01
1.953742726961320386e+01
1.953960930316624456e+01
1.954157647804384013e+01
1.906910037913690914e+01
1.909696543527718759e+01
1.904537885051172097e+01
1.952609217491095706e+01
1.952563935122439531e+01
1.953401503572341369e+01
1.896064877855765829e+01
1.899132761237948230e+01
1.893295996934575243e+01
1.884450652862508591e+01
1.887495184345915789e+01
1.881188167333124639e+01
1.871403831095618386e+01
1.874657207512677104e+01
1.867412335826779213e+01
1.891430122226590171e+01
1.895978942692511993e+01
1.889838818187277880e+01
1.903530191851461950e+01
1.901983547951371278e+01
1.907536373338286850e+01
1.872761327055591352e+01
1.884119884053053440e+01
1.914517985195160321e+01
1.917911107906728674e+01
1.913017026848098823e+01
1.923836724110402940e+01
1.926806402431225962e+01
1.922555865121024254e+01
1.939179834923994150e+01
1.931897989744497579e+01
1.934417889298543969e+01
1.930821859553047659e+01
1.943923195031288387e+01
1.948300949856827913e+01
1.951380809795980298e+01
1.936890725704331473e+01
1.929778126105606262e+01
1.921448651324512724e+01
1.911927525976296494e+01
1.942768204030664592e+01
1.947394695111289664e+01
1.950757421802483549e+01
1.952845361212279940e+01
1.953649483373050799e+01
1.953162858146975012e+01
1.901457883925282388e+01
1.890248432601772066e+01
1.877913024445158996e+01
1.897463784927391828e+01
1.909001401055538594e+01
1.881410425688383015e+01
1.879071703128271409e+01
1.875175333068764871e+01
1.878474770034264552e+01
1.873586902648574082e+01
1.886493020954899791e+01
1.919159184216430347e+01
1.927855587302353157e+01
1.942764151950475338e+01
1.939848098768999662e+01
1.942093795177644822e+01
1.938580865168512446e+01
1.937756442638413645e+01
1.935239521111014227e+01
1.944618649790872666e+01
1.947324707103605590e+01
1.948751501480976245e+01
1.946876899331030586e+01
1.950546166435506379e+01
1.950352864895453919e+01
1.951576839458658341e+01
1.936561663558999413e+01
1.935102873676405721e+01
1.938351555838710638e+01
1.929470045298507586e+01
1.931548700676792052e+01
1.927693349400661660e+01
1.921104448462515535e+01
1.919047001083792736e+01
1.923516467218595949e+01
1.911585883712204037e+01
1.909246178307693143e+01
1.914295103479112115e+01
1.942414149065758622e+01
1.941279214086184268e+01
1.943905412010629163e+01
1.947002504380045451e+01
1.946201522683277574e+01
1.948197695317493583e+01
1.950310086804975995e+01
1.949854940760345912e+01
1.951215168979841863e+01
1.952326993623721307e+01
1.952947158466119859e+01
1.952227847595260712e+01
1.953043409873625080e+01
1.953384842457354154e+01
1.953310705898573474e+01
1.952451485403634024e+01
1.952521511966713774e+01
1.953095526939721083e+01
1.899715650971672076e+01
1.903360183876454670e+01
1.897887133221045275e+01
1.889606992562167775e+01
1.887054591603036968e+01
1.892901146783439259e+01
1.879636596967110407e+01
1.882021874233882386e+01
1.875533186460350876e+01
1.893191725811000481e+01
1.892292214214928592e+01
1.898428077116355794e+01
1.906714252133952670e+01
1.910625716363911764e+01
1.905110711210287988e+01
1.879875046869651811e+01
1.887394640206755625e+01
1.917192789578386680e+01
1.915832926319230722e+01
1.920516554833650957e+01
1.926303274334816606e+01
1.925059187827824303e+01
1.929104922017690171e+01
1.940696050334803857e+01
1.933893726453059614e+01
1.936248525941963905e+01
1.932881375257093026e+01
1.945044241633420867e+01
1.948924497403418954e+01
1.951488091470883646e+01
1.939472480218233486e+01
1.932989982332233936e+01
1.925273906260306589e+01
1.916359022076254348e+01
1.905704501203534562e+01
1.944694378901154863e+01
1.948643035779800670e+01
1.951306721447307879e+01
1.952674084834747603e+01
1.952736634088605072e+01
1.894758401415297655e+01
1.884630436454499858e+01
1.900015653390897796e+01
1.911934293305901278e+01
1.885847701711583824e+01
1.888024549777269101e+01
1.883184043034541943e+01
1.921738359246744565e+01
1.930083935137104589e+01
1.943953731140964081e+01
1.943369422069584473e+01
1.941277947045998076e+01
1.940101984511986544e+01
1.939348584629298955e+01
1.936992738964633176e+01
1.945650035058498517e+01
1.948006546914884751e+01
1.947656986995691497e+01
1.949277448854881456e+01
1.950704312933260809e+01
1.950617559757409580e+01
1.951578220944704256e+01
1.939110239235788669e+01
1.940748746984698414e+01
1.937827414644393542e+01
1.932624929992453744e+01
1.934587040344513653e+01
1.931050946097586518e+01
1.923520114098753453e+01
1.926551047665591199e+01
1.922311547663007758e+01
1.915813081895108638e+01
1.913733170841824816e+01
1.918525132419586043e+01
1.907505824698450780e+01
1.909529707240037055e+01
1.903685760230840529e+01
1.944280045159267090e+01
1.945635787033633335e+01
1.943342095183035667e+01
1.948199022606355157e+01
1.949246687411595857e+01
1.947595219940277289e+01
1.950809009339360145e+01
1.950557348221305531e+01
1.951562290255806786e+01
1.952100151828060604e+01
1.952565446654215719e+01
1.952212079882005469e+01
1.952067964951794465e+01
1.952252558796361015e+01
1.952554929418954544e+01
1.887985807748214739e+01
1.893912843302120663e+01
1.888812647805484346e+01
1.883848329228682772e+01
1.899042135965396483e+01
1.902926679744831517e+01
1.896196392213945359e+01
1.909287302476757731e+01
1.908032224011694922e+01
1.913310838845606554e+01
1.890543673978410411e+01
1.920135412530243002e+01
1.918662700297333501e+01
1.923228607888215436e+01
1.928685373298356254e+01
1.931287688825844384e+01
1.927486004088669347e+01
1.942047521346455596e+01
1.935707021399468175e+01
1.937914815765281418e+01
1.934784083453283898e+01
1.945981030499387998e+01
1.949347635827088254e+01
1.951378105093396087e+01
1.941675908035240639e+01
1.935849176507822378e+01
1.928152803767120105e+01
1.919768640058264708e+01
1.911695998617906511e+01
1.896349039656168145e+01
1.901983446928297283e+01
1.898053614910381981e+01
1.946228023619432435e+01
1.949492703575969088e+01
1.951446118278757780e+01
1.952075812939947141e+01
1.892235372901942725e+01
1.893577360119701680e+01
1.904286761066541445e+01
1.914788169249965577e+01
1.897422004336758050e+01
1.892732094372145113e+01
1.924415175452304894e+01
1.932163354471777694e+01
1.944981209683576395e+01
1.944472516853513255e+01
1.942545453536933664e+01
1.941502755162365901e+01
1.940789990043635171e+01
1.938587422637676028e+01
1.946500989409222981e+01
1.948498242555968218e+01
1.948246012932139593e+01
1.949605143650275352e+01
1.950655033138470884e+01
1.950674517147023579e+01
1.951363333855637805e+01
1.941286111708726736e+01
1.942780937451931678e+01
1.940202361248333318e+01
1.934543689346911677e+01
1.936880851608917098e+01
1.933590701301135084e+01
1.928313236523011298e+01
1.925988754974520489e+01
1.930507848935197757e+01
1.914446363071704482e+01
1.919081934012051605e+01
1.915159207573734079e+01
1.911048872695467082e+01
1.904654721999409261e+01
1.906069898282969177e+01
1.900585357399141273e+01
1.945754142218207150e+01
1.946964172927572534e+01
1.945010039393470436e+01
1.949039730202974496e+01
1.949914558917205909e+01
1.948617166987724758e+01
1.950908934436883158e+01
1.950859910273970144e+01
1.951502047175834420e+01
1.951457592245117922e+01
1.951758142452030498e+01
1.951779447543496104e+01
1.898283544906955456e+01
1.903508813239960773e+01
1.914998448505518525e+01
1.917598707978103434e+01
1.912252269420274331e+01
1.922598623173056609e+01
1.925654661378526100e+01
1.921344880658382692e+01
1.930423278106251672e+01
1.929601526620244911e+01
1.933136043469878018e+01
1.943240060216536946e+01
1.937958485333356151e+01
1.939718315400885729e+01
1.936862934215713494e+01
1.946741312306120975e+01
1.949576443441308626e+01
1.951052463533545378e+01
1.943519809140172327e+01
1.937995453109127197e+01
1.931515078708270394e+01
1.921462969494236361e+01
1.924948378872790755e+01
1.922491318656516768e+01
1.918048925044834263e+01
1.909621874409160114e+01
1.947371941892352254e+01
1.949963609317620339e+01
1.951181767594255945e+01
1.906681874913640229e+01
1.902177154967477790e+01
1.908004873800555501e+01
1.910978620621856194e+01
1.918827799400259693e+01
1.926584578360387212e+01
1.934304079024855483e+01
1.945948133042712413e+01
1.943713563274155121e+01
1.945458180304532192e+01
1.943251107240224584e+01
1.942367565462837931e+01
1.940623214676216790e+01
1.947222610302137014e+01
1.948840469905610462e+01
1.949755028139178847e+01
1.948664766311491903e+01
1.950397600494349248e+01
1.950932624147619876e+01
1.950520927893055045e+01
1.942609376652611886e+01
1.941931704386352919e+01
1.944209399552565287e+01
1.938425412259947933e+01
1.936555198217766716e+01
1.939851729429496885e+01
1.927704404149612216e+01
1.931209833706407863e+01
1.928018863930262938e+01
1.924663489812408201e+01
1.912650843194197847e+01
1.917141383402421084e+01
1.913559989642913095e+01
1.908732182247815246e+01
1.946505031004667430e+01
1.947817662892597923e+01
1.946155082365265798e+01
1.949504846064472829e+01
1.949276840177243741e+01
1.950202509917017935e+01
1.950652839477893608e+01
1.950785982018123477e+01
1.951052386345125100e+01
1.915473768279622035e+01
1.911207973229920043e+01
1.915285423805309506e+01
1.919118817750756634e+01
1.923680177323899798e+01
1.923099463411853449e+01
1.927148278637294254e+01
1.935554509763248987e+01
1.936768594171214986e+01
1.933088129884253092e+01
1.944582447656196678e+01
1.940386873851461758e+01
1.941809683973529843e+01
1.939190800347975951e+01
1.947389570237996992e+01
1.949622839768986893e+01
1.950529826383374754e+01
1.944628701541252269e+01
1.940525543620554316e+01
1.933200904458136549e+01
1.933855338187579065e+01
1.935869775826735761e+01
1.930514647752650959e+01
1.920250885246055716e+01
1.924057881742752585e+01
1.920856928371287964e+01
1.916535838572563932e+01
1.948076878992946703e+01
1.950086429456962378e+01
1.919635119380083665e+01
1.930801869162698026e+01
1.927290235477859426e+01
1.930637764367873999e+01
1.933270231543658468e+01
1.937985671851106417e+01
1.946838053535112323e+01
1.946382821500657201e+01
1.945031989020919383e+01
1.944693493581651111e+01
1.942552463714683952e+01
1.943972264929133686e+01
1.947827759302736439e+01
1.949002867373079084e+01
1.949711254414918926e+01
1.948920109477973739e+01
1.949993980333084309e+01
1.950332496113548686e+01
1.950195752235664770e+01
1.942904838770477127e+01
1.944784335448216339e+01
1.942746889811627398e+01
1.938838248275870768e+01
1.938631222171451896e+01
1.940768873577227893e+01
1.936094911817251685e+01
1.927249043723636035e+01
1.930310231820518396e+01
1.927476316164127113e+01
1.923830335366259092e+01
1.948229888480571503e+01
1.947419522082380894e+01
1.948830716768340920e+01
1.949666356273668910e+01
1.949584316081676860e+01
1.950161204702840578e+01
1.936967614047771846e+01
1.933975075376299557e+01
1.936301710878890248e+01
1.938722010702575105e+01
1.945749346540367242e+01
1.942008680747665039e+01
1.941200622336661397e+01
1.943349475606811083e+01
1.947910392548406477e+01
1.949511022381728864e+01
1.949846806331076721e+01
1.946036465879805988e+01
1.944527299161884670e+01
1.946251287344518488e+01
1.940915917548302971e+01
1.933566817119918824e+01
1.936263309812569133e+01
1.933355089859387022e+01
1.930492487826712988e+01
1.948919583892139329e+01
1.947185170579452773e+01
1.939526991226728114e+01
1.947530105131707145e+01
1.947168893694237823e+01
1.946096760976067586e+01
1.945644102113193696e+01
1.943830982176958955e+01
1.945176943898101030e+01
1.948249804853158551e+01
1.949075030031550426e+01
1.949530948935459307e+01
1.949055229115758792e+01
1.949362418738596503e+01
1.949697681037186925e+01
1.949505379849237841e+01
1.943258263586014678e+01
1.944708619704599073e+01
1.943059957583382058e+01
1.938922522804761783e+01
1.940973420149220985e+01
1.938869035537745233e+01
1.936292260425022960e+01
1.948414843402111885e+01
1.948333543273701807e+01
1.949044771366355633e+01
1.947300311986142063e+01
1.946575656785923414e+01
1.948298669059364840e+01
1.949233920767141015e+01
1.948894298954867210e+01
1.941134376823786667e+01
1.946382791401923029e+01
1.946218872862311500e+01
1.944866221343720269e+01
1.947461140551553882e+01
1.947955800169755136e+01
1.946803331873611143e+01
1.947734786980874944e+01
1.948500337467017118e+01
1.948814526599114316e+01
1.948967962426724654e+01
1.949078755892169568e+01
1.948289139371276590e+01
1.948854750626492560e+01
1.948341328557059526e+01
1.947377638167370151e+01
1.948385972487914941e+01
1.948566898259265301e+01
