3.074245359015240453e+01
3.070733952746154571e+01
3.066238978523445624e+01
3.076668369630016997e+01
3.075478807734235076e+01
3.072488854987843609e+01
3.068474982500373471e+01
3.060802423816309670e+01
3.063538880819612231e+01
3.077936989897493447e+01
3.077368365035048825e+01
3.071741732786446732e+01
3.074219337351075865e+01
3.072988006311429032e+01
3.069098012522580632e+01
3.071679165912343379e+01
3.069911174408034782e+01
3.065587593033844271e+01
3.068154350170889799e+01
3.065918758525497623e+01
3.061129560176916442e+01
3.063669664168413931e+01
3.061008463015852854e+01
3.054751986689398180e+01
3.073686521800825133e+01
3.075839704366893557e+01
3.075165421093948126e+01
3.057796082764819090e+01
3.072693670537655208e+01
3.070428703597012188e+01
3.067339363424400389e+01
3.063352408677414473e+01
3.055878236978302809e+01
3.058499508725032001e+01
3.058351353942390816e+01
3.077964397642277916e+01
3.078076599165448002e+01
3.047973569240530622e+01
3.051383943938857612e+01
3.072255789613791777e+01
3.073074764632894684e+01
3.075034527276112684e+01
3.055332888183865592e+01
3.069228944278500038e+01
3.071426315393692263e+01
3.070481481678941549e+01
3.067145029327710759e+01
3.069444579662156869e+01
3.068115814265284413e+01
3.064420219629792186e+01
3.065004670446873547e+01
3.066764097949998913e+01
3.060586754998503878e+01
3.063084462839656652e+01
3.060857979763600056e+01
3.056193120133852759e+01
3.056047196436897906e+01
3.058658735382729787e+01
3.076846423619438298e+01
3.077541765467021406e+01
3.075199592092885936e+01
3.040739158841822132e+01
3.033123677253897199e+01
3.044407459456675014e+01
3.050729639845945229e+01
3.052725533839045369e+01
3.049391293863016017e+01
3.070775759512771685e+01
3.053303012900468971e+01
3.068172539372402596e+01
3.065781993641083147e+01
3.062501968433815946e+01
3.058387655482301071e+01
3.050994429257114149e+01
3.053419965910320855e+01
3.053580706959747815e+01
3.072634361085237487e+01
3.074835345251971219e+01
3.075299042849249531e+01
3.072526251065246683e+01
3.025215563051067846e+01
3.036968782749740470e+01
3.029190132140799463e+01
3.045018218579654601e+01
3.046446811406938338e+01
3.042952375170675694e+01
3.047909981316229633e+01
3.067032127467249936e+01
3.068139619212346503e+01
3.069652595932107175e+01
3.050833591697420388e+01
3.065145086512564632e+01
3.066146914700758686e+01
3.067179454258991100e+01
3.062783724201932500e+01
3.063601112972442664e+01
3.064965667411642514e+01
3.059714397753855764e+01
3.060152651043152261e+01
3.062070924698155494e+01
3.055792613332423002e+01
3.055990134699998606e+01
3.058194753415275002e+01
3.051134500257788318e+01
3.051038562478939298e+01
3.053672672647075359e+01
3.074452553881180705e+01
3.075770343095267734e+01
3.071414473428243852e+01
3.074131248840652475e+01
3.072112583033209887e+01
3.067863779327369045e+01
3.070046711352004820e+01
3.070297713462030842e+01
3.017164966266071957e+01
3.021270685695817804e+01
3.037997250764109580e+01
3.039330640815257212e+01
3.035645914592317496e+01
3.029012771757754408e+01
3.031045996271549114e+01
3.027185283504362445e+01
3.041516397635006186e+01
3.048007143496975857e+01
3.067462495131366751e+01
3.066087212297981068e+01
3.063962352110933551e+01
3.061252499373945213e+01
3.057759744456341622e+01
3.053469228274627056e+01
3.045877630363822064e+01
3.048433949833576051e+01
3.048507224359727630e+01
3.070835046502059029e+01
3.066053489195494919e+01
3.072786581885799606e+01
3.073033741652703199e+01
3.067835042149219404e+01
3.070226241468047945e+01
3.069688077125801939e+01
3.067882801413502136e+01
3.022802734872191621e+01
3.023988132170662979e+01
3.020066720018208528e+01
3.033565789132297041e+01
3.025970164919602468e+01
3.039870374976485934e+01
3.038950184873166194e+01
3.042442193646856197e+01
3.045448348136537930e+01
3.063863029926758941e+01
3.065883002390280510e+01
3.065444040330106645e+01
3.062932466013312904e+01
3.064042019325474797e+01
3.064991106463204318e+01
3.061021300830148562e+01
3.061904952534307611e+01
3.063086006489989899e+01
3.058485138013128690e+01
3.059099251381708484e+01
3.060641694392921153e+01
3.055200903206486629e+01
3.057465294453252014e+01
3.055496275847573528e+01
3.051177485428464919e+01
3.051155847987199010e+01
3.053492191902622821e+01
3.046452082736664480e+01
3.046167241903947698e+01
3.048798316761278571e+01
3.068619264456557616e+01
3.060326159530848855e+01
3.063325296419051114e+01
3.069175968163472845e+01
3.070114558011983164e+01
3.071824981488917317e+01
3.070389528343346441e+01
3.066641867587178183e+01
3.067281380515628442e+01
3.069030906571525108e+01
3.063980436163981835e+01
3.065913208552602143e+01
3.065933720479629443e+01
3.009131878044731678e+01
3.013240190290237308e+01
3.015781451696032534e+01
3.019350985502049411e+01
3.016483706884430660e+01
3.033919022570744062e+01
3.031532825629628647e+01
3.035943349396643853e+01
3.027845429499349805e+01
3.025377674885901058e+01
3.028396837837615152e+01
3.042879279315690511e+01
3.036897626009692885e+01
3.063934201271458235e+01
3.063409830746822138e+01
3.061982805173482802e+01
3.059762129175245704e+01
3.056850454834971842e+01
3.053197169457535409e+01
3.048821777233312247e+01
3.041027143169096902e+01
3.043445607587575807e+01
3.043742033787790646e+01
3.065346541027690108e+01
3.065828011820981303e+01
3.068116823866584042e+01
3.060589756085777680e+01
3.060537837966849040e+01
3.063354942252119173e+01
3.067390029050312705e+01
3.067965372524724899e+01
3.063353869686926956e+01
3.065588915815149207e+01
3.065030450655811123e+01
3.063685435702932480e+01
3.001147082499928587e+01
3.005223507297140628e+01
3.012551679107855307e+01
3.021174064325320785e+01
3.021977731202156292e+01
3.018539870185853857e+01
3.030926074239842904e+01
3.024509048444928538e+01
3.040445405099363185e+01
3.034891558102649256e+01
3.034403119562471574e+01
3.037389675920913135e+01
3.060497866810763412e+01
3.062177168447301057e+01
3.062256273706072207e+01
3.060152107748279704e+01
3.061540471120668983e+01
3.062022985916235029e+01
3.058975815617899841e+01
3.059998439995309027e+01
3.060964891548648836e+01
3.057051032713789240e+01
3.057767878685012164e+01
3.059046855244843144e+01
3.054369305767491127e+01
3.054785406465467190e+01
3.056437128104095535e+01
3.050946528426252158e+01
3.051063028816798450e+01
3.053082861922228020e+01
3.046794668218350211e+01
3.048994071205333256e+01
3.046625654665374228e+01
3.041933814357005872e+01
3.041477340408254548e+01
3.044200841199753071e+01
3.063122997969440320e+01
3.055000146476890777e+01
3.057916150627245244e+01
3.057612721564597180e+01
3.053550945790955851e+01
3.057026574812875097e+01
3.064917484970899864e+01
3.065175610481347235e+01
3.067040270191996498e+01
3.065790977617496793e+01
3.061832810890216905e+01
3.064237263119961696e+01
3.062604523594144368e+01
3.060062643028545182e+01
3.062018547103051702e+01
3.061728259784051431e+01
2.993332463685530342e+01
2.997318953570689004e+01
3.008632206521843955e+01
3.008873019431467455e+01
3.004969589116292283e+01
3.012286319980344729e+01
3.015347261971877302e+01
3.015549352092404689e+01
3.018298548715290153e+01
3.031397098989895511e+01
3.023245595716027267e+01
3.022220084811531038e+01
3.025552486410992969e+01
3.037962439620457289e+01
3.060295652764048313e+01
3.060339450245649218e+01
3.059577005004848615e+01
3.058025215557748666e+01
3.055721085177951579e+01
3.052668561598640906e+01
3.048881360092942572e+01
3.044375616056277778e+01
3.036388483234977542e+01
3.038700011143545510e+01
3.039165127273578548e+01
3.060067713055351035e+01
3.062714843750285709e+01
3.060408457846249064e+01
3.054287858878990036e+01
3.056393146587209131e+01
3.055696804119569876e+01
3.058496950568832773e+01
3.062556671951943699e+01
3.063365592211767563e+01
3.058794487310194299e+01
3.060326603563777326e+01
3.061070823907395066e+01
3.059444701357763208e+01
2.985762213766303930e+01
3.001430094463642462e+01
3.001288926347848118e+01
2.997458504543444135e+01
2.989622051470737318e+01
3.005091139124929356e+01
3.012057442353337677e+01
3.019330368047414126e+01
3.030123755379273831e+01
3.028991575937821423e+01
3.032516540234050950e+01
3.026701084505124939e+01
3.035635865471722994e+01
3.057025657771764315e+01
3.058759851708086686e+01
3.058563407138972678e+01
3.057273217515768948e+01
3.058711199704425709e+01
3.058902923825078091e+01
3.056732344023766146e+01
3.058457733270402557e+01
3.057853622420916651e+01
3.055407370495580111e+01
3.057205304171106519e+01
3.056229246983441072e+01
3.053322367398513393e+01
3.053846572239439183e+01
3.055199219660522658e+01
3.050487650685774099e+01
3.050718603297968912e+01
3.052440034417717740e+01
3.046916811210870790e+01
3.046858135945864987e+01
3.048942498419477687e+01
3.042622890821808568e+01
3.042281649237690644e+01
3.044719212289957611e+01
3.037618561995676103e+01
3.036999454085490768e+01
3.039786525706109543e+01
3.045835330597763857e+01
3.058260545617981663e+01
3.048485014274544369e+01
3.050962585128788618e+01
3.051809989990353600e+01
3.050967646640478037e+01
3.053710132636052066e+01
3.052939713657626086e+01
3.049829156804954877e+01
3.060965636826000846e+01
3.056706463168752563e+01
3.057769725377931636e+01
3.059274945314137284e+01
3.055972009721661564e+01
3.058015371899857371e+01
3.057404171441625707e+01
2.978533526972724843e+01
2.982214606144504643e+01
2.994579192007987345e+01
2.998078654336207194e+01
2.993954020751777989e+01
2.990243539889261726e+01
3.008087827821390903e+01
3.008351876739966713e+01
3.004809613546906633e+01
3.011727640471710288e+01
3.018476285609983734e+01
3.016920440234293821e+01
3.020873222257947432e+01
3.033261460050343317e+01
3.025526220617682682e+01
3.024392152431173741e+01
3.027836113243385441e+01
3.056517615494104945e+01
3.057166414724765957e+01
3.057018578315985380e+01
3.056084398406030900e+01
3.054378850425212377e+01
3.051918655010547710e+01
3.048715932308980214e+01
3.044783905826516701e+01
3.040135521894724491e+01
3.031915820024600094e+01
3.034152389294078134e+01
3.034783035193851575e+01
3.037680251469090464e+01
3.041871324256251796e+01
3.053765655640612309e+01
3.056921506187246251e+01
3.055076148833775207e+01
3.047232822174250799e+01
3.049716536250578613e+01
3.052359023734049970e+01
3.058403542154241705e+01
3.054098191539144480e+01
3.056444864217678870e+01
3.055426298395045492e+01
3.055055528858766678e+01
2.987724220837544564e+01
2.986741102110760337e+01
2.983188924896987260e+01
2.971713539994282272e+01
2.975175755565562241e+01
3.003020229033293731e+01
3.002222468736219341e+01
2.998854998319960430e+01
2.991221382899220771e+01
3.005587260072661238e+01
3.010849554379609572e+01
3.009478799993812004e+01
3.013109043778127827e+01
3.014683253443810429e+01
3.022019542420856908e+01
3.031024951698931602e+01
3.028738365507651054e+01
3.053381137837017434e+01
3.055202188019550036e+01
3.054698623286501302e+01
3.054234078222507520e+01
3.055752869524411253e+01
3.055649783601089098e+01
3.054292043189399308e+01
3.055800747295191755e+01
3.055511953471089015e+01
3.053566498352990521e+01
3.054487322110538372e+01
3.055165829467252081e+01
3.052072077891885016e+01
3.052698235169058805e+01
3.053754869681718631e+01
3.049820913998726724e+01
3.050156006136376519e+01
3.051585751346017616e+01
3.046825474525062560e+01
3.048669930171531206e+01
3.046873632500492945e+01
3.043097873602560455e+01
3.045020234597317810e+01
3.042863685852930189e+01
3.038649837893632721e+01
3.040649082835439643e+01
3.038138358415304197e+01
3.033492572732530235e+01
3.032709244435007889e+01
3.035568383397126624e+01
3.041292505237812449e+01
3.039555982047035343e+01
3.043620516277023569e+01
3.055257583981060421e+01
3.045015350954826161e+01
3.043391689140552714e+01
3.047260073428894600e+01
3.045913521298969329e+01
3.047824628543613912e+01
3.050807357885639348e+01
3.049402998664476883e+01
3.051392144574143828e+01
3.052767720917925587e+01
3.054052128665166776e+01
3.051719429213357415e+01
3.053844159922506307e+01
3.052933103233862155e+01
2.981255887654839398e+01
2.979898805556762653e+01
2.984534042262993125e+01
2.976539627839276392e+01
2.996334023111590028e+01
2.995442274806937988e+01
2.999720079803067563e+01
2.992094313846458320e+01
3.006958374302930537e+01
3.013867585134519800e+01
3.012365692585619925e+01
3.016187056632789165e+01
3.021094362415890799e+01
3.023323927282506318e+01
3.019792250154046087e+01
3.027636728227561846e+01
3.026587459838938088e+01
3.029789506851328795e+01
3.052572462256362584e+01
3.053827930403282309e+01
3.054281909086755320e+01
3.053946967629436671e+01
3.052836193590508174e+01
3.050962936031869077e+01
3.048339521588884793e+01
3.044978227641428603e+01
3.040890971959805711e+01
3.036089207994419681e+01
3.030583876720028513e+01
3.028884778231981301e+01
3.033326901621320815e+01
3.033855855641796140e+01
3.035731874393187013e+01
3.037690801323748957e+01
3.052600651522199016e+01
3.042463814548258227e+01
3.045683729518836813e+01
3.049638796915400718e+01
3.049236303166786755e+01
3.051665208803414231e+01
3.050341147407295139e+01
3.050502060137189630e+01
2.988744094808960838e+01
2.988228276397751060e+01
2.985038022122049739e+01
2.965372763347379959e+01
2.968594399362020297e+01
2.975374517195693969e+01
2.978361458661238004e+01
2.973549596262512296e+01
3.005965270416461621e+01
3.001197138486382343e+01
3.004493456420454223e+01
2.992550859449188394e+01
3.008427085928702382e+01
3.009939595365066722e+01
3.017503484086415355e+01
3.024386157738612724e+01
3.049575591268133223e+01
3.051477857478053224e+01
3.050672132206994291e+01
3.051024306286166521e+01
3.052225185922334916e+01
3.052629035428262938e+01
3.051674843830498318e+01
3.052983707840694194e+01
3.052975034954285860e+01
3.051539187113856144e+01
3.052553611412303880e+01
3.052934555030730834e+01
3.050629188273067527e+01
3.051351956775685537e+01
3.052115427883303411e+01
3.048956535003727453e+01
3.049390666322106824e+01
3.050530810982992591e+01
3.046532652345466374e+01
3.048192483113998463e+01
3.046681681084792004e+01
3.043368673077537423e+01
3.043236619200343185e+01
3.045112246562064584e+01
3.039475372991517332e+01
3.039066726211036951e+01
3.041301548926843523e+01
3.034863103611060708e+01
3.034182775716260494e+01
3.036771424322202861e+01
3.029541724845242001e+01
3.028595020172211250e+01
3.031532403547490873e+01
3.031371373920624990e+01
3.037359669590295752e+01
3.035603833546034380e+01
3.039337308218028610e+01
3.040452654532807841e+01
3.041748789947387976e+01
3.044784106240433275e+01
3.042620408207461224e+01
3.045915854837513592e+01
3.046902263268388111e+01
3.048652584986679415e+01
3.047603845589218352e+01
3.047316734333190880e+01
3.049517294576238413e+01
3.048303534950862570e+01
2.984275200887888602e+01
2.982770610861724236e+01
2.986536094819259901e+01
2.970431561563527723e+01
2.979871829951567364e+01
3.001345048368132140e+01
2.998856175929575585e+01
3.003672566174552117e+01
2.992555692460703298e+01
2.990666705971885975e+01
2.994456495868035617e+01
3.009413380698042673e+01
3.007697701867235907e+01
3.011658048166999535e+01
3.016808640486384263e+01
3.018968186294181066e+01
3.015345633505435075e+01
3.023520896872419073e+01
3.025594591647185894e+01
3.022314324208060299e+01
3.048471633717294793e+01
3.050323469993034564e+01
3.051371469877683751e+01
3.051627632058379902e+01
3.051103858972303229e+01
3.049811937284658114e+01
3.047763411024629931e+01
3.044969558767441953e+01
3.041441330456950354e+01
3.037189283707018106e+01
3.032223515747430298e+01
3.026553751479803722e+01
3.025942017649659732e+01
3.029927610707565577e+01
3.027401072991128927e+01
3.019765408860779843e+01
3.024360426986698513e+01
3.031071052544104916e+01
3.034225974424058236e+01
3.032458077282887743e+01
3.036631477303514970e+01
3.040003066155590261e+01
3.037033898593478298e+01
3.039229314477928057e+01
3.043863613156031889e+01
3.044235701690231721e+01
3.046734912380838978e+01
3.045105842537028096e+01
3.045803968935148731e+01
2.959625081520959711e+01
2.954494061002691652e+01
2.988445286480737906e+01
2.962530175645609276e+01
2.969392766280159890e+01
2.967389066372719597e+01
2.972424815100708173e+01
2.979112445338610016e+01
2.977250098576480397e+01
2.981727107697381030e+01
3.005407222684305069e+01
2.996979695915213071e+01
3.013136948885858146e+01
3.020188830510224065e+01
3.045619311083354930e+01
3.047597686188675681e+01
3.046494993855323230e+01
3.047654095794208118e+01
3.048639648863341023e+01
3.049339684666611916e+01
3.048889174083379672e+01
3.050282815853455176e+01
3.049979626213670869e+01
3.049335401788886202e+01
3.050438496425417867e+01
3.050526350641662887e+01
3.049003547619675558e+01
3.049818032203330986e+01
3.050291198529773595e+01
3.047904236230562702e+01
3.048432575114886589e+01
3.049285419499058136e+01
3.046047877115910651e+01
3.046293039177880146e+01
3.047520059876742238e+01
3.043444614202898890e+01
3.043410058825618236e+01
3.045005906407924812e+01
3.040104275039347570e+01
3.039793931548733852e+01
3.041753439797798109e+01
3.036036315779602646e+01
3.035454556809269633e+01
3.037772774822942878e+01
3.031249765792083650e+01
3.030401375087470583e+01
3.033073597702201596e+01
3.025753181562973637e+01
3.024643490897277687e+01
3.027665111223513961e+01
3.022867348437729262e+01
3.028517952395772994e+01
3.033880420606062600e+01
3.010497781364882997e+01
3.015154061691429277e+01
3.035560516335981518e+01
3.038653180496935846e+01
3.036132963639931859e+01
3.040320418366126276e+01
3.043116821596986199e+01
3.041068004253676449e+01
3.042308658260203558e+01
3.042773934038318373e+01
3.045045394430373520e+01
3.043534207130185365e+01
2.957065640366951342e+01
2.950014429379563907e+01
2.952264706606971956e+01
2.987912896911429073e+01
2.986099294021470385e+01
2.990257704487981627e+01
2.964544763251203818e+01
2.974298475355637805e+01
2.983547185149213021e+01
3.005080787858944902e+01
3.003222156951262178e+01
3.007267743748506206e+01
2.996819832657818594e+01
2.994699501025248622e+01
2.999103278870091316e+01
3.012661521861852876e+01
3.011045631683454005e+01
3.014754480441315820e+01
3.019554607652977296e+01
3.018188918040623747e+01
3.021556165608610200e+01
3.044225224993413192e+01
3.046663227795563955e+01
3.048296411447475407e+01
3.049135650393593622e+01
3.049191760576679400e+01
3.048475440884158161e+01
3.046997205982669144e+01
3.044767330308766873e+01
3.041795796407700792e+01
3.038092241151076678e+01
3.033665899937235366e+01
3.028525556509300642e+01
3.022679495298207186e+01
3.018289972841950330e+01
3.019027018150827502e+01
3.022118281078422086e+01
3.023614799637670458e+01
3.027348304175917448e+01
3.024770162860350098e+01
3.029968008129537793e+01
3.033300057514020054e+01
3.030548706417492966e+01
3.014430725629261332e+01
3.037973506668347312e+01
3.032799388580997046e+01
3.039107140841881360e+01
3.041671388189423908e+01
3.039745873490160122e+01
3.040971538169686639e+01
2.964453400267435867e+01
2.962025200732782437e+01
2.959497252499387798e+01
2.959620228804500996e+01
2.957040610043087270e+01
2.954854135921589631e+01
2.992398508860092576e+01
2.966948233000290713e+01
2.974136484947080206e+01
2.976660514794991030e+01
2.971775762072371663e+01
2.983427790497458076e+01
2.981279358590768780e+01
2.985699663095620693e+01
3.000982181804711857e+01
3.008900661715463087e+01
3.016135474642145198e+01
3.041521463102534639e+01
3.043571388459219307e+01
3.042176808559693413e+01
3.044132677313614721e+01
3.045894535930748503e+01
3.044902924519500687e+01
3.045943700217050321e+01
3.047417809892235496e+01
3.046823891542080887e+01
3.046964307051870691e+01
3.048151522889811815e+01
3.047950048492745623e+01
3.047204198059705149e+01
3.048105906301232793e+01
3.048291680176108898e+01
3.046672945099619412e+01
3.047291054841899793e+01
3.047858962683747208e+01
3.045379937286853789e+01
3.046661905740934984e+01
3.045716864376114330e+01
3.043334328874125205e+01
3.044710292837920917e+01
3.043392980635128708e+01
3.040544991583818657e+01
3.040328749744457681e+01
3.042013632507325838e+01
3.037020467436075322e+01
3.038581108845357548e+01
3.036533167124621713e+01
3.032768921541215335e+01
3.034421529864218670e+01
3.032014826386005169e+01
3.027798097524718557e+01
3.026781874228998959e+01
3.029543277898769560e+01
3.022115277113206488e+01
3.020841969760889612e+01
3.023954265641949490e+01
3.001242664205000565e+01
3.005887890354703984e+01
3.020938879765412821e+01
3.026821966012074938e+01
3.009615676171747367e+01
3.013976532470352865e+01
3.010049424836812548e+01
3.034608212847374986e+01
3.037464257809229906e+01
3.035119115109205978e+01
3.029266603467825547e+01
3.032413821052048064e+01
3.029654628411254791e+01
3.036891369045259736e+01
3.038100267408622912e+01
3.038635224920150080e+01
3.040438031895399007e+01
2.946342542910850426e+01
2.948194109636574112e+01
2.962049278726803792e+01
2.955605987257284539e+01
2.957623649675286615e+01
2.952826332272675103e+01
2.992391599477960895e+01
2.990162384446975352e+01
2.994630537128214698e+01
2.969333047770334488e+01
2.978826678329519240e+01
2.987947937975391000e+01
3.000860109509559592e+01
2.998849636003109964e+01
3.002994083335722664e+01
3.008640281975333508e+01
3.010673052150745477e+01
3.006869263063863684e+01
3.015727248569577768e+01
3.017661903658027711e+01
3.014202244452057400e+01
3.042856408476914609e+01
3.039842391480284078e+01
3.045065659871071162e+01
3.046479935649207604e+01
3.047108977561067178e+01
3.046962424060321695e+01
3.046049756167897016e+01
3.044380244131938795e+01
3.041962898374972468e+01
3.038806421863966634e+01
3.034919162573423890e+01
3.030309067675969814e+01
3.024983641484667629e+01
3.018949910318149321e+01
3.005466090718420702e+01
3.015329854517694130e+01
3.019531333936813766e+01
3.016815054599080526e+01
3.023077897983556284e+01
3.026520400760579577e+01
3.023380313455256285e+01
3.012532990791553544e+01
3.031974214132410239e+01
3.026209354901605053e+01
3.033859337850307369e+01
3.034267915832503348e+01
3.036484180581911829e+01
3.036013829363156447e+01
2.951013165784318559e+01
2.969176344646662002e+01
2.964426385506217443e+01
2.966799826960740205e+01
2.964271517739060968e+01
2.959969772924407394e+01
2.961920858768568365e+01
2.996661340294103582e+01
2.971683314780359453e+01
2.978667684527939485e+01
2.976410181360296647e+01
2.981082108123948871e+01
2.988050799158595794e+01
2.985749283678603305e+01
2.990250011189186452e+01
3.004783078767938775e+01
3.012214392986163958e+01
3.040468311044729077e+01
3.042302330230990748e+01
3.041023729598959235e+01
3.037290269352912730e+01
3.039407652432227280e+01
3.037726298471111974e+01
3.042846698776529735e+01
3.044397160646209244e+01
3.043516577999788453e+01
3.044434154943263593e+01
3.045701390136927600e+01
3.045214109505608491e+01
3.045239332899303975e+01
3.046224192895960314e+01
3.046125545730442497e+01
3.045270769036769920e+01
3.045974620243794817e+01
3.046260010722944145e+01
3.044536836099165100e+01
3.045626480881292153e+01
3.044961550168572728e+01
3.043045697278460437e+01
3.043193638424664726e+01
3.044233734722116580e+01
3.040805262434087552e+01
3.040679272789119025e+01
3.042090305367363001e+01
3.037823146073223057e+01
3.039204435719508268e+01
3.037426528426060557e+01
3.034106626349235114e+01
3.033443123834960531e+01
3.035584034174119239e+01
3.029662605597795633e+01
3.028736378936692120e+01
3.031236631229019807e+01
3.024497573765167857e+01
3.023313176692494153e+01
3.026169338986935031e+01
3.018617575846848666e+01
3.017179930986794290e+01
3.020388815417019757e+01
2.992196128681299427e+01
2.996730121172344141e+01
3.001664874983547548e+01
3.001493492500089033e+01
3.005656308359883155e+01
3.019292084365073592e+01
3.007533969527825235e+01
3.008564415233126255e+01
3.011502915946052639e+01
3.028789053400363329e+01
3.029064783945139894e+01
3.031699666018786843e+01
3.022880032870376610e+01
3.026074393451808575e+01
3.023019084860549555e+01
3.031361009191446243e+01
3.033303829435828192e+01
3.033615025230200146e+01
3.035703861827848726e+01
2.943490028442986883e+01
2.944923192971018722e+01
2.954169771054857563e+01
2.950283677791657055e+01
2.954885295089228592e+01
2.966737760355000830e+01
2.962184099248325353e+01
2.963233879919434344e+01
2.958916223839909776e+01
2.996740913195269229e+01
2.994576289424188076e+01
2.998826993333377189e+01
2.973955567046080617e+01
2.983402626059951501e+01
2.992434921649335777e+01
3.004734461052638750e+01
3.002806454768324684e+01
3.006712260619312360e+01
3.012028182798994891e+01
3.010342560069178930e+01
3.013901233643624167e+01
3.041687478639739339e+01
3.038911244709866466e+01
3.035331298225439411e+01
3.043668740983394372e+01
3.044863725068517368e+01
3.045281029180956978e+01
3.044929109570247050e+01
3.043816234150803268e+01
3.041950437892371184e+01
3.039339480060505849e+01
3.035990802637828878e+01
3.031911490063053805e+01
3.027108231373902569e+01
3.021587285992487892e+01
3.015354453451431027e+01
2.996978590615866622e+01
3.004614431932232677e+01
3.016120151163453400e+01
3.019599219561066761e+01
3.015786800767176601e+01
3.008377905776080397e+01
3.011856412704796071e+01
3.008000449988980307e+01
3.025874322471357658e+01
3.019543654270042765e+01
3.028500269294163161e+01
3.031181721499868686e+01
3.028680729198739030e+01
3.030938895349754247e+01
2.948864942530526534e+01
2.958213490793480105e+01
2.974191725872396930e+01
2.969256182012763645e+01
2.971668344709640408e+01
2.969726582498379486e+01
2.965992964898845230e+01
2.966985841572115135e+01
3.000773843963632359e+01
2.976452370574837758e+01
2.983789581551501513e+01
2.981239853738290435e+01
2.985951760294466695e+01
2.992714482738512771e+01
2.990393026797860188e+01
2.994757046290658309e+01
3.008415044376792480e+01
3.039605501773903029e+01
3.041228668819321967e+01
3.040065481351320287e+01
3.036668293074990999e+01
3.038570841614562923e+01
3.037009822471991072e+01
3.032932949500398934e+01
3.035114194348879835e+01
3.033151126263781450e+01
3.041752280723225965e+01
3.043095888126726578e+01
3.042326336784027063e+01
3.043116261841250392e+01
3.044180640183839515e+01
3.043800573696784895e+01
3.043704964421534598e+01
3.044490950611240265e+01
3.044496284557747146e+01
3.043525755218342610e+01
3.044034686770271492e+01
3.044421425557467131e+01
3.042585809042660472e+01
3.042819515174167222e+01
3.043583773548823501e+01
3.040892070386530577e+01
3.040852860445521344e+01
3.041990884012442820e+01
3.038451216422839352e+01
3.039650050770942968e+01
3.038141865810779763e+01
3.035269621283442731e+01
3.036568267106898844e+01
3.034693354754127625e+01
3.031353321695712921e+01
3.030513794156416196e+01
3.032752188041883912e+01
3.026707984482494851e+01
3.025609259826992670e+01
3.028208094418491569e+01
3.021338876476709601e+01
3.019985405208703000e+01
3.022941859801528253e+01
3.015250836694193382e+01
3.013647432903047019e+01
3.016958920657658538e+01
2.983506720893110753e+01
2.987859850626073666e+01
2.991618208556197800e+01
2.996665575571470796e+01
2.991956697567417223e+01
3.000924883097196982e+01
3.004235826167997558e+01
3.001329871669482330e+01
3.012306958157233083e+01
3.004687999852190572e+01
3.022870867790699378e+01
3.022914341001588312e+01
3.025832059953545539e+01
3.016406609845041586e+01
3.016305796198298239e+01
3.019645703735391606e+01
3.025725318959680621e+01
3.028391728806457905e+01
3.030850484769089448e+01
3.028481150901702890e+01
2.941511720933388929e+01
2.942502141594853526e+01
2.952549911467179200e+01
2.953360627215991485e+01
2.948067013199205633e+01
2.963840158883681042e+01
2.959062981399916836e+01
2.962985421650060402e+01
2.971976491181933611e+01
2.966834685497669355e+01
3.000935006697808660e+01
2.998847497948323593e+01
3.002862318103515094e+01
2.979023738179852288e+01
2.988294209521246714e+01
2.996864038328135749e+01
3.008448248734162789e+01
3.006600065050176340e+01
3.010264248859959935e+01
3.040709395244839186e+01
3.038169177244976282e+01
3.034834991640710200e+01
3.030699106796140185e+01
3.042463320486787026e+01
3.043438533050968431e+01
3.043642478687167596e+01
3.043082429266548061e+01
3.041765443986287920e+01
3.039698331791480967e+01
3.036887615068651769e+01
3.033339494619357168e+01
3.029059816313598219e+01
3.024054040003998978e+01
3.018327210863015964e+01
3.011883931861256514e+01
2.987643878588028201e+01
2.996353757679215946e+01
3.009129411847105118e+01
3.012626888672823711e+01
3.008799024781309228e+01
3.001141482704079877e+01
3.004765394492642727e+01
3.001052861776324576e+01
3.019681841612694839e+01
3.012813919658825057e+01
3.023036868770231322e+01
3.022991649747255494e+01
3.025771474572804109e+01
3.025753766404975664e+01
2.947081775912270629e+01
2.958246953979491778e+01
2.979621727145571342e+01
2.974699043899026307e+01
2.976895673962305366e+01
2.975494519429191698e+01
2.969724821757038313e+01
2.972604288303079301e+01
3.004728332286854098e+01
2.981728484717933725e+01
2.988773242707884137e+01
2.986292106773887767e+01
2.990776049853675644e+01
2.997234156798283777e+01
2.994984142553265372e+01
2.999114823786858963e+01
3.038925089720202166e+01
3.039293598221460968e+01
3.040341883982319260e+01
3.036226487857570433e+01
3.036477439159372693e+01
3.037919186256971926e+01
3.032738943598264925e+01
3.034706874521588915e+01
3.032867974807562561e+01
3.028455732022287350e+01
3.030697734800601140e+01
3.028457962969467587e+01
3.040841388809301904e+01
3.041323632144758804e+01
3.041982102083174411e+01
3.041981908742873841e+01
3.042574625169059743e+01
3.042846860359374261e+01
3.042353024343073997e+01
3.042943027747598705e+01
3.043053529388451750e+01
3.041960928840897083e+01
3.042277286281645132e+01
3.042767128402504540e+01
3.040811601369137662e+01
3.040856095694899963e+01
3.041722001389089058e+01
3.038910775377481244e+01
3.039924488170451156e+01
3.038685659147378004e+01
3.036263908040627157e+01
3.037380655457359424e+01
3.035771890086927982e+01
3.032876150899386403e+01
3.032120380417343242e+01
3.034096264322956671e+01
3.028752321848046591e+01
3.027736370280143774e+01
3.030076739054308987e+01
3.023896878752176320e+01
3.022624719845775587e+01
3.025327137829441071e+01
3.018313894665927322e+01
3.019852125479911464e+01
3.016789882995867700e+01
3.012007033986800053e+01
3.013655947820514314e+01
3.010235881487698606e+01
2.975357151588469762e+01
2.979438249868934108e+01
2.985676015035838660e+01
2.988668528505165867e+01
2.984685006761006676e+01
2.994208634349155673e+01
2.992966959129823223e+01
2.997558429810517566e+01
3.005178964793577023e+01
2.997670296073487961e+01
3.016861294075508226e+01
3.016674558482736757e+01
3.019869273834282808e+01
3.009860081419796884e+01
3.009538198778844631e+01
3.013136941975761474e+01
3.019991544223193358e+01
3.023370068992112181e+01
3.025884505055089591e+01
3.023240121526043822e+01
2.940467186495569152e+01
2.940983827904080172e+01
2.950962194621039103e+01
2.951758996117867895e+01
2.946284186548659889e+01
2.960959646552989000e+01
2.956790970530777329e+01
2.962424437160184354e+01
2.977573267885925645e+01
2.971406738278744797e+01
2.967639695027613556e+01
2.973477965041776017e+01
3.004979528523507071e+01
3.006742405194600565e+01
3.002966276050602090e+01
2.984231167387184769e+01
2.993046011704970866e+01
3.001146412432921906e+01
3.039914164108764183e+01
3.037608286696032067e+01
3.034517102359188812e+01
3.030633922133505465e+01
3.025951984326770727e+01
3.041441321489117300e+01
3.042196211724963817e+01
3.042185120936226994e+01
3.041414135891456993e+01
3.039889112024689410e+01
3.037615642407832084e+01
3.034599027826974194e+01
3.030844248160218157e+01
3.026355935295113753e+01
3.021138347690598991e+01
3.015195346120999886e+01
3.008530369495625223e+01
2.980632088806775215e+01
2.990057755017882712e+01
3.002018111344654372e+01
3.005575772454274031e+01
3.001620716468590899e+01
2.992440886498845742e+01
2.996847896850800907e+01
2.993315935143258244e+01
3.013406330877435835e+01
3.005986524626666068e+01
3.017475136137629477e+01
3.020259901692393356e+01
3.017207482897896398e+01
3.020464482021841235e+01
2.945766253976919202e+01
2.956011978640634297e+01
2.966237041969953481e+01
2.984932497018433040e+01
2.980239378586706778e+01
2.982266302386892676e+01
2.981143392327593133e+01
2.976315343206422170e+01
2.978308108218772432e+01
2.986876968058856008e+01
2.993625358753342880e+01
2.991209319903098418e+01
2.995462628474649236e+01
3.001615334562662696e+01
3.003328400543810517e+01
2.999433967156623382e+01
3.038420196288826958e+01
3.038700664255898332e+01
3.039634519127550760e+01
3.035958045768023084e+01
3.036121815216445086e+01
3.037445309332868248e+01
3.032715076152311440e+01
3.032758322247742555e+01
3.034474608690466368e+01
3.028685609287303748e+01
3.028603976157283739e+01
3.030716259218263531e+01
3.023863864286056469e+01
3.026164008778679460e+01
3.023652486001554607e+01
3.040107079708458215e+01
3.040500971782510931e+01
3.041048274734339429e+01
3.041024096114723463e+01
3.041692462274163589e+01
3.041528705007034006e+01
3.041176467523590787e+01
3.041572787890206442e+01
3.041789666386446100e+01
3.040569211295343166e+01
3.040694748213882193e+01
3.041289463908012891e+01
3.039207114254048747e+01
3.039063601695047367e+01
3.040033481923195069e+01
3.037094707386019010e+01
3.036684340653381753e+01
3.038026852720511073e+01
3.034236241504850184e+01
3.033561664460133045e+01
3.035274429098986815e+01
3.030635663990667794e+01
3.029699953921247513e+01
3.031780758091273853e+01
3.026296596705218178e+01
3.025103247064376433e+01
3.027550055984605493e+01
3.021222315116867208e+01
3.019775216312582700e+01
3.022586184790274189e+01
3.015415728481696434e+01
3.016892630007511400e+01
3.013719146625845369e+01
3.008879360939210201e+01
3.006937914088793917e+01
3.010472479075894725e+01
2.967814450784668878e+01
2.971593114527176738e+01
2.976568053922907708e+01
2.976015387640670795e+01
2.981200055644530167e+01
2.989171164476980991e+01
2.997320367054107493e+01
3.010764168045155031e+01
3.013817015776136898e+01
3.010354122622010564e+01
3.003230749812522760e+01
3.006550019274213525e+01
3.002669643161723911e+01
3.014164601717389402e+01
3.018243981499517403e+01
3.017897502766905760e+01
3.020811536424029953e+01
2.940389777705630792e+01
2.940416007210646754e+01
2.950835978552630579e+01
2.945702932464207890e+01
2.950881438496535836e+01
2.958745125528788478e+01
2.959878431377506303e+01
2.954888914309467651e+01
2.967711867423583527e+01
2.964349888834339808e+01
2.969603201005106996e+01
2.983053878055526198e+01
2.977402392146978016e+01
2.979302215126343611e+01
2.974414493693723216e+01
2.989313281951497103e+01
2.997662668463658520e+01
3.005287019717382435e+01
3.039294870854718411e+01
3.037221725916456094e+01
3.034370854333180390e+01
3.030736635230611142e+01
3.026313332216966856e+01
3.021095117037421929e+01
3.040595769618030175e+01
3.041129736254810823e+01
3.040901891997486572e+01
3.039917139055205553e+01
3.038180135082143707e+01
3.035695268396572999e+01
3.032466634244235948e+01
3.028498012194791045e+01
3.023792844753900511e+01
3.018354217074415047e+01
3.012184837542991289e+01
2.972300637319264638e+01
2.983078155254191088e+01
2.984389150018349213e+01
2.979838736474352245e+01
2.987841140088841385e+01
2.994866273694360359e+01
2.998446333782464635e+01
2.993718904789017898e+01
3.007045596728892889e+01
2.999100339243822688e+01
3.011820052556291927e+01
3.014652479816088615e+01
3.011332674254015274e+01
3.015076094414645524e+01
2.945652393529267243e+01
2.954833784778609385e+01
2.963291820603846460e+01
2.972612417015335140e+01
2.990123492289796658e+01
2.987517817674639886e+01
2.985660368744674287e+01
2.986683933093737409e+01
2.983903472772827925e+01
2.982082999576083537e+01
2.991899773052087141e+01
2.998350180985999458e+01
3.000016152503821587e+01
2.995997119437109646e+01
3.005862223028289293e+01
3.007402314848613400e+01
3.003747389489228681e+01
3.038085040670038595e+01
3.038280346635214357e+01
3.039100212082889030e+01
3.035857235563433676e+01
3.037142905713912810e+01
3.035936677696062702e+01
3.032855666673964379e+01
3.034411152270603296e+01
3.032815957130465634e+01
3.029075727512259064e+01
3.028913035909404172e+01
3.030899873212385387e+01
3.024512669953092470e+01
3.024222641842752779e+01
3.026603855949579014e+01
3.019161622702828751e+01
3.021517774837708004e+01
3.018739400652202676e+01
3.039543527084794761e+01
3.039851968075085509e+01
3.040287993111983766e+01
3.040236958983170723e+01
3.040656378538029259e+01
3.040710990883034270e+01
3.040169398900547648e+01
3.040373744209826157e+01
3.040698223416682922e+01
3.039344687529669997e+01
3.039280565612507345e+01
3.039981933576326867e+01
3.037766423904298918e+01
3.037435518794045208e+01
3.038511702517058666e+01
3.035437946201210835e+01
3.034842396865942149e+01
3.036291464137080709e+01
3.032362313411321963e+01
3.031504701585588535e+01
3.033324871439261727e+01
3.028542287902357444e+01
3.027425623605419958e+01
3.029615276225032616e+01
3.023980318879375062e+01
3.025165709849300910e+01
3.022608023775883979e+01
3.018678526741051016e+01
3.019978865018224923e+01
3.017054415419356772e+01
3.012638688288710753e+01
3.010766947515151770e+01
3.014057078497947018e+01
2.961048613717978739e+01
2.964447733845584310e+01
2.974237122098018560e+01
2.975431925138643408e+01
2.971151341910169208e+01
2.978705794294709364e+01
2.985671045680372515e+01
2.989051389814317616e+01
2.984436828172834311e+01
2.990324902835139298e+01
3.004586134575850309e+01
3.007680480534731515e+01
3.003951786959567016e+01
2.996536134785558048e+01
2.999889220104324039e+01
2.995748117684298961e+01
3.008250326224651516e+01
3.013017610050379602e+01
3.015636212505265590e+01
3.012457859878147204e+01
2.941315291825790368e+01
2.940835745614590735e+01
2.951069184049805827e+01
2.950935640879279021e+01
2.945795411438133371e+01
2.961877431151189555e+01
2.956432616978611350e+01
2.960282631240719198e+01
2.964860098049591031e+01
2.973558987690365640e+01
2.975527081407890151e+01
2.970644822548863928e+01
2.988421465245345487e+01
2.983303626771174422e+01
2.985024225532777109e+01
2.980363139478434675e+01
2.994271666455943759e+01
3.002148344980608385e+01
3.009290043582736729e+01
3.038845709178439947e+01
3.037003735775869018e+01
3.034390538266965365e+01
3.031001585787153019e+01
3.026832194749170668e+01
3.021877548032519911e+01
3.016132713375158048e+01
3.039920816897653211e+01
3.040233224701346870e+01
3.039786885246904191e+01
3.038585518086988557e+01
3.036632590200642312e+01
3.033931297255594828e+01
3.030484545792057460e+01
3.026294936299004945e+01
3.021364747191424271e+01
3.015695919659976099e+01
2.967785073022084319e+01
2.980051613420136647e+01
2.987661183359078265e+01
2.986720420144464327e+01
2.991271170473156360e+01
3.000611838281936983e+01
2.992154788670938714e+01
3.006075565755735823e+01
3.008953682035540211e+01
3.005372511590956108e+01
3.009592660929682140e+01
2.946238244271827611e+01
2.956522398115829375e+01
2.967790230412137475e+01
2.978486164939968006e+01
2.995198537566701802e+01
2.992651569660758781e+01
2.990969170319176840e+01
2.992119713945374926e+01
2.987752189763452293e+01
2.989392396706893607e+01
2.996800770729939245e+01
3.002951226070823409e+01
3.000659366159919728e+01
3.004440461720708910e+01
3.009978288023595283e+01
3.011340383615067751e+01
3.007928244672975993e+01
3.037914964592003741e+01
3.038733720501737778e+01
3.038027423348562550e+01
3.035919431897652032e+01
3.037006772207985250e+01
3.035916845632827687e+01
3.033156122580668423e+01
3.034511343162464314e+01
3.033035740164203986e+01
3.029621524150451961e+01
3.031243455001564158e+01
3.029380041639378618e+01
3.025311948274976714e+01
3.027198960620368240e+01
3.024945524969847455e+01
3.020223544629302381e+01
3.019727821441268745e+01
3.022373560965197825e+01
3.014352314111800624e+01
3.016762820867975137e+01
3.013722434686121687e+01
3.039146042899065492e+01
3.039695980689836929e+01
3.039371361659179271e+01
3.039615784465719273e+01
3.039897142187956547e+01
3.039952354975880766e+01
3.039327087619138013e+01
3.039340573723887928e+01
3.039773885994164360e+01
3.038282616931173052e+01
3.038029406226007367e+01
3.038839208373132905e+01
3.036484789420838482e+01
3.035966516347779276e+01
3.037151329935737820e+01
3.033935761244950768e+01
3.033154510646674140e+01
3.034712996430783249e+01
3.030637415132061818e+01
3.029595710599770797e+01
3.031526676122897968e+01
3.026591348492457456e+01
3.025292138397046671e+01
3.027594545179932695e+01
3.021798862183891998e+01
3.020245503511489460e+01
3.022918473843330744e+01
3.016260949883408671e+01
3.017500013354005972e+01
3.014457190006162790e+01
2.966948672557028743e+01
2.970592230056930916e+01
2.964091761239225775e+01
2.955166274819971406e+01
2.958132004250683167e+01
2.977982675618161679e+01
2.981834258155664585e+01
2.976189556173283179e+01
2.982888202393070998e+01
2.998330226858391967e+01
3.001464626446795236e+01
2.997477713957759349e+01
2.989775146067637124e+01
2.993163513899640193e+01
2.988766104307525495e+01
3.002252278827590715e+01
3.007694120474170774e+01
3.010362184321544632e+01
3.006924753193594313e+01
2.943272362995363167e+01
2.942269658923585851e+01
2.950896500535835898e+01
2.950978235522750737e+01
2.946164611380469722e+01
2.960286898503288455e+01
2.955724426897960555e+01
2.961097470021759293e+01
2.970164228066580847e+01
2.966038530610745738e+01
2.971903510171833673e+01
2.980021450902860636e+01
2.976800636087718743e+01
2.981705290049914581e+01
2.993678567804914437e+01
2.989112056902576242e+01
2.986217048308174782e+01
2.990647056835135942e+01
2.999109997535741456e+01
3.006506523408839726e+01
3.013158930454703466e+01
3.036949672092951502e+01
3.038562003860307215e+01
3.034571542630453322e+01
3.031424193608971507e+01
3.027504018900609850e+01
3.022807242292216756e+01
3.017329931000421439e+01
3.011068008385351291e+01
3.039411761109905186e+01
3.039501953747364738e+01
3.038835363813281987e+01
3.037414531383232230e+01
3.035241741045849651e+01
3.032319008988291742e+01
3.028648070831383166e+01
3.024230370130029755e+01
3.019067047517658864e+01
2.961163749807181134e+01
2.972544303539162058e+01
2.980567376621614883e+01
2.984121699991717946e+01
2.979328292452175120e+01
2.994106387840199446e+01
2.985227542324493655e+01
3.000244665999756322e+01
3.003166988085675726e+01
2.999330001802272605e+01
3.004017263065391674e+01
2.947129060332873252e+01
2.955640240755571213e+01
2.965274241145852585e+01
2.946264263751166368e+01
2.944730836289707909e+01
2.975148768428386248e+01
2.984618902173558652e+01
3.000160389503039227e+01
2.996168845256965696e+01
2.997670769461420548e+01
2.997453007953572524e+01
2.993322911492079541e+01
2.994777762099972662e+01
3.001583123304568090e+01
3.007431237405827673e+01
3.005199195127938339e+01
3.008738657392620652e+01
3.013966217219162047e+01
3.011979612834400655e+01
3.015145664601880782e+01
3.036141139658530719e+01
3.037032832067815136e+01
3.036058256704280822e+01
3.037906453370271720e+01
3.038530942986807304e+01
3.037937806027116139e+01
3.033612967834728735e+01
3.034771130584695342e+01
3.033413634853561192e+01
3.030319538713400718e+01
3.031742977957589957e+01
3.030000979658770888e+01
3.026258248435718912e+01
3.027945316034135459e+01
3.025817138970879583e+01
3.021426297347532142e+01
3.020858780708052649e+01
3.023374900723769088e+01
3.015820698429029534e+01
3.015122403727277245e+01
3.018028313121259743e+01
3.009438284753433734e+01
3.011901969841421334e+01
3.008604347753765396e+01
3.038911094451200512e+01
3.039268114656317721e+01
3.039055040524151607e+01
3.039157025508649212e+01
3.039246777212752804e+01
3.039412502999057963e+01
3.038645977381852248e+01
3.038469127931992730e+01
3.039012509487201541e+01
3.037379440573701572e+01
3.037857137768328997e+01
3.036937120062398421e+01
3.035358657166939267e+01
3.035948216429761359e+01
3.034652452127704692e+01
3.032584613297638043e+01
3.033287314469185958e+01
3.031616557896006725e+01
3.029058032136756751e+01
3.029875731541878281e+01
3.027830596923741524e+01
3.024779367346717862e+01
3.023295445675908866e+01
3.025714488801181545e+01
3.019748796906807442e+01
3.018011689134624476e+01
3.020804320257957798e+01
2.961401606562714406e+01
2.958321979556678727e+01
2.964152066671786656e+01
2.970787834533378557e+01
2.968915592396899683e+01
2.974381926894443851e+01
2.950160092501386089e+01
2.952700933812054984e+01
2.975726730600162284e+01
2.992003386198024018e+01
2.990934684879953309e+01
2.995174341563487275e+01
2.982979371087210652e+01
2.981819666657727907e+01
2.986386208994117197e+01
2.996175262793755323e+01
3.002275712239734773e+01
3.004992131518112330e+01
3.001300781652988903e+01
2.953552479986102242e+01
2.948478454338820143e+01
2.952207069105782367e+01
2.959042917586421240e+01
2.959681551349487094e+01
2.955009298890430358e+01
2.967289591992323139e+01
2.963802651521679365e+01
2.968769160735194035e+01
2.949956755997371616e+01
2.976817400608922881e+01
2.973499104786769109e+01
2.978464159984772408e+01
2.986212319624122813e+01
2.983125930779548796e+01
2.987704895352275614e+01
2.998827696582318225e+01
2.994829015172411246e+01
2.991978821666984345e+01
2.996172746050840985e+01
3.003831033430867237e+01
3.010739920509535139e+01
3.016896347242547805e+01
3.034910379889513976e+01
3.037056028186320233e+01
3.038440229661981817e+01
3.032000988433436106e+01
3.028325347080226848e+01
3.023880747691228521e+01
3.018664289393335309e+01
3.012672886602016931e+01
3.005903275583439793e+01
3.039065061114876087e+01
3.038932370738206501e+01
3.038043769372233882e+01
3.036400622198002353e+01
3.034004040936776292e+01
3.030854876629975792e+01
3.026953712903356930e+01
3.022300859681170593e+01
2.955884280484113091e+01
2.966099584908746678e+01
2.973320333990820785e+01
2.976948679796146635e+01
2.972090185276305618e+01
2.987546564247931613e+01
2.978200696874905873e+01
2.994329433246328165e+01
2.997294907571857436e+01
2.993209604919701405e+01
2.998352020311142141e+01
2.956346643268251384e+01
2.963211750005049794e+01
2.972105579149372900e+01
2.950227571223110345e+01
2.948216487195609758e+01
2.957709341136725811e+01
2.955601200439116383e+01
2.952066018272373071e+01
2.981568999030038114e+01
2.990571552733247884e+01
3.005011078050144491e+01
3.001261514671281105e+01
3.002577804554649532e+01
3.002685158733789805e+01
2.998797078541516115e+01
3.000061331090597605e+01
3.006249202758995764e+01
3.011792148548651937e+01
3.009618948141499573e+01
3.012913045407569257e+01
3.017827881936084466e+01
3.015903776004818937e+01
3.018820414119521089e+01
3.034223864997076348e+01
3.033946732740951546e+01
3.035187598265292053e+01
3.036520013208150814e+01
3.036357988940757835e+01
3.037218155131538566e+01
3.038057151751564078e+01
3.038008558303228313e+01
3.038488935548641834e+01
3.031167438328245467e+01
3.032395537625871995e+01
3.030772951519483271e+01
3.027349236020763712e+01
3.028840024761622018e+01
3.026834589479271287e+01
3.022767536462781734e+01
3.024518896560643455e+01
3.022129379677288341e+01
3.017420396881073685e+01
3.016654849946720773e+01
3.019429781340710761e+01
3.011305656710932510e+01
3.010408328392770372e+01
3.013570104711377340e+01
3.004420939119253831e+01
3.003386946003550051e+01
3.006937094278517009e+01
3.038836317252255625e+01
3.039001439212813338e+01
3.038900054927633931e+01
3.038858310420203779e+01
3.038756931922274518e+01
3.039033862355731230e+01
3.038123693020914473e+01
3.038411127560123859e+01
3.037756439727222002e+01
3.036632784911711269e+01
3.036000743432493110e+01
3.037032755190789857e+01
3.034385661712184756e+01
3.034899402375056710e+01
3.033490373669595996e+01
3.031382152863621471e+01
3.032011474013718910e+01
3.030225606412338735e+01
3.027621840038342071e+01
3.028369118519486136e+01
3.026206458909189934e+01
3.023104055739907636e+01
3.021432685901596926e+01
3.023972223910074675e+01
2.962622950467980232e+01
2.962011381050051284e+01
2.956498260069407280e+01
2.966714358033085830e+01
2.946189051886478438e+01
2.948196253617028617e+01
2.968007489690014467e+01
2.985599499118975331e+01
2.984335679151774556e+01
2.988810212351472728e+01
2.976110385878156706e+01
2.974768311875314097e+01
2.979553148108056959e+01
2.990017417459302251e+01
2.996763649880917768e+01
2.999527783265468628e+01
2.995587621016722224e+01
2.963557304520561431e+01
2.958626389361682030e+01
2.961289475968545304e+01
2.965484621517632036e+01
2.973966148214618244e+01
2.975441607998781990e+01
2.970635870524242961e+01
2.954026231054932339e+01
2.960697109838757868e+01
2.983445366843758606e+01
2.984873536738502509e+01
2.980140008329951939e+01
2.992322489236537919e+01
2.993618032946010032e+01
2.989275288586676993e+01
3.003870501330510479e+01
3.000454993914786783e+01
2.997649335956013061e+01
3.001602203300407368e+01
3.008436747506554454e+01
3.014850435870118517e+01
3.020504140305101615e+01
3.032729633586886564e+01
3.035404707081933395e+01
3.037320452351547928e+01
3.038478025667896176e+01
3.029293844111223066e+01
3.025095723333685171e+01
3.020133432059104805e+01
3.014404910595290588e+01
3.007907881449477827e+01
3.000639851366354449e+01
3.038878348015737529e+01
3.038522101694161748e+01
3.037409727269181658e+01
3.035541420957647674e+01
3.032917132507340341e+01
3.029536563467220844e+01
3.025399165743888830e+01
2.955370568321215075e+01
2.952854680671354615e+01
2.959039208248347919e+01
2.950920389175313474e+01
2.964665169389975929e+01
2.969009786478865109e+01
2.963652720746896208e+01
2.980911134634508741e+01
2.970462480318382603e+01
2.988330915734923110e+01
2.991339018580204012e+01
2.987008956024032713e+01
2.992598123333543469e+01
2.968836949534733094e+01
2.978764164462094755e+01
2.961406332864757118e+01
2.959540082881013845e+01
2.955913883671115272e+01
2.955195194670946535e+01
2.952683873579655227e+01
2.969598677123068597e+01
2.963742158355194434e+01
2.966543741574976778e+01
2.987936769723378916e+01
2.996438069958819028e+01
3.009751798064938200e+01
3.007374282315756986e+01
3.006248441885371392e+01
3.007816609798789642e+01
3.004175200908417054e+01
3.005243989969538987e+01
3.010800563501577898e+01
3.016035053760386475e+01
3.016965103688715999e+01
3.013920141839457045e+01
3.021564305218524993e+01
3.019702183993325662e+01
3.022366052556626670e+01
3.032164038479030310e+01
3.033199373077686190e+01
3.031694197140226876e+01
3.034987633573669541e+01
3.035758983156241086e+01
3.034633273563388300e+01
3.037054871741613127e+01
3.037560973368886508e+01
3.036814277986922761e+01
3.038365875974582764e+01
3.038605924049132057e+01
3.038237909742085208e+01
3.028583716244914470e+01
3.029881323042173591e+01
3.027996110468533075e+01
3.024246048097272066e+01
3.025803774414694658e+01
3.023537837766342662e+01
3.019150165671784336e+01
3.020965431473013751e+01
3.018317966926217721e+01
3.013294949697049319e+01
3.015364762380194463e+01
3.012334850632140260e+01
3.006679027683715688e+01
3.008999999699066308e+01
3.005586605794739086e+01
2.999300772789727532e+01
2.998071111403957190e+01
3.001869140586277140e+01
3.038920523728702250e+01
3.038894174705750117e+01
3.038904628150806175e+01
3.038718448688566909e+01
3.038425823426888428e+01
3.038814651518507759e+01
3.037759043344532373e+01
3.037967956868025610e+01
3.037200726656826788e+01
3.036041461823870335e+01
3.035218499450934715e+01
3.036364279885002304e+01
3.033564623194266119e+01
3.032478516150931824e+01
3.034003115420490460e+01
3.030327215042777311e+01
3.028979911369702549e+01
3.030883718339711663e+01
3.026327697178018994e+01
3.027005104627962240e+01
3.024721581135680992e+01
2.960086582473555339e+01
2.954777582606719477e+01
2.955109411167970990e+01
2.950585349339255004e+01
2.943220761665898877e+01
2.944730181890358622e+01
2.979125325439977345e+01
2.977665861339241360e+01
2.982373290731570847e+01
2.969279630051465446e+01
2.967002234353357082e+01
2.972706911237029104e+01
2.983783803124266854e+01
2.991158296373314940e+01
2.993969949792471752e+01
2.989785956755256535e+01
2.971840845435215783e+01
2.980734683726116785e+01
2.982137820631799485e+01
2.977360841850021345e+01
2.958369358730000798e+01
2.965554490832697709e+01
2.989917829669153093e+01
2.986688896991826425e+01
2.991164577457080043e+01
2.998351938308752551e+01
2.995344174381962432e+01
2.999445110243954460e+01
3.008807794306670758e+01
3.005989653307619136e+01
3.003228693633998603e+01
3.006935463871013070e+01
3.012928279169608814e+01
3.018839126497167058e+01
3.023983304894658275e+01
3.030408319177215404e+01
3.033608945457500283e+01
3.036053342563765867e+01
3.037741761480078040e+01
3.038674205601445166e+01
3.026450963704333219e+01
3.021736128872129967e+01
3.016262813302014578e+01
3.010029762661096697e+01
3.003035467306116857e+01
2.995278160911471588e+01
3.038850432411018687e+01
3.038269955640021180e+01
3.036932047941547808e+01
3.034835743970636912e+01
3.031979843839997102e+01
3.028362916791634163e+01
2.959800455459661706e+01
2.949124309070516503e+01
2.974264318792756967e+01
2.960489645495053068e+01
2.962544860146267922e+01
2.964908622681343786e+01
2.982248889471611974e+01
2.985300034930565261e+01
2.980731792822044568e+01
2.986755809806183137e+01
2.975236541985660210e+01
2.985380655502185832e+01
2.966204357191258012e+01
2.960783153999030404e+01
2.963786235573052608e+01
2.970205196427590622e+01
2.969905762249214121e+01
2.965862828307469456e+01
2.961094762705488037e+01
2.958119948464429427e+01
2.994186140356546844e+01
3.002218369746988813e+01
3.014382875296214692e+01
3.011130005533507159e+01
3.012060959589203435e+01
3.012846902127944659e+01
3.009456886001217413e+01
3.010325724717281304e+01
3.015237907719636468e+01
3.020160174498929706e+01
3.018103437362405117e+01
3.020895450789749148e+01
3.025175633523311447e+01
3.025783134949274000e+01
3.023375424188728644e+01
3.029961651966324254e+01
3.029301084873904770e+01
3.031068600169297156e+01
3.033309319089677913e+01
3.034153884102225618e+01
3.032764113193827171e+01
3.035904263395157088e+01
3.036484689815603133e+01
3.035472661096640934e+01
3.037745709636691416e+01
3.038060692113070616e+01
3.037426529919145679e+01
3.038832621441491710e+01
3.038881312397283807e+01
3.038625265677223553e+01
3.025861769442891358e+01
3.025083515541048484e+01
3.027228905642479617e+01
3.021009905013956143e+01
3.022634606857532091e+01
3.020111081848757451e+01
3.015406012554214144e+01
3.017285245505369673e+01
3.014383194327006521e+01
3.009049760686231423e+01
3.011180095152389313e+01
3.007898993623216199e+01
3.001940525500889478e+01
3.000657346222064703e+01
3.004318156410252172e+01
2.994077380415159340e+01
2.992656831675624574e+01
2.996698150776007452e+01
3.039163708263023267e+01
3.039068163358001939e+01
3.038945723026641232e+01
3.038737433031335300e+01
3.038252852422119332e+01
3.038754271601895596e+01
3.037552020327003888e+01
3.036801390559979197e+01
3.037682398060154654e+01
3.035605464984610435e+01
3.034589794913059890e+01
3.035851115117102950e+01
3.032895541028543107e+01
3.031616296696419255e+01
3.033258766030651543e+01
3.029419810728030527e+01
3.029903471283348182e+01
3.027878907232880223e+01
2.957674740013800729e+01
2.951818955891442897e+01
2.947611021190829916e+01
2.953312042223801726e+01
2.941279773954956411e+01
2.942270964693575053e+01
2.972680321177251983e+01
2.971035064105316437e+01
2.975913209418882843e+01
2.961391178890212927e+01
2.965356892422455104e+01
2.960935691739675946e+01
2.977521171872053429e+01
2.985459098085401664e+01
2.988318519598128020e+01
2.983895354154519453e+01
2.978501722066992130e+01
2.979661127581056235e+01
2.974066509384940460e+01
2.987722453315018711e+01
2.988866033709933134e+01
2.984236848087839888e+01
2.963720955940387825e+01
2.968256390610586237e+01
2.974391529806817047e+01
2.996363168874010086e+01
2.993146829107675089e+01
2.997401074915133279e+01
3.004299635501240218e+01
3.005185412756010521e+01
3.001331678730629093e+01
3.013639498714996634e+01
3.011431771778474342e+01
3.012171679026292992e+01
3.008716116664897910e+01
3.017305898329039238e+01
3.022706175701308595e+01
3.027333958002414249e+01
3.027946418031278952e+01
3.031668742881251433e+01
3.034638908204473040e+01
3.036856277866040088e+01
3.038319950083480236e+01
3.039028764188957510e+01
3.023472297826457122e+01
3.018246468683796380e+01
3.012268733772541296e+01
3.005538606915613897e+01
2.998055303094140100e+01
2.989817721003560536e+01
3.038981307900448670e+01
3.038175925203511341e+01
3.036610724721297316e+01
3.034283588486428229e+01
3.031192180950172244e+01
2.956233006787812911e+01
2.946662317977553869e+01
2.967113675486679369e+01
2.956681641586082065e+01
2.976079194035612829e+01
2.979177527991652852e+01
2.974424899546800205e+01
2.980824438856482317e+01
2.983166507127350187e+01
2.992095506784197312e+01
2.967837931232303106e+01
2.964456484801751657e+01
2.972359138898767128e+01
2.969268589810823045e+01
2.966815923150973333e+01
2.976057487600393969e+01
2.971198486584432530e+01
2.973124959893836561e+01
2.977331818377703954e+01
3.000380324487252537e+01
3.007911283806034319e+01
3.018903736228347867e+01
3.015905683218311495e+01
3.016637709134786149e+01
3.017774667764430419e+01
3.014640828966835073e+01
3.015305619138740667e+01
3.019561053507790405e+01
3.024166835508286155e+01
3.024703819006967720e+01
3.022168610575822711e+01
3.028661113902997570e+01
3.026923195872136318e+01
3.029071326517013318e+01
3.027615805404235871e+01
3.028794824329232327e+01
3.026766933250425495e+01
3.031484178744516456e+01
3.032402414014412884e+01
3.030750061121824146e+01
3.034604436730556998e+01
3.035259643980083055e+01
3.033983267249881521e+01
3.036974924249167174e+01
3.037365300365057408e+01
3.036465474641734374e+01
3.038593703675854840e+01
3.038195330018288942e+01
3.038717897450179706e+01
3.039458566952523810e+01
3.039315687153505152e+01
3.039171213148638984e+01
3.023000678065064406e+01
3.022034675725988606e+01
3.024437807955267132e+01
3.017639853865536637e+01
3.019332008830817671e+01
3.016553787769159811e+01
3.011534075069716110e+01
3.013477773687504069e+01
3.010324467784478841e+01
3.004683762414290271e+01
3.003346606822551479e+01
3.006875145795568116e+01
2.997088999602195258e+01
2.999523853996680245e+01
2.995619779588224318e+01
2.988749496891181323e+01
2.987143193657891516e+01
2.991423290433059989e+01
3.039567048302255969e+01
3.039391246652663625e+01
3.039156669204196959e+01
3.038916437624761002e+01
3.038238601910600067e+01
3.038853306498764439e+01
3.037503794470710616e+01
3.036559013436517418e+01
3.037555033068267463e+01
3.035325962438448499e+01
3.034115213448441040e+01
3.035493842661705699e+01
3.032379583777149534e+01
3.030904304926846393e+01
3.032666939292492359e+01
2.950634602843784648e+01
2.951244121855067704e+01
2.946028962992501121e+01
2.940358081301120308e+01
2.940834810335913119e+01
2.966477354100759456e+01
2.969588719509672003e+01
2.963970000066476373e+01
2.956089039794927587e+01
2.971332049203807557e+01
2.979665001453998485e+01
2.982572530190731186e+01
2.977913776123742551e+01
2.985614413370715425e+01
2.982062965425180323e+01
2.986717366155485109e+01
2.994491508798921942e+01
2.991112468882652209e+01
2.995473250690135103e+01
2.970186322828154601e+01
2.974278567993688682e+01
2.980896552333263116e+01
3.002736414205410753e+01
3.003560550587521050e+01
2.999555143697126169e+01
3.010163617541255121e+01
3.007236437823371844e+01
3.010837355113951830e+01
3.018364634559488024e+01
3.016779196823642906e+01
3.014109917897243207e+01
3.017309082804625220e+01
3.021568977155701674e+01
3.026450868741001798e+01
3.030555316409908784e+01
3.029583206058189049e+01
3.025343022589485997e+01
3.033076260814341651e+01
3.035820684645970857e+01
3.037814686073913251e+01
3.039056195945337890e+01
3.039542879776504236e+01
3.020356912561917540e+01
3.014625767707770265e+01
3.008150160843457854e+01
3.000930335879557376e+01
2.992966198846395187e+01
2.984257209973843317e+01
3.039272150764016089e+01
3.038241183436540283e+01
3.036446927822532516e+01
3.033886123947025837e+01
2.945585759283353866e+01
2.957885807228283070e+01
2.959620580711443338e+01
2.962219967258682729e+01
2.954289756154402014e+01
2.969773432968463922e+01
2.972941659924379110e+01
2.968161800507054338e+01
2.974776006890789048e+01
2.990106267615172797e+01
2.998664218741267362e+01
2.979151590643466818e+01
2.973587347629610989e+01
2.975746996805119338e+01
2.975355540603504778e+01
2.971584469828685826e+01
2.982963435957295673e+01
2.977745364954500573e+01
2.979505372878799818e+01
2.984355795216266571e+01
3.006496553300734575e+01
3.013514781439013390e+01
3.023312893753621111e+01
3.020574040706654628e+01
3.021103497863871468e+01
3.022597611289258523e+01
3.020181838907811667e+01
3.019724806160743213e+01
3.023768913497110944e+01
3.028053444833411945e+01
3.026114530572060346e+01
3.028389032809894488e+01
3.032019075000416564e+01
3.032229382795934569e+01
3.030344289541078595e+01
3.029510441601508219e+01
3.030503241264740311e+01
3.028589785560801317e+01
3.025124726141353904e+01
3.026376708164224638e+01
3.024090400224608288e+01
3.033153615108392032e+01
3.033884502264655936e+01
3.032344765762346128e+01
3.036051732836160966e+01
3.035353407978664109e+01
3.036518408401857272e+01
3.038201971644163280e+01
3.037613476710588145e+01
3.038402580976769585e+01
3.039601215827962832e+01
3.039122447759094925e+01
3.039534359754178894e+01
3.040246074808075605e+01
3.039910818148455363e+01
3.039877523064891207e+01
3.019998657449486146e+01
3.021506676285699911e+01
3.018848226890299102e+01
3.014134083057226832e+01
3.015894596314877774e+01
3.012864553694637593e+01
3.007532499404766568e+01
3.009541586003693681e+01
3.006140332030167883e+01
3.000195036591574649e+01
3.002448420787838756e+01
2.998676164353311790e+01
2.992122380966556960e+01
2.990472273827038663e+01
2.994615504777124571e+01
2.983315047742143733e+01
2.981529671608687693e+01
2.986042932677571926e+01
3.040132901676163613e+01
3.039528779178079176e+01
3.039875646303060108e+01
3.039257812510889067e+01
3.038384832088217635e+01
3.039113519215428383e+01
3.037616706298170399e+01
3.037587618552042912e+01
3.036475349489791853e+01
3.035205285222328087e+01
3.035294213422009690e+01
3.033796504779152414e+01
2.950747319668651869e+01
2.950692731316560469e+01
2.945616953334015875e+01
2.940454642315577516e+01
2.940415022099171338e+01
2.959793725479602600e+01
2.963147691360573077e+01
2.958845732688603292e+01
2.954351363617970705e+01
2.964820289392406849e+01
2.973769489585763282e+01
2.976728226364020813e+01
2.971827045504560161e+01
2.992731975643776821e+01
2.989180357466834792e+01
2.993666784192486574e+01
3.001302657668945884e+01
3.002064775681983022e+01
2.997901854035669800e+01
2.977337040266371204e+01
2.981143454312224605e+01
2.987926067131214225e+01
3.009035337386664821e+01
3.005889853064305939e+01
3.009640554577656602e+01
3.015940781155864414e+01
3.013055981239584113e+01
3.016398376926438019e+01
3.022981300768839574e+01
3.022028813180302365e+01
3.022344963747001501e+01
3.019407465493781118e+01
3.025715972711315516e+01
3.030071573879521551e+01
3.033645679259985783e+01
3.027350566362791184e+01
3.031363629609077393e+01
3.022596357445150517e+01
3.034633202801672169e+01
3.037156623235003039e+01
3.038930926089492957e+01
3.039952861591686428e+01
3.040218913071475271e+01
3.017103013115073651e+01
3.010872196542341683e+01
3.003905214019783187e+01
2.996202984856702400e+01
2.987766192120127684e+01
2.978595842347488087e+01
3.039725315843541154e+01
3.038468076788493377e+01
3.036442994433838649e+01
2.945673307645541783e+01
2.955304028689200990e+01
2.962204496665938080e+01
2.966013571613548194e+01
2.961014540902756664e+01
2.968071880220580638e+01
2.997076118229021446e+01
3.005215887798587815e+01
2.986049434407817316e+01
2.980777266268227521e+01
2.982581650551257013e+01
2.989756418878419453e+01
2.984550485493350536e+01
2.986358339692004549e+01
2.983522979494410876e+01
2.979430934470353520e+01
2.991326782349635849e+01
3.012532050086124258e+01
3.019025794892124637e+01
3.027607927670043253e+01
3.025132713371916537e+01
3.025456369155556047e+01
3.027312482106756875e+01
3.024705628083777498e+01
3.024951607297250789e+01
3.027859475109531573e+01
3.031817474906949172e+01
3.029939140746516202e+01
3.031948990392035270e+01
3.035246911843982787e+01
3.033636569903554303e+01
3.035255134011615397e+01
3.027385478669694052e+01
3.028454165287068989e+01
3.026281090231867665e+01
3.031549153360645832e+01
3.030554952593276141e+01
3.032357053562796523e+01
3.022485793681230959e+01
3.023812054110664604e+01
3.021269288241360584e+01
3.034973469862885764e+01
3.034088112271921744e+01
3.035517790151722295e+01
3.037654738425468892e+01
3.037933120684159860e+01
3.036877471618003810e+01
3.039588948774263599e+01
3.039599484236004656e+01
3.038919616903908505e+01
3.040771792634636128e+01
3.040513033411775723e+01
3.040210837913931385e+01
3.041198687277239898e+01
3.040669655371664248e+01
3.040747148513169407e+01
3.016853084021626330e+01
3.018433305151610924e+01
3.015521956846977147e+01
3.010489954382944688e+01
3.012320142531716627e+01
3.009041139108661156e+01
3.003398603731581318e+01
3.005474412665348893e+01
3.001828491535625076e+01
2.995580750696739969e+01
2.997897547876433677e+01
2.993885302989949437e+01
2.987036736463607767e+01
2.989590598392329923e+01
2.985212936448191101e+01
2.977761350090180770e+01
2.975809937201912803e+01
2.980554033314228235e+01
3.040864800105854115e+01
3.040064993757565759e+01
3.040524308177433355e+01
3.039765074089989838e+01
3.038694471344423320e+01
3.039537844347722029e+01
3.037894253815444401e+01
3.036553313182320579e+01
3.037783075407223521e+01
2.951312063940028452e+01
2.945939558748892040e+01
2.951026045975917000e+01
2.941512398850753129e+01
2.940982959242147743e+01
2.955594535021261393e+01
2.956824250210747707e+01
2.968471614474129083e+01
2.971130571216222549e+01
2.965381103755855108e+01
2.999551087243371228e+01
3.000479359201106533e+01
2.996138644972741005e+01
3.008052453094156675e+01
3.008586450952782698e+01
3.004681409859501784e+01
2.984816972872649288e+01
2.987992517383222690e+01
2.994726787215840602e+01
3.015255020070428671e+01
3.012148193294785159e+01
3.015637548411222468e+01
3.021627313949533544e+01
3.018786757368070894e+01
3.021864957473059832e+01
3.027486651472804979e+01
3.027176532227178285e+01
3.024605163557800935e+01
3.027275645537240933e+01
3.029744408442532588e+01
3.033565725906830934e+01
3.036602414742364076e+01
3.024968203106563891e+01
3.029498381445906574e+01
3.033291180751758276e+01
3.019703804716423434e+01
3.036343088889987030e+01
3.038650261390873197e+01
3.040208543318232159e+01
3.041013492224540471e+01
3.041060402149171082e+01
3.013707972526751178e+01
3.006983098694662360e+01
2.999531135625776201e+01
2.991353871783380924e+01
2.982452945368421382e+01
2.973174566059219259e+01
3.040344328574591515e+01
3.038860114127202650e+01
2.946463124070867678e+01
2.951823332867041216e+01
2.951563656574829864e+01
2.957079731448201443e+01
2.960056165799785077e+01
2.961122417205120882e+01
2.964311644570582160e+01
3.003850459739910761e+01
3.011698016929581101e+01
2.990932475946372904e+01
2.988393832156830499e+01
2.987172840533277807e+01
2.997306704056973814e+01
2.991771607838999358e+01
2.993498581169331985e+01
2.992190245827902118e+01
2.987860298538143056e+01
2.998477391589031171e+01
3.018482579337612748e+01
3.024440319423234058e+01
3.031785463485021026e+01
3.029578382803925862e+01
3.029693422193049201e+01
3.031915051820482532e+01
3.029579138879938327e+01
3.029611180578957530e+01
3.031829781603008200e+01
3.035455448300611181e+01
3.033639441981260632e+01
3.035380649064998337e+01
3.038341075723373663e+01
3.038145474156352677e+01
3.036796963103923019e+01
3.025105829507922195e+01
3.023820940059228946e+01
3.026252140820292524e+01
3.029787561398039486e+01
3.028610773085218000e+01
3.030674230113811163e+01
3.033736611384019000e+01
3.034360351146506218e+01
3.032666507289777869e+01
3.019695569853891470e+01
3.021097831845895954e+01
3.018300572292428896e+01
3.036948445409023378e+01
3.037306394474964577e+01
3.035984206389027307e+01
3.039418175125492638e+01
3.039507913261457261e+01
3.038559584864731988e+01
3.041140585040592370e+01
3.040960148087086878e+01
3.040388032167496135e+01
3.042110160874368319e+01
3.041658052886366548e+01
3.041464638093931683e+01
3.042321119295939269e+01
3.041784219364652486e+01
3.041596322074177650e+01
3.013560529358883855e+01
3.015214667051312247e+01
3.012052838411815614e+01
3.006704018013243740e+01
3.008605601447749933e+01
3.005080483400536551e+01
2.999128894637386367e+01
3.001273160391856010e+01
2.997385772458886777e+01
2.990836875156874086e+01
2.993219234491773051e+01
2.988969850403600148e+01
2.981910836657222319e+01
2.979872213326165209e+01
2.984484806390409517e+01
2.972582078553868712e+01
2.970562833009456938e+01
2.975183151243279411e+01
3.041767438812503954e+01
3.041341347333850109e+01
3.040769418675745328e+01
3.040442891557249183e+01
3.040130376585134542e+01
3.039171603220675522e+01
2.943502322183305253e+01
2.942500483645083165e+01
2.946709694359628173e+01
2.955973394202534266e+01
2.963299086727478837e+01
2.965894856691683756e+01
2.961699348673164067e+01
3.007224876248837120e+01
3.003396706837688512e+01
3.007680453473027171e+01
3.014728372037510340e+01
3.015032549910406701e+01
3.011392695498030392e+01
2.991466745653315940e+01
2.994075451455671555e+01
3.002328829605658811e+01
3.021391543937262725e+01
3.021547359925699183e+01
3.018325130163322711e+01
3.027218284747124954e+01
3.027232591610249557e+01
3.024424454008739360e+01
3.031876876163057233e+01
3.032217253796824252e+01
3.032096462135064385e+01
3.029698426499162878e+01
3.033650856664971940e+01
3.036929813656275101e+01
3.039421951631732455e+01
3.022432671910460655e+01
3.027477045936712940e+01
3.031791116229124583e+01
3.035370546326112517e+01
3.016661935966842734e+01
3.038210631539077866e+01
3.040306325286402256e+01
3.041652266772142710e+01
3.042242809927327230e+01
3.042072053640356799e+01
3.010168356319607597e+01
3.002955002945619611e+01
2.995024292850525072e+01
2.986417699457846098e+01
2.977292068569324357e+01
2.967981855676230296e+01
3.041133873054876346e+01
2.947695539962572298e+01
2.954122198067096861e+01
2.957111300879504512e+01
2.952979640263940198e+01
2.958742801530461364e+01
3.011020720629193193e+01
3.018101614617184225e+01
2.998402121690792299e+01
2.995305455287942209e+01
2.994617735703577210e+01
2.997809941821634894e+01
3.001266477723567405e+01
2.996721910647847054e+01
3.006820465108282647e+01
3.002093237868460918e+01
3.007059037259542578e+01
3.024343416936177320e+01
3.029753367157717037e+01
3.035841159619700491e+01
3.033906759286015031e+01
3.033810795451967834e+01
3.036400110435558020e+01
3.034340183334220598e+01
3.034155836161045627e+01
3.035675918876631840e+01
3.038962930047462763e+01
3.037211481316854389e+01
3.038680015954144409e+01
3.041297069076243531e+01
3.039821449112206864e+01
3.040896355075490476e+01
3.022667235637178607e+01
3.023893307860561563e+01
3.021205492969816930e+01
3.027864533715354511e+01
3.028832134031726753e+01
3.026508350047107498e+01
3.032336800913974173e+01
3.033042151518347040e+01
3.031084674985016392e+01
3.036078684519294058e+01
3.036518419769227251e+01
3.034929719661953484e+01
3.016749837270530676e+01
3.015180436522329188e+01
3.018230212603059925e+01
3.039084438072507410e+01
3.039255624261027222e+01
3.038038347946735840e+01
3.041347952915645081e+01
3.041248105802702284e+01
3.040405064266014534e+01
3.042862791003967970e+01
3.042489891130956181e+01
3.042024043549811196e+01
3.043622219553257224e+01
3.042974725057791474e+01
3.042889162610699572e+01
3.043619247326007482e+01
3.042994033093457773e+01
3.042696104003663748e+01
3.010116799545493649e+01
3.011846949494663050e+01
3.008437059000050695e+01
3.002772057909924186e+01
3.004747137246475575e+01
3.000978746927213692e+01
2.994718863408764165e+01
2.996933834434142696e+01
2.992807955131459252e+01
2.985957795475619392e+01
2.988408476063634822e+01
2.983965521580800129e+01
2.976542845116717118e+01
2.979240201087160145e+01
2.974592362773223186e+01
2.966795016834608134e+01
2.969704837225696892e+01
2.965069555714208249e+01
3.042846662100852839e+01
3.041647310604015786e+01
3.042332035660735556e+01
2.946375987614301906e+01
2.944924447550640423e+01
2.948843027150488538e+01
2.957020379362922924e+01
2.960181224129403077e+01
2.955586123770748941e+01
3.014366163655832409e+01
3.014589954453056464e+01
3.010796487199965199e+01
3.021333034111702176e+01
3.021400584844197823e+01
3.018031368342798260e+01
3.001926686228988572e+01
3.000084637058127157e+01
2.997091963823480754e+01
3.002628325420568700e+01
3.001590739079849968e+01
3.010642403392850852e+01
3.027439198735060089e+01
3.024416012127336373e+01
3.027364642114231685e+01
3.032707682369322555e+01
3.029963618323162322e+01
3.032495754721060521e+01
3.036147191666632494e+01
3.037144923047012668e+01
3.034681669135079574e+01
3.036801770012394286e+01
3.037430927767254829e+01
3.040159373281085919e+01
3.042099775983956533e+01
3.019739740600823907e+01
3.025295346882058567e+01
3.030128683969988046e+01
3.034234618848988418e+01
3.037607609476510717e+01
3.013466552823033595e+01
3.040241734647476690e+01
3.042130726193106582e+01
3.043268002564995456e+01
3.043646704127087332e+01
3.043259729999406105e+01
3.006479970145452896e+01
2.998783583834126532e+01
2.990379408997381105e+01
2.981294234145337896e+01
2.971712343442502657e+01
2.961946625893268603e+01
2.950264933301071935e+01
2.951723073850337187e+01
3.017892915532524967e+01
3.024424068139999378e+01
3.006653994488118897e+01
3.002522530465049400e+01
3.004258320454479758e+01
3.006765862711970527e+01
3.009452952241984747e+01
3.005359121008695666e+01
3.005682919055334779e+01
3.010520060557641386e+01
3.005885679621212248e+01
3.014192346187027738e+01
3.014323197415831146e+01
3.010493853881037296e+01
3.030108875773884947e+01
3.034958904121031509e+01
3.039769704439929043e+01
3.038112576812292431e+01
3.037803658986095101e+01
3.040761471617181755e+01
3.038982629644202049e+01
3.038579872589908248e+01
3.039393008838427335e+01
3.042334523449112282e+01
3.040650346414432903e+01
3.041842143419100353e+01
3.044109444759799743e+01
3.042705058943324303e+01
3.043502785429412683e+01
3.020064675835385870e+01
3.018430137855193962e+01
3.021373026367917092e+01
3.025774983930389439e+01
3.026826069345714032e+01
3.024243017819477686e+01
3.030768881024367190e+01
3.031558434731412177e+01
3.029337890094247143e+01
3.035040226320196055e+01
3.035564378655897499e+01
3.033709224074863187e+01
3.038582438979539191e+01
3.038837740785828245e+01
3.037351057782299080e+01
3.013643617025413590e+01
3.011904312695591202e+01
3.015204601282722052e+01
3.041388535080431055e+01
3.041371978102419504e+01
3.040257029519408150e+01
3.043451164482911153e+01
3.043160199846733605e+01
3.042420412282180564e+01
3.044762649823062262e+01
3.043834149438994530e+01
3.044195204334047844e+01
3.045315028177775929e+01
3.044469517791360502e+01
3.044490892654933489e+01
3.045100094285058390e+01
3.043975434663621726e+01
3.044383041716735150e+01
3.006516950510305364e+01
3.004670111212920602e+01
3.008325603601234377e+01
2.998688970587601688e+01
3.000740153805555011e+01
2.996731255844260744e+01
2.990165212121748084e+01
2.992452393775111474e+01
2.988090511284270789e+01
2.980941007896324990e+01
2.983460776742676046e+01
2.978772116512747559e+01
2.971023592092712562e+01
2.973797663853958184e+01
2.968937307867881614e+01
2.960664767554634125e+01
2.963750858883990347e+01
2.958864304589618044e+01
2.950029031708258032e+01
2.948200830814213802e+01
2.953547286082209311e+01
3.021454261284910459e+01
3.021429817497833170e+01
3.017909050981636554e+01
3.027863919456718733e+01
3.024598911646306831e+01
3.027687663601013668e+01
3.008000128446609978e+01
3.010500234264768693e+01
3.009962832324820070e+01
3.017864150060554707e+01
3.033390420380246155e+01
3.030414327188008272e+01
3.033082952047831782e+01
3.038088704047490651e+01
3.035397778929742429e+01
3.037647973263749179e+01
3.040291838898725274e+01
3.041952470982002410e+01
3.039548340621767508e+01
3.041384936221090385e+01
3.041079266596220165e+01
3.043248986273546919e+01
3.044630432727539926e+01
3.016884422161573198e+01
3.022948237657069370e+01
3.028298768889282044e+01
3.032930119652053946e+01
3.036835937621931691e+01
3.040009447731237913e+01
3.010112747595239213e+01
3.042443489187922623e+01
3.044130553405890893e+01
3.045062823823219844e+01
3.045232218246515288e+01
3.002638022047559829e+01
2.994464905451186709e+01
2.985593004955837415e+01
2.976026108125066827e+01
2.965889988539943189e+01
2.955385979603239832e+01
3.024698291825771435e+01
3.030662547511652960e+01
3.011796336656704653e+01
3.017685357427036053e+01
3.013533331794523917e+01
3.014069464585048763e+01
3.019829085113414635e+01
3.015147187832203812e+01
3.022908379296566039e+01
3.022191819422211623e+01
3.018563241976850264e+01
3.035771772597519202e+01
3.040049966329821984e+01
3.043564811529167002e+01
3.042189593463986341e+01
3.041666209992608216e+01
3.044991952578245531e+01
3.043499356503860653e+01
3.042876600531277376e+01
3.042975205026908370e+01
3.045563869061577122e+01
3.043950163170852719e+01
3.044861128576404496e+01
3.046771810414076853e+01
3.045441876452065344e+01
3.045958834751905187e+01
3.017292408806750359e+01
3.018685917619582781e+01
3.015489517498529182e+01
3.023513086657008486e+01
3.021809360969959712e+01
3.024650580044484727e+01
3.029026931038745474e+01
3.027420656368393992e+01
3.029903662232742079e+01
3.033827054075970153e+01
3.032317139103382075e+01
3.034438648974699149e+01
3.037906067820242129e+01
3.036492050610027249e+01
3.038248559853388642e+01
3.041256134631387198e+01
3.039938185517870295e+01
3.041325987763972449e+01
3.010372009010838212e+01
3.008467273286531452e+01
3.012016064812706873e+01
3.043869008444577773e+01
3.043663138238120780e+01
3.042647931820214424e+01
3.045736076328042685e+01
3.045251870056192445e+01
3.044613310075842350e+01
3.046848405125943771e+01
3.046083739108179245e+01
3.045826015300039202e+01
3.047196791224013523e+01
3.046150044638723386e+01
3.046277462713889861e+01
3.002760359999005857e+01
3.000749222952320849e+01
3.004647912295429535e+01
2.994485311100982727e+01
2.992352574854929870e+01
2.996596951338180048e+01
2.985455060420806817e+01
2.987820969182568831e+01
2.983225642369049879e+01
2.975780087311179045e+01
2.978371429614596622e+01
2.973430136611292340e+01
2.965449962079285839e+01
2.968250434554192552e+01
2.963085551694442543e+01
2.954470903398676995e+01
2.957586557359370971e+01
2.952266909528736250e+01
3.028554307098110598e+01
3.025006168062447287e+01
3.028241723106259187e+01
3.034276826324467891e+01
3.031067790888826963e+01
3.033867335226197781e+01
3.015886415168017365e+01
3.018678412299170688e+01
3.020278568141344522e+01
3.025751534104631801e+01
3.039238162283275457e+01
3.036312879146845845e+01
3.038695094038736855e+01
3.043353386440237784e+01
3.040719601874559075e+01
3.042681735857720327e+01
3.044304073488573081e+01
3.046631790579805354e+01
3.045838317014676733e+01
3.044290862721518209e+01
3.044589550099378172e+01
3.046192281406604252e+01
3.047007532413717001e+01
3.013861393559498936e+01
3.020429945084899614e+01
3.026295505864095503e+01
3.031451087738693317e+01
3.035889560071024817e+01
3.039603318480224559e+01
3.042584327977329650e+01
3.006597736830222445e+01
3.044824165700213570e+01
3.046314063835856700e+01
3.047044956915599911e+01
2.998657356245297478e+01
2.990009266915183161e+01
2.980655659559364068e+01
2.970655733456716163e+01
2.960002403903168400e+01
3.031450545403793484e+01
3.036789480666579522e+01
3.025426447203422242e+01
3.022560696030453542e+01
3.021521782539533518e+01
3.028974058485365006e+01
3.024358304373508233e+01
3.024119916247915185e+01
3.030631834715757833e+01
3.029595465425347101e+01
3.026783400569721394e+01
3.041324448052379026e+01
3.045018554047033632e+01
3.047219216225965255e+01
3.045391668705629939e+01
3.046130580922396192e+01
3.049083373646158535e+01
3.047038334402914472e+01
3.047882220640374840e+01
3.046415691466685161e+01
3.048643649914840026e+01
3.047730118088114182e+01
3.047104097496389841e+01
3.049276838782250465e+01
3.048257643128153660e+01
3.048025045570218694e+01
3.014344052617499869e+01
3.015825911926527780e+01
3.012377988364978876e+01
3.021072330981974829e+01
3.022299495187299101e+01
3.019201258404224930e+01
3.027104310922531738e+01
3.025326749563501494e+01
3.028071554327045689e+01
3.032432403607347737e+01
3.033134841380880786e+01
3.030747129903946657e+01
3.037048439771161057e+01
3.037481585472117729e+01
3.035454882506832419e+01
3.040943751850196719e+01
3.041103538326551359e+01
3.039441983829575022e+01
3.044109218368042846e+01
3.043992020061305226e+01
3.042699957194421145e+01
3.006926294416460976e+01
3.008657910068024322e+01
3.004864984304947129e+01
3.046535306141607080e+01
3.046137961624206980e+01
3.045219916258049153e+01
3.048212116503940550e+01
3.047531952054793436e+01
3.046992607131645769e+01
3.049129445178579800e+01
3.048164291645944246e+01
3.048008459738856146e+01
2.998820653227684119e+01
3.000802071009596972e+01
2.996677131413927953e+01
2.990281430346373170e+01
2.992390894812946911e+01
2.987896032935701029e+01
2.980683606436067024e+01
2.978261140672357854e+01
2.983080231273503102e+01
2.970416976914634688e+01
2.967964561855996308e+01
2.973111712069071899e+01
2.959608430297167914e+01
2.962544972928872156e+01
2.957078026440583685e+01
3.035462785774177519e+01
3.032005480446052204e+01
3.034900167276975935e+01
3.040603392164979368e+01
3.039953335354309161e+01
3.037437137908820262e+01
3.027087982389163656e+01
3.028010059660824282e+01
3.033069536120416032e+01
3.044973503555905481e+01
3.044192662670192462e+01
3.042103302699311840e+01
3.048492564531366256e+01
3.047588485425864135e+01
3.045920577068958579e+01
3.048176164575323455e+01
3.051173801203607283e+01
3.048900637758755749e+01
3.050153268703865095e+01
3.047954488371659920e+01
3.048981942149467272e+01
3.049223763815112775e+01
3.017734009824887664e+01
3.010663167609188307e+01
3.024112326651521698e+01
3.029790830005102009e+01
3.034761661030221802e+01
3.039016412887720264e+01
3.042546199031745857e+01
3.045341698506693717e+01
3.002906545091822466e+01
3.047393204017865997e+01
3.048690668096941536e+01
2.994583728131124545e+01
2.985522739285509886e+01
2.975594686366720865e+01
2.965059651571795030e+01
3.038066749681982870e+01
3.042817066853190155e+01
3.033786641770686998e+01
3.029539176772644282e+01
3.031269451075344534e+01
3.037804907279623734e+01
3.033327978613429110e+01
3.032124144168212965e+01
3.037301343367425588e+01
3.036414681649507585e+01
3.033986396716489509e+01
3.046757924088018044e+01
3.049855570806144911e+01
3.050724681833199625e+01
3.049927328360034906e+01
3.048972280306814753e+01
3.053026560877910001e+01
3.052122101721178637e+01
3.051056395164295409e+01
3.049706688648048569e+01
3.051565603604351296e+01
3.050104363720689093e+01
3.050441318935096291e+01
3.051616283425873277e+01
3.050391436679792889e+01
3.050446783468305156e+01
3.018445626986047969e+01
3.019765989307069987e+01
3.016411905260011395e+01
3.011212958344638224e+01
3.012786344856935727e+01
3.009087657120155157e+01
3.024993702918066418e+01
3.026055137649839466e+01
3.023049265934469432e+01
3.030848813813139841e+01
3.031645842599301588e+01
3.028992152501447066e+01
3.036001938386939258e+01
3.036529568271118507e+01
3.034232370414612134e+01
3.040443625879683154e+01
3.040697250469452229e+01
3.038761107671873063e+01
3.044163892768284896e+01
3.044139345015933529e+01
3.042569045283019591e+01
3.047152316186582155e+01
3.045646409842702695e+01
3.046845874146618982e+01
3.003300125022983735e+01
3.005123404366292661e+01
3.001080271401820454e+01
3.049398040342640925e+01
3.047983015293829112e+01
3.048806468003099113e+01
3.050889858474400995e+01
3.049568307163750447e+01
3.050010426518367268e+01
2.995024755233550096e+01
2.992674255359119684e+01
2.996930882675400909e+01
2.985906260333393902e+01
2.983322627394871418e+01
2.988102622210495340e+01
2.976268279717204734e+01
2.973378655933807480e+01
2.978481008864320856e+01
2.965380103019089830e+01
2.967910555190097099e+01
2.962536915811681482e+01
3.042136408857785312e+01
3.041410321102035041e+01
3.038790202209667157e+01
3.046809435959820078e+01
3.045925444513281022e+01
3.043704079178965216e+01
3.035626557541779036e+01
3.035522690543934843e+01
3.039781472153991615e+01
3.050584811298333676e+01
3.047775949213018976e+01
3.049566091656770794e+01
3.053496006224053261e+01
3.052358812705638513e+01
3.050991044513450134e+01
3.051899404186778142e+01
3.055568209612601649e+01
3.053368043939732601e+01
3.054320145041990031e+01
3.051165832743341255e+01
3.051609720839892859e+01
3.051270912380699585e+01
3.021742023490492812e+01
3.014853287930615977e+01
3.007284134289298905e+01
3.027941960021341927e+01
3.033444709333720724e+01
3.038241045639009741e+01
3.042321281556753831e+01
3.045675198942233664e+01
3.048292179912141364e+01
2.999188224542367820e+01
3.050161199889966213e+01
2.990498335960027987e+01
2.981123556094816252e+01
2.970874633393762210e+01
3.044511997631808953e+01
3.048725328849558736e+01
3.042276062309263551e+01
3.040001792137379866e+01
3.038011978796303936e+01
3.046084027080785006e+01
3.041877216306326659e+01
3.039734332040003295e+01
3.042269450832857913e+01
3.052061791337327890e+01
3.054550997001296864e+01
3.054072019697529328e+01
3.052399326967891113e+01
3.053570646388681453e+01
3.056811413109301867e+01
3.054921139128478913e+01
3.056208758251237612e+01
3.052839465213248360e+01
3.054320536532104313e+01
3.052986014537929549e+01
3.052942238726719282e+01
3.053781001914162729e+01
3.052351549168413314e+01
3.052698399393850082e+01
3.022687260316908819e+01
3.023846819062622515e+01
3.020580620747133338e+01
3.015623860060832939e+01
3.013433119829057816e+01
3.017042227241353203e+01
3.007886924327919331e+01
3.005608487076793622e+01
3.009557441685509005e+01
3.029068293205533990e+01
3.029963880480713456e+01
3.027044474639179938e+01
3.034758255452872788e+01
3.035384557394077731e+01
3.032816633721150623e+01
3.039747263302868063e+01
3.040099008632838817e+01
3.037887501747742647e+01
3.044024379166284788e+01
3.042246998164413796e+01
3.044096837300541125e+01
3.047578287714706491e+01
3.045884438037453634e+01
3.047367190452908403e+01
3.050397224592231282e+01
3.049898753460749035e+01
3.048788757086209600e+01
2.999510695160874718e+01
3.001418092821666761e+01
2.997280955233733835e+01
3.052468970868051557e+01
3.051679823746339792e+01
3.050948418806223827e+01
2.990783744891779250e+01
2.992915612072908260e+01
2.988361647146098221e+01
2.981676338935741200e+01
2.983801624343131209e+01
2.979007521566810723e+01
2.971714992802388977e+01
2.973998853690705246e+01
2.968598710587525957e+01
3.048459776214195927e+01
3.047697167638427374e+01
3.045302494433251184e+01
3.052837042698974201e+01
3.049815109268933710e+01
3.051746320963443182e+01
3.044087387016800150e+01
3.045461162949271383e+01
3.056061183547977222e+01
3.054805440114942883e+01
3.053320724473204706e+01
3.058360446246614472e+01
3.056985066389410832e+01
3.055923389673860058e+01
3.055464121610573969e+01
3.059804272307980000e+01
3.058328309688492297e+01
3.057682637260890957e+01
3.054214395907548152e+01
3.054066455546883674e+01
3.053139884956940264e+01
3.025896330979063720e+01
3.019175556180780262e+01
3.011776863661436465e+01
3.003725521386314767e+01
3.031930586284028095e+01
3.037268845783442117e+01
3.041901015186189028e+01
3.045815940791467469e+01
3.049002115097539090e+01
3.051447554717783817e+01
2.995168852317106456e+01
2.986273125331998912e+01
2.976749143000135689e+01
3.050703892319797461e+01
3.054478076943609466e+01
3.048734646143226712e+01
3.045489657066372047e+01
3.047361480723131422e+01
3.053743295059986451e+01
3.049820384122345018e+01
3.048686204491378859e+01
3.057228940878706425e+01
3.059097161633018658e+01
3.057251084721979595e+01
3.057050374939799298e+01
3.055663132384633585e+01
3.060427335191235088e+01
3.058621973519953485e+01
3.060131757715022260e+01
3.055804352144651048e+01
3.056898357180501336e+01
3.055354584763273706e+01
3.055608083265856223e+01
3.055760984201110375e+01
3.054770321530050836e+01
3.054128449718090721e+01
3.027081988729288398e+01
3.024894248390556228e+01
3.028080504204677936e+01
3.020182750532691429e+01
3.021440021759196526e+01
3.017910198936615629e+01
3.012607900926717264e+01
3.010256279702793947e+01
3.014123192649901029e+01
3.004330503802970398e+01
3.001953063808458211e+01
3.006118089062120191e+01
3.033308590600085708e+01
3.031199263425300927e+01
3.034037959531909934e+01
3.038845553522612519e+01
3.036812413752992157e+01
3.039300020356539633e+01
3.043681438860695110e+01
3.041724892921441636e+01
3.043855509627821831e+01
3.047803673741380237e+01
3.047692722687034816e+01
3.045924890171912125e+01
3.051199909843314373e+01
3.050799461470118956e+01
3.049400550345877292e+01
3.053856890004950131e+01
3.053163012139120625e+01
3.052139379609543113e+01
2.994702086464648261e+01
2.997137991195835482e+01
2.992753148299917854e+01
2.986330789444995659e+01
2.984033452792279917e+01
2.988573209350928295e+01
2.978530673640541337e+01
2.980104647697556786e+01
2.975185151928120675e+01
3.055078506926840376e+01
3.051728944059884086e+01
3.053991229405997743e+01
3.058763033556752120e+01
3.057447870983803995e+01
3.055799973280979032e+01
3.051086976968671394e+01
3.052003074622881229e+01
3.061443092789731679e+01
3.058744663595369317e+01
3.059922511793663702e+01
3.063053483076133432e+01
3.060702615699204188e+01
3.061446721353204836e+01
3.058859585898309419e+01
3.063866094283727648e+01
3.062166637786373258e+01
3.061832220426266105e+01
3.057090053082717418e+01
3.056342108775134392e+01
3.054820758706661366e+01
3.030210013589706719e+01
3.023643850895867047e+01
3.016408483476845248e+01
3.008507340828381160e+01
2.999587728536043230e+01
3.036090724729736223e+01
3.041275778169013577e+01
3.045754494628009112e+01
3.049513370809707880e+01
3.052539921205710982e+01
2.990587887249446908e+01
2.982482185593197599e+01
3.056987102253671651e+01
3.060125306085934938e+01
3.054339732015921527e+01
3.060519678705144031e+01
3.057034193569493752e+01
3.062262914557329196e+01
3.063470813274799909e+01
3.060251195835535754e+01
3.058753113978379545e+01
3.060355847355436509e+01
3.063863671273963618e+01
3.062146714787808932e+01
3.063875331794781331e+01
3.058590779785212277e+01
3.059288323872032578e+01
3.058091377386214305e+01
3.057536545186883714e+01
3.057545523089727624e+01
3.056652117616583197e+01
3.055711798679878299e+01
3.031644483345960595e+01
3.032480862778602670e+01
3.029369087112344516e+01
3.024891159274627128e+01
3.025987993011878174e+01
3.022549004015855445e+01
3.016323456339009113e+01
3.018294115462702720e+01
3.014470629399255230e+01
3.008983869448489301e+01
3.006693376066224843e+01
3.010813499930313242e+01
3.002077873777600558e+01
3.003199348859196149e+01
2.998465137404396330e+01
3.037722307878165395e+01
3.038287640648548660e+01
3.035521695591291547e+01
3.043120749602403663e+01
3.043404338497683881e+01
3.040990790863491000e+01
3.047818522797966168e+01
3.045758261296295899e+01
3.047812500593743223e+01
3.051795742470821793e+01
3.051498443073191069e+01
3.049808414481465491e+01
3.055042927108743811e+01
3.054449705640275070e+01
3.053130981955782985e+01
2.985763874629110504e+01
2.990310783895828450e+01
2.986042607752938594e+01
2.982216162229148537e+01
3.061067112798937018e+01
3.059975280211088133e+01
3.058096818413418916e+01
3.065103413789028508e+01
3.061909240907428043e+01
3.063289507560619285e+01
3.057661279000002708e+01
3.066586396494704303e+01
3.064010069126279134e+01
3.064837912612184923e+01
3.067781060833489448e+01
3.065846563853270013e+01
3.065420120105523694e+01
3.062074149136141443e+01
3.067991207386078045e+01
3.065930588538362400e+01
3.065923323996928929e+01
3.059781594516877590e+01
3.058425575833966548e+01
3.056302725975086076e+01
3.034693285240527416e+01
3.028272121169637288e+01
3.020674669360105113e+01
3.012730308974332871e+01
3.005590788684596504e+01
2.993332096892134331e+01
2.997788058778783693e+01
2.994018952591791916e+01
3.040430709755070993e+01
3.045479247670344947e+01
3.049815246453656314e+01
3.053427590126108626e+01
2.989630081066915679e+01
3.060746232610348017e+01
3.063176384527408658e+01
3.065895839774187337e+01
3.066118014625788746e+01
3.063330513227244367e+01
3.067215621494237254e+01
3.067886523411305788e+01
3.063065189186762893e+01
3.061658309401701672e+01
3.063473146085995324e+01
3.067183590510108360e+01
3.065508818619030862e+01
3.067573829205748837e+01
3.061186412331002060e+01
3.061481134552899874e+01
3.060381406516865255e+01
3.059520249808193881e+01
3.059123015248552591e+01
3.058332622204173390e+01
3.057090353909826419e+01
3.036394208226316849e+01
3.037057969977206540e+01
3.034034704937077009e+01
3.029081722446670000e+01
3.030398871039725961e+01
3.026993066466821958e+01
3.022147242899105279e+01
3.019288518489196349e+01
3.023530573769690122e+01
3.009030181442079055e+01
3.012768426038557834e+01
3.009005176508933488e+01
3.005639012731461790e+01
3.001142137934698084e+01
3.001609870100145727e+01
2.997333399255694530e+01
3.042318904956448122e+01
3.042724215300841450e+01
3.040020883417917830e+01
3.047611838184857902e+01
3.047715948064029590e+01
3.045372415403248922e+01
3.052175182062498138e+01
3.050001353586224084e+01
3.051985132180916338e+01
3.056016461733040757e+01
3.055528913667261293e+01
3.053911997313896975e+01
3.063560197466825841e+01
3.065675267870015119e+01
3.069859461745650719e+01
3.068253564601316086e+01
3.067532757017101019e+01
3.071577518942502394e+01
3.069744211245601662e+01
3.069074743974406161e+01
3.073140306404914668e+01
3.070478162614822182e+01
3.070582351584996061e+01
3.065115745659332447e+01
3.071490536604697041e+01
3.069306911251714354e+01
3.069745567290421207e+01
3.062278761640979496e+01
3.060307840460318474e+01
3.057574142508061144e+01
3.039366592148399704e+01
3.032803958069627370e+01
3.025687610158488283e+01
3.016307690576724454e+01
3.019304469170036853e+01
3.016311051769927687e+01
3.012761733654149054e+01
3.005181628982379038e+01
3.044963829676203915e+01
3.049898931026411830e+01
3.054100265312098372e+01
3.070898519355569434e+01
3.068624803014926883e+01
3.067967668199517917e+01
3.070472003023419205e+01
3.070779292600294497e+01
3.072456371019428545e+01
3.072382427608682676e+01
3.065542394048053509e+01
3.066347806433207168e+01
3.064297463023456203e+01
3.069805386738515551e+01
3.068487941509854622e+01
3.070637025450538360e+01
3.063508164409590151e+01
3.063352458423793934e+01
3.061241120111763081e+01
3.062412170323796445e+01
3.060493601038793088e+01
3.058254669870539644e+01
3.059804366956094057e+01
3.040661381278247433e+01
3.038514700089276488e+01
3.041512995781413053e+01
3.035051406167270471e+01
3.032114986933664369e+01
3.035722146339878691e+01
3.023324178846508659e+01
3.026291278158796771e+01
3.022725538572588277e+01
3.019898030368231900e+01
3.009140248878511414e+01
3.012817345699313165e+01
3.009078691798399419e+01
3.005233505758203805e+01
3.047062361154410581e+01
3.047386982244505305e+01
3.044718872746557636e+01
3.052253319430776912e+01
3.049956945520741769e+01
3.052211281284299460e+01
3.056699524697235759e+01
3.054440447850160112e+01
3.056355112005789465e+01
3.074479840466694114e+01
3.072804968682723370e+01
3.072164797205106979e+01
3.073126862268082604e+01
3.076852907321643471e+01
3.074210205414335917e+01
3.075101705926822504e+01
3.075175335694373757e+01
3.073318463954108282e+01
3.074234204410712579e+01
3.067649364283125735e+01
3.074003437278152617e+01
3.071884001188963254e+01
3.072754172149137020e+01
3.064439798324116282e+01
3.061923395283053395e+01
3.058592629595182188e+01
3.043942649874220407e+01
3.037868616405786781e+01
3.030210449815069751e+01
3.029622225892211773e+01
3.032707877275788633e+01
3.026826426540862514e+01
3.017195964488107052e+01
3.020351501285240303e+01
3.016740423345624222e+01
3.013251440831512795e+01
3.049745502184203261e+01
3.054483715151546619e+01
3.075780711277434065e+01
3.078014229424006487e+01
3.077536853635410097e+01
3.075584458877234439e+01
3.076688060764436017e+01
3.074588720794100283e+01
3.067704844381896478e+01
3.066616497001948716e+01
3.068733636663726116e+01
3.072019260715674704e+01
3.073006383637142136e+01
3.070919903915499205e+01
3.065509872891632881e+01
3.064973543872669381e+01
3.062723813651485827e+01
3.064158217464234468e+01
3.061374098977989178e+01
3.059025159741909405e+01
3.060931711057977367e+01
3.044058491609421324e+01
3.045661224922581667e+01
3.042331225778135106e+01
3.037980845751206971e+01
3.036487690630411507e+01
3.039378169626570170e+01
3.034150802333826746e+01
3.025206978940659752e+01
3.027800161698321446e+01
3.024249999238612219e+01
3.021281702456358786e+01
3.052634783905186211e+01
3.049891189585482465e+01
3.052436830428541725e+01
3.056858709884016889e+01
3.054555734698269731e+01
3.056781812859129133e+01
3.077941031924538251e+01
3.078052993193398379e+01
3.076579710684683988e+01
3.076018269600924526e+01
3.069842274286187589e+01
3.076676022846259428e+01
3.075339254094928165e+01
3.074362357606763752e+01
3.066317063189415393e+01
3.063161008493278459e+01
3.059115440377037132e+01
3.050253048207772011e+01
3.047212745721345328e+01
3.048687917208186704e+01
3.041063524858246936e+01
3.033113574881328134e+01
3.035634219265784139e+01
3.031627865104556463e+01
3.029240878957717698e+01
3.054736359705213644e+01
3.051548314774695214e+01
3.077350263788405371e+01
3.069401218719936963e+01
3.068546612777976179e+01
3.070687932068919679e+01
3.074231334125820325e+01
3.075467264738425399e+01
3.073140672665043382e+01
3.067158902242704599e+01
3.065866656242842581e+01
3.063592009784895254e+01
3.065433809326509618e+01
3.061368255148241246e+01
3.061387967807994670e+01
3.059090460369996123e+01
3.047990580056927001e+01
3.049222249661377049e+01
3.045981257595736125e+01
3.040733155309918345e+01
3.042466909914892170e+01
3.039320595037500539e+01
3.036960169063529591e+01
3.056953957856149273e+01
3.054764820180099960e+01
3.056922227429075534e+01
3.053666113623421552e+01
3.071805357808200299e+01
3.067611195744025565e+01
3.063601367344351445e+01
3.059155417223076512e+01
3.044385478063907868e+01
3.054663768403106161e+01
3.052500403547692542e+01
3.051371602277329842e+01
3.055905971226089690e+01
3.070736377054572586e+01
3.072475960422151076e+01
3.070072869703495400e+01
3.068273478012175204e+01
3.066233308669744773e+01
3.066072126357994776e+01
3.063764247774212635e+01
3.060859508767993375e+01
3.061149668093943532e+01
3.058866286623616304e+01
3.057795125369133160e+01
3.068464182533020690e+01
3.063531572406654035e+01
