6.069007290010202382e+01
6.062268302897748384e+01
6.053640315776194569e+01
6.073656934147340536e+01
6.071378739535916935e+01
6.065639523919701048e+01
6.057934062989806989e+01
6.043211083293856234e+01
6.048457158408815815e+01
6.076100537877962182e+01
6.075004505791662268e+01
6.064096137102969664e+01
6.068907423011835789e+01
6.066542251868597901e+01
6.059025371933557835e+01
6.064034099456680593e+01
6.060637497835223542e+01
6.052292651940912549e+01
6.057271988912536642e+01
6.052975597205216474e+01
6.043742701442885590e+01
6.048667615242231221e+01
6.043552228574483820e+01
6.031585550701389309e+01
6.067842605445303406e+01
6.072015736985318313e+01
6.070726193851739794e+01
6.037430370192148388e+01
6.065932133936424009e+01
6.061581062807527331e+01
6.055655247786894080e+01
6.048008269621164601e+01
6.033677430728373281e+01
6.038700419177959589e+01
6.038461966454227081e+01
6.076145758201636227e+01
6.076364588266341116e+01
6.018572708547923611e+01
6.025116560901261664e+01
6.065028895847541435e+01
6.066631436896025065e+01
6.070447321781973926e+01
6.032659870859413331e+01
6.059179221963772477e+01
6.063452892881890222e+01
6.061626910882242214e+01
6.055175189907665612e+01
6.059641359149691908e+01
6.057089102891089993e+01
6.049954349116710972e+01
6.051124445482471970e+01
6.054503003070872325e+01
6.042603605072124395e+01
6.047446661145258417e+01
6.043171938219015971e+01
6.034184904235909386e+01
6.033949371809941198e+01
6.038962939813809783e+01
6.074014000663412105e+01
6.075339885081105962e+01
6.070759519017293115e+01
6.004680596485240329e+01
5.990051927830847234e+01
6.011715206503089348e+01
6.023803844461842516e+01
6.027669377377208093e+01
6.021262134073936778e+01
6.062166662963153385e+01
6.028738323161609003e+01
6.057149351132032677e+01
6.052566168174453765e+01
6.046278630684979305e+01
6.038392949316261138e+01
6.024236260157629630e+01
6.028921959094945748e+01
6.029185586821041198e+01
6.065776438536562409e+01
6.070071326964169600e+01
6.070964341088001248e+01
6.065562225183370515e+01
5.974865322107406485e+01
5.997428005778946414e+01
5.982490460351660033e+01
6.012801267701070174e+01
6.015592834785802978e+01
6.008876803470461425e+01
6.018372094918161963e+01
6.054865308099061139e+01
6.057037889960194832e+01
6.059967453600041409e+01
6.023963206261524306e+01
6.051237289363078986e+01
6.053208323160958315e+01
6.055196961292919866e+01
6.046709027292347827e+01
6.048329448822337184e+01
6.050948089483013348e+01
6.040828450572545449e+01
6.041719475004487094e+01
6.045402054918925216e+01
6.033318224871430147e+01
6.033746008264905925e+01
6.037974357907653200e+01
6.024402524346112386e+01
6.024266317564066497e+01
6.029314236603764954e+01
6.069413851084404143e+01
6.071943196857155556e+01
6.063457469429413038e+01
6.068733264014009166e+01
6.064785823349839688e+01
6.056475712358263053e+01
6.060728824788403557e+01
6.061220825589735028e+01
5.959396723250461037e+01
5.967279026616735393e+01
5.999334457202886739e+01
6.001936371310743823e+01
5.994850486830237912e+01
5.982089475942107271e+01
5.986026823144032250e+01
5.978606433938873010e+01
6.006081548035710682e+01
6.018518599143018832e+01
6.055702402511418825e+01
6.053051016398659101e+01
6.048971153713369375e+01
6.043778023295521962e+01
6.037088122042920446e+01
6.028873821205053929e+01
6.014346713046402471e+01
6.019284227496783046e+01
6.019375483454390263e+01
6.062478995369360035e+01
6.053312484859389286e+01
6.066221002488706660e+01
6.066621978199501086e+01
6.056446849860152781e+01
6.061097983367959330e+01
6.060070134846999679e+01
6.056528745233993760e+01
5.970153102694538205e+01
5.972465962389112093e+01
5.964931210234277614e+01
5.990821991805472635e+01
5.976231000243035396e+01
6.002836927101222386e+01
6.001114282692059021e+01
6.007817820895118643e+01
6.013570186327611822e+01
6.048682351866133189e+01
6.052619894670072398e+01
6.051767310175913650e+01
6.046892730308146469e+01
6.049070592680739367e+01
6.050899835583142305e+01
6.043224242815983160e+01
6.044970649436028509e+01
6.047239791522410002e+01
6.038367361693237712e+01
6.039596470827253683e+01
6.042555735154179786e+01
6.032080421435404816e+01
6.036472768253411658e+01
6.032697929418555560e+01
6.024381753490131786e+01
6.024391130712812270e+01
6.028867309124002105e+01
6.015339758912265467e+01
6.014843349347876256e+01
6.019884209311124579e+01
6.058228926187052821e+01
6.042334000776460101e+01
6.048076281072282256e+01
6.059167414588797129e+01
6.061028372162714817e+01
6.064315151626450273e+01
6.061491958929373425e+01
6.054186167448216338e+01
6.055400745486221581e+01
6.058825781326956417e+01
6.048921796925792194e+01
6.052682625107759407e+01
6.052736541627722744e+01
5.943977464380395048e+01
5.951856468104346476e+01
5.956661988477186043e+01
5.963515393381024410e+01
5.958053227254382023e+01
5.991433888943157626e+01
5.986887087633378712e+01
5.995358588773235198e+01
5.979746356279377295e+01
5.975048784967963655e+01
5.980854716642616609e+01
6.008600154272786398e+01
5.997142818232961048e+01
6.048829539589549853e+01
6.047814142436012474e+01
6.045072796727530573e+01
6.040815658670327792e+01
6.035240945574481941e+01
6.028249036258247884e+01
6.019876457866109831e+01
6.004964936336817516e+01
6.009639784344724944e+01
6.010155855881568954e+01
6.051817104092415889e+01
6.052803550745510108e+01
6.057201453055880336e+01
6.042689350524022984e+01
6.042656039856791494e+01
6.048067749245117852e+01
6.055739381958023415e+01
6.056783782912051350e+01
6.047747615545683431e+01
6.052087747317815314e+01
6.051030505681160321e+01
6.048372917124614645e+01
5.928643588323916447e+01
5.936462278326414577e+01
5.950498976526051109e+01
5.966951556896047038e+01
5.968532422567811579e+01
5.961927508519575980e+01
5.985674039639042121e+01
5.973345963084020127e+01
6.003890193630554251e+01
5.993217255349447470e+01
5.992321400684220123e+01
5.998046799637402415e+01
6.042128188642506359e+01
6.045399289486171313e+01
6.045560984390584025e+01
6.041456718721951091e+01
6.044171268124130592e+01
6.045102489926869538e+01
6.039199518941970268e+01
6.041211387696164792e+01
6.043070298044441557e+01
6.035514438366387679e+01
6.036940156928152135e+01
6.039393439804207020e+01
6.030383596863158857e+01
6.031232121058558704e+01
6.034398089921941732e+01
6.023836434162434017e+01
6.024110409524605103e+01
6.027979586200561357e+01
6.015895118462146485e+01
6.020157296165517380e+01
6.015620969217829384e+01
6.006597466288953058e+01
6.005771053244866664e+01
6.010987180698786148e+01
6.047548258451391234e+01
6.031967000081603913e+01
6.037555314906776971e+01
6.037052559457053036e+01
6.029338586340130490e+01
6.035995979217016583e+01
6.050900912995891900e+01
6.051436031332814736e+01
6.055021132971396014e+01
6.052563686290194767e+01
6.044862161515401766e+01
6.049525238810631578e+01
6.046330111326133760e+01
6.041312196195791273e+01
6.045111724650447371e+01
6.044571149658220577e+01
5.913630909110977285e+01
5.921284776387035009e+01
5.942942037217028428e+01
5.943438981688463940e+01
5.935940371817110162e+01
5.949948592214617804e+01
5.955742044421064207e+01
5.956175300452479604e+01
5.961419472164327260e+01
5.986536759404605590e+01
5.970844724886336508e+01
5.968916953531612535e+01
5.975311179958377750e+01
5.999095523662134610e+01
6.041753011583894306e+01
6.041823457519594598e+01
6.040356287027068305e+01
6.037382653497191853e+01
6.032972874737027524e+01
6.027133177100012063e+01
6.019888929343836281e+01
6.011270373608488882e+01
5.995995978735309251e+01
6.000462658905909308e+01
6.001303305191711246e+01
6.041545356092328944e+01
6.046699908497517129e+01
6.042267930704625201e+01
6.030666375765157028e+01
6.034531384188047554e+01
6.033242310930457108e+01
6.038619877853783180e+01
6.046342894454281947e+01
6.047867045974501821e+01
6.038909086612375177e+01
6.041914535580799139e+01
6.043322329483242328e+01
6.040144735416476607e+01
5.899103252099907024e+01
5.929109242853352413e+01
5.928874558438761255e+01
5.921518475105544610e+01
5.906507455185582955e+01
5.936133759911302121e+01
5.949467960711798042e+01
5.963358242532690667e+01
5.984005219551263366e+01
5.981887574199394209e+01
5.988631085920587083e+01
5.977457597377863152e+01
5.994594525042031563e+01
6.035377269334215100e+01
6.038749332666657210e+01
6.038384781911334187e+01
6.035840545396039403e+01
6.038645939084993586e+01
6.039020992577414404e+01
6.034800581754304005e+01
6.038161856871191446e+01
6.036999083665313748e+01
6.032264164715697063e+01
6.035761704644969683e+01
6.033889156739738979e+01
6.028276610185289996e+01
6.029331126122344386e+01
6.031923143898585948e+01
6.022856645709784118e+01
6.023348899526915545e+01
6.026645890370980396e+01
6.016029505835474822e+01
6.015966201623826493e+01
6.019957302677365618e+01
6.007819520523834456e+01
6.007213959788222724e+01
6.011880808611334004e+01
5.998250435410127324e+01
5.997111373858339078e+01
6.002447129659712033e+01
6.014538527225440845e+01
6.038094983809147465e+01
6.019450953971504248e+01
6.024287990110629210e+01
6.025830171762097365e+01
6.024082419158347079e+01
6.029359440940719139e+01
6.027941174258287305e+01
6.022190729396540831e+01
6.043235150719171855e+01
6.034946940903439128e+01
6.036967803962303236e+01
6.039915273803158868e+01
6.033378175903833807e+01
6.037341825155901631e+01
6.036186641386807850e+01
5.885221036408358231e+01
5.892287598395049741e+01
5.915943798196551029e+01
5.922666761582279804e+01
5.914787146128236373e+01
5.907662971615220471e+01
5.941827709163246141e+01
5.942369233447923449e+01
5.935564492505405809e+01
5.948801934214733933e+01
5.961640029214294145e+01
5.958705950825932263e+01
5.966268463249986809e+01
5.990009380795115845e+01
5.975124744296669377e+01
5.972995432662526127e+01
5.979589298563593758e+01
6.034417017744796397e+01
6.035644758422375844e+01
6.035354120841830650e+01
6.033563435261888230e+01
6.030300253078375050e+01
6.025595693384812535e+01
6.019472056099004931e+01
6.011953949850632739e+01
6.003065582396016708e+01
5.987344876410973882e+01
5.991671058877798828e+01
5.992829988222794668e+01
5.998890268236802115e+01
6.006925311405684909e+01
6.029362235085665134e+01
6.035462351900602584e+01
6.031942488098455613e+01
6.017124523819205706e+01
6.021740701189161626e+01
6.026706676784289840e+01
6.038280160474180747e+01
6.029817697286319600e+01
6.034360981774859312e+01
6.032431023709931850e+01
6.031640332950419037e+01
5.902792569231333886e+01
5.900940720836281628e+01
5.894120881935025125e+01
5.872131127043129339e+01
5.878776706046477329e+01
5.932076468795883528e+01
5.930587017556639751e+01
5.924119174211098482e+01
5.909498490816068994e+01
5.937016947007236212e+01
5.947048537710658422e+01
5.944456571765828556e+01
5.951417539920224442e+01
5.954384159421130818e+01
5.968418714905548939e+01
5.985683806262832718e+01
5.981269735704366042e+01
6.028303519717130854e+01
6.031838367585319816e+01
6.030886139186698358e+01
6.029924780822537400e+01
6.032881323828777909e+01
6.032692438723392314e+01
6.030030514250587004e+01
6.032973661017945233e+01
6.032415091642833005e+01
6.028641473606656831e+01
6.030453415950309193e+01
6.031756005635131146e+01
6.025784683320431157e+01
6.027032296091818608e+01
6.029057049160120130e+01
6.021482445326946475e+01
6.022172412238286654e+01
6.024910192297218003e+01
6.015757854602052390e+01
6.019336469114270471e+01
6.015897870746699994e+01
6.008633466647854249e+01
6.012359731232998428e+01
6.008232103450664852e+01
6.000131225240307487e+01
6.004003179537856738e+01
5.999197942539021966e+01
5.990272218705562324e+01
5.988817235540292216e+01
5.994289175003650172e+01
6.005649488180993245e+01
6.002397713201334994e+01
6.010202591306961750e+01
6.032198075431507789e+01
6.012785772859366773e+01
6.009497964648012669e+01
6.016941709415952033e+01
6.014428993096223763e+01
6.017897928357443504e+01
6.023652728802428413e+01
6.021005854447789574e+01
6.024674983429775921e+01
6.027292638826524040e+01
6.029816604412448555e+01
6.025141588092336775e+01
6.029257316007736023e+01
6.027528981243671780e+01
5.890369331161370070e+01
5.887804066678138071e+01
5.896662327742377130e+01
5.881356692653379525e+01
5.919226759237629665e+01
5.917558260493353117e+01
5.925733091387022711e+01
5.911131328630231252e+01
5.939608885045085884e+01
5.952748361468027127e+01
5.949910875598001070e+01
5.957225819407855738e+01
5.966567213858302665e+01
5.970874990382827718e+01
5.964115670658066648e+01
5.979076607622297956e+01
5.977111029645798368e+01
5.983239211337183860e+01
6.026768349161284277e+01
6.029156421652541553e+01
6.030017085650698050e+01
6.029373174095738364e+01
6.027248653527895783e+01
6.023668122093743449e+01
6.018654331744975394e+01
6.012230084354645498e+01
6.004417626679036601e+01
5.995238453529361777e+01
5.984713218731046425e+01
5.982013509356595904e+01
5.990532064812795454e+01
5.991387501139664096e+01
5.995070368422524609e+01
5.998737101423037643e+01
6.027062924376376429e+01
6.007803960392737253e+01
6.013844033143601564e+01
6.021347224682296684e+01
6.020416144265314529e+01
6.025113550680077168e+01
6.022599634287834647e+01
6.022828443663733111e+01
5.904685999115333317e+01
5.903727202397718088e+01
5.897600671399029437e+01
5.859961200912530188e+01
5.866144864707587203e+01
5.879078835306013673e+01
5.884813614402426651e+01
5.875615788315644750e+01
5.937636066761177034e+01
5.928521249473033095e+01
5.934857289279658943e+01
5.911975512585902237e+01
5.942382209312620489e+01
5.945237636358305622e+01
5.959702313150850728e+01
5.972863076605412402e+01
6.020929556176729136e+01
6.024615872560660534e+01
6.023085682460485657e+01
6.023689908350054623e+01
6.026042919970010558e+01
6.026807226022098973e+01
6.024928862956728892e+01
6.027480248819984610e+01
6.027469588763985797e+01
6.024668243116470734e+01
6.026656252396841751e+01
6.027389151884740670e+01
6.022929737337870648e+01
6.024359535867978366e+01
6.025822872248914308e+01
6.019734834979578864e+01
6.020612017675711769e+01
6.022795001028694628e+01
6.015104649312856111e+01
6.018327248127025086e+01
6.015435793160762756e+01
6.009059863521335387e+01
6.008852472391536992e+01
6.012441508131188073e+01
6.001620606710611128e+01
6.000883082246748756e+01
6.005159129428553655e+01
5.992806326202796185e+01
5.991547882292849891e+01
5.996500800199019920e+01
5.982635659253326565e+01
5.980866266011437204e+01
5.986486382585098909e+01
5.986698720441113153e+01
5.997977345838152985e+01
5.994671824725077869e+01
6.001834624181582711e+01
6.003885719562185841e+01
6.006171270259717687e+01
6.012030484268125718e+01
6.007931661780527577e+01
6.014098701447949935e+01
6.016061742514929733e+01
6.019384814860954691e+01
6.017313759918430094e+01
6.016626123009420724e+01
6.020882772064076249e+01
6.018575553629045061e+01
5.896090832063823939e+01
5.893239735720263184e+01
5.900440163654499770e+01
5.869631776203802787e+01
5.887675800485165922e+01
5.928733118283307135e+01
5.924009547899163408e+01
5.933220156979905369e+01
5.911924683403852043e+01
5.908335868973703953e+01
5.915599139528692518e+01
5.944157905686628851e+01
5.940911796696069302e+01
5.948489328333223369e+01
5.958295603518202199e+01
5.962466185469755686e+01
5.955535218076521176e+01
5.971126955796692215e+01
5.975135039688891680e+01
5.968858835251478467e+01
6.018829894143220827e+01
6.022358115308802695e+01
6.024354675169014683e+01
6.024841375553847911e+01
6.023839944980613836e+01
6.021372005890230383e+01
6.017458838273989841e+01
6.012121342038620497e+01
6.005379917297960191e+01
5.997254343277889177e+01
5.987763649226187823e+01
5.976926265093024426e+01
5.976181213462382402e+01
5.983836206579448458e+01
5.979074729860882798e+01
5.964510310401668391e+01
5.973326039958488565e+01
5.985872819513301835e+01
5.991944360862856200e+01
5.988620748601856292e+01
5.996435583466919894e+01
6.002951507522890751e+01
5.997280047552107618e+01
6.001380922994440681e+01
6.010198045072101536e+01
6.010757880204894121e+01
6.015585469382078543e+01
6.012488225794442798e+01
6.013748321657598694e+01
5.848928969473772810e+01
5.839080253246666530e+01
5.904065273565968397e+01
5.854506108171795375e+01
5.867593627827098146e+01
5.863788900828279083e+01
5.873415770408414716e+01
5.886169589125756119e+01
5.882636326389273762e+01
5.891195024517797663e+01
5.936500237810820835e+01
5.920385166159776702e+01
5.951277842469735901e+01
5.964759065011251948e+01
6.013275967922671583e+01
6.017103516211401626e+01
6.015005546573238604e+01
6.017156415255709589e+01
6.019093583276482917e+01
6.020424285550397059e+01
6.019512747458784219e+01
6.022222436744308993e+01
6.021648448918980989e+01
6.020364671944717827e+01
6.022518730763049888e+01
6.022690866569251966e+01
6.019731835304366285e+01
6.021333827800479099e+01
6.022241572550037603e+01
6.017633719959564331e+01
6.018688206835557963e+01
6.020321173980178742e+01
6.014089514162853334e+01
6.014602013470684483e+01
6.016950006520437455e+01
6.009118019861617199e+01
6.009094983730292938e+01
6.012148033420003657e+01
6.002737557465732721e+01
6.002186335341874468e+01
6.005934758926487405e+01
5.994965861125683659e+01
5.993894651595927314e+01
5.998329114076476287e+01
5.985819972429535341e+01
5.984237764619941657e+01
5.989349337563279363e+01
5.975316148567193153e+01
5.973232971569439087e+01
5.979012869055593882e+01
5.970370098553063798e+01
5.981047882592785214e+01
5.991211143996648758e+01
5.946717559818512910e+01
5.955655381958709427e+01
5.994243489533957359e+01
6.000205366796907214e+01
5.995411776122939074e+01
6.003303135035700677e+01
6.008699060564868688e+01
6.004803126540610236e+01
6.007092125512654235e+01
6.007851736059246406e+01
6.012239449458468243e+01
6.009363651453190869e+01
5.844018019726793511e+01
5.830485566289080879e+01
5.834804002286895752e+01
5.902990562802887098e+01
5.899549778828485813e+01
5.907503919646183022e+01
5.858330478260250374e+01
5.876969628635037424e+01
5.894646558671524872e+01
5.935806045827587951e+01
5.932286013778803380e+01
5.940023998494635293e+01
5.920016513597237662e+01
5.915991629569559507e+01
5.924416972321473907e+01
5.950295295265198803e+01
5.947241139278719402e+01
5.954335311856439716e+01
5.963469782719575107e+01
5.960895628078657182e+01
5.967336578109421907e+01
6.010621839380014109e+01
6.015270291265628089e+01
6.018385385336359406e+01
6.019986817681377289e+01
6.020094273519609374e+01
6.018727323163794551e+01
6.015905299060250400e+01
6.011647193904148168e+01
6.005971564863725121e+01
5.998896431990370104e+01
5.990439171704682764e+01
5.980616418684746805e+01
5.969443969771871394e+01
5.961465162634166859e+01
5.962984880823984923e+01
5.968824192520118999e+01
5.971527571111403176e+01
5.978709101010915816e+01
5.973838688074869196e+01
5.983602993040583584e+01
5.990020408046675726e+01
5.984795118256175783e+01
5.954158768455747008e+01
5.998839399505608583e+01
5.988992946265681638e+01
6.000864253340701993e+01
6.005811502307257399e+01
6.002147377678115703e+01
6.004420442327074170e+01
5.858108324957826341e+01
5.853492113978977329e+01
5.848640580274194889e+01
5.848832923458720501e+01
5.843925471109111669e+01
5.839729114760058337e+01
5.911565610546672644e+01
5.862900437362047512e+01
5.876608942763999011e+01
5.881459465020341781e+01
5.872121831564228245e+01
5.894363792236296007e+01
5.890283468053964810e+01
5.898734849197854402e+01
5.927973454609171711e+01
5.943108582009221408e+01
5.956936727588428937e+01
6.005361065861811198e+01
6.009320721423610934e+01
6.006664890583277128e+01
6.010342807341118032e+01
6.013752009972865409e+01
6.011863961432221970e+01
6.013799656140648864e+01
6.016658933510030494e+01
6.015529115414518913e+01
6.015749294748242448e+01
6.018060182492236976e+01
6.017679043932223948e+01
6.016209359740870610e+01
6.017974393722035842e+01
6.018332431951650108e+01
6.015197347155149998e+01
6.016420050811368014e+01
6.017507862221095394e+01
6.012730514178917929e+01
6.015223710637937415e+01
6.013415370927305048e+01
6.008825783944117660e+01
6.011498036976072967e+01
6.008978211112270174e+01
6.003499657117642130e+01
6.003125976049611268e+01
6.006348495129795140e+01
5.996768122814959412e+01
5.999792240027952772e+01
5.995875521165329758e+01
5.988646568032130801e+01
5.991845829076035557e+01
5.987243054493933414e+01
5.979149690324309319e+01
5.977244047486440337e+01
5.982525125996689042e+01
5.968291416840745001e+01
5.965893153084439859e+01
5.971845212692627314e+01
5.928948141212013212e+01
5.937865981911080127e+01
5.966467542820934966e+01
5.977625037229603322e+01
5.944840020360992838e+01
5.953194615253909205e+01
5.945765247983833035e+01
5.992294350569792272e+01
5.997799213059949608e+01
5.993337317078859172e+01
5.982123224474492673e+01
5.988184490513084768e+01
5.982936052706667596e+01
5.996646726333602828e+01
5.998836809377021950e+01
5.999913336560812382e+01
6.003346425484737381e+01
5.823438743338452639e+01
5.826991325891816587e+01
5.853496259655057088e+01
5.841132903303493151e+01
5.845002891925880562e+01
5.835836735903131256e+01
5.911492054388909878e+01
5.907259524335599110e+01
5.915803830770094152e+01
5.867432589492347006e+01
5.885572345302152542e+01
5.903001979523004650e+01
5.927674641990218873e+01
5.923862917233344660e+01
5.931787945058601963e+01
5.942542163863990368e+01
5.946463745664223666e+01
5.939189740477782919e+01
5.956084839376659801e+01
5.959820322286654459e+01
5.953204124397829133e+01
6.007911371427025671e+01
6.002162443561947214e+01
6.012127170847865898e+01
6.014827508579281812e+01
6.016030052617703916e+01
6.015752375013325803e+01
6.014011854779376876e+01
6.010825580934114498e+01
6.006210262266160527e+01
6.000182138188561964e+01
5.992756888268487359e+01
5.983949543369790547e+01
5.973774402094928604e+01
5.962244959682035272e+01
5.936964396050137793e+01
5.955617003950604271e+01
5.963684210841548605e+01
5.958551783272091740e+01
5.970344034593086491e+01
5.976968987999002536e+01
5.971002152830740073e+01
5.950342917735758164e+01
5.987281949960610206e+01
5.976307005158648877e+01
5.990752570378385400e+01
5.991590939261783433e+01
5.995810658634137980e+01
5.994862825587748034e+01
5.832355918507176540e+01
5.867084230621297536e+01
5.858013860158646224e+01
5.862567775049099339e+01
5.857674516108981777e+01
5.849461410771281322e+01
5.853206250592762672e+01
5.919652379707062551e+01
5.871899745587887054e+01
5.885216488829911441e+01
5.880927273764623919e+01
5.889857254494101824e+01
5.903141703263307960e+01
5.898770817742798300e+01
5.907373864299463406e+01
5.935172779164906842e+01
5.949373847978702656e+01
6.003265598962619265e+01
6.006807901776517156e+01
6.004371473784359381e+01
5.997201222161751133e+01
6.001284819869364640e+01
5.998081075374414439e+01
6.007806208966815120e+01
6.010806792271713306e+01
6.009129139692976906e+01
6.010838762544332070e+01
6.013298184363497256e+01
6.012370757104303465e+01
6.012378929116991344e+01
6.014298727125950705e+01
6.014113015683231112e+01
6.012442252960912725e+01
6.013824936361656626e+01
6.014372516882043840e+01
6.011044070030331454e+01
6.013165684903390940e+01
6.011893103969048724e+01
6.008199424872702821e+01
6.008519208979431880e+01
6.010508675821345292e+01
6.003922990114321578e+01
6.003718833064625215e+01
6.006417290520069940e+01
5.998228987776012389e+01
6.000906891168816770e+01
5.997507076583039520e+01
5.991131111035499401e+01
5.989898474259762651e+01
5.993992317191773367e+01
5.982642447406531261e+01
5.980906913287899584e+01
5.985687801443114608e+01
5.972775405898929790e+01
5.970545556640077933e+01
5.976006890169340124e+01
5.961541650545787263e+01
5.958826777318616053e+01
5.964962370712687090e+01
5.911575680234529528e+01
5.920281800279434492e+01
5.929596568964062442e+01
5.929349282836577117e+01
5.937248149375010087e+01
5.963150597543440767e+01
5.940732960799991957e+01
5.942767293524543959e+01
5.948312227667761221e+01
5.981091192041823490e+01
5.981679691830893830e+01
5.986695258088603566e+01
5.969836023500331379e+01
5.975982260076982300e+01
5.970168132342576683e+01
5.985995157795785104e+01
5.989597409145429197e+01
5.990241355575521709e+01
5.994220903018138813e+01
5.817964200333897651e+01
5.820713705660380555e+01
5.838355875695844333e+01
5.830945431896057585e+01
5.839737940478637768e+01
5.862408031801466279e+01
5.853661457327724094e+01
5.855679947696253151e+01
5.847434291027909836e+01
5.919744196263735603e+01
5.915636244747988570e+01
5.923762324211471508e+01
5.876215734880376118e+01
5.894262797460170589e+01
5.911518810534352042e+01
5.935016556509354757e+01
5.931362136444194988e+01
5.938829497242308264e+01
5.948952039230452726e+01
5.945762102971771412e+01
5.952566208182731344e+01
6.005596590364464049e+01
6.000297783501319770e+01
5.993467938011615814e+01
6.009380063345872713e+01
6.011663903226986605e+01
6.012463724128227938e+01
6.011794970403308014e+01
6.009672833462161634e+01
6.006112170389585003e+01
6.001127424600684179e+01
5.994732547246680809e+01
5.986940919602226074e+01
5.977765278474778654e+01
5.967217647216078547e+01
5.955309273005267556e+01
5.920678207775813462e+01
5.935193488372878079e+01
5.956965051292485924e+01
5.963655712587964075e+01
5.956409590903019335e+01
5.942227210155022732e+01
5.948927729777325624e+01
5.941565263369079730e+01
5.975542344908063797e+01
5.963486324522794035e+01
5.980438604034749517e+01
5.985599639176406583e+01
5.980835942888894863e+01
5.985091421503733500e+01
5.828221858143542278e+01
5.846073487051240392e+01
5.876617701170984986e+01
5.867195231055080740e+01
5.871821495864281815e+01
5.868052034819466911e+01
5.860929689474333770e+01
5.862838106560406004e+01
5.927451010148149635e+01
5.880962617429450034e+01
5.894951130454049348e+01
5.890104200775218857e+01
5.899108559766911242e+01
5.911998563643416560e+01
5.907588994063248578e+01
5.915929618956986502e+01
5.942050564056784623e+01
6.001547076097758548e+01
6.004681651918242835e+01
6.002464113356175091e+01
5.995939318995898049e+01
5.999607475564652503e+01
5.996631569347148627e+01
5.988810750682500128e+01
5.993011146642373888e+01
5.989269300754117609e+01
6.005647828143696643e+01
6.008248431861828465e+01
6.006781687309398166e+01
6.008255326438981569e+01
6.010322522892205654e+01
6.009599036382850556e+01
6.009383199697342093e+01
6.010918508157351425e+01
6.010930821187120898e+01
6.009044884062145542e+01
6.010050769992509601e+01
6.010791540864275362e+01
6.007253552755459935e+01
6.007733413314137749e+01
6.009195456289652526e+01
6.004022046288518766e+01
6.003980190526050364e+01
6.006156513819250620e+01
5.999362803828475421e+01
6.001688270902969435e+01
5.998804427869371381e+01
5.993287795546185492e+01
5.995803822887403101e+01
5.992218952502150842e+01
5.985808456089643670e+01
5.984236020912295828e+01
5.988515730548306237e+01
5.976935620145434314e+01
5.974867250404091834e+01
5.979835949549716645e+01
5.966679461197167456e+01
5.964123555298553470e+01
5.969775763818922343e+01
5.955049433182168883e+01
5.952015087129158388e+01
5.958345723884161771e+01
5.894882122172876393e+01
5.903245843626238099e+01
5.910302842977178273e+01
5.919995229881795495e+01
5.911032772136152857e+01
5.928035162194541385e+01
5.934396657628222016e+01
5.928883033352310861e+01
5.949708868325304678e+01
5.935202837394366071e+01
5.969709309903380046e+01
5.969848730448298824e+01
5.975404702794166667e+01
5.957393536059275618e+01
5.957261650949111953e+01
5.963619808514256704e+01
5.975152718138417640e+01
5.980147569895105164e+01
5.984877930853092920e+01
5.980362611809950835e+01
5.814167890989541121e+01
5.816066987069383742e+01
5.835236044630474339e+01
5.836796401019784497e+01
5.826684965665232596e+01
5.856789384516594055e+01
5.847679719985713831e+01
5.855172577866498074e+01
5.872370618641076589e+01
5.862518868931363869e+01
5.927701617898504338e+01
5.923740209516689248e+01
5.931414249353314716e+01
5.885849385508856813e+01
5.903556685298644879e+01
5.919926719911521928e+01
5.942054210984590412e+01
5.938551170370057974e+01
5.945555587949925069e+01
6.003659184844786978e+01
5.998808235159778235e+01
5.992443944046934945e+01
5.984552492900853338e+01
6.007010584047303325e+01
6.008876131735675585e+01
6.009269366219603370e+01
6.008203595180032863e+01
6.005691825759596014e+01
6.001746695540763454e+01
5.996380404496994032e+01
5.989604647917615665e+01
5.981430551055754563e+01
5.971868606658829748e+01
5.960928615720625601e+01
5.948619628879644949e+01
5.902748958797569401e+01
5.919326339202780218e+01
5.943534552432247864e+01
5.950254378483744944e+01
5.942968406032498763e+01
5.928329834348778604e+01
5.935289221881770771e+01
5.928220714738525032e+01
5.963636345696093599e+01
5.950553985565251480e+01
5.969936002967325095e+01
5.969896859281404033e+01
5.975193169911528912e+01
5.975120087048428985e+01
5.824793573678550729e+01
5.846107850914082604e+01
5.886946067867175714e+01
5.877548942743842275e+01
5.881761253055080374e+01
5.879029814276042742e+01
5.868020073434144734e+01
5.873529188840146986e+01
5.934949879072313195e+01
5.890994637065507789e+01
5.904423946168370918e+01
5.899707057305168689e+01
5.908274773815347913e+01
5.920583090825650174e+01
5.916308739116516335e+01
5.924202457314487447e+01
6.000189316840868514e+01
6.000925580785024493e+01
6.002924708557559796e+01
5.995034956555474537e+01
5.995547650592621380e+01
5.998297191077553236e+01
5.988376482773453802e+01
5.992164247172807734e+01
5.988657665836863941e+01
5.980201923042949375e+01
5.984512988753079554e+01
5.980242724295166568e+01
6.003851452522353327e+01
6.004804318043876066e+01
6.006059617873721379e+01
6.006033118182173069e+01
6.007196627233071951e+01
6.007714608299503567e+01
6.006745878025331820e+01
6.007902177220606887e+01
6.008115114283931746e+01
6.006001048475575033e+01
6.006634566361059768e+01
6.007572162514053815e+01
6.003809639953018262e+01
6.003923697850189711e+01
6.005579868389443732e+01
6.000182299015812504e+01
6.002149977773379419e+01
5.999781111008998380e+01
5.995129250959611511e+01
5.997293822981178124e+01
5.994217899854641729e+01
5.988660243346390644e+01
5.987244651649555038e+01
5.991022260732477633e+01
5.980784490671852183e+01
5.978871387087294664e+01
5.983345611281739451e+01
5.971510620744010112e+01
5.969107502902490836e+01
5.974273599589059103e+01
5.960846622741452450e+01
5.963815299083563559e+01
5.957961716707868760e+01
5.948799795745962626e+01
5.951979077014375719e+01
5.945442011320901088e+01
5.879224286832112512e+01
5.887066483502621139e+01
5.898863001828027564e+01
5.904625215797985049e+01
5.897049885809104097e+01
5.915141130660757796e+01
5.912820746451476595e+01
5.921570560426631147e+01
5.936016771363081546e+01
5.921724769607540395e+01
5.958163650892634422e+01
5.957857809206331012e+01
5.963942929025449757e+01
5.944822284243537069e+01
5.944262665277300073e+01
5.951115139772302598e+01
5.964133623648482541e+01
5.970499262236802451e+01
5.975330509050544947e+01
5.970289915807213532e+01
5.812164376298337487e+01
5.813153273209412930e+01
5.832187648243093037e+01
5.833716029963332517e+01
5.823262828082167175e+01
5.851263815182748118e+01
5.843315783149114395e+01
5.854073962394417663e+01
5.883019743633379761e+01
5.871200632684103482e+01
5.864024237264331418e+01
5.875169216569290853e+01
5.935376696129031870e+01
5.938772537032441790e+01
5.931555572406722376e+01
5.895751345923078901e+01
5.912585909950530549e+01
5.928057326179793307e+01
6.002082950304049547e+01
5.997677628562929897e+01
5.991774707640021091e+01
5.984362244326719349e+01
5.975428231677629753e+01
6.005002504737874602e+01
6.006447958600386272e+01
6.006430756787413117e+01
6.004962064656059084e+01
6.002052710088910459e+01
5.997713125965655223e+01
5.991953293311487982e+01
5.984782685500156418e+01
5.976210213970803409e+01
5.966244175700602170e+01
5.954892201588508271e+01
5.942161203863390284e+01
5.889264008893184155e+01
5.907220281062401313e+01
5.929884320142556220e+01
5.936713447984305247e+01
5.929186341633822366e+01
5.911655118872563008e+01
5.920100026808486859e+01
5.913382013391768766e+01
5.951582571286432710e+01
5.937445926096668103e+01
5.959256481866636790e+01
5.964603923318525602e+01
5.958786992932974869e+01
5.964960642284956549e+01
5.822267965782438637e+01
5.841819738932706230e+01
5.861335080767619132e+01
5.897049167310853335e+01
5.888091410029811357e+01
5.891977375389303262e+01
5.889784552578200305e+01
5.880571253566946410e+01
5.884386773154236749e+01
5.900785088086698238e+01
5.913649174487078852e+01
5.909054916303043115e+01
5.917181105645990158e+01
5.928907326305041892e+01
5.932203641942971473e+01
5.924762094288811909e+01
5.999178292289128933e+01
5.999740764384034719e+01
6.001521950325226129e+01
5.994474100568604058e+01
5.994814223206252990e+01
5.997338858022084196e+01
5.988280562498550808e+01
5.988391367180928171e+01
5.991665110012173301e+01
5.980587593298771765e+01
5.980461154041799432e+01
5.984489720502241283e+01
5.971384986611647605e+01
5.975801600857376883e+01
5.971012458144542734e+01
6.002403064018632506e+01
6.003181910275898048e+01
6.004225225879780936e+01
6.004158141337413213e+01
6.005459327679257342e+01
6.005148410800811831e+01
6.004453004624814838e+01
6.005234651902973297e+01
6.005650795851563117e+01
6.003296842503191755e+01
6.003561295538260367e+01
6.004699323260249599e+01
6.000698505262061389e+01
6.000449004278222986e+01
6.002303926447468996e+01
5.996666457994909649e+01
5.995907120379218469e+01
5.998474162082002437e+01
5.991208734173894612e+01
5.989944531266463201e+01
5.993219158231181609e+01
5.984332889884601769e+01
5.982569619016604889e+01
5.986547563291255614e+01
5.976045958921007184e+01
5.973790211133879779e+01
5.978467495984757818e+01
5.966354408853030833e+01
5.963613532618695956e+01
5.968986496747475456e+01
5.955264097849743621e+01
5.958111480264967241e+01
5.952046158604931492e+01
5.942780232141558372e+01
5.939093966797326374e+01
5.945848688125521164e+01
5.864729972148013815e+01
5.871993660258431902e+01
5.881430280978886316e+01
5.880426154642160697e+01
5.890294647984826781e+01
5.905472651032243192e+01
5.920944491357982997e+01
5.946461716441913836e+01
5.952321118186831228e+01
5.945723753731301997e+01
5.932103784371465593e+01
5.938472097199736055e+01
5.931081522174795850e+01
5.952947493247734201e+01
5.960662451711544918e+01
5.960034107047741969e+01
5.965589599180302116e+01
5.812018227703121909e+01
5.812064931082078800e+01
5.831939531337010152e+01
5.822144503258549264e+01
5.832027724932349599e+01
5.847026621845594718e+01
5.849194787868669465e+01
5.839671105880562862e+01
5.864131209558245672e+01
5.857724274042119106e+01
5.867751355529278356e+01
5.893450157992793947e+01
5.882623959748118381e+01
5.886262335462810569e+01
5.876930716428338997e+01
5.905416969660607407e+01
5.921360926182180151e+01
5.935921660433185565e+01
6.000853856625247573e+01
5.996891924740464219e+01
5.991446182205174864e+01
5.984506612634024947e+01
5.976063057849744808e+01
5.966105254706404537e+01
6.003341812292362789e+01
6.004365400700161359e+01
6.003933959787039498e+01
6.002056509942726592e+01
5.998741707387753763e+01
5.993997797591244137e+01
5.987832569276542216e+01
5.980253309201519585e+01
5.971266757897966926e+01
5.960879066211932553e+01
5.949095752339449206e+01
5.873288851636089447e+01
5.893801890723282355e+01
5.896355716648171352e+01
5.887643499645741940e+01
5.902884833493529015e+01
5.916167242994563935e+01
5.923034057390849227e+01
5.914036159642499513e+01
5.939376979204330809e+01
5.924236549772489013e+01
5.948409661107458390e+01
5.953842543659875730e+01
5.947514976993637248e+01
5.954622873490637858e+01
5.822047198483794261e+01
5.839560116887300012e+01
5.855701139245982034e+01
5.873485224823574669e+01
5.906928117129549349e+01
5.901969531579087658e+01
5.898410358929054809e+01
5.900337966127295175e+01
5.895042023712255030e+01
5.891559068285715028e+01
5.910339602444943807e+01
5.922636374033437789e+01
5.925837961569754242e+01
5.918159972817011294e+01
5.936980691773184304e+01
5.939943279597852666e+01
5.932959843695303448e+01
5.998502186468189734e+01
5.998896736097282911e+01
6.000460459559626258e+01
5.994244892851796180e+01
5.996719532016201981e+01
5.994418335027724964e+01
5.988511086017140173e+01
5.991500764957567071e+01
5.988457425507405674e+01
5.981292618605268530e+01
5.981004879559309728e+01
5.984795122287376756e+01
5.972581151229879026e+01
5.972051410781119074e+01
5.976593392375998803e+01
5.962368179796714429e+01
5.966886220223263848e+01
5.961587606291223551e+01
6.001290891411541395e+01
6.001901564198812622e+01
6.002732371567821446e+01
6.002618677956974835e+01
6.003441525285688130e+01
6.003543841944059523e+01
6.002492927072862727e+01
6.002903153782519041e+01
6.003525055899243057e+01
6.000920695062217902e+01
6.000818258424966700e+01
6.002160282200112107e+01
5.997908677573580860e+01
5.997296734096852333e+01
5.999354978700598195e+01
5.993463173420138901e+01
5.992345744586187806e+01
5.995116526762117104e+01
5.987590048677291321e+01
5.985971998468941990e+01
5.989451873493037937e+01
5.980294701124729073e+01
5.978181708896128299e+01
5.982367491157555150e+01
5.971582025078024714e+01
5.973869337248931544e+01
5.968980554062854793e+01
5.961456376665758938e+01
5.963962815254746630e+01
5.958373638275790540e+01
5.949921539570708973e+01
5.946365453620335018e+01
5.952652735953174812e+01
5.851726782641899405e+01
5.858263181643491890e+01
5.876874548386516750e+01
5.879211544948881141e+01
5.871040720094541143e+01
5.885430982547646295e+01
5.898654137954157761e+01
5.905146672406144859e+01
5.896346866188623181e+01
5.907519857892322790e+01
5.934616262554008159e+01
5.940549318750993990e+01
5.933444239891882432e+01
5.919271650368221316e+01
5.925698906045218450e+01
5.917810020105257962e+01
5.941605553195232403e+01
5.950645062290031717e+01
5.955664139398513868e+01
5.949603963102590853e+01
5.813798624893843936e+01
5.812873600670466345e+01
5.832388609986612238e+01
5.832129507976446803e+01
5.822323892861396644e+01
5.852997322719254925e+01
5.842609617368225372e+01
5.849955062314373322e+01
5.858688718777628424e+01
5.875280121480169981e+01
5.879041854665567968e+01
5.869723387275296034e+01
5.903669742068062476e+01
5.893873601817659846e+01
5.897166010468502861e+01
5.888267652521651030e+01
5.914851108396025126e+01
5.929891113261165003e+01
5.943529068866042309e+01
5.999960104925950333e+01
5.996439280754553636e+01
5.991446480391424245e+01
5.984973658498794435e+01
5.977012560249003315e+01
5.967554750486568338e+01
5.956591640383594211e+01
6.002016757487682241e+01
6.002616768836747241e+01
6.001767359992025774e+01
5.999475406941967037e+01
5.995747404622658649e+01
5.990589430913627922e+01
5.984007111025130854e+01
5.976005582244012260e+01
5.966589459107614601e+01
5.955762799033876576e+01
5.864575447540680386e+01
5.887952908175687128e+01
5.902359769377967069e+01
5.900611118687152157e+01
5.909278069987578874e+01
5.927042899791812403e+01
5.910924789958432513e+01
5.937403034583335426e+01
5.942917604311333690e+01
5.936090918481687595e+01
5.944114511369870968e+01
5.823174692823413068e+01
5.842781305633364752e+01
5.864275696413920258e+01
5.884683012007940306e+01
5.916591532994042524e+01
5.911742037718973819e+01
5.908520749202089917e+01
5.910698020175825462e+01
5.902365288116461528e+01
5.905500150388417069e+01
5.919666981281240936e+01
5.931393563673822200e+01
5.927030969691860918e+01
5.934254020751592407e+01
5.944811040024954707e+01
5.947429938305635488e+01
5.940910621057410168e+01
5.998151445811553373e+01
5.999729573431567076e+01
5.998382806752923102e+01
5.994337709015944426e+01
5.996428492293592427e+01
5.994349240139547419e+01
5.989058352857289691e+01
5.991660431955973110e+01
5.988845034013129975e+01
5.982307211738197594e+01
5.985418347703672026e+01
5.981863021649395051e+01
5.974077866311621676e+01
5.977694956278339333e+01
5.973395811680673972e+01
5.964363662781525477e+01
5.963435811390582586e+01
5.968482760895705752e+01
5.953157729940842557e+01
5.957774073411115978e+01
5.951975248619704928e+01
6.000505453610015394e+01
6.001570455044083019e+01
6.000952649656463223e+01
6.001405325024190773e+01
6.001957623009638354e+01
6.002065406645722589e+01
6.000856330348679535e+01
6.000897239461221488e+01
6.001727407611328147e+01
5.998863392232746605e+01
5.998395112150223696e+01
5.999944644189224618e+01
5.995431060215175023e+01
5.994456663662564466e+01
5.996722739046184358e+01
5.990563484832040331e+01
5.989086900517565937e+01
5.992066914864464167e+01
5.984264391794069837e+01
5.982290382509109605e+01
5.985981963542251805e+01
5.976537056135303061e+01
5.974071192212179682e+01
5.978472215574073800e+01
5.967384276344783700e+01
5.964432904707536665e+01
5.969541509627561027e+01
5.956808348448927148e+01
5.959193162329173532e+01
5.953378557525605430e+01
5.862883192344558836e+01
5.869879329933995393e+01
5.857481066102864276e+01
5.840420248407696846e+01
5.846122596517800929e+01
5.883920482384669981e+01
5.891302467282382338e+01
5.880549593877320547e+01
5.893268797515341362e+01
5.922632994680452612e+01
5.928636977104099515e+01
5.921038687931507383e+01
5.906323599441479644e+01
5.912812711716719605e+01
5.904434135524425642e+01
5.930114532851373355e+01
5.940452992110348873e+01
5.945561034361755048e+01
5.939006185656311487e+01
5.817561429425025921e+01
5.815630646449174179e+01
5.832075920032720262e+01
5.832221661820334191e+01
5.823044961282158027e+01
5.849971293872593492e+01
5.841265151963844460e+01
5.851513637483122210e+01
5.868806359514886140e+01
5.860933818065657164e+01
5.872124124985906946e+01
5.887609066125185819e+01
5.881463913768340745e+01
5.890824404077285692e+01
5.913684646641131337e+01
5.904953425114048571e+01
5.899430667991300226e+01
5.907887364536337316e+01
5.924062099659062852e+01
5.938184388783501078e+01
5.950887330859778501e+01
5.996310103213770049e+01
5.999392173914144877e+01
5.991765935126940690e+01
5.985753633443599853e+01
5.978266895361152677e+01
5.969299171953795735e+01
5.958843686304739151e+01
5.946893449074984517e+01
6.001017894753621817e+01
6.001192700926457491e+01
5.999921690325327717e+01
5.997209598172391054e+01
5.993060771391140662e+01
5.987479142787503150e+01
5.980468205322970476e+01
5.972030986362887717e+01
5.962170021918426954e+01
5.851856451216136179e+01
5.873554614069390567e+01
5.888774322136109873e+01
5.895581385358862292e+01
5.886449561966955457e+01
5.914582783174564184e+01
5.897658118207082367e+01
5.926242112435549103e+01
5.931835628924557113e+01
5.924520414408362257e+01
5.933441266192757269e+01
5.824896924980959056e+01
5.841112591068292659e+01
5.859481557925171558e+01
5.823312740485928884e+01
5.820362448956832679e+01
5.878315731251500864e+01
5.896382527689164021e+01
5.926045893580257484e+01
5.918429643637873738e+01
5.921302291678748020e+01
5.920870167563685982e+01
5.912991132461422694e+01
5.915767767096823349e+01
5.928774518536704363e+01
5.939927122002017512e+01
5.935675115456972861e+01
5.942436393645026271e+01
5.952404573322152714e+01
5.948621459928057931e+01
5.954670574005270822e+01
5.994745206425833572e+01
5.996457290357118097e+01
5.994598451490046642e+01
5.998118821134209355e+01
5.999320926459753878e+01
5.998190571664443382e+01
5.989914921855986307e+01
5.992135577757980514e+01
5.989545618316211062e+01
5.983623821602540005e+01
5.986350770480156314e+01
5.983026907750767265e+01
5.975867454445778293e+01
5.979097559782399429e+01
5.975036874016583255e+01
5.966641074417817237e+01
5.965569804980841440e+01
5.970370362409227738e+01
5.955939649488299636e+01
5.954619735110490808e+01
5.960163334563271320e+01
5.943757867348241319e+01
5.948470383330688094e+01
5.942180455598302302e+01
6.000039594307704505e+01
6.000731196352516150e+01
6.000326844953707450e+01
6.000511023169352853e+01
6.000692483407576105e+01
6.001011821075418595e+01
5.999536259461939380e+01
5.999208824191799749e+01
6.000249713770549675e+01
5.997118094357897888e+01
5.998044380623903038e+01
5.996283888218232505e+01
5.993258942949169921e+01
5.994399302579825672e+01
5.991920957243564771e+01
5.987960828458150786e+01
5.989317563134900979e+01
5.986122904490192553e+01
5.981225366098185958e+01
5.982801827423427454e+01
5.978892173648845443e+01
5.973053746558611010e+01
5.970230757707529534e+01
5.974854321133359036e+01
5.963446718981597883e+01
5.960140177501975245e+01
5.965476809167511618e+01
5.852255277901398500e+01
5.846406856841368693e+01
5.857525275057473380e+01
5.870137808190001749e+01
5.866600486657420532e+01
5.877022932330366700e+01
5.830798038517037440e+01
5.835684251439813153e+01
5.879551207739149277e+01
5.910524906310107696e+01
5.908512189837034612e+01
5.916593254388487111e+01
5.893319574178762110e+01
5.891136183047647989e+01
5.899838552234993472e+01
5.918483370116222630e+01
5.930090131414856813e+01
5.935285173567979200e+01
5.928245482227901419e+01
5.837171000134253518e+01
5.827488305216937192e+01
5.834587592887611152e+01
5.847616010733752034e+01
5.848825646176015880e+01
5.839919642146927004e+01
5.863338918045838710e+01
5.856682228878639762e+01
5.866154416059023902e+01
5.830327298858878038e+01
5.881508933870174616e+01
5.875172953446075752e+01
5.884645491004804541e+01
5.899428171210520588e+01
5.893535518064840772e+01
5.902273886346524279e+01
5.923500817522532458e+01
5.915867042143132437e+01
5.910425744386967750e+01
5.918431350903551902e+01
5.933056388130402325e+01
5.946247046109863277e+01
5.958002572938945463e+01
5.992397151074025885e+01
5.996497092969737253e+01
5.999142857921131622e+01
5.986839037955740395e+01
5.979818445786132486e+01
5.971330764637470168e+01
5.961371092168781871e+01
5.949934241031030524e+01
5.937014742470402950e+01
6.000338113732308898e+01
6.000086187674774862e+01
5.998390051721966643e+01
5.995252307283417537e+01
5.990675169559523994e+01
5.984660451670756487e+01
5.977209548409378925e+01
5.968323419603171942e+01
5.841723374605645347e+01
5.861205808008048734e+01
5.874908660149159090e+01
5.881850197184893148e+01
5.872592702688714184e+01
5.902029315430771561e+01
5.884212283217117800e+01
5.914930501647184258e+01
5.920601126434186767e+01
5.912811668437193902e+01
5.922606847764331661e+01
5.842483276488925981e+01
5.855565234534095964e+01
5.872524930529510101e+01
5.830933018133994494e+01
5.827062984297878501e+01
5.845144473990511358e+01
5.841097429579765077e+01
5.834375051571198156e+01
5.890573380471533937e+01
5.907746666813770986e+01
5.935296106506962133e+01
5.928142160859321308e+01
5.930655975871906094e+01
5.930857905933785901e+01
5.923441194342193228e+01
5.925849265563132917e+01
5.937667832322517825e+01
5.948241712443712714e+01
5.944097936541326277e+01
5.950390504918698298e+01
5.959765767811698112e+01
5.956097703645266250e+01
5.961670446097222253e+01
5.991075653917390298e+01
5.990552885605237066e+01
5.992919961274183294e+01
5.995462361870745838e+01
5.995159783559024902e+01
5.996799789793608682e+01
5.998399399130227749e+01
5.998313947203636332e+01
5.999228483619880592e+01
5.985237182429347769e+01
5.987586036906544251e+01
5.984490126800427845e+01
5.977944507147957864e+01
5.980794722878465564e+01
5.976968052371638151e+01
5.969194842495271303e+01
5.972542399773744393e+01
5.967982885768119417e+01
5.958985057202431079e+01
5.957530532944041823e+01
5.962825127745663423e+01
5.947311673055239112e+01
5.945606584770965242e+01
5.951638650176392531e+01
5.934170859221620731e+01
5.932206313117218599e+01
5.938978394145696171e+01
5.999888508155216016e+01
6.000208662910721102e+01
6.000018167195222674e+01
5.999931076829781063e+01
5.999742597635935226e+01
6.000274889386489718e+01
5.998528134335254691e+01
5.999086205481697220e+01
5.997832197869151116e+01
5.995680345808140288e+01
5.994479003412341456e+01
5.996453842843992277e+01
5.991388006867165217e+01
5.992379154015301879e+01
5.989684173164633307e+01
5.985651037560928955e+01
5.986863105845118582e+01
5.983448474018950947e+01
5.978468975691092169e+01
5.979906268157660776e+01
5.975772269268766479e+01
5.969840969258810048e+01
5.966655506335148829e+01
5.971508801830109547e+01
5.854527824791099277e+01
5.853388458743901168e+01
5.842864470956227052e+01
5.862347836378582144e+01
5.823163962327461718e+01
5.827023703391287768e+01
5.864785923142083135e+01
5.898279910890034472e+01
5.895889116015123221e+01
5.904418947208530710e+01
5.880185532110353819e+01
5.877649211811687024e+01
5.886768298502207841e+01
5.906708143890875107e+01
5.919558421134530590e+01
5.924839468057088254e+01
5.917324632217467695e+01
5.856251351388183224e+01
5.846845573035093224e+01
5.851911740097641967e+01
5.859910774175564541e+01
5.876097121805864276e+01
5.878899168838991329e+01
5.869734034504665487e+01
5.838140750794651979e+01
5.850813175033008662e+01
5.894171848751345522e+01
5.896886637992140123e+01
5.887856610425940573e+01
5.911102189783510141e+01
5.913567008649464896e+01
5.905280003941245326e+01
5.933122389566568700e+01
5.926616218826096372e+01
5.921255431068727404e+01
5.928800590970725182e+01
5.941838744019556628e+01
5.954083649411808921e+01
5.964879187367274227e+01
5.988224667189476946e+01
5.993335044715954751e+01
5.996995279579719096e+01
5.999207295706670351e+01
5.981661872072759678e+01
5.973644036060106544e+01
5.964168188470936371e+01
5.953231010545621871e+01
5.940828832445966157e+01
5.926957628233433439e+01
5.999972662372064747e+01
5.999292590018765026e+01
5.997167925431154600e+01
5.993599146381909293e+01
5.988586355898456759e+01
5.982129275961142412e+01
5.974227240483224222e+01
5.840672316982283263e+01
5.835903131854443870e+01
5.847678460221638375e+01
5.832184943588574555e+01
5.858370369386398835e+01
5.866668951556196987e+01
5.856463447132020406e+01
5.889341685403577031e+01
5.869419809405568600e+01
5.903469670633717215e+01
5.909216666386296168e+01
5.900959677276372872e+01
5.911613029865846869e+01
5.866318797770167492e+01
5.885247819551973691e+01
5.852252231367568669e+01
5.848661184327751528e+01
5.841773130500933320e+01
5.840481707193082883e+01
5.835651702610904579e+01
5.867820721940272222e+01
5.856647431082281230e+01
5.861967479697910477e+01
5.902739733339213757e+01
5.918955502434205584e+01
5.944345323431294759e+01
5.939807110935869616e+01
5.937661615770330314e+01
5.940662846975002509e+01
5.933717238287169238e+01
5.935747189062814044e+01
5.946350812270755881e+01
5.956340229082722004e+01
5.958120030902409070e+01
5.952303216123737428e+01
5.966897311883676025e+01
5.963342938841125118e+01
5.968433050136281537e+01
5.987144353122698703e+01
5.989120106804989518e+01
5.986248573457741884e+01
5.992537747078146992e+01
5.994009669797906525e+01
5.991862863468766420e+01
5.996486501242354450e+01
5.997452196759467569e+01
5.996029385959357683e+01
5.998990626085651456e+01
5.999448565242918363e+01
5.998749198365253932e+01
5.980305928677343275e+01
5.982782264748784229e+01
5.979185092785151312e+01
5.972021695657885232e+01
5.974994533017056142e+01
5.970670630205542295e+01
5.962290480826293759e+01
5.965754930572705916e+01
5.960703022452336342e+01
5.951110706346778301e+01
5.955061101044053373e+01
5.949279729038232745e+01
5.938480377452959402e+01
5.942910305903117063e+01
5.936397822890543807e+01
5.924397071670703241e+01
5.922053977402806169e+01
5.929299416195097194e+01
6.000049758410620626e+01
5.999999288436534783e+01
6.000022994132776688e+01
5.999663166751543031e+01
5.999104515869824894e+01
5.999851103302520272e+01
5.997829757006122975e+01
5.998233493186676668e+01
5.996764033499792390e+01
5.994548077207558379e+01
5.992977263368602081e+01
5.995169768107631114e+01
5.989816321860986648e+01
5.987743262739879668e+01
5.990659168857592221e+01
5.983632335506133870e+01
5.981060722523555739e+01
5.984700571505027256e+01
5.975993615250228430e+01
5.977292485410688982e+01
5.972927964761127129e+01
5.849648747563958295e+01
5.839501597326315618e+01
5.840156092745363026e+01
5.831525290138149131e+01
5.817458073538301733e+01
5.820361144509261919e+01
5.885910211531820124e+01
5.883140537144445403e+01
5.892115584537691575e+01
5.867133979949418432e+01
5.862806869111679475e+01
5.873682245059474383e+01
5.894797921386153661e+01
5.908857916327915660e+01
5.914224909501920280e+01
5.906244357643688403e+01
5.872068875050216974e+01
5.889040411414266174e+01
5.891698304711364642e+01
5.882588377547874359e+01
5.846490629595416522e+01
5.860129653693586960e+01
5.906547980387775709e+01
5.900373677048501975e+01
5.908911257968776454e+01
5.922631837249249287e+01
5.916880191417137524e+01
5.924705323023474790e+01
5.942551734085425608e+01
5.937200958404825712e+01
5.931920657833739341e+01
5.938995859680727563e+01
5.950412180725756883e+01
5.961696986609297255e+01
5.971519773059558389e+01
5.983794154229630635e+01
5.989907648035073606e+01
5.994576876523199616e+01
5.997802047827067895e+01
5.999582991015248012e+01
5.976235801173342566e+01
5.967231601798209084e+01
5.956780167492154021e+01
5.944879697317700362e+01
5.931527965175349948e+01
5.916722308167030775e+01
5.999919161987872940e+01
5.998809648977067610e+01
5.996253177690168457e+01
5.992248115892347471e+01
5.986792477383688293e+01
5.979883925105183806e+01
5.849085985244984442e+01
5.828719188817395036e+01
5.876641390438602031e+01
5.850376590819507783e+01
5.854308452106140948e+01
5.858799463672234964e+01
5.891858480144182408e+01
5.897683008578861319e+01
5.888970870872982744e+01
5.900459599013401402e+01
5.878562690383984801e+01
5.897899549248969464e+01
5.861471871037918646e+01
5.851132737216765634e+01
5.856823110988690217e+01
5.869033571540770566e+01
5.868434862851886180e+01
5.860750282961038948e+01
5.851821087650849051e+01
5.846100618246975245e+01
5.914689736657560815e+01
5.930009538268196678e+01
5.953194867830843862e+01
5.946989465889144810e+01
5.948757928592458200e+01
5.950284707880748414e+01
5.943819137481749948e+01
5.945462190163721772e+01
5.954825553515299674e+01
5.964223730704915027e+01
5.960292936272350772e+01
5.965626838762599249e+01
5.973800051384598930e+01
5.974960060737105749e+01
5.970358937060071014e+01
5.982950969253862894e+01
5.981686071276641314e+01
5.985058340068521687e+01
5.989344747066962782e+01
5.990951285930158576e+01
5.988300482638341293e+01
5.994300761467997773e+01
5.995403146348651546e+01
5.993473929872933326e+01
5.997817319035736716e+01
5.998413081639009903e+01
5.997205767956415912e+01
5.999892322615084339e+01
5.999979863224992727e+01
5.999494957934309269e+01
5.975120701189919004e+01
5.973630935187407687e+01
5.977724748063432969e+01
5.965854779173718470e+01
5.968950536946249485e+01
5.964134896080553716e+01
5.955153585608444899e+01
5.958735309102568323e+01
5.953197344972532790e+01
5.943017030972252002e+01
5.947078228528911126e+01
5.940817227381769783e+01
5.929444531584432099e+01
5.926993026648598573e+01
5.933978003505303178e+01
5.914434981039051564e+01
5.911722731867764935e+01
5.919432865875305794e+01
6.000523287016005725e+01
6.000340078006872346e+01
6.000101884185846757e+01
5.999707354724850461e+01
5.998777169914750829e+01
5.999739334045788297e+01
5.997441311267588304e+01
5.996003388168477244e+01
5.997690570059817361e+01
5.993721600050931642e+01
5.991777858636707066e+01
5.994191278011189894e+01
5.988544336509107069e+01
5.986097561778572640e+01
5.989238607097392020e+01
5.981905321191683811e+01
5.982829372137477719e+01
5.978959146614610631e+01
5.845013561364361010e+01
5.833830442113586656e+01
5.825815391978403568e+01
5.836694085434523771e+01
5.813726226356909166e+01
5.815633218218910372e+01
5.873604752459844747e+01
5.870475638418917441e+01
5.879777132707644682e+01
5.852079124110543518e+01
5.859643719988623900e+01
5.851215985610845394e+01
5.882841153975490300e+01
5.897986739372358045e+01
5.903440556730900113e+01
5.895003055170072059e+01
5.884839353166287879e+01
5.887022583467832959e+01
5.876360060039073119e+01
5.902410906238687716e+01
5.904568140813118760e+01
5.895741274290802636e+01
5.856776502789669081e+01
5.865348619865064705e+01
5.877010411014849467e+01
5.918882217984526051e+01
5.912727143083029802e+01
5.920841637514683953e+01
5.934015690530953435e+01
5.935688060805854604e+01
5.928335013266678288e+01
5.951789354048252534e+01
5.947619417451161183e+01
5.949016078637981764e+01
5.942420508780784871e+01
5.958777882955405403e+01
5.969088008766534870e+01
5.977925083097940018e+01
5.979105218041468817e+01
5.986214623270585378e+01
5.991887466469449919e+01
5.996122273173448747e+01
5.998917154870053281e+01
6.000269824996604484e+01
5.970560294786892541e+01
5.960580450421096543e+01
5.949165817546948176e+01
5.936316044998877572e+01
5.922030270805566943e+01
5.906307079632356505e+01
6.000177614594529985e+01
5.998637487795610923e+01
5.995646056892727671e+01
5.991199596843060959e+01
5.985294058914717397e+01
5.842251412034928393e+01
5.823993358947217303e+01
5.862989114118506961e+01
5.843096070765604111e+01
5.880088011934173409e+01
5.885998546036970680e+01
5.876933765875789817e+01
5.889144468052128900e+01
5.893730660651631581e+01
5.910749052289929040e+01
5.864780749770712731e+01
5.858278525718855434e+01
5.873289399332724514e+01
5.867352702661110442e+01
5.862722165127947704e+01
5.880250210278562406e+01
5.870988731109210335e+01
5.874628334239073268e+01
5.882643615448479579e+01
5.926544567147513476e+01
5.940907065271605347e+01
5.961844176953091079e+01
5.956125278002438250e+01
5.957508803246759044e+01
5.959721305211998299e+01
5.953744858880664736e+01
5.954993031081384913e+01
5.963092294213574007e+01
5.971891395556907867e+01
5.972910934844525599e+01
5.968067220106197368e+01
5.980472946388697153e+01
5.977145605467097056e+01
5.981251284718643291e+01
5.978493294748616194e+01
5.980733388175556797e+01
5.976864051693695501e+01
5.985881251990122109e+01
5.987623467291426493e+01
5.984471423907116616e+01
5.991840153908489697e+01
5.993080249302226292e+01
5.990646455298846718e+01
5.996366636498124336e+01
5.997101207958339586e+01
5.995386834196087023e+01
5.999456891291150384e+01
5.998689814663848097e+01
5.999683392776125146e+01
6.001106691255944980e+01
6.000823449800364529e+01
6.000552237622319751e+01
5.969679176133102771e+01
5.967826195062119865e+01
5.972412092916105308e+01
5.959441294709798598e+01
5.962661196249973017e+01
5.957359234161481965e+01
5.947781526789855633e+01
5.951481824861457426e+01
5.945464050787931143e+01
5.934701206131737905e+01
5.932141007858845683e+01
5.938874597989590143e+01
5.920201085904833604e+01
5.924839598004375318e+01
5.917389923110026473e+01
5.904281263117208312e+01
5.901209955802680440e+01
5.909376318222889068e+01
6.001311416585178904e+01
6.000970551541873732e+01
6.000517642336932767e+01
6.000066080435603055e+01
5.998761871474526686e+01
5.999940833125538830e+01
5.997365354404334425e+01
5.995551696223760274e+01
5.997458807718007989e+01
5.993203593471975665e+01
5.990882353029503804e+01
5.993519869208386552e+01
5.987574860015063649e+01
5.984748774296215146e+01
5.988119099158242875e+01
5.831554938149351131e+01
5.832727307488256230e+01
5.822774507234938568e+01
5.811953402662089729e+01
5.812871746877967638e+01
5.861770362246625155e+01
5.867705747296330543e+01
5.856989659572275286e+01
5.841960126475272119e+01
5.871032798784963092e+01
5.886941921364813624e+01
5.892483700611937536e+01
5.883595901976914178e+01
5.898460555743354661e+01
5.891659864992234930e+01
5.900529898840617449e+01
5.915374566300733505e+01
5.908903329056698794e+01
5.917217233443706448e+01
5.869196032633815463e+01
5.876899418286780019e+01
5.889471939962390934e+01
5.931089461090587633e+01
5.932635406835058234e+01
5.924996167136197300e+01
5.945250383031087438e+01
5.939642324992116329e+01
5.946512632034867352e+01
5.960833860473889700e+01
5.957867813609500729e+01
5.952752170194312953e+01
5.958858254585384628e+01
5.966935152460415281e+01
5.976255783736578309e+01
5.984093983028312635e+01
5.982253816018700121e+01
5.974155597545505003e+01
5.988924985442569948e+01
5.994165986975328053e+01
5.997973242521573667e+01
6.000342740360069627e+01
6.001270060894217551e+01
5.964632964256922065e+01
5.953688040038383633e+01
5.941322415095300613e+01
5.927537118686626627e+01
5.912332592291505051e+01
5.895708465296326750e+01
6.000750402341660106e+01
5.998778606289832283e+01
5.995349182877802008e+01
5.990456335276358857e+01
5.821923889892551784e+01
5.845384974718520965e+01
5.848695636223468597e+01
5.853649430956146205e+01
5.838522814153080276e+01
5.868066078295231591e+01
5.874105581167787449e+01
5.864988881026173573e+01
5.877613491056233386e+01
5.907021261257872879e+01
5.923330067229794338e+01
5.886330795223676660e+01
5.875729490825813883e+01
5.879791278695644507e+01
5.879225849801249382e+01
5.871977371886349317e+01
5.893494939647685271e+01
5.883550771418865111e+01
5.886860599895172186e+01
5.896103715992103389e+01
5.938261176143816300e+01
5.951644558997200107e+01
5.970290777313167041e+01
5.965066712011603300e+01
5.966058211989550841e+01
5.968968520535810285e+01
5.964336556493447006e+01
5.963490453376517308e+01
5.971149376151126376e+01
5.979340484615912743e+01
5.975624291703353208e+01
5.979970424312895005e+01
5.986913035865689636e+01
5.987304623729180975e+01
5.983700948025641253e+01
5.982143302415534691e+01
5.984023178343524307e+01
5.980372610492892704e+01
5.973767286745808747e+01
5.976142124368214326e+01
5.971779338964674366e+01
5.989100790002537877e+01
5.990480548095062119e+01
5.987543968731331034e+01
5.994634753079060374e+01
5.993289476072489919e+01
5.995510056553607825e+01
5.998739700057794266e+01
5.997604710397567374e+01
5.999107056726224840e+01
6.001409679447683487e+01
6.000484795416056727e+01
6.001266462249402167e+01
6.002638315572027494e+01
6.001982778112828498e+01
6.001924431405210925e+01
5.963977209565021553e+01
5.966841063201316331e+01
5.961767577326383361e+01
5.952776971117361882e+01
5.956123141079508088e+01
5.950340202809663026e+01
5.940169879485168991e+01
5.943990947056294516e+01
5.937499524605632928e+01
5.926158613693888100e+01
5.930446487202173245e+01
5.923247251423997284e+01
5.910745072577530834e+01
5.907584426091516860e+01
5.915491121701714405e+01
5.893930857145397084e+01
5.890513543923540141e+01
5.899125673858530661e+01
6.002418844558688704e+01
6.001250131494036566e+01
6.001917926041692652e+01
6.000744150426189094e+01
5.999062302503270416e+01
6.000459225276779307e+01
5.997606800946535799e+01
5.997541944001766723e+01
5.995412754552007328e+01
5.992999082861183524e+01
5.993159396143604312e+01
5.990294663924149887e+01
5.831767056881768951e+01
5.831665018713265169e+01
5.821979526787375647e+01
5.812136995445202103e+01
5.812062670310805856e+01
5.849027322597033418e+01
5.855419122072510874e+01
5.847216728329080837e+01
5.838639661919591362e+01
5.858615347967030829e+01
5.875709121353203557e+01
5.881346177104128259e+01
5.871995366058945365e+01
5.912100603093237083e+01
5.905295332749636117e+01
5.913843667579758545e+01
5.928428893059438565e+01
5.929846994266524973e+01
5.921911309069553653e+01
5.882931707263637122e+01
5.890071555394351321e+01
5.902948238077632226e+01
5.943165677184024531e+01
5.937135406150792249e+01
5.944288216545910331e+01
5.956330204951587604e+01
5.950797706298554601e+01
5.957174419404776700e+01
5.969681940637501327e+01
5.967940357652027217e+01
5.968517424361599666e+01
5.962910860169196070e+01
5.974881376990246906e+01
5.983197461180237298e+01
5.990023418451786341e+01
5.978021231205443797e+01
5.985685515175732974e+01
5.968941205589495524e+01
5.991929337543896139e+01
5.996747463871443529e+01
6.000134180107677651e+01
6.002083327977567251e+01
6.002588340733137073e+01
5.958449608462555602e+01
5.946550029028987439e+01
5.933245449280954631e+01
5.918538175558654757e+01
5.902430117598387938e+01
5.884923772961938937e+01
6.001642279111074885e+01
5.999237867247499167e+01
5.995367528180971561e+01
5.822087932012185263e+01
5.840457481644696713e+01
5.853647798007281011e+01
5.860899598544697398e+01
5.851364400393137544e+01
5.864838907125258061e+01
5.920379885415370325e+01
5.935889323620499880e+01
5.899584286365649888e+01
5.889544654541467850e+01
5.892918557096968613e+01
5.906531261570071223e+01
5.896612959327113401e+01
5.900007794237574643e+01
5.894914515644227748e+01
5.887053604566526843e+01
5.909471928954199171e+01
5.949834495013871560e+01
5.962216349355895773e+01
5.978530248920854007e+01
5.973809486955979509e+01
5.974402703024622951e+01
5.978020248745101384e+01
5.973049962473824337e+01
5.973487648142730677e+01
5.978993208626877731e+01
5.986566306878589216e+01
5.982960441393208129e+01
5.986801477129161242e+01
5.993115409984881836e+01
5.990021034183997273e+01
5.993116045480411458e+01
5.978125132347638271e+01
5.980145555603311180e+01
5.975999146225803571e+01
5.986076954359175062e+01
5.984161640061659426e+01
5.987599240648579979e+01
5.968767115630687670e+01
5.971279610990694664e+01
5.966426955438383573e+01
5.992615997230217317e+01
5.990908919785304931e+01
5.993634879488562461e+01
5.997735120038452550e+01
5.998246159597402283e+01
5.996234923143035900e+01
6.001426669849871587e+01
6.001426282397275003e+01
6.000133082306706456e+01
6.003682527133068447e+01
6.003168003783448370e+01
6.002596364127668949e+01
6.004494151745657859e+01
6.003463675079181172e+01
6.003617310915324623e+01
5.958008888192451735e+01
5.961006628252206241e+01
5.955449999556228136e+01
5.945855791717884387e+01
5.949331224562568821e+01
5.943072591185000420e+01
5.932312471075902494e+01
5.936257373834041573e+01
5.929298379281026854e+01
5.917382722360353853e+01
5.921788328777956423e+01
5.914130371211143711e+01
5.901067707223946712e+01
5.905926678219434223e+01
5.897571744550155870e+01
5.883357870280871538e+01
5.879619921304157515e+01
5.888673992624878650e+01
6.003852629511260375e+01
6.002305284322999057e+01
6.003188081661095765e+01
6.001748719007587596e+01
5.999684497552182449e+01
6.001300493444971096e+01
5.998172898146969345e+01
5.995592699652057433e+01
5.997946062648699694e+01
5.832856397749188204e+01
5.822598832996580853e+01
5.832304187543640950e+01
5.814165899591434794e+01
5.813151555340546395e+01
5.841015974260324839e+01
5.843370749190435021e+01
5.865625397355938730e+01
5.870686136090797902e+01
5.859715100959089540e+01
5.925184251653352163e+01
5.926907769149821092e+01
5.918638200298677532e+01
5.941377515327678793e+01
5.942354361113389416e+01
5.934911066591248385e+01
5.897304725845169315e+01
5.903222393970651183e+01
5.915998266166216268e+01
5.955101573486140865e+01
5.949139687474940530e+01
5.955793451561508789e+01
5.967247930618609075e+01
5.961794514094762576e+01
5.967666808870701800e+01
5.978328314076735239e+01
5.977829247923303768e+01
5.972889793316867468e+01
5.977986622729338961e+01
5.982611996428962442e+01
5.989908242509087444e+01
5.995708390932588827e+01
5.973511078799345597e+01
5.982163322481915202e+01
5.989406638559581353e+01
5.963456178726177370e+01
5.995234175399409793e+01
5.999638545081555918e+01
6.002611868240053639e+01
6.004145819632002912e+01
6.004231674301997401e+01
5.952004270042358769e+01
5.939160329556906959e+01
5.924928568490217629e+01
5.909312933931429512e+01
5.892317175759672665e+01
5.874603847101190723e+01
6.002860354181429159e+01
6.000022474702708308e+01
5.823604688062958701e+01
5.833850754324264187e+01
5.833343867348314404e+01
5.843870091840100400e+01
5.849569558987606399e+01
5.851592203309850504e+01
5.857688441650337552e+01
5.933376129286057932e+01
5.948326568163464856e+01
5.908982849213915500e+01
5.904102318781583136e+01
5.901847979717847181e+01
5.921038086847193682e+01
5.910486479491359546e+01
5.913718700806397521e+01
5.911565697094404470e+01
5.903246578793586963e+01
5.923201887650568409e+01
5.961256518276824323e+01
5.972614821472568281e+01
5.986556186558890147e+01
5.982347337652364416e+01
5.982536857753542137e+01
5.986868357872332069e+01
5.982415424203762200e+01
5.982439180204608675e+01
5.986618233781889131e+01
5.993562193997801302e+01
5.990069995285799820e+01
5.993398301783422966e+01
5.999073192765505524e+01
5.998679564522670660e+01
5.996099976127438680e+01
5.973819221970633464e+01
5.971344366234500711e+01
5.975983955542612591e+01
5.982761151713103231e+01
5.980492847577581728e+01
5.984429721703690319e+01
5.990302891541374919e+01
5.991469103023087683e+01
5.988238576839405169e+01
5.963485224701494047e+01
5.966139153503902293e+01
5.960800176818683127e+01
5.996435691028326431e+01
5.997094158238536465e+01
5.994573893836265199e+01
6.001150224860118954e+01
6.001296402586125112e+01
5.999490570697263081e+01
6.004436647583796116e+01
6.004066857836532733e+01
6.002979861412400453e+01
6.006284649273873555e+01
6.005396103093737281e+01
6.005032552271264734e+01
6.006683512399038705e+01
6.005639013189470887e+01
6.005274326453833567e+01
5.951766596641930818e+01
5.954902021445615645e+01
5.948866656890378124e+01
5.938670025495081717e+01
5.942278569596322768e+01
5.935549456870989360e+01
5.924201415494697898e+01
5.928274065281446070e+01
5.920853382883656479e+01
5.908364541532306191e+01
5.912892637640399585e+01
5.904781120667566796e+01
5.891318600427043606e+01
5.887408708662594847e+01
5.896213292274469353e+01
5.873506543875303976e+01
5.869635592207537655e+01
5.878453124933798080e+01
6.005622169448426462e+01
6.004789249764703385e+01
6.003691377161801768e+01
6.003089260855691833e+01
6.002472955615344574e+01
6.000636817823225755e+01
5.817985803339470863e+01
5.816063358070862677e+01
5.824083846721376290e+01
5.841770191438367732e+01
5.855784841243062289e+01
5.860721866561910787e+01
5.852718858330744922e+01
5.939906543106622649e+01
5.932562345883808774e+01
5.940723271026145369e+01
5.954195939305577667e+01
5.954728352168137206e+01
5.947791487243862463e+01
5.910098808228610778e+01
5.914925612772118768e+01
5.930591362834203295e+01
5.966889602549581184e+01
5.967143166916692110e+01
5.960999504363518753e+01
5.977994047005500278e+01
5.977981154086482718e+01
5.972624491717265016e+01
5.986765696768504341e+01
5.987524591410020491e+01
5.987256835335389837e+01
5.982680138509002887e+01
5.990120471170041583e+01
5.996381358960872632e+01
6.001141943756310582e+01
5.968715829996627065e+01
5.978350909133950353e+01
5.986590412706869557e+01
5.993425916916792318e+01
5.957692940281830118e+01
5.998848394493306557e+01
6.002848268550133781e+01
6.005415467664325746e+01
6.006539481971709193e+01
6.006209420276135091e+01
5.945289284742176505e+01
5.931511133818089831e+01
5.916363585416381454e+01
5.899926528925467295e+01
5.882500406884708610e+01
5.864724217230381953e+01
6.004414067761714335e+01
5.825977216279915183e+01
5.838264060537648703e+01
5.843956151801422294e+01
5.836069973094920726e+01
5.847083702458178323e+01
5.947137853269370567e+01
5.960624903810028030e+01
5.923255502706167164e+01
5.917427926583036424e+01
5.916029143963972814e+01
5.922064976850493423e+01
5.928993080053366072e+01
5.920267267082979856e+01
5.939260014208477401e+01
5.930204284349296273e+01
5.939654447984920438e+01
5.972518172803473391e+01
5.982830324735511596e+01
5.994360178018197161e+01
5.990671984165916086e+01
5.990453261367279936e+01
5.995502685544474275e+01
5.991576811735231445e+01
5.991181999434009953e+01
5.994016903692317300e+01
6.000319488541074975e+01
5.996945295969423029e+01
5.999753129906335403e+01
6.004777534933723615e+01
6.001929916536345644e+01
6.003987233182085959e+01
5.969216364141665565e+01
5.971530014100346051e+01
5.966399900033891157e+01
5.979144165843936776e+01
5.980963635710966741e+01
5.976529233852548373e+01
5.987686204615744856e+01
5.989004373678674398e+01
5.985270093510428779e+01
5.994832166322706968e+01
5.995642700806125447e+01
5.992613268943000548e+01
5.957912406456613752e+01
5.954890604522303477e+01
5.960712368437531694e+01
6.000571088492761618e+01
6.000868478292527186e+01
5.998548909858974554e+01
6.004891423997543143e+01
6.004671014860486622e+01
6.003066584114345972e+01
6.007781105789293008e+01
6.007039126973655385e+01
6.006155337403190231e+01
6.009227613646869059e+01
6.007961200566736437e+01
6.007803754270972263e+01
6.009218042553990102e+01
6.008000020632036353e+01
6.007425253957608646e+01
5.945241095741145188e+01
5.948518813500984237e+01
5.942009080963865841e+01
5.931210317031735713e+01
5.934956628127034861e+01
5.927762206757929420e+01
5.915826723111673147e+01
5.920032098158969092e+01
5.912155147758863905e+01
5.899091947403846348e+01
5.903748466812276519e+01
5.895266606530879017e+01
5.881109960692941740e+01
5.886238633452528290e+01
5.877366721531580396e+01
5.862495478007574690e+01
5.868030586693984674e+01
5.859183933921389809e+01
6.007739171883211071e+01
6.005419001364568743e+01
6.006731987197009204e+01
5.823501951922309416e+01
5.820715841413935721e+01
5.828180573600403847e+01
5.843829576097057554e+01
5.849845733438618822e+01
5.841075231124474243e+01
5.953625483531580187e+01
5.953993444690088666e+01
5.946768241281856859e+01
5.966889002038180934e+01
5.966964127061057610e+01
5.960544213170875594e+01
5.930109872547845384e+01
5.926536570430774731e+01
5.920903748281230605e+01
5.931292672506441477e+01
5.929544878032640298e+01
5.946538899445747717e+01
5.978518693371236736e+01
5.972705823580078999e+01
5.978327002099508292e+01
5.988556828643254448e+01
5.983277050862428581e+01
5.988106703708213985e+01
5.994984789219798671e+01
5.997014525333681689e+01
5.992271002303397864e+01
5.996317029491911654e+01
5.997398264219635422e+01
6.002608061435316955e+01
6.006315158103648599e+01
5.963626288483349924e+01
5.974239074519400816e+01
5.983471447086864003e+01
5.991313459947010500e+01
5.997754487124358747e+01
5.951642280612584557e+01
6.002783283996341623e+01
6.006388051529417993e+01
6.008556501789358606e+01
6.009275925209510660e+01
6.008533259320614661e+01
5.938295374517038994e+01
5.923592839787429654e+01
5.907539013289163421e+01
5.890185712672661111e+01
5.871885880572889249e+01
5.853235638851552380e+01
5.830909928535000120e+01
5.833710911911715158e+01
5.960342240060259655e+01
5.972778982820794624e+01
5.939064573306016115e+01
5.931149779269428990e+01
5.934526100556634276e+01
5.939215854368671188e+01
5.944526158600988452e+01
5.936761149850515551e+01
5.937307967578964707e+01
5.946757492075553131e+01
5.937862587645213353e+01
5.953445544459142980e+01
5.953618919888462102e+01
5.946328874726307134e+01
5.983608357816586221e+01
5.992851062680615115e+01
6.001931802590836185e+01
5.998773126146035395e+01
5.998142491630915174e+01
6.003911055171103328e+01
6.000522084281428192e+01
5.999704930865516417e+01
6.001179671174270425e+01
6.006827539321398035e+01
6.003576695070641733e+01
6.005856210456010302e+01
6.010217615430831728e+01
6.007501026065960303e+01
6.009029142226774667e+01
5.964305735143890530e+01
5.961155747124724513e+01
5.966773716010646922e+01
5.975215128837632506e+01
5.977190940963797061e+01
5.972260773805599143e+01
5.984755014592946765e+01
5.986230615941767752e+01
5.981993412170216828e+01
5.992913569429593679e+01
5.993881677517781981e+01
5.990342954809528209e+01
5.999678235746356592e+01
6.000132371540327370e+01
5.997297973099577462e+01
5.952037839368161798e+01
5.948688242193476583e+01
5.954989247912131134e+01
6.005035795830808354e+01
6.004970321308554304e+01
6.002846381875426118e+01
6.008972445030835274e+01
6.008382596699333078e+01
6.006975508247223416e+01
6.011473867402607141e+01
6.009672161442673399e+01
6.010355785359702452e+01
6.012525314821723299e+01
6.010876066214843405e+01
6.010922705333858573e+01
6.012111687581811026e+01
6.009929284295770913e+01
6.010713133056364654e+01
5.938421552276609106e+01
5.934867314035480490e+01
5.941847008828254673e+01
5.923465443722882640e+01
5.927355242086839837e+01
5.919700487361822638e+01
5.907180533521315624e+01
5.911522306488368628e+01
5.903193542393844240e+01
5.889558470579935090e+01
5.894345733822921574e+01
5.885393455134751406e+01
5.870613819134368327e+01
5.875888144432130389e+01
5.866609404160259089e+01
5.850827924932815449e+01
5.856699948367582209e+01
5.847371063349414300e+01
5.830513720362810659e+01
5.827004416537731402e+01
5.837211837338826825e+01
5.967253899508033754e+01
5.967141505976146476e+01
5.960437138791787248e+01
5.979451390285780832e+01
5.973171461178300490e+01
5.979055802171858147e+01
5.941695886159764228e+01
5.946400422573987754e+01
5.945602033047823909e+01
5.960426523305968516e+01
5.989974033003223042e+01
5.984245948937845583e+01
5.989332356985779882e+01
5.998922900677011683e+01
5.993739524563944343e+01
5.998030755087593491e+01
6.002974275337272303e+01
6.006285106395658602e+01
6.001649501853996327e+01
6.005154136399785614e+01
6.004434837982740447e+01
6.008577619845635098e+01
6.011217158970444530e+01
5.958231656770835372e+01
5.969816986581892593e+01
5.980038859845156907e+01
5.988885867902043003e+01
5.996345834402048780e+01
6.002405883488320626e+01
5.945293476438318692e+01
6.007052513768494606e+01
6.010271672792840292e+01
6.012048833552589855e+01
6.012369074161423299e+01
5.931011958002787310e+01
5.915396450064285716e+01
5.898446633340255119e+01
5.880170410472028664e+01
5.860808380291647524e+01
5.840744176604883364e+01
5.973429000265819866e+01
5.984783032195985442e+01
5.948933910827671667e+01
5.960339134794503479e+01
5.952367857012828978e+01
5.953489093287460321e+01
5.964624509373419414e+01
5.955643221089094652e+01
5.970197815912383277e+01
5.968746172513143478e+01
5.961843884674578931e+01
5.994513019103944629e+01
6.002663323818984509e+01
6.009258625729882652e+01
6.006638448381952600e+01
6.005593114419757939e+01
6.012079239431253797e+01
6.009237165145596293e+01
6.007994764307947122e+01
6.008094984859555865e+01
6.013073702555709588e+01
6.009952551992746095e+01
6.011695811867416239e+01
6.015380652943277795e+01
6.012801509835038871e+01
6.013793431632140596e+01
5.959074980564528801e+01
5.961703477619015956e+01
5.955600324412771585e+01
5.970961605193574684e+01
5.967675852357502464e+01
5.973099985990998562e+01
5.981496785102888225e+01
5.978396844141891364e+01
5.983136102019744129e+01
5.990667262862456255e+01
5.987751183855789350e+01
5.991799283411283028e+01
5.998458934288286315e+01
5.995725916984005721e+01
5.999076206379152154e+01
6.004856948677969797e+01
6.002307344838632730e+01
6.004952843189567346e+01
5.945850696610276742e+01
5.942182245197614776e+01
5.948958979042278372e+01
6.009845791274176463e+01
6.009414540419381012e+01
6.007481105033836855e+01
6.013409364713909611e+01
6.012446098099331238e+01
6.011232248914488707e+01
6.015531078067417070e+01
6.014031853303036712e+01
6.013545322258514858e+01
6.016193940373190685e+01
6.014155766762220168e+01
6.014404451615904179e+01
5.931305234370930179e+01
5.927434525265431375e+01
5.934879941231564260e+01
5.915491981070205441e+01
5.911390439329819912e+01
5.919496282959138966e+01
5.898236357925554074e+01
5.902728021108229939e+01
5.893951925949650672e+01
5.879749770919342211e+01
5.884673608709831427e+01
5.875237222207456256e+01
5.860013197653502459e+01
5.865338168183486545e+01
5.855475506507776373e+01
5.839038853103314608e+01
5.844966873526889373e+01
5.834808935143954045e+01
5.980910904538981043e+01
5.974085307345669804e+01
5.980244630493020708e+01
5.991799637554272806e+01
5.985621054453962131e+01
5.990953048161647132e+01
5.956793978119312527e+01
5.962339728367829395e+01
5.965234265972791405e+01
5.975592022262716796e+01
6.001241692798524241e+01
5.995605727058347156e+01
6.000145069365424888e+01
6.009076525201223973e+01
6.003997444925643379e+01
6.007738477854680781e+01
6.010720807212713623e+01
6.015320263976428095e+01
6.013753010212380445e+01
6.010800647655540274e+01
6.011217653230316671e+01
6.014277330054545700e+01
6.015835131300898553e+01
5.952520338032429237e+01
5.965072269860706911e+01
5.976280180263100306e+01
5.986130568571973498e+01
5.994609765571508575e+01
6.001703307571207091e+01
6.007396022578700467e+01
5.938639678850200454e+01
6.011672114826239266e+01
6.014515247990023283e+01
6.015908634789580134e+01
5.923465661901577306e+01
5.906939921887867939e+01
5.889066563253475550e+01
5.869959491990875478e+01
5.849605428296166565e+01
5.986423700777189083e+01
5.996584555676388817e+01
5.975188864766099073e+01
5.969783482225636106e+01
5.967703638064897120e+01
5.982172969805929341e+01
5.973322178327530452e+01
5.972607184188704110e+01
5.985045691338624607e+01
5.982983035031924857e+01
5.977644401174097766e+01
6.005217014868379266e+01
6.012251269586892732e+01
6.016326195446885805e+01
6.012791679041875881e+01
6.014253603381845892e+01
6.019990963046635812e+01
6.016036240733217966e+01
6.017705882397044803e+01
6.014749290150636796e+01
6.019043355445167975e+01
6.017258234602726219e+01
6.016059240635816963e+01
6.020251929355708853e+01
6.018266312562674614e+01
6.017817624711561564e+01
5.953510369179191031e+01
5.956306241842595028e+01
5.949721349047431573e+01
5.966369698271584099e+01
5.968677600235287883e+01
5.962761353727731972e+01
5.977897453922838622e+01
5.974467156468791984e+01
5.979707534342572472e+01
5.988079028776328272e+01
5.989382093260209672e+01
5.984824593025919626e+01
5.996898818540478260e+01
5.997686436802999310e+01
5.993819252612141923e+01
6.004340381161242135e+01
6.004604926220775241e+01
6.001435867993404116e+01
6.010386526783726424e+01
6.010121216008634093e+01
6.007658422256045583e+01
5.939332728043824972e+01
5.942607245119063464e+01
5.935362757849794235e+01
6.015019402350812072e+01
6.014218337751825771e+01
6.012470235712848421e+01
6.018220580187014690e+01
6.016878790582628511e+01
6.015854047887601297e+01
6.019971170928208437e+01
6.018084641407991597e+01
6.017792114792397484e+01
5.923839958091450342e+01
5.927593488357693019e+01
5.919714221158541534e+01
5.907517669812007455e+01
5.911517959548082501e+01
5.902931881234520972e+01
5.889173288220616342e+01
5.884519163893792637e+01
5.893724633562187165e+01
5.869551369066765290e+01
5.864843099934979165e+01
5.874674707940204144e+01
5.848897798137732451e+01
5.854484444824048950e+01
5.844042910684058967e+01
5.994214820212179973e+01
5.987556611439115528e+01
5.993066396677038199e+01
6.003991829276628778e+01
6.002680908179124231e+01
5.997890679689955817e+01
5.978476825909031334e+01
5.980081800316124685e+01
5.989671580280653274e+01
6.012304045515913486e+01
6.010748513461982157e+01
6.006768669092583224e+01
6.018999532684262022e+01
6.017212901978371775e+01
6.014033962397926558e+01
6.018209006282124562e+01
6.024101933905911466e+01
6.019707364394946580e+01
6.022096455355168132e+01
6.017732174399364453e+01
6.019692531698573390e+01
6.020154347805566886e+01
5.959991088771221968e+01
5.946476464318609345e+01
5.972181443661590805e+01
5.983033439256288233e+01
5.992532005458792810e+01
6.000661138370313097e+01
6.007404034498764389e+01
6.012743181892062694e+01
5.931650676987877802e+01
6.016660454029258176e+01
6.019137197927690153e+01
5.915742173831330319e+01
5.898423170446135799e+01
5.879448163157262996e+01
5.859314985188802893e+01
5.999169710211617002e+01
6.008205633976297122e+01
5.991234643396449400e+01
5.983090226397772682e+01
5.986498447629540465e+01
5.999115562704051996e+01
5.990533977062938931e+01
5.987983293889085701e+01
5.997875204356784451e+01
5.996106210281373450e+01
5.991494899930314944e+01
6.015702583257503022e+01
6.021596835104124068e+01
6.023118058683389364e+01
6.021602222615868527e+01
6.019722725654319362e+01
6.027627915230834077e+01
6.025910061353783220e+01
6.023812063382633397e+01
6.021127044608901002e+01
6.024719923590268422e+01
6.021881169426146130e+01
6.022527835738247859e+01
6.024814824032651472e+01
6.022432100984126890e+01
6.022533708450812640e+01
5.961424256983201531e+01
5.963909214077931864e+01
5.957502708223083232e+01
5.947597529803420713e+01
5.950567667747836964e+01
5.943502092670769343e+01
5.973941517210198526e+01
5.975930141490975700e+01
5.970189671060541059e+01
5.985133169834883660e+01
5.986615149034484062e+01
5.981548315394510951e+01
5.994981976602573326e+01
5.995947926893926905e+01
5.991562928765270613e+01
6.003469988932053525e+01
6.003911269667723616e+01
6.000216727599169531e+01
6.010578362655049034e+01
6.010487175281971162e+01
6.007492078608816399e+01
6.016287542453279258e+01
6.013370604444153855e+01
6.015656939565096195e+01
5.932469964552176833e+01
5.935919522360265432e+01
5.928195170057297503e+01
6.020577277308958486e+01
6.017833267015228671e+01
6.019401235867969291e+01
6.023426772414559593e+01
6.020860450499358052e+01
6.021700231473800358e+01
5.916648696019476006e+01
5.912125183522870486e+01
5.920258385862076977e+01
5.899213198707235506e+01
5.894247642774222129e+01
5.903380845852539238e+01
5.880787153072918017e+01
5.875239433616295059e+01
5.884989038452814469e+01
5.859974760737055277e+01
5.864785544514032978e+01
5.854519063785536304e+01
6.007080317194485275e+01
6.005614771180152189e+01
6.000631154946982804e+01
6.015962262774664993e+01
6.014200292889413646e+01
6.009973790964350115e+01
5.994865100111995559e+01
5.994513732434021591e+01
6.002597937304013698e+01
6.023138014279726349e+01
6.017715688195334423e+01
6.021123703624289192e+01
6.028671578569839085e+01
6.026435307052840784e+01
6.023829922227852052e+01
6.025421486500099633e+01
6.032609585292286170e+01
6.028350484120711883e+01
6.030165228120158361e+01
6.023961889433709160e+01
6.024806639549948528e+01
6.024158208484310961e+01
5.967727321836620291e+01
5.954558161125389404e+01
5.940087571102489505e+01
5.979578887681300614e+01
5.990096764889973713e+01
5.999263374658370651e+01
6.007060372595591247e+01
6.013468528237353183e+01
6.018467975684584559e+01
5.924609043510157846e+01
6.022038202681772390e+01
5.907993672545769925e+01
5.890069970891093476e+01
5.870478378815010245e+01
6.011599758575087549e+01
6.019607736385325580e+01
6.007518185970310043e+01
6.003245125092544043e+01
5.999344714260996625e+01
6.015000194330279015e+01
6.006936132269854767e+01
6.002593116172244692e+01
6.007419267272639019e+01
6.025949069444160244e+01
6.030680086298148979e+01
6.029615803964693299e+01
6.026368812920284057e+01
6.028665930464734402e+01
6.034969879637308310e+01
6.031302957692301447e+01
6.033829254071714132e+01
6.027210744853199031e+01
6.030084912492372240e+01
6.027487064222129476e+01
6.027400812658530782e+01
6.029050862931690347e+01
6.026273263546458736e+01
6.026932220224814074e+01
5.969612311112830128e+01
5.971787819272081066e+01
5.965548290286097455e+01
5.956105996637588618e+01
5.951882524883124859e+01
5.958778105125005453e+01
5.941310923347843698e+01
5.936921234098794997e+01
5.944466998500363530e+01
5.981812825421998525e+01
5.983482088811100397e+01
5.977906031015594834e+01
5.992691035085699980e+01
5.993844054648926090e+01
5.988940418148138889e+01
6.002228124808060272e+01
6.002855019820296434e+01
5.998633143236852305e+01
6.010403431916540029e+01
6.006965105160491447e+01
6.010495342704189881e+01
6.017195683045230936e+01
6.013916173439766766e+01
6.016744640736882843e+01
6.022582895806795023e+01
6.021581786904675226e+01
6.019465632630821261e+01
5.925293997712223160e+01
5.928904499236649173e+01
5.920998360678441230e+01
6.026542347377357345e+01
6.024985040984364559e+01
6.023591996904834645e+01
5.908602545092379899e+01
5.912644313795350826e+01
5.903939934073724771e+01
5.891180667547779137e+01
5.895215584658578933e+01
5.886052370564767244e+01
5.872133305887741272e+01
5.876473950019185111e+01
5.866153133237795458e+01
6.019281905673881994e+01
6.017742760629731436e+01
6.013191810313097108e+01
6.027602525097498898e+01
6.021768570782572993e+01
6.025440143206486709e+01
6.011088087825611836e+01
6.013577968766535520e+01
6.033721896994704537e+01
6.031250864857323535e+01
6.028426631926652135e+01
6.038086058169314896e+01
6.035390416750234266e+01
6.033370136711614862e+01
6.032338887220650037e+01
6.040821785484583728e+01
6.037938070404409530e+01
6.036709142572914288e+01
6.029888352563389020e+01
6.029601180722645637e+01
6.027828292434081447e+01
5.975749751096672213e+01
5.962898786928757744e+01
5.948750272180439680e+01
5.933353710015971672e+01
5.987286990198476389e+01
5.997492558483585867e+01
6.006347304717425573e+01
6.013830187677626071e+01
6.019919641738247407e+01
6.024593329087959148e+01
5.916987589937568259e+01
5.899972362427305228e+01
5.881760400560803248e+01
6.023552021075469298e+01
6.030721308386802804e+01
6.019960919475165184e+01
6.013709346411999945e+01
6.017387732998069794e+01
6.029687985983029108e+01
6.022175274990726734e+01
6.019785906782116314e+01
6.035942341230740027e+01
6.039485568944508032e+01
6.035799054821638521e+01
6.035424364809725262e+01
6.032710531188021008e+01
6.041995483076998141e+01
6.038487699013836618e+01
6.041442487702468611e+01
6.032980957875547290e+01
6.035117975999656181e+01
6.032116504733937745e+01
6.032598755878645846e+01
6.032939779023781313e+01
6.030993797056809314e+01
6.029770475413535991e+01
5.978099375457945541e+01
5.973877251557003376e+01
5.979965098160852932e+01
5.964904830302663896e+01
5.967266270940389461e+01
5.960520942537171152e+01
5.950417682446243361e+01
5.945882173848402630e+01
5.953272876170279915e+01
5.934577404966239556e+01
5.930000182762101701e+01
5.937961039850774370e+01
5.990007581035198569e+01
5.985934067894923061e+01
5.991356821960558676e+01
6.000595844657840416e+01
5.996666868445327481e+01
6.001417878417770169e+01
6.009842608166990630e+01
6.006059013884235753e+01
6.010127142939934686e+01
6.017724195279819099e+01
6.017462565567910104e+01
6.014088174262924014e+01
6.024217481583973210e+01
6.023401345629536507e+01
6.020732128071389155e+01
6.029297770088413699e+01
6.027919817860274065e+01
6.025967567089857369e+01
5.916175352719299241e+01
5.920791094083254791e+01
5.912406471413557796e+01
5.900133082297634246e+01
5.895713600743732030e+01
5.904395085243967856e+01
5.885215579435784861e+01
5.888201100748866423e+01
5.878794830174613395e+01
6.032086441014630651e+01
6.025608443875029252e+01
6.029906162550756221e+01
6.039052840297841840e+01
6.036458310292672280e+01
6.033328704971157919e+01
6.024541643377781952e+01
6.026201943953363127e+01
6.044136423420928850e+01
6.038915566480250874e+01
6.041153489692690925e+01
6.047178541821049436e+01
6.042624425886874917e+01
6.044037390416772837e+01
6.038939692346988153e+01
6.048707021132363337e+01
6.045392738261317334e+01
6.044758969787529423e+01
6.035491193234469876e+01
6.034055872484842808e+01
6.031144455540879790e+01
5.984083304931673553e+01
5.971524904094518860e+01
5.957684353360483698e+01
5.942569294376288269e+01
5.925511771353743740e+01
5.995329699043651317e+01
6.005244930886976817e+01
6.013808721337575491e+01
6.020995683835845114e+01
6.026782563045612306e+01
5.908286124526289029e+01
5.892773720169186191e+01
6.035693549994470430e+01
6.041640557730938355e+01
6.030750048520336293e+01
6.042686978395651209e+01
6.036009946667374493e+01
6.045688165336416375e+01
6.047967129331119196e+01
6.041646242908890940e+01
6.038726603378960789e+01
6.041856047260384344e+01
6.048682947697802348e+01
6.045341898216693721e+01
6.048718476468287975e+01
6.038416404550476102e+01
6.039797374407708475e+01
6.037453763220229064e+01
6.036394960933414922e+01
6.036459830177741992e+01
6.034697296146979539e+01
6.032902731815627817e+01
5.986914431394383485e+01
5.988467570616956692e+01
5.982520908199726506e+01
5.973996104952293962e+01
5.976047454689414451e+01
5.969475176885256218e+01
5.957613268522045047e+01
5.961332367219158357e+01
5.954023195708444405e+01
5.943541237755402307e+01
5.939127335161725796e+01
5.947008712995139490e+01
5.930338929427963990e+01
5.932451091445803115e+01
5.923397903047298030e+01
5.998541171904650326e+01
5.999574263336721458e+01
5.994289450030525757e+01
6.008867360054424012e+01
6.009360187258278785e+01
6.004749658937355150e+01
6.017852541775567943e+01
6.013866971700586106e+01
6.017790213339181093e+01
6.025459790590074505e+01
6.024839142801345560e+01
6.021612260549984086e+01
6.031671246874713432e+01
6.030483616696610483e+01
6.027966324226957795e+01
5.899101072128147649e+01
5.907786372697498933e+01
5.899607271462853930e+01
5.892290526672392303e+01
6.043619977986806902e+01
6.041448760638093063e+01
6.037893964606905683e+01
6.051331822059960786e+01
6.045144614303840314e+01
6.047762707741729571e+01
6.037128505981111459e+01
6.054093624563193288e+01
6.049106037018773918e+01
6.050673120800605886e+01
6.056349324323186067e+01
6.052575805955469690e+01
6.051770206792049578e+01
6.045200586961743028e+01
6.056728280301675937e+01
6.052714755447379247e+01
6.052706464670048803e+01
6.040747847331245879e+01
6.038148260873138184e+01
6.034084743580731924e+01
5.992747691586224335e+01
5.980462030388573424e+01
5.965928886804737630e+01
5.950717094294499532e+01
5.937055535959252950e+01
5.913637335006946927e+01
5.922147139121909021e+01
5.914905899656240251e+01
6.003723494483475065e+01
6.013380692687501750e+01
6.021674166971207143e+01
6.028584051284500589e+01
5.906522991815673151e+01
6.043061865577275427e+01
6.047643881470536087e+01
6.052806161104136606e+01
6.053443074032787052e+01
6.048086982397815348e+01
6.055285559076201451e+01
6.056542501671953715e+01
6.047141924356019160e+01
6.044394873991417683e+01
6.047933109027872689e+01
6.055151739400685784e+01
6.051890941094868026e+01
6.055916858404827252e+01
6.043492298435698018e+01
6.044104244753374644e+01
6.041944100626861314e+01
6.040298852836603771e+01
6.039587346312874416e+01
6.038020060900694830e+01
6.035647169320482419e+01
5.996093221890919267e+01
5.997314540427874618e+01
5.991535650724665629e+01
5.982116897356504381e+01
5.984578946207933825e+01
5.978067131023244229e+01
5.968816905666916739e+01
5.963309347612684519e+01
5.971423254580773232e+01
5.943701765889615984e+01
5.950826924265907536e+01
5.943613146568800687e+01
5.937178226313113072e+01
5.928626483838677785e+01
5.929486434694995012e+01
5.921311994177980864e+01
6.007434705568162059e+01
6.008156860949849687e+01
6.002990760105395651e+01
6.017558321967605650e+01
6.017705838820195652e+01
6.013228200136077817e+01
6.026290136464521652e+01
6.022083377468106846e+01
6.025873539345445806e+01
6.033640989525943610e+01
6.032654019968042292e+01
6.029565324111631242e+01
6.048465558427559330e+01
6.052497400104550707e+01
6.060503174028551854e+01
6.057355694583701222e+01
6.056009818051018101e+01
6.063769219321051906e+01
6.060185499585656999e+01
6.058920410222484065e+01
6.066775127282698321e+01
6.061591936043765827e+01
6.061780451176704076e+01
6.051136450985832482e+01
6.063541863350478422e+01
6.059294290194603860e+01
6.060140691981428063e+01
6.045637164900590932e+01
6.041859663852679319e+01
6.036625525672236137e+01
6.001781526112326759e+01
5.989227443871828882e+01
5.975598377636758585e+01
5.957676309756234900e+01
5.963388220244985405e+01
5.957631877050706493e+01
5.950856565468183845e+01
5.936345424289329031e+01
6.012493840059295991e+01
6.021936631945021645e+01
6.029976654767692423e+01
6.062608076183055061e+01
6.058238736426407911e+01
6.056902365031647406e+01
6.061723442418774965e+01
6.062253549396753982e+01
6.065457130214708314e+01
6.065280395036454308e+01
6.051992327815220563e+01
6.053547984935545401e+01
6.049556691809184628e+01
6.060279614564645101e+01
6.057705914931420210e+01
6.061891979060919766e+01
6.048046446310198121e+01
6.047795450379243221e+01
6.043701328537292738e+01
6.045940096937599151e+01
6.042321322642422388e+01
6.037984010535533486e+01
6.040946062505195613e+01
6.004358595766139217e+01
6.000201273088625697e+01
6.005935233116431959e+01
5.993605170580580221e+01
5.987945529030729119e+01
5.994844440055767620e+01
5.971151430467918431e+01
5.976796134714631847e+01
5.969960277534325144e+01
5.964559461408053664e+01
5.943993324497259323e+01
5.951006971316731864e+01
5.943830560367029392e+01
5.936480753494910090e+01
6.016628614709974698e+01
6.017187995090174724e+01
6.012088437413947162e+01
6.026539575339457855e+01
6.022099347303133499e+01
6.026409328404322707e+01
6.035052316916850401e+01
6.030680526736431091e+01
6.034340272733172128e+01
6.069475811655989617e+01
6.066255528213844883e+01
6.064975403371784068e+01
6.066803955383060298e+01
6.074015986022762092e+01
6.068888393132079528e+01
6.070589871902818402e+01
6.070716177440925776e+01
6.067103180847669108e+01
6.068887884986332892e+01
6.056096461282294996e+01
6.068446895404512276e+01
6.064330064609529813e+01
6.066006049334787065e+01
6.049882480421026543e+01
6.045061187975394290e+01
6.038681337420724304e+01
6.010644122428725922e+01
5.998999585550399871e+01
5.984380743001008796e+01
5.983200134886809707e+01
5.989134210699385363e+01
5.977868696959679795e+01
5.959464096980628511e+01
5.965475446431713635e+01
5.958544081890180166e+01
5.951877530213869960e+01
6.021754041122118650e+01
6.030812547818675995e+01
6.071963203152711941e+01
6.076250921147807560e+01
6.075331102289656116e+01
6.071522527515776346e+01
6.073658171300201047e+01
6.069582163703532984e+01
6.056245113501782384e+01
6.054107452319325233e+01
6.058226662668055695e+01
6.064628568867629355e+01
6.066531682375632784e+01
6.062470241810863314e+01
6.051989771084721070e+01
6.051011250028210497e+01
6.046650468513082188e+01
6.049392061573144730e+01
6.044111253264660633e+01
6.039562154252524095e+01
6.043209846726235668e+01
6.010965948052176344e+01
6.013986641649186993e+01
6.007606179516733391e+01
5.999306906263426953e+01
5.996399550668290601e+01
6.001934472580826707e+01
5.991939339991136393e+01
5.974850677119178499e+01
5.979782189460592434e+01
5.972967126783943570e+01
5.967299808809440265e+01
6.027365260263105284e+01
6.022074403098982032e+01
6.026937436100985934e+01
6.035451538345315470e+01
6.030998393925423784e+01
6.035255791230587619e+01
6.076106767426381339e+01
6.076320699651141410e+01
6.073449789784292108e+01
6.072364992144775897e+01
6.060406307228971912e+01
6.073672386181220872e+01
6.071059651947464175e+01
6.069184233995158451e+01
6.053588340511219457e+01
6.047536175252532331e+01
6.039779299907482368e+01
6.022867590103569313e+01
6.017016818796926714e+01
6.019806843435480914e+01
6.005210471412231499e+01
5.990035591404380710e+01
5.994828701980046759e+01
5.987140146125177864e+01
5.982584299177491971e+01
6.031388591765762186e+01
6.025309304649758246e+01
6.074971948415760181e+01
6.059601969631370366e+01
6.057913939622999777e+01
6.062078035447516555e+01
6.068980962208838292e+01
6.071357887325839187e+01
6.066834679683582010e+01
6.055258208764873018e+01
6.052828246014591684e+01
6.048418411041139109e+01
6.051942417645705063e+01
6.044194468290526601e+01
6.044181278156460024e+01
6.039781653989243893e+01
6.018604757096069591e+01
6.020920005591161583e+01
6.014702536446651493e+01
6.004668381674815691e+01
6.007945137098799648e+01
6.001916450092844002e+01
5.997410814811443913e+01
6.035736671107634521e+01
6.031495033409539275e+01
6.035619434469469269e+01
6.029414079207678157e+01
6.064277935411499953e+01
6.056173972680021933e+01
6.048479060490461734e+01
6.039950418492736617e+01
6.011672785105586314e+01
6.031421926071498518e+01
6.027224156315959647e+01
6.025090474265682161e+01
6.033756855504118022e+01
6.062269910446126886e+01
6.065615467858917498e+01
6.060946093417362590e+01
6.057501600341817749e+01
6.053630805183397712e+01
6.053268153604157931e+01
6.048846225667449517e+01
6.043315272504659674e+01
6.043818213779270820e+01
6.039450721948184508e+01
6.037426220042291192e+01
6.057913561811835024e+01
6.048442498937216527e+01
