1.234587510561611229e-01
1.248903708306411675e-01
1.262137648384770439e-01
1.219249084326816251e-01
1.226930566854772808e-01
1.241758310232117662e-01
1.255533431541525358e-01
1.274237370473412789e-01
1.268199955913336396e-01
1.202956279314054966e-01
1.211114126093324334e-01
1.215262572115499012e-01
1.217263818938306152e-01
1.224925296228272786e-01
1.229309951382474703e-01
1.231955248030240091e-01
1.239107959343080795e-01
1.242682639762009988e-01
1.245798184020214389e-01
1.252412297353587556e-01
1.255911285684039591e-01
1.259028543970384939e-01
1.265077134164635519e-01
1.285159021864393236e-01
1.203451329708965095e-01
1.203215010970812987e-01
1.211349813511755497e-01
1.279709993586254091e-01
1.209365678241562242e-01
1.222297062086457470e-01
1.236007212363024604e-01
1.249308608814052451e-01
1.268473303218331238e-01
1.262203680200095490e-01
1.271358556965866693e-01
1.185784328461744891e-01
1.194380552230732001e-01
1.294866684019392866e-01
1.290023686576465267e-01
1.182807049528746129e-01
1.193133345299637188e-01
1.192881824221736220e-01
1.276819396887678149e-01
1.196864044332427990e-01
1.200163557951585136e-01
1.206063302257388975e-01
1.209971150340143076e-01
1.212623022833292236e-01
1.219641179316732493e-01
1.223784663159869779e-01
1.233234961690763132e-01
1.226552460585867699e-01
1.236911505031143693e-01
1.239801974565826054e-01
1.246413296409972643e-01
1.250258032985412382e-01
1.259368236913170069e-01
1.253088493432383543e-01
1.167815195301322023e-01
1.176808613020492306e-01
1.184315736947363501e-01
1.303332096601927670e-01
1.310534337908703384e-01
1.299108988801149778e-01
1.280479897443363990e-01
1.282821070463848190e-01
1.287677760158982276e-01
1.189857113432403607e-01
1.274485600183396794e-01
1.203426970759137044e-01
1.216887685382093687e-01
1.230359003260256823e-01
1.243595208266584234e-01
1.264662906553692956e-01
1.266571516097456940e-01
1.257471754581969414e-01
1.166098178753692816e-01
1.166971815133445306e-01
1.175940202632380083e-01
1.174466379088136281e-01
1.316459393956225798e-01
1.306941413322742218e-01
1.313503553715726080e-01
1.281308230642475565e-01
1.288087698588307461e-01
1.292329829569035526e-01
1.280898968059847598e-01
1.175832686134833105e-01
1.186349366420992452e-01
1.179331275146048574e-01
1.272573167209039846e-01
1.189996799582285075e-01
1.199984580163978576e-01
1.193435199090262522e-01
1.203759822548236269e-01
1.213773139122067968e-01
1.206870598813417211e-01
1.217350499835371386e-01
1.227132563836881574e-01
1.220572537520504541e-01
1.231345393282293199e-01
1.240803530447734254e-01
1.234132851948581688e-01
1.245789941036770515e-01
1.255228750238194801e-01
1.248028129524491325e-01
1.149136915321920388e-01
1.158483232853309008e-01
1.148985351004955247e-01
1.158398881150100312e-01
1.157551104092403166e-01
1.161036611818866415e-01
1.171920483895597248e-01
1.163581601256662990e-01
1.321099554706560708e-01
1.318784476260846938e-01
1.291657646016613759e-01
1.297494898258155782e-01
1.301104560924810638e-01
1.300265194751023812e-01
1.305399554620750857e-01
1.308367656690400671e-01
1.286492735442917312e-01
1.272997761711971432e-01
1.168446251694551519e-01
1.182926785008461823e-01
1.196888420078026510e-01
1.210565093879384796e-01
1.224358514324235536e-01
1.238578324604691500e-01
1.259596004995708618e-01
1.262132431772804708e-01
1.252702870798941270e-01
1.129842283909440609e-01
1.110027887045477030e-01
1.139494878450564297e-01
1.149074537164777171e-01
1.146046158566396134e-01
1.156070578500062174e-01
1.147528014822282172e-01
1.153553237180574703e-01
1.302781772927861514e-01
1.309620110943073013e-01
1.311948945658075183e-01
1.295972135473350273e-01
1.301526529109213737e-01
1.272799680507306630e-01
1.282232721295502031e-01
1.277055455330021461e-01
1.270455891207195875e-01
1.155130102192178376e-01
1.158091876784215629e-01
1.165480799240457555e-01
1.169735093535478054e-01
1.179866281378460224e-01
1.172790859105879574e-01
1.183383091033078927e-01
1.193572170735570925e-01
1.186695408011189667e-01
1.197509001310469723e-01
1.207430847704242249e-01
1.200639490740356696e-01
1.211407840466459107e-01
1.214383790537268137e-01
1.221378337534328035e-01
1.225532404612331844e-01
1.235663578012014402e-01
1.228442641502915794e-01
1.239411303467619768e-01
1.249506540783473507e-01
1.242603331539704481e-01
1.119938374079478688e-01
1.089792944601816610e-01
1.099911694987395216e-01
1.132468758220885330e-01
1.131168645259414407e-01
1.140801790899457768e-01
1.140733528263424695e-01
1.131155942188523250e-01
1.138609901957369497e-01
1.140069090485565650e-01
1.140522414575015075e-01
1.150778234051934995e-01
1.143294745227125681e-01
1.324452972802364625e-01
1.322779544261854234e-01
1.306291313941104204e-01
1.304539754366178250e-01
1.313695269565162693e-01
1.283231326723542065e-01
1.291755657973962246e-01
1.287444693363919146e-01
1.283307498083383069e-01
1.293052768885656068e-01
1.291786812845533428e-01
1.266207521101122557e-01
1.278022555474550848e-01
1.147836270726248636e-01
1.162442679656915390e-01
1.176569404125916568e-01
1.190455965368127922e-01
1.204468139822224421e-01
1.218479869349978900e-01
1.232481319078543441e-01
1.253194136873015674e-01
1.256397083839188855e-01
1.246312065704659883e-01
1.114106394285389878e-01
1.112081753622479741e-01
1.121974196898264525e-01
1.095299571139235623e-01
1.092561658639550348e-01
1.102664815416555116e-01
1.123290686475856420e-01
1.131822610789880029e-01
1.126071603032821056e-01
1.136057087175818825e-01
1.128623043402370435e-01
1.133307376818224882e-01
1.326523129422926828e-01
1.325489610393499607e-01
1.315381358939097522e-01
1.290736283883291702e-01
1.296758727116618659e-01
1.298520349370750060e-01
1.283272185400816667e-01
1.287026947825196388e-01
1.263000186829371096e-01
1.266930440356072440e-01
1.275083068718096402e-01
1.269866401206852791e-01
1.134564287069581429e-01
1.144846246294774217e-01
1.137551478679837413e-01
1.148951776838187944e-01
1.159343051648653727e-01
1.152048301485048831e-01
1.163078066757930462e-01
1.173230841064921981e-01
1.166413106148474210e-01
1.177222722263109589e-01
1.187366693253695121e-01
1.180308357588294721e-01
1.191293749640803118e-01
1.201352163170037873e-01
1.194405968706138271e-01
1.205292128008393221e-01
1.215414229050684330e-01
1.208353772898568129e-01
1.219218879470326811e-01
1.222378549073426801e-01
1.229317587738133905e-01
1.233075084954356471e-01
1.243137644999343649e-01
1.236245306731057481e-01
1.104704649315055021e-01
1.075894577725364509e-01
1.085597235525084109e-01
1.082846139896476156e-01
1.069237622126977816e-01
1.079514587890971211e-01
1.118630942264488698e-01
1.116378610615868239e-01
1.125549339864357068e-01
1.124898127036338680e-01
1.111701446783107533e-01
1.121426551028535529e-01
1.118895486967448477e-01
1.120193550937676613e-01
1.130356511249579199e-01
1.123141628544805648e-01
1.327318336887567396e-01
1.326920611515148840e-01
1.309204082412714076e-01
1.316828794563810467e-01
1.317872896496418422e-01
1.307749883274574587e-01
1.289387480462937663e-01
1.297839898474641707e-01
1.290062443848938312e-01
1.275129779071976222e-01
1.273878527073198930e-01
1.282310575513411210e-01
1.278592222695307812e-01
1.260071485081264431e-01
1.127388481980294704e-01
1.141767451366930974e-01
1.156024344903163470e-01
1.170159655782409686e-01
1.184267378320439934e-01
1.198301955412710285e-01
1.212264393915771371e-01
1.226155727267057294e-01
1.246861829809373656e-01
1.250029303133169956e-01
1.239977068532478049e-01
1.098745556354407404e-01
1.106427660186285883e-01
1.097038266463912226e-01
1.072581591792510225e-01
1.083090908305808647e-01
1.079503310976278885e-01
1.089195978641655238e-01
1.108687293569602522e-01
1.115171062079663156e-01
1.105778040077759206e-01
1.108748582945194433e-01
1.115922764688096480e-01
1.112995142281226063e-01
1.326851253503745498e-01
1.310721896045170254e-01
1.318623285764872755e-01
1.319029181221771096e-01
1.327083068382951259e-01
1.309963699695885497e-01
1.299305610921080989e-01
1.281642650921569759e-01
1.260580235099705571e-01
1.271949083406838932e-01
1.263755886843959120e-01
1.267237484119677626e-01
1.256899697289818596e-01
1.114246255309279260e-01
1.124404062825880707e-01
1.117228163199491114e-01
1.128544248442219095e-01
1.138747355969859654e-01
1.131561619255632145e-01
1.142787824865058727e-01
1.145876288022971284e-01
1.152932869280159089e-01
1.156931195889430303e-01
1.160010207021923145e-01
1.167077439666161925e-01
1.171021693019056453e-01
1.181158756510273106e-01
1.174126917724676866e-01
1.185044674105685814e-01
1.195169984465467294e-01
1.188173071516114565e-01
1.199001057112847463e-01
1.209112095032490453e-01
1.202149616457740822e-01
1.212891800729420655e-01
1.222986100097433054e-01
1.216057541175888379e-01
1.226717894862097979e-01
1.236793042836874384e-01
1.229897887764511838e-01
1.048462258832981442e-01
1.090922849775418785e-01
1.056173650973169093e-01
1.062711031943688739e-01
1.066031832515909605e-01
1.065054099426150369e-01
1.074070214723733541e-01
1.070479681084935963e-01
1.058847460189361045e-01
1.105235283669928487e-01
1.091256765249899313e-01
1.098527019801851107e-01
1.101476533128508267e-01
1.099877678396550540e-01
1.110033839811856993e-01
1.102836758073269113e-01
1.325138397927007328e-01
1.325991608442067260e-01
1.309887199411805536e-01
1.310303266396869726e-01
1.318604458721434058e-01
1.318378685394410998e-01
1.296771346261911817e-01
1.302987649295441197e-01
1.303753043475197604e-01
1.293083391888646128e-01
1.267643192968815058e-01
1.278520912392283881e-01
1.270759969238556275e-01
1.253729502271466179e-01
1.254180183196617893e-01
1.264033395708605012e-01
1.257380039919873682e-01
1.107070826710863792e-01
1.121404034424933471e-01
1.135674724194579849e-01
1.149868115640547417e-01
1.163984938164159266e-01
1.178041565506325744e-01
1.192031130079193313e-01
1.205954571251199314e-01
1.219812865024836046e-01
1.240480349152874584e-01
1.243671696370507035e-01
1.233607012151380911e-01
1.027565860188292407e-01
1.038010014378877161e-01
1.076679146062637787e-01
1.087708608626589551e-01
1.079891441221118020e-01
1.052335576250012644e-01
1.060627803537399633e-01
1.070876825833576296e-01
1.095011693314597856e-01
1.085437948087588644e-01
1.095605659371574059e-01
1.088357082504499557e-01
1.092666736965586388e-01
1.309769282909601096e-01
1.318312486050607635e-01
1.317461977208341239e-01
1.322199742829107960e-01
1.323664512438039731e-01
1.293934842746734259e-01
1.302330508420036781e-01
1.301919631956884316e-01
1.309826523384773622e-01
1.295351904899147977e-01
1.280383224074936321e-01
1.288580771904893341e-01
1.284883174038575215e-01
1.274020162198031270e-01
1.260919216196388637e-01
1.250533984850489555e-01
1.247338029135757476e-01
1.093939104309794574e-01
1.104091168189960392e-01
1.096916773332410749e-01
1.108236026997879431e-01
1.118389179987517718e-01
1.111248612172271027e-01
1.122471086853579630e-01
1.125514240146257977e-01
1.132629048771189445e-01
1.136637171203616348e-01
1.146784327780697166e-01
1.139718192160048688e-01
1.150742736443136627e-01
1.160882904528947462e-01
1.153841784464249703e-01
1.164785964992842426e-01
1.174916549896557610e-01
1.167907790222432601e-01
1.178767673624113721e-01
1.181909291857516919e-01
1.188886130000249564e-01
1.192688720664388247e-01
1.195847177359184443e-01
1.202792552293211192e-01
1.206549996360278126e-01
1.209722371345843539e-01
1.216636755821935978e-01
1.220352412641251411e-01
1.230419700412857809e-01
1.223535824479492634e-01
1.036381245798079498e-01
1.031989912384763675e-01
1.042428623751764649e-01
1.083977088021508134e-01
1.046274804717186591e-01
1.041854527779605272e-01
1.053449539945367081e-01
1.049021563772456478e-01
1.056302241602092851e-01
1.066487227292986506e-01
1.060687720414201923e-01
1.070920199125947742e-01
1.078188153706595848e-01
1.081085573874977501e-01
1.079577174507763554e-01
1.089725360561499545e-01
1.082516866341139417e-01
1.307964869012249176e-01
1.316554552939470102e-01
1.308863888487384608e-01
1.315089287758187675e-01
1.290959964410248739e-01
1.300425847817155978e-01
1.292444607365083320e-01
1.300374741965907854e-01
1.287166029928539790e-01
1.261379913863860114e-01
1.270885929451729124e-01
1.264509928179045339e-01
1.247749132752371953e-01
1.250963756607696153e-01
1.257700413988551980e-01
1.234096892958149311e-01
1.244142356453498410e-01
1.237288503401761108e-01
1.086766295954400413e-01
1.101095657214732765e-01
1.115361572004569257e-01
1.129562062623105517e-01
1.143697793919433714e-01
1.157772091666690456e-01
1.171784455345229875e-01
1.185735723668828873e-01
1.199626772175265421e-01
1.213458503216174045e-01
1.227231835820318251e-01
1.006644937523739902e-01
1.017100085168738677e-01
1.016800319886333320e-01
1.022190290849775696e-01
1.026587481703201687e-01
1.073809590698741462e-01
1.039137230757562619e-01
1.049091804052038612e-01
1.063620794478202514e-01
1.065149762130334493e-01
1.075291235784637395e-01
1.068045328690733764e-01
1.072371678773661741e-01
1.296728134102154151e-01
1.303249406790633613e-01
1.302350873460769165e-01
1.318058325436028688e-01
1.320123302800632337e-01
1.305116650415456825e-01
1.306536754532334754e-01
1.313662045588250560e-01
1.274777431449266030e-01
1.282877959792050604e-01
1.284360287093587460e-01
1.293845190887231156e-01
1.277578112789882758e-01
1.268085416078170713e-01
1.254571480480688728e-01
1.240930062066072925e-01
1.073645209618286356e-01
1.083790354768112280e-01
1.076619682803215405e-01
1.087936678108256672e-01
1.090945470329458961e-01
1.098085092311362615e-01
1.102169187694617136e-01
1.112319418095024937e-01
1.105209286909038940e-01
1.116343286601350904e-01
1.126490049797069376e-01
1.119412979857620782e-01
1.130459590193650943e-01
1.140601520967752941e-01
1.133553297899663054e-01
1.144518772969007891e-01
1.154653259338877108e-01
1.147634809405415485e-01
1.158521559809500973e-01
1.161656967163789272e-01
1.168646034602347505e-01
1.172468717231492236e-01
1.182580658086526126e-01
1.175620562856097978e-01
1.186361044189867681e-01
1.196457973339358216e-01
1.189526425123745290e-01
1.200199362571064132e-01
1.210278846291860527e-01
1.203375409950198927e-01
1.213984507470183827e-01
1.224044155278090906e-01
1.217168390737274342e-01
1.011735754084842204e-01
1.024726426829205561e-01
1.020774248104685117e-01
1.030557079433650769e-01
1.033292229529616801e-01
1.036097035282675938e-01
1.046195979220579664e-01
1.038993360096798213e-01
1.050649052082900797e-01
1.053487406344151001e-01
1.060781451899746042e-01
1.057907777863700133e-01
1.059294308979006755e-01
1.069433398380007783e-01
1.062231449404539563e-01
1.292278268828062904e-01
1.300124534362676054e-01
1.294500022877123901e-01
1.311592944423196072e-01
1.298702798300663264e-01
1.268609981884505078e-01
1.279792569708850525e-01
1.271690638623989011e-01
1.281019833828748733e-01
1.288877929254187149e-01
1.285985687237432840e-01
1.255029245182890663e-01
1.264908176435167730e-01
1.258202194129342810e-01
1.241389468697069454e-01
1.244567674213430675e-01
1.251389103809667225e-01
1.227711438673167038e-01
1.230903307672227276e-01
1.237734217979887946e-01
1.066477213754531972e-01
1.080798344101781550e-01
1.095060269112870105e-01
1.109263500455339030e-01
1.123408620863889512e-01
1.137496276386431304e-01
1.151527167769977739e-01
1.165502041843397146e-01
1.179421682511216929e-01
1.193286901400401750e-01
1.207098528224379713e-01
1.220854458786459623e-01
9.969764374553233277e-02
1.006883196987622547e-01
1.001821699735788718e-01
9.857927925467770136e-02
9.962126349024741367e-02
1.007350010947473118e-01
1.016034594053370904e-01
1.012085938148734876e-01
1.021154270398102470e-01
1.031500994134559590e-01
1.022951161827161531e-01
1.028633295837893535e-01
1.043381207361379209e-01
1.044883584586650954e-01
1.055013790272807672e-01
1.047776792703979248e-01
1.052096444758652688e-01
1.312739788495082549e-01
1.306272162717080909e-01
1.286653232652659185e-01
1.315392354639001449e-01
1.300033942734409309e-01
1.309050290328342414e-01
1.302568758830829065e-01
1.287403170001969188e-01
1.296263836703283601e-01
1.289835860581968474e-01
1.261825795547621420e-01
1.274820187555986972e-01
1.248215646518546079e-01
1.234556837410978047e-01
1.053366850262849597e-01
1.063503948544134020e-01
1.056339165874455865e-01
1.067648575658490667e-01
1.070654567692129050e-01
1.077791075705396007e-01
1.081876829730113870e-01
1.092021988223899343e-01
1.084913528557949619e-01
1.096052080942316459e-01
1.106197193244303489e-01
1.099116519572767986e-01
1.110174863432899506e-01
1.120317264348329872e-01
1.113264082045701403e-01
1.124245769357932190e-01
1.134382833710587818e-01
1.127356819895439788e-01
1.138265440734149425e-01
1.148394583668033014e-01
1.141395391432120793e-01
1.152234560992044382e-01
1.162353238101458408e-01
1.155380500864240378e-01
1.166153846237653058e-01
1.176259553486117826e-01
1.169312889508809655e-01
1.180024036236996532e-01
1.190114309641965712e-01
1.183193326686449165e-01
1.193845885186691214e-01
1.203918300266278024e-01
1.197022600348035676e-01
1.207620152372009814e-01
1.217669382337632361e-01
1.210801507554446904e-01
9.913986772455057883e-02
1.002175784970834455e-01
1.014260562400185472e-01
9.650985693665553589e-02
9.754388899773085153e-02
1.015881548865650436e-01
1.025985344465994570e-01
1.018529561301048936e-01
1.030412732608026599e-01
1.040527483863847025e-01
1.033266182825789969e-01
1.037655689496854994e-01
1.039031257905324301e-01
1.049160173442477834e-01
1.041966929346192089e-01
1.309498503130095137e-01
1.298685388728788026e-01
1.302470776114988127e-01
1.275218759868696206e-01
1.283752362186733609e-01
1.278114985239263701e-01
1.306391694975098661e-01
1.293723193219318002e-01
1.281315324137996536e-01
1.248664936146308274e-01
1.258642435319877739e-01
1.251843937008502716e-01
1.262256248551035243e-01
1.271643220358651127e-01
1.265429198635098784e-01
1.235028947853183401e-01
1.245033623443426163e-01
1.238206823475188761e-01
1.221347592796379056e-01
1.231372591481468826e-01
1.224527906768661245e-01
1.046205808231085582e-01
1.060514422456227956e-01
1.074769358007997000e-01
1.088971047801754882e-01
1.103119994065638876e-01
1.117216760939347131e-01
1.131261966545868830e-01
1.145256274683949249e-01
1.159200386232472207e-01
1.173095030269749456e-01
1.186940954939713772e-01
1.200738918154538176e-01
1.214489678206845252e-01
9.777601572802038787e-02
9.817944167540981759e-02
9.873631565481029437e-02
9.870847574745331143e-02
9.972122101621036516e-02
9.920455949007576935e-02
1.001337919325604869e-01
1.011241745339657438e-01
1.004356421504670333e-01
9.714465616544143423e-02
1.023154690583197718e-01
1.008617140957286523e-01
1.024641482433756995e-01
1.034759397809975473e-01
1.027537548100425913e-01
1.031843158661156085e-01
1.294455035194732317e-01
1.303602439099212640e-01
1.300367082881511427e-01
1.288513356127445331e-01
1.297397809036668626e-01
1.293600988212318947e-01
1.268742502103409331e-01
1.297238316313195361e-01
1.281753100364658449e-01
1.284572200997476377e-01
1.290898616460729731e-01
1.269291912891127305e-01
1.278352208439549609e-01
1.272250351116669398e-01
1.255466134133625677e-01
1.241852568120421912e-01
1.228193984464817506e-01
1.033106220166884470e-01
1.043234184542792264e-01
1.036077407927800814e-01
1.047374006160999571e-01
1.057509459053868894e-01
1.050378187203077074e-01
1.061593800950553224e-01
1.071734003692789566e-01
1.064628047059634347e-01
1.075766002668473581e-01
1.085908250603861563e-01
1.078827384560723246e-01
1.089891073508287705e-01
1.100032696801417770e-01
1.092976665187877228e-01
1.103969532455060382e-01
1.114107896715505336e-01
1.107076415625861121e-01
1.118001947575971017e-01
1.121127216067020899e-01
1.128134454272812226e-01
1.131988927947067541e-01
1.135129692107142430e-01
1.142113014636506052e-01
1.145931115292452562e-01
1.156044255660863135e-01
1.149084506340154188e-01
1.159829175375806098e-01
1.162992349679500687e-01
1.169928879088130702e-01
1.173683789191019289e-01
1.176853932442373518e-01
1.183767601537546593e-01
1.187495644017892843e-01
1.197561145366561330e-01
1.190669975264402880e-01
1.201265424419633299e-01
1.211310229484775652e-01
1.204441199921475886e-01
9.446466382596184486e-02
9.548656310556349891e-02
9.824347416450993076e-02
9.942195653273823430e-02
9.579410230798017511e-02
9.678449466087248043e-02
9.615336405077050397e-02
1.010197293075586616e-01
1.020301355608684568e-01
1.013050802605118539e-01
9.956985482019677092e-02
1.005785874613420727e-01
9.985303733196347620e-02
1.017426199529745806e-01
1.018790115678377406e-01
1.021725387297783422e-01
1.028907819856881012e-01
1.290011173264059841e-01
1.294340008125498542e-01
1.291477130737313794e-01
1.281529578326812691e-01
1.285014362677995292e-01
1.290112733129573919e-01
1.255936896328874730e-01
1.265583148425961924e-01
1.259091879979706008e-01
1.288108297417990544e-01
1.275526478119931861e-01
1.262619104431295103e-01
1.242328935913520060e-01
1.252297670793094120e-01
1.245493008291825854e-01
1.228681432888048125e-01
1.231852032669629726e-01
1.238677822294748793e-01
1.214993803272776673e-01
1.218168320178055902e-01
1.225015560216111687e-01
1.040246133432109060e-01
1.025954224443848678e-01
1.054489878317138862e-01
1.068685822623210574e-01
1.082834397392988396e-01
1.096936094153257990e-01
1.110991457418605138e-01
1.125001076788462590e-01
1.138965578724426414e-01
1.152885618060318224e-01
1.166761869285940639e-01
1.180595017661347640e-01
1.194385750232883625e-01
1.208134746840545393e-01
9.513034416369776924e-02
9.658681987002738778e-02
9.764703032777891090e-02
9.718256267278457816e-02
9.811452086198850508e-02
9.912368309740668404e-02
9.841286212076337525e-02
9.619217775594630926e-02
1.002954744769162521e-01
9.884286990175134013e-02
1.004425442407365227e-01
1.007321884498927761e-01
1.014530082918446152e-01
1.011613861839080059e-01
1.285769989682632730e-01
1.276058853939455173e-01
1.282289778802715718e-01
1.285261720881491765e-01
1.270370433598931315e-01
1.275952658017048824e-01
1.279446172662470349e-01
1.249137823216689147e-01
1.278899069884427142e-01
1.263254923626990212e-01
1.272508737012038593e-01
1.266266988385615910e-01
1.249658234122504458e-01
1.259480363717644935e-01
1.252792078769024986e-01
1.235510161921495875e-01
1.221842671168386907e-01
1.027115179312779319e-01
1.037242489144328816e-01
1.030118530926934367e-01
1.012865439070507190e-01
1.022983218293628122e-01
1.015836516180369797e-01
1.041322393724858769e-01
1.051456503770770157e-01
1.044355132049384488e-01
1.055487419238555769e-01
1.065625628577803463e-01
1.058546651819546880e-01
1.069610655222002493e-01
1.079750293218174201e-01
1.072693489123988791e-01
1.083692556546899111e-01
1.093830983497365850e-01
1.086796102607050091e-01
1.097733626230379955e-01
1.100855003353293365e-01
1.107868233848126188e-01
1.111734407713884376e-01
1.121862619439830538e-01
1.114870747170032539e-01
1.125695476843348170e-01
1.135814747992848206e-01
1.128843926541614334e-01
1.139617433608633434e-01
1.142775162316723159e-01
1.149725251350014466e-01
1.153500893692439577e-01
1.163594776853310864e-01
1.156665095175884311e-01
1.167346479882730298e-01
1.177423978584104941e-01
1.170514376931633127e-01
1.181154813412844812e-01
1.191213508536660831e-01
1.184323661726287974e-01
1.194926505292570745e-01
1.204964007798729336e-01
1.198093597201287802e-01
9.245164301327836454e-02
9.345747614628131805e-02
9.402002273042601999e-02
9.424345615059069592e-02
9.490654996665022491e-02
9.735175543981501589e-02
9.492090480414742959e-02
9.535805012830278482e-02
9.575372667025272566e-02
9.900120324798654392e-02
9.928667448029851461e-02
1.000100775512092616e-01
9.755498048595996619e-02
9.856197872840596896e-02
9.783599040390436596e-02
9.972248359170798881e-02
9.985729049405024649e-02
1.001508828461042527e-01
1.008678394660035837e-01
1.280282692800178701e-01
1.285138659176299214e-01
1.270398189232860853e-01
1.280213060062252439e-01
1.275958225205376662e-01
1.273206931572257172e-01
1.263073590550305159e-01
1.266717927685465372e-01
1.272308241243198246e-01
1.236027506648197938e-01
1.245987384305807383e-01
1.239173501950292799e-01
1.269660611299001374e-01
1.256460812302869212e-01
1.242847151208426731e-01
1.222362305252829989e-01
1.232350371429479369e-01
1.225517925514417461e-01
1.208662147676127091e-01
1.218676097786176998e-01
1.211824815696769669e-01
1.034224082001195394e-01
1.019995642646375766e-01
1.005724534445621848e-01
1.048410155774912450e-01
1.062554232954784628e-01
1.076656741555330754e-01
1.090718161464874908e-01
1.104739016897734877e-01
1.118719868516138416e-01
1.132661305283617637e-01
1.146563936102607401e-01
1.160428381287667565e-01
1.174255263933522003e-01
1.188045201243366211e-01
1.201798795874644693e-01
9.323614049556500083e-02
9.447107821437948638e-02
9.610387680965912227e-02
9.710870956603392945e-02
9.634720325731073454e-02
9.461144025845391603e-02
9.559874627156197957e-02
9.476706973006068790e-02
9.827870217492484795e-02
9.683003805044380907e-02
9.842373835966566897e-02
9.943277975213583864e-02
9.871352869920639594e-02
9.914105260123100283e-02
1.275339385970019335e-01
1.266734922881818104e-01
1.256899755268192642e-01
1.263638830895366938e-01
1.266484495449205494e-01
1.250919531151087893e-01
1.257000042640036841e-01
1.260650523549105562e-01
1.229199243332397690e-01
1.260070152884260608e-01
1.243426718774269801e-01
1.253346523563835246e-01
1.246536174541465064e-01
1.229767045625027588e-01
1.239717931063378104e-01
1.232891748827818351e-01
1.215516627331819366e-01
1.021064831688438118e-01
1.031191745159757422e-01
1.024097000416225867e-01
1.006874238566319996e-01
1.016992341226459068e-01
1.009877730676495416e-01
9.926465631839137549e-02
1.002753136403253115e-01
9.956185303099208961e-02
1.035218627167637517e-01
1.045351657885339042e-01
1.038276615998013908e-01
1.049335970471709789e-01
1.059472450718563913e-01
1.052416918739114415e-01
1.063417261268695263e-01
1.073554549825372489e-01
1.066518308256323710e-01
1.077462946357369694e-01
1.087598429015677048e-01
1.080581235462263756e-01
1.091473512244626326e-01
1.101604602178424680e-01
1.094606195172322938e-01
1.105449477424993443e-01
1.115573615417431164e-01
1.108593718382357568e-01
1.119391384419785168e-01
1.122544364276998330e-01
1.129506038946377494e-01
1.133299791633100850e-01
1.136458712025460172e-01
1.143402458797251608e-01
1.147175265073332451e-01
1.157263468393195383e-01
1.150337352415046893e-01
1.161018369995915622e-01
1.171089660044838526e-01
1.164180879377958583e-01
1.174829662524028290e-01
1.184881616429324103e-01
1.177989881472184391e-01
1.188609681294573867e-01
1.198639902099054438e-01
1.191764933370760560e-01
9.047820204459565419e-02
9.146429845792856950e-02
9.164628190019522003e-02
9.283227484497008630e-02
9.205020556299545187e-02
9.326093298388353492e-02
9.409051892263663175e-02
9.364150378094808491e-02
9.535822853754613582e-02
9.393647495831555783e-02
9.698587616977365211e-02
9.727157943345585145e-02
9.799312872497384364e-02
9.554370111910136243e-02
9.582503434192748970e-02
9.654888098282325692e-02
9.770534633707070316e-02
9.783815879822395367e-02
9.884738889518868143e-02
9.813191937380634500e-02
1.269534406390357140e-01
1.274900531429564166e-01
1.259702917114126908e-01
1.265044060369754364e-01
1.270002672819125489e-01
1.248668418394223434e-01
1.259544305661525199e-01
1.255870037842067022e-01
1.253901855297884227e-01
1.249785798708351464e-01
1.216077914971747942e-01
1.226057578246269458e-01
1.219215365086936120e-01
1.250166702605563229e-01
1.236600541711813939e-01
1.222926184825389728e-01
1.202358939160798890e-01
1.212365055036073030e-01
1.205506587395610840e-01
1.028146308258306441e-01
1.013974153502367331e-01
9.997650507918778851e-02
9.855187482958051304e-02
1.042281830906002099e-01
1.056381094872454740e-01
1.070444524298166389e-01
1.084472586783701703e-01
1.098465785810877060e-01
1.112424652895272481e-01
1.126349739527222477e-01
1.140241608953797281e-01
1.154100827853930117e-01
1.167927957963498103e-01
1.181723547703602273e-01
1.195488123852660733e-01
9.106269443295468557e-02
9.245372027337181442e-02
9.410413873612871738e-02
9.510350463476850702e-02
9.435910953471082774e-02
9.268794243826278256e-02
9.364918283772813434e-02
9.297538530512299004e-02
9.626532750740315891e-02
9.482445787158748363e-02
9.640791681108602795e-02
9.669795917579909750e-02
9.741544308146539433e-02
9.712350641254847983e-02
1.264616159184822064e-01
1.254183831210342881e-01
1.237248939086671162e-01
1.244087258683203023e-01
1.247080116694042479e-01
1.231131627690926628e-01
1.239905813816773589e-01
1.241031515581856870e-01
1.209222183282613466e-01
1.240330693031379550e-01
1.223554083089585104e-01
1.233495805268248480e-01
1.226654212692188939e-01
1.209834736140170119e-01
1.219805879631646189e-01
1.212950763614583788e-01
1.014961862509704965e-01
1.018019507159026588e-01
1.025088603518638647e-01
1.000823280367957729e-01
1.003855806872074180e-01
1.010941921120888931e-01
9.866532717919682116e-02
9.967611296146021427e-02
9.896578587219875822e-02
9.724515961496095484e-02
9.825459674311202984e-02
9.754254335139561638e-02
1.029069318244351106e-01
1.032149251998447370e-01
1.039201498481559238e-01
1.043146001301722275e-01
1.046245391071296826e-01
1.053280981626214113e-01
1.057192310805162017e-01
1.067327474830207373e-01
1.060308323840547379e-01
1.071208684964964908e-01
1.081341439374656627e-01
1.074338492859992639e-01
1.085195593454251206e-01
1.095323368278260379e-01
1.088336376248674742e-01
1.099153529679050417e-01
1.102302479963858800e-01
1.109273778457906673e-01
1.113083002905545099e-01
1.116237329882515672e-01
1.123193202726044948e-01
1.126984530234359377e-01
1.137082181644267220e-01
1.130141463714667560e-01
1.140858628511877693e-01
1.150941255305528155e-01
1.144015422818460692e-01
1.154705806208023988e-01
1.164770955087780918e-01
1.157859743959601950e-01
1.168526555318434440e-01
1.171674951072114168e-01
1.178571795431835600e-01
1.182321343332415620e-01
1.185461547063370175e-01
1.192344265681567761e-01
8.855123293722316768e-02
8.951418122144617906e-02
9.005551305238196358e-02
9.085067959474039945e-02
9.026858468308303352e-02
9.156390512080357647e-02
9.160607722092774241e-02
9.241199896571884731e-02
9.339658052447478986e-02
9.212627923388867768e-02
9.497411550850402839e-02
9.526006369928624595e-02
9.597956331659598939e-02
9.353733164414035350e-02
9.382198044974687789e-02
9.454003712031334994e-02
9.569148510631962645e-02
9.582180777494743451e-02
9.682962389748010767e-02
9.611583708817221516e-02
1.257801959993784524e-01
1.263660678895759115e-01
1.249202836878079703e-01
1.254445657519251689e-01
1.259378442007965115e-01
1.238851288629907454e-01
1.249286240762435274e-01
1.243750198120177064e-01
1.234182299807512068e-01
1.225081679608661239e-01
1.236884154001768321e-01
1.228097793002026622e-01
1.196090605309582111e-01
1.199220005697496233e-01
1.206088822022129553e-01
1.230404555793749716e-01
1.216697487372951497e-01
1.202965788635699113e-01
1.022019459687862064e-01
1.007896481760778007e-01
9.937422203847685875e-02
9.795564044503199397e-02
9.653388250697994555e-02
1.036111481876044044e-01
1.050172925629757753e-01
1.064204210532657818e-01
1.078205791476016667e-01
1.092178150974927736e-01
1.106121791360558798e-01
1.120037226824232152e-01
1.133924975353848147e-01
1.147785550622087147e-01
1.161619453870671309e-01
1.175427165840451510e-01
1.189209138787219178e-01
8.930373106668458572e-02
9.080955310466420904e-02
9.209469953524226926e-02
9.309888794060763861e-02
9.239263958675560107e-02
9.057440977686534445e-02
9.163045929446435311e-02
9.106973539537618900e-02
9.425619187801641263e-02
9.281648174009797525e-02
9.439526121069077846e-02
9.540118205952569097e-02
9.468575433094562899e-02
9.510893414878372754e-02
1.253498168846456373e-01
1.244025783757329306e-01
1.231968312008483724e-01
1.217395280685986264e-01
1.224265890317436239e-01
1.227327634786147814e-01
1.211297430104524148e-01
1.218191380010879010e-01
1.221220182940636889e-01
1.220467489378226633e-01
1.203639365625352592e-01
1.213601840318302150e-01
1.206730656762006193e-01
1.189863687388910130e-01
1.192971555148293061e-01
1.199853907656805579e-01
1.008812944691775959e-01
1.011892730223155068e-01
1.018939707788074078e-01
9.947193100943095556e-02
9.977775007033266863e-02
1.004838674607116539e-01
9.805998569837294510e-02
9.836336541896895103e-02
9.907091716938243309e-02
9.664543221134530571e-02
9.694609386773324344e-02
9.765509184553501643e-02
9.522824999211923491e-02
9.623636928165645033e-02
9.552591634730504822e-02
1.022881076372230275e-01
1.025979650623113359e-01
1.033012604840941318e-01
1.036924065346932489e-01
1.047057744366829829e-01
1.040038618926921732e-01
1.050942310284586900e-01
1.061075543738632387e-01
1.054070034071406120e-01
1.064936240459611466e-01
1.075066451369422610e-01
1.068074329825983854e-01
1.078906308623412968e-01
1.089030939289375860e-01
1.082051967412387961e-01
1.092852983069893119e-01
1.102969495247977660e-01
1.096003427671358998e-01
1.106776739999893316e-01
1.116882614889009306e-01
1.109929203306355278e-01
1.120678055600159567e-01
1.130770793751061376e-01
1.123829790908547344e-01
1.134557398138950762e-01
1.144634519259174615e-01
1.137705682958847359e-01
1.148415220096362516e-01
1.158474262745685657e-01
1.151557359830647359e-01
1.162251950358243330e-01
1.165385281836220366e-01
1.172290471535979151e-01
1.176067986525468206e-01
1.186083561146985405e-01
1.179189881362987385e-01
8.667712941595639986e-02
8.761375689468126060e-02
8.811611570280708516e-02
8.833450039672019471e-02
8.908510081391017577e-02
9.031676001193716941e-02
9.133529509742965846e-02
9.296551708372741141e-02
9.396936238134945274e-02
9.325258170227047894e-02
9.153258058760398164e-02
9.253445550879858816e-02
9.181489023950639705e-02
9.368078866890815204e-02
9.380842487691411213e-02
9.410282054516658223e-02
9.481473371117228599e-02
1.245122126514657535e-01
1.251455307819143992e-01
1.237484550893188928e-01
1.247653388126747226e-01
1.243338335967037050e-01
1.231847859552338970e-01
1.235343606526745353e-01
1.240532115292853343e-01
1.218925848798446121e-01
1.228895251517986426e-01
1.221994789696481537e-01
1.214338305588878869e-01
1.205267454953350276e-01
1.208273519780470040e-01
1.215180356234345643e-01
1.210519779114785227e-01
1.196754011299721310e-01
1.182968357674296922e-01
1.015850176420689810e-01
1.001769335686745338e-01
9.876628281770495621e-02
9.735303636577610775e-02
9.593717069618366844e-02
9.451866837770148133e-02
1.029905689137550068e-01
1.043936254169869488e-01
1.057942286414330912e-01
1.071924227832589810e-01
1.085882539915615091e-01
1.099817695891350117e-01
1.113730172940318591e-01
1.127620444276803691e-01
1.141488971255940621e-01
1.155336195530217991e-01
1.169162531295142859e-01
8.739635245719393208e-02
8.891065374879469907e-02
8.948346152213633442e-02
8.851381899421863209e-02
8.974236744907408692e-02
9.009646502351953412e-02
9.109503661696043142e-02
9.033720110348798793e-02
9.224944720117032870e-02
9.081491880312882181e-02
9.238594966387858598e-02
9.339017640663258013e-02
9.267680143195629328e-02
9.309751866270107867e-02
1.241296576088778136e-01
1.234661665351746013e-01
1.225389250425824167e-01
1.212098138988568219e-01
1.197498521751797496e-01
1.207452151518644684e-01
1.204399813987269974e-01
1.191419043537284700e-01
1.201363630128799015e-01
1.198344471902299535e-01
1.200561702301243261e-01
1.183684839256060051e-01
1.186767833455962956e-01
1.193666938527299937e-01
1.169856209448114776e-01
1.172956483229865010e-01
1.179864359651678490e-01
1.002624741532891633e-01
1.005723337734143463e-01
1.012751695573462785e-01
9.885690536635594050e-02
9.986893023332131525e-02
9.916495479762822696e-02
9.744931164376068045e-02
9.846040355003486677e-02
9.775527287252301634e-02
9.603966430235885698e-02
9.634326049026020744e-02
9.704955948947162347e-02
9.462793987612837243e-02
9.492889563602437131e-02
9.563637325771771891e-02
9.321412056634287291e-02
9.422082577632408251e-02
9.351216232510316251e-02
1.016660508862769624e-01
1.019774420241079532e-01
1.026791558688419231e-01
1.030676723487475993e-01
1.033803159549798178e-01
1.040809273876396879e-01
1.044673782662122186e-01
1.054805253348838484e-01
1.047809953643250719e-01
1.058652107214081151e-01
1.068779932847828407e-01
1.061795227580863837e-01
1.072612132492646864e-01
1.082733763159724888e-01
1.075759425408032294e-01
1.086554301909809228e-01
1.096667203073334734e-01
1.089703002956742134e-01
1.100479058897651519e-01
1.110580711403633125e-01
1.103626420004473058e-01
1.114386839163980097e-01
1.124474739172604543e-01
1.117530132439820828e-01
1.128278063028353428e-01
1.131414584476660712e-01
1.138349721847349144e-01
1.142153127802100210e-01
1.145280200907639323e-01
1.152206071631838163e-01
1.156012400289127412e-01
1.166044169876668396e-01
1.159127379449873541e-01
8.486180225222757223e-02
8.576917678120084265e-02
8.696315765002023135e-02
8.754012387493922964e-02
8.682168207316146025e-02
8.793620311625462149e-02
8.865719423839442392e-02
8.961538802182079932e-02
8.878499327560285259e-02
8.937722357665600637e-02
9.096082457302853697e-02
9.196269614704979944e-02
9.124786169219373244e-02
8.953305769254849000e-02
9.053229960971041768e-02
8.981601226741810218e-02
9.167371800266226056e-02
9.179819480735229575e-02
9.280290427660924102e-02
9.209305117083305126e-02
1.231532858281785825e-01
1.238321754084420467e-01
1.225006916882556002e-01
1.231239890402419240e-01
1.235074391585729153e-01
1.216159707042805821e-01
1.226832673389972317e-01
1.224003862635871520e-01
1.217530435911404890e-01
1.199774445123489297e-01
1.202511117610107622e-01
1.209355234798219353e-01
1.194450678957171830e-01
1.185407888089430456e-01
1.188404485458108839e-01
1.195343218490660386e-01
1.190593536229964527e-01
1.176772405568525526e-01
1.162936218502116231e-01
1.009645092697819407e-01
9.955994088522494845e-02
9.815336349596098797e-02
9.674474623557094421e-02
9.533406294964481831e-02
9.392129293054822525e-02
9.250642142597800821e-02
1.023671035697193143e-01
1.037677621300585190e-01
1.051665259478401088e-01
1.065634379265873177e-01
1.079585421002602907e-01
1.093518829074897059e-01
1.107435044016606140e-01
1.121334494799081233e-01
1.135217591183508012e-01
1.149084716155725355e-01
8.591194106486808868e-02
8.781047174382619613e-02
8.810266574949901508e-02
8.838127291610971270e-02
8.909900211743547460e-02
9.024727049250085009e-02
8.881818841196253977e-02
9.038015788328557232e-02
9.138260289128097291e-02
9.067155992585729241e-02
9.108944023095842668e-02
1.228261735355643397e-01
1.220575625091397387e-01
1.207969131969551663e-01
1.192592082746685295e-01
1.177560826216852014e-01
1.187534657684563566e-01
1.184491164340893132e-01
1.171498523733334601e-01
1.178453811023088826e-01
1.181463923623004286e-01
1.180615550338048325e-01
1.163692713127419259e-01
1.173693339872675517e-01
1.166768002600092613e-01
1.149814551060588524e-01
1.152907843322570763e-01
1.159839513963398794e-01
9.964039029544156933e-02
1.006531196751883489e-01
9.995179863315503677e-02
9.823792164890145229e-02
9.925004899021525051e-02
9.854786644045392119e-02
9.683398175883031755e-02
9.784524689407569920e-02
9.714218649549308249e-02
9.542853977540559363e-02
9.643868162352826900e-02
9.573472903018342972e-02
9.402156928085184107e-02
9.503032572889051621e-02
9.432546910120441497e-02
9.261304879764221953e-02
9.291438706963896232e-02
9.362015683679099365e-02
9.120296246219876390e-02
9.220815821156479186e-02
9.150146922087641632e-02
1.010414220447219680e-01
1.020544944100676699e-01
1.013540166891609556e-01
1.024410543120524014e-01
1.034542116609297457e-01
1.027545577089921669e-01
1.038393267777781848e-01
1.048523122050052520e-01
1.041534613960687916e-01
1.052362805821857317e-01
1.062488382761922617e-01
1.055507693615240911e-01
1.066319575716611207e-01
1.076438328657721849e-01
1.069465242945092098e-01
1.080263996162380974e-01
1.090373389795978448e-01
1.083407692977914893e-01
1.094196478126895494e-01
1.104293988529624626e-01
1.097335470869852253e-01
1.108117417329968490e-01
1.118200531921526159e-01
1.111248992273730363e-01
1.122027186784561870e-01
1.132093404209931903e-01
1.125148653775729646e-01
1.135926129451972771e-01
1.139034825411156387e-01
1.145972959391064888e-01
8.488961469035100071e-02
8.592598657307833065e-02
8.487735560238564292e-02
8.311073536613482193e-02
8.398612844564019853e-02
8.665812330539268693e-02
8.765705742930512967e-02
8.681224567155117200e-02
8.738067848386166236e-02
8.896001238011765067e-02
8.995992310904858680e-02
8.924769392472173268e-02
8.753776855842761162e-02
8.853487421828802606e-02
8.782146653993173901e-02
8.967034821965326474e-02
8.979130061635515192e-02
9.079431933321378823e-02
9.008670836958293515e-02
1.217073456789003610e-01
1.224298615558959136e-01
1.214086932635136534e-01
1.219540489703227898e-01
1.222817205632046877e-01
1.205695401529568167e-01
1.215359502671146258e-01
1.210917574205916947e-01
1.193439449544346637e-01
1.204808534934704439e-01
1.196596267202225672e-01
1.179472130497966759e-01
1.189629334706906322e-01
1.182430136002338150e-01
1.174521526394601001e-01
1.165504915134326080e-01
1.175461707739930417e-01
1.168492691319489296e-01
1.170628014490501800e-01
1.156754899797791114e-01
1.142871637625163389e-01
9.893933778588248629e-02
1.003410834758069331e-01
9.753613761150628503e-02
9.613145026817683514e-02
9.472524703914374233e-02
9.331750389758144970e-02
9.190820209828991227e-02
9.049732881061124667e-02
1.017414106512777722e-01
1.031403579516364799e-01
1.045379658804019007e-01
1.059342760251539284e-01
1.073293303388432596e-01
1.087231703994927523e-01
1.101158366354105106e-01
1.115073675759132715e-01
1.128977991105958451e-01
8.399980831342622467e-02
8.577360070640664691e-02
8.612472239511906325e-02
8.711313973602045901e-02
8.639278184286683371e-02
8.824915177962068535e-02
8.683147064797787362e-02
8.837806029757738768e-02
8.937863645078690522e-02
8.867010432944949505e-02
8.908487766040663891e-02
1.215570584124423259e-01
1.209885801568714309e-01
1.199566207686130065e-01
1.201784758005286641e-01
1.209425928608030693e-01
1.186455780659798759e-01
1.172488503665228832e-01
1.157584299865351413e-01
1.164542022177851160e-01
1.167577286874110221e-01
1.151537871679578773e-01
1.158521370257304950e-01
1.161523090598291647e-01
1.160631191306250726e-01
1.143665140925354679e-01
1.153683224686531811e-01
1.146733365695140200e-01
1.129740908357135254e-01
1.139781591909204694e-01
1.132827875173629123e-01
9.761564829363900131e-02
9.862789057190521347e-02
9.792715449322855759e-02
9.901570680456767137e-02
1.000284834505790893e-01
9.932833205605347271e-02
9.621466990415938891e-02
9.722611952724861950e-02
9.652478159751448628e-02
9.481273869212414329e-02
9.582313677342677027e-02
9.512118147210478492e-02
9.340982527607011310e-02
9.441891229505980365e-02
9.371632621797484908e-02
9.200590453427445747e-02
9.231019253674575820e-02
9.301342042038580893e-02
9.060095628434267079e-02
9.090276240770238381e-02
9.160664041458495277e-02
8.919496588330463882e-02
9.019855711610230697e-02
8.949402368387981976e-02
1.004148812997180257e-01
1.014279346992111586e-01
1.007283493904938126e-01
1.018132099194016538e-01
1.028262831244841635e-01
1.021272442741618658e-01
1.032107321853532600e-01
1.042235689538112547e-01
1.035250563075313518e-01
1.046074883023601215e-01
1.049218261619189047e-01
1.056198331097984860e-01
1.060035184757710663e-01
1.063175948611081584e-01
1.070151165283398514e-01
1.073988621199736399e-01
1.077124030441454217e-01
1.084094593649559124e-01
1.087935571213245745e-01
1.091062901981445649e-01
1.098029002510252511e-01
1.101876391009622286e-01
1.111954755527581884e-01
1.104992939137167673e-01
1.115811406924239885e-01
1.125872186432517880e-01
1.118914491506232817e-01
8.338824509195026657e-02
8.325042102149010637e-02
8.413863660077379458e-02
8.468638721834556571e-02
8.478912275604419402e-02
8.567172891575919325e-02
8.142905279979410771e-02
8.226990944296293240e-02
8.540565938166592985e-02
8.696354918675443246e-02
8.725181761609242248e-02
8.796126543199486725e-02
8.554870931595327799e-02
8.583791245764559041e-02
8.654268499358003242e-02
8.767100015899018106e-02
8.778792479721184150e-02
8.878916151649736410e-02
8.808397062361605911e-02
1.199514533985649306e-01
1.208301011665403185e-01
1.206798191824945826e-01
1.198519644405073581e-01
1.202101723173314568e-01
1.206308770296317529e-01
1.187115630382154924e-01
1.196411528462672236e-01
1.190267566840654684e-01
1.200638204482940424e-01
1.173618960171198405e-01
1.183535082753511269e-01
1.176534766798273957e-01
1.159587091050907903e-01
1.169535093911771712e-01
1.162536082117208158e-01
1.154552901723057412e-01
1.145560428660626767e-01
1.155537743979020565e-01
1.148540085084843870e-01
1.150625344321146298e-01
1.136703669579860881e-01
1.122776830290913852e-01
9.691527620583863245e-02
9.831579033444164117e-02
9.971540219751445777e-02
9.551382531976601586e-02
9.411140642760738861e-02
9.270799219510671152e-02
9.130355989130312100e-02
8.989809202878368266e-02
8.849157694881348846e-02
1.011141488872432520e-01
1.025120693269288008e-01
1.039092034730386277e-01
1.053055916242287282e-01
1.067012736837526371e-01
1.080962883945926489e-01
1.094906726017680076e-01
1.108844605220104529e-01
8.240783007915623848e-02
8.403737770582933586e-02
8.414228606197307614e-02
8.513291111136091216e-02
8.441547001005436646e-02
8.625631935043286125e-02
8.484565715444213063e-02
8.637983115446536131e-02
8.737845128643226267e-02
8.667275470962264305e-02
8.708400938438019823e-02
1.199009502543139649e-01
1.192818225120815256e-01
1.180367285173207909e-01
1.185709404950043427e-01
1.193745379859482564e-01
1.183155784566390228e-01
1.191334781329156239e-01
1.192477318805614389e-01
1.166602381517438947e-01
1.152573102728228632e-01
1.137570999197780874e-01
1.144554416636753974e-01
1.147582119089180785e-01
1.131539044784923426e-01
1.138549075155943363e-01
1.141543108856098027e-01
1.140610730521385424e-01
1.123604230001647858e-01
1.133638722302787172e-01
1.126666074732043804e-01
1.109637434065288281e-01
1.119692766737671735e-01
1.112718771848337090e-01
9.559204679152510931e-02
9.590373047223441083e-02
9.660369114989190986e-02
9.699075142084503942e-02
9.730348624013343550e-02
9.800312012023920660e-02
9.838908625291191423e-02
9.870259728713530467e-02
9.940192239131921681e-02
9.419293711603869690e-02
9.520360002605456062e-02
9.450329588849212814e-02
9.279339013291504346e-02
9.380281424595138251e-02
9.310215166947022336e-02
9.139337709963898937e-02
9.240130484536390743e-02
9.170027088599980170e-02
8.999287345902526325e-02
9.029763117235804770e-02
9.099904707981322505e-02
8.859185954405704444e-02
8.889421537913631821e-02
8.959602111626185916e-02
8.719032121119227319e-02
8.749001217498657279e-02
8.819221264924374803e-02
9.978708865709627618e-02
1.008001356152684463e-01
1.001011002281905066e-01
1.011847973410130441e-01
1.021977988035285140e-01
1.014990334862185678e-01
1.025822517176533666e-01
1.028964365273703913e-01
1.035949516618203670e-01
1.039794911424967577e-01
1.049916338680136063e-01
1.042933491301645671e-01
1.053765541540545303e-01
1.056898106643085200e-01
1.063878842972014321e-01
1.067734777425660281e-01
1.070858593290549693e-01
1.077837402880638396e-01
1.081702966186149084e-01
1.084815314187485280e-01
1.091792369091182102e-01
1.095670424984406394e-01
1.105744062406977951e-01
1.098768605966558842e-01
8.274466038744295038e-02
8.306720185297090941e-02
8.208762267111779920e-02
8.371482960407493346e-02
7.982152435878991925e-02
8.062545572430941665e-02
8.344372944543533566e-02
8.497096723521717354e-02
8.526098453045724557e-02
8.596672147074795045e-02
8.356299588137702794e-02
8.385382606984269349e-02
8.455527640753694729e-02
8.567552880855747177e-02
8.578825036495599243e-02
8.678761344799523769e-02
8.608501658613958163e-02
1.183426732423170785e-01
1.191475195870089487e-01
1.190975114923471523e-01
1.185261121216356489e-01
1.167519435713817860e-01
1.170558149819079380e-01
1.177323003736078094e-01
1.184419193785055946e-01
1.183278496151821679e-01
1.153696329694902795e-01
1.156630984961703884e-01
1.163663390017764532e-01
1.139659067141894078e-01
1.142599789889096468e-01
1.149628341345830806e-01
1.134546812106252411e-01
1.125576284514323983e-01
1.135573198677943124e-01
1.128548573553131151e-01
1.130587608302806440e-01
1.116620845664398481e-01
1.102653969749180646e-01
9.489254467013906458e-02
9.629144758558291772e-02
9.768996276626246145e-02
9.908812661180435577e-02
9.349322017636586823e-02
9.209344351633302894e-02
9.069318795736830419e-02
8.929243130801954587e-02
8.789115658769289241e-02
8.648935260595601304e-02
1.004859772525579648e-01
1.018835538415702735e-01
1.032808958560785390e-01
1.046780423357809714e-01
1.060750311368754695e-01
1.074718982001525713e-01
1.088686768274162581e-01
8.116197499509833491e-02
8.129703619794975689e-02
8.195280377199182231e-02
8.049146700049354675e-02
8.195183627052898823e-02
8.304622166960134999e-02
8.234946748415936102e-02
8.426710394991886177e-02
8.275745992443303556e-02
8.438564557933769805e-02
8.538222194866552928e-02
8.467936775220158419e-02
8.508701453737596565e-02
1.175475223928974799e-01
1.160606768443261660e-01
1.168088311344903790e-01
1.175620788060200567e-01
1.176904252554133584e-01
1.168892559741573772e-01
1.177300849276789879e-01
1.163388520753506072e-01
1.173278672369323372e-01
1.173410617390602262e-01
1.146676435611431594e-01
1.132616370312904130e-01
1.117522940825727840e-01
1.127551189685797872e-01
1.124530335379694684e-01
1.111503966812137645e-01
1.118538816149970555e-01
1.121525917731286959e-01
1.120556230212893245e-01
1.103512050934711830e-01
1.106568241609421077e-01
1.113561920479680112e-01
1.089506247108093240e-01
1.099575173055015870e-01
1.092582689188678069e-01
9.356980710893149367e-02
9.458074289446358196e-02
9.388174635140181246e-02
9.496677995056862498e-02
9.597862871429649334e-02
9.527970224785133058e-02
9.636389516064432226e-02
9.737640111456863368e-02
9.667752681221113142e-02
9.776119017141218781e-02
9.877409739455556004e-02
9.807525638272548973e-02
9.217294129913988776e-02
9.318270846222498349e-02
9.248362532704197669e-02
9.077615008413542075e-02
9.178449316604819774e-02
9.108530858914033745e-02
8.937940456238464837e-02
9.038606827893014284e-02
8.968676941387732082e-02
8.798268007408215075e-02
8.898740928422677054e-02
8.828798564494301504e-02
8.658595667894802839e-02
8.758849646632910213e-02
8.688894024949538053e-02
8.518922004175792650e-02
8.548962202344423389e-02
8.618931566983149828e-02
9.915870375772570244e-02
1.001717561929179878e-01
9.947292902971488493e-02
1.005564753341482986e-01
1.015694168203332554e-01
1.008705838127739868e-01
1.019545442287728143e-01
1.022682601010238973e-01
1.029671185155655450e-01
1.033529489213980967e-01
1.043648996853845240e-01
1.036659968105490132e-01
1.047517263085201572e-01
1.057627971719755505e-01
1.050638316569239283e-01
1.061509109776365284e-01
1.071608455249551950e-01
1.064618004264763218e-01
1.075505344945895253e-01
1.078599362540188511e-01
1.085590762882434751e-01
8.155774039492008631e-02
8.020565944905826139e-02
8.068424677361944741e-02
8.001488566142340997e-02
7.829265071778054863e-02
7.905740359973245646e-02
8.298206730273104126e-02
8.327367259512978570e-02
8.397596020387936011e-02
8.156612943999147491e-02
8.176040596692406293e-02
8.256398373890594389e-02
8.368391909534153572e-02
8.379246189970497583e-02
8.478985879613959442e-02
8.409002613321792108e-02
1.165437950440808973e-01
1.147941915794503803e-01
1.150807404956195185e-01
1.157736172369775995e-01
1.168476215850216271e-01
1.165724573702345696e-01
1.133840975461901379e-01
1.143774044904282139e-01
1.136739159230428092e-01
1.119689810968006738e-01
1.129679484032095060e-01
1.122623064846240692e-01
1.114505228018291549e-01
1.105554311833761294e-01
1.115569912977740497e-01
1.108520033296628293e-01
1.110516850710405318e-01
1.096508523526465162e-01
1.082505196880882287e-01
9.287136293143564980e-02
9.426827800490669707e-02
9.566531746919804124e-02
9.706251779950415826e-02
9.845991719147559329e-02
9.147453827312448937e-02
9.007777327420025959e-02
8.868104107042552864e-02
8.728431928146616892e-02
8.588759069335615004e-02
8.449084393626853096e-02
9.985755483262671872e-02
1.012554701872798169e-01
1.026537022519612152e-01
1.040522888064064483e-01
1.054512656826365191e-01
1.068506660452298723e-01
8.107812157074989479e-02
7.924834893767558619e-02
8.227410484758297671e-02
8.029393124952328986e-02
8.112283405136858083e-02
8.092990933809751652e-02
8.239568057138908774e-02
8.339012438917019210e-02
8.268992798081610529e-02
8.309407399015938944e-02
1.155662334611051167e-01
1.140889563069105717e-01
1.151880024627540133e-01
1.160390250739749413e-01
1.159984423939740134e-01
1.153171163841301555e-01
1.158273644701706823e-01
1.160633506597721631e-01
1.151381986275999414e-01
1.160138681459540883e-01
1.126763441732786114e-01
1.112620097852617257e-01
1.097442111203988935e-01
1.104471734184208354e-01
1.107486498950973897e-01
1.091434538155044848e-01
1.098492458629908436e-01
1.101473427999192789e-01
1.100469719144972075e-01
1.083390647361382325e-01
1.093454875073854721e-01
1.086441947847602840e-01
1.069349442503741976e-01
1.072421755597409571e-01
1.079430916576421817e-01
9.154915103336701276e-02
9.186142205473664391e-02
9.255926723032714687e-02
9.294401655439181453e-02
9.395523321256757376e-02
9.325720284222176193e-02
9.433953387862190065e-02
9.535159666231840525e-02
9.465336294471013434e-02
9.573574135276892438e-02
9.674839536897880676e-02
9.604993920002219410e-02
9.713267859654080294e-02
9.814566842812959269e-02
9.744697013133037100e-02
9.015490112739046880e-02
9.046598627473385890e-02
9.116366305115673752e-02
8.876123346796821467e-02
8.976838786754635924e-02
8.907086437372409293e-02
8.736811821994910909e-02
8.837341240324965430e-02
8.767602911248570385e-02
8.597552983907687241e-02
8.697871164471250582e-02
8.628145775905167458e-02
8.458344762582535592e-02
8.488713280873246003e-02
8.558426535638158361e-02
8.319185622338479136e-02
8.349304246729162549e-02
8.419005877135640747e-02
9.853038587256256198e-02
9.884449525529805103e-02
9.954345557562439828e-02
9.992890330373642438e-02
1.009417964337236268e-01
1.002425543391660956e-01
1.013282701314972278e-01
1.023407297598916271e-01
1.016411866665351271e-01
1.027285239748373796e-01
1.037402927093765415e-01
1.030404302857385046e-01
1.041297001007565753e-01
1.051405201081619389e-01
1.044403212773200307e-01
1.055318307112256965e-01
1.058408930344142407e-01
1.065414437406905362e-01
8.025063131034981811e-02
7.870757599528063753e-02
7.850116941888481137e-02
7.945681152668555847e-02
7.684670946310959150e-02
7.757013378009355864e-02
8.100045147989297367e-02
8.128439014825987463e-02
8.199069671547101756e-02
7.939293176486329762e-02
8.047875148687687330e-02
7.984411998865713345e-02
8.169804615985644392e-02
8.180074660433701850e-02
8.279608331803374466e-02
8.209918142087696546e-02
1.141625412480025137e-01
1.144771582400819915e-01
1.152515436788265624e-01
1.127918973305174904e-01
1.130868372684261103e-01
1.137936218370891178e-01
1.151616527751255364e-01
1.152515231389648065e-01
1.147396617724252416e-01
1.113886800547001232e-01
1.123869147588834605e-01
1.116777420506931962e-01
1.099681055844651950e-01
1.102607688175452905e-01
1.109690262807755401e-01
1.094430093108249707e-01
1.085496323207117697e-01
1.088456321037113983e-01
1.095529706452832291e-01
1.090415087293945401e-01
1.076368773237204868e-01
1.062332630125856353e-01
9.085195130470662128e-02
9.224650465286775292e-02
9.364169140243017164e-02
9.503754891241954217e-02
9.643411625890288552e-02
9.783143347651108990e-02
8.945799648979191332e-02
8.806460851874123308e-02
8.667175961705739229e-02
8.527942658116674512e-02
8.388759130465588132e-02
8.249624152261775256e-02
9.922954085155606674e-02
1.006284781592340916e-01
1.020282839216792997e-01
1.034289946721193287e-01
1.048306442330141641e-01
7.950019260777275998e-02
7.777631725441531974e-02
8.019651201669442120e-02
7.905113819577977430e-02
8.041011629408000017e-02
8.140233710183208959e-02
8.070629718004874997e-02
8.110537149371842280e-02
1.134769630233535553e-01
1.120900290378332581e-01
1.133228676926187756e-01
1.142308222944196372e-01
1.134387867303635750e-01
1.143136709819376207e-01
1.142887031244346069e-01
1.136932358945664800e-01
1.144407051708001138e-01
1.145055129339312278e-01
1.139267674337000880e-01
1.106781307627636712e-01
1.092586058757356871e-01
1.077330476771201501e-01
1.084380547153927787e-01
1.087390022044866372e-01
1.071332646213942752e-01
1.078411853241510593e-01
1.081387532258185069e-01
1.080353202589847267e-01
1.063242046112257699e-01
1.066289254605820025e-01
1.073319620036728844e-01
1.049169101522131192e-01
1.059262084162594653e-01
1.052238082094981569e-01
8.953030187224356173e-02
9.053948657768423613e-02
8.984297859599145453e-02
9.092268662874015972e-02
9.193315826588879802e-02
9.123621163812514756e-02
9.231622928457439148e-02
9.332773527318853624e-02
9.263033122656071094e-02
9.371096980275868404e-02
9.472325665608094525e-02
9.402537543133833442e-02
9.510694949977283041e-02
9.542138407994846250e-02
9.611976278213243963e-02
9.650421028883737762e-02
9.751729463713509904e-02
9.681839793595196919e-02
8.813903705911936559e-02
8.845059644517432040e-02
8.914668323220660551e-02
8.674885722206940319e-02
8.775471415412852694e-02
8.705903279349830326e-02
8.535973074446236153e-02
8.636354870641492487e-02
8.566825907156727649e-02
8.397163091209479402e-02
8.427825158612943512e-02
8.497316084500776412e-02
8.258453533879982211e-02
8.358352910750707632e-02
8.288899148261770489e-02
8.119842685844563812e-02
8.150046568733558539e-02
8.219463730648998712e-02
9.790279391959526289e-02
9.821645800362185930e-02
9.891589305418198308e-02
9.930274122339613485e-02
1.003155979660046160e-01
9.961560475903158407e-02
1.007040913653119152e-01
1.017164476610746965e-01
1.010158774049646074e-01
1.021068811087716965e-01
1.031184780517330757e-01
1.024173131325054470e-01
1.035111440962948465e-01
1.045217219586280083e-01
1.038199463963748598e-01
7.740246591647369223e-02
7.805547115757606458e-02
7.712546448505591679e-02
7.548778366151422115e-02
7.616782064187939405e-02
7.904255942344035057e-02
8.002097195753771208e-02
7.921896179858871345e-02
7.839680112622537944e-02
7.972621567144191901e-02
7.981329526871532021e-02
8.080647589994494062e-02
8.011266794598169427e-02
1.122117352733906365e-01
1.131876885178974140e-01
1.125005537817410223e-01
1.108174510637903593e-01
1.118052056481254330e-01
1.111018858561953343e-01
1.133792383810004883e-01
1.135646136888743413e-01
1.129523904390039302e-01
1.093891353375173459e-01
1.096775310087393929e-01
1.103894133868494193e-01
1.079634524412533686e-01
1.089662404524297107e-01
1.082555427862659098e-01
1.074323334522203355e-01
1.065404125134268160e-01
1.075454387343629525e-01
1.068359283971385409e-01
1.070284315414194859e-01
1.056203649608632028e-01
1.042138375653659244e-01
9.022635196693536141e-02
8.883453175598150786e-02
9.161931079039280224e-02
9.301344727886588781e-02
9.440880216621524990e-02
9.580541716197694957e-02
9.720333419224914950e-02
8.744381360466710329e-02
8.605416413186463276e-02
8.466555408590821508e-02
8.327795883282036737e-02
8.189135851339714167e-02
8.050573938468291724e-02
9.860259464157757059e-02
1.000032386010058505e-01
1.014053041258035914e-01
1.028088265075646074e-01
7.644422877736982425e-02
7.782889539588067063e-02
7.861087205202318962e-02
7.843555913466684903e-02
7.761624159924813970e-02
7.837607525248005413e-02
7.939249724491444227e-02
7.871026585639084860e-02
7.909450121349537177e-02
1.115142639873841907e-01
1.101029650808229288e-01
1.116449893653565506e-01
1.124838908752210376e-01
1.125422720831344703e-01
1.114487625561609990e-01
1.123862378577786814e-01
1.118023907053383448e-01
1.126205650566931837e-01
1.127482701148174726e-01
1.120057232972921230e-01
1.086759639933802812e-01
1.072516018319150249e-01
1.057189994303164571e-01
1.064258697080452676e-01
1.067263719273028599e-01
1.051200175853167357e-01
1.061270115324129820e-01
1.058298846346519412e-01
1.060208672582557549e-01
1.043068267556389317e-01
1.053158177664427347e-01
1.046112212936204239e-01
1.028967302037949172e-01
1.032033772590119219e-01
1.039070754081206360e-01
8.890301787171488168e-02
8.991263029582202693e-02
8.921695416125179079e-02
8.751348534544164948e-02
8.852162532535647055e-02
8.782663908756394022e-02
9.029421023916174571e-02
9.130504468985151112e-02
9.060865880900495495e-02
9.168710488825118632e-02
9.200179322152052253e-02
9.269890961280592701e-02
9.308174561593014762e-02
9.339639927308686362e-02
9.409426752233432389e-02
9.447817680202355572e-02
9.479251980785599607e-02
9.549116146372685354e-02
9.587644264628734925e-02
9.688963430883289207e-02
9.619019787980104264e-02
8.612557233777738686e-02
8.713199073238497849e-02
8.643767595258446124e-02
8.473924099263609178e-02
8.574369019449867846e-02
8.505003003164232633e-02
8.335445784020779902e-02
8.435669125419729963e-02
8.366367124670175126e-02
8.197119438830623162e-02
8.297096638970304083e-02
8.227857417528795791e-02
8.058941966969995763e-02
8.089471476503432013e-02
8.158648899645999653e-02
7.920913325572899455e-02
7.951208777651012916e-02
8.020325036768277682e-02
9.727658640028766235e-02
9.828972799520785397e-02
9.758947598829492698e-02
9.867864960766621618e-02
9.969148277283544635e-02
9.899039532067077651e-02
1.000826713567988246e-01
1.003929950043295216e-01
1.010949364633705744e-01
1.014886875513949099e-01
1.017973113741067887e-01
1.025001237364114998e-01
7.620979871196162381e-02
7.680676439365491381e-02
7.584952504127906447e-02
7.421979946666193428e-02
7.485446582149925254e-02
7.709513019375779930e-02
7.806822241034523657e-02
7.746263492250977933e-02
7.701877720685856854e-02
7.773553030206520331e-02
7.783030443691545119e-02
7.882122976776838319e-02
7.810409679924534831e-02
1.102560281305444423e-01
1.112344244939015986e-01
1.105354675261308595e-01
1.088192430054073789e-01
1.091030089529275854e-01
1.098188769722971692e-01
1.115451504195678206e-01
1.117221911628971387e-01
1.110289239225580593e-01
1.073856264568803370e-01
1.083878662413449157e-01
1.076734504404421866e-01
1.059551940148797250e-01
1.069597630810621702e-01
1.062468049152455463e-01
1.054186873314845174e-01
1.045279528687472481e-01
1.048230770294297509e-01
1.055345763064733378e-01
1.050126524386226223e-01
1.036015202541417518e-01
1.021924537720828030e-01
8.820804674075617691e-02
8.959840399929623611e-02
8.681932884902018865e-02
9.099044210100924734e-02
9.238420426054069767e-02
9.377973466271785630e-02
9.517707769367671211e-02
9.657627717472362650e-02
8.543221114140278627e-02
8.404665786421672280e-02
8.266263794818018429e-02
8.128012157395109183e-02
7.989909297255834431e-02
7.851953596144069236e-02
9.797737559779352845e-02
9.938041337129725761e-02
1.007854280811415065e-01
7.521382077524976784e-02
7.665269181441212998e-02
7.608420515589370270e-02
7.722928574944802615e-02
7.659064760879205624e-02
7.695672876774588278e-02
1.095372406907958174e-01
1.081020376850467674e-01
1.098636430355792032e-01
1.106559317866947362e-01
1.107547036337281215e-01
1.099697646844661342e-01
1.108072086912309379e-01
1.108865123004950659e-01
1.095217942553000784e-01
1.104858144959944555e-01
1.101113567093381096e-01
1.066700116106392149e-01
1.052411744530167975e-01
1.037022621408584533e-01
1.044108105921606744e-01
1.047109546505154698e-01
1.031039020060447869e-01
1.038155290684629473e-01
1.041123064775282825e-01
1.040038118344524254e-01
1.022871336111023377e-01
1.032972569026664317e-01
1.025912874215802600e-01
1.008746129033744332e-01
1.018859006440139270e-01
1.011810934311702104e-01
8.688524116033220779e-02
8.789387846707423513e-02
8.719965873307880533e-02
8.827370860495653559e-02
8.858857549511373053e-02
8.928375514979358663e-02
8.549893067089842091e-02
8.650591082064715276e-02
8.581262978352541260e-02
8.966437873207144804e-02
8.997942308479853213e-02
9.067558485864651852e-02
9.105729862147327047e-02
9.206941293470226328e-02
9.137224625476179918e-02
9.245251592080411251e-02
9.346528529165451515e-02
9.276709072190042482e-02
9.385007810142374785e-02
9.486324766283001086e-02
9.416400240834323088e-02
9.525003166637013852e-02
9.626334482166322426e-02
9.556302666377620991e-02
8.411473343421688176e-02
8.511981028824375239e-02
8.442744787939021611e-02
8.273260854404841658e-02
8.373553757490295735e-02
8.304407584717017621e-02
8.135251664660214654e-02
8.235305634862340185e-02
8.166247977984579520e-02
7.997440743197546664e-02
8.097232727225714410e-02
8.028261905864793324e-02
7.859832521565814079e-02
7.959335713631880693e-02
7.890451561513851797e-02
7.722417740929413132e-02
7.752810706972437793e-02
7.821609943900734163e-02
9.665242137505022924e-02
9.766561981475428700e-02
9.696420749353165669e-02
9.805728947960805353e-02
9.907011320698193291e-02
9.836758679669106720e-02
9.946467498007691144e-02
1.004768623449988491e-01
9.977320361975415552e-02
7.508979719321405566e-02
7.465528233052351470e-02
7.565039595195093003e-02
7.304655536062676369e-02
7.363392713135209766e-02
7.609160175034004880e-02
7.558736879502619965e-02
7.587240325586817880e-02
7.685086979809382934e-02
7.597930885277104363e-02
1.083401842372807705e-01
1.085783241451340475e-01
1.092985842090769127e-01
1.068168726502405352e-01
1.071000704812833659e-01
1.078185690040088102e-01
1.096910374304817665e-01
1.099150652337702733e-01
1.091545888730709041e-01
1.053783173417769947e-01
1.063824366235409241e-01
1.056656684660704087e-01
1.039435038707229170e-01
1.049497669918958431e-01
1.042347325587426876e-01
1.034022635016376701e-01
1.025124360397372952e-01
1.035205651068730887e-01
1.028072639998141580e-01
1.029943705984571328e-01
1.015805487533214535e-01
1.001693229165276783e-01
8.619181910570204719e-02
8.757920248523640150e-02
8.896876545974251316e-02
8.480657050901141414e-02
9.036055453104251123e-02
9.175461716158904435e-02
9.315100100945609973e-02
9.454975315965470639e-02
9.595091933982584365e-02
8.342341429522874552e-02
8.204231024009971118e-02
8.066321341342161388e-02
7.928612073034066454e-02
7.791100781026151501e-02
7.654799836721319639e-02
9.735454315013521154e-02
9.876066530839848479e-02
7.406716248425811167e-02
7.388028695624640485e-02
7.448562011187312426e-02
7.498110001833646621e-02
7.455275823336421359e-02
7.531856343376559793e-02
7.521220331586515873e-02
1.075780199341000998e-01
1.060971279148228419e-01
1.085283718420930327e-01
1.091960962814656072e-01
1.090245923776431286e-01
1.079334167981866738e-01
1.088984920129301703e-01
1.089520880020507509e-01
1.075483514674860641e-01
1.085356980102261393e-01
1.081349595858904222e-01
1.046604424802626415e-01
1.032275019130024646e-01
1.016830327200825834e-01
1.023930705472444885e-01
1.026929465757488863e-01
1.010851090820300002e-01
1.017983056232853040e-01
1.020948281727732804e-01
1.019843536870726347e-01
1.002653290889987114e-01
1.012764824550853315e-01
1.005693300721169914e-01
9.885076852048542417e-02
9.915716883524845759e-02
9.986289337483018891e-02
8.486959153356792018e-02
8.518455750511350066e-02
8.587713561832266418e-02
8.625496019924024094e-02
8.657031465466852316e-02
8.726410037196823122e-02
8.764302721084028802e-02
8.865351627069786855e-02
8.795849891313098357e-02
8.348687145618240157e-02
8.449257435869363120e-02
8.380118074670743489e-02
8.903384372190224771e-02
9.004543233596667973e-02
8.934915871131011988e-02
9.042746145722134476e-02
9.143989815546967048e-02
9.074234344441772793e-02
9.182393197510371752e-02
9.283696314273554018e-02
9.213810271071309899e-02
9.322330585986622620e-02
9.423667573790336927e-02
9.353648553553184364e-02
9.462563192738335238e-02
9.493753957786851827e-02
9.563908262341511146e-02
8.210675139676841539e-02
8.311037054329122042e-02
8.242013965612385307e-02
8.072918321239054562e-02
8.173047972751502910e-02
8.104139050259540067e-02
7.935412089617380205e-02
8.035285930574856406e-02
7.966488515096011025e-02
7.798143503111859554e-02
7.897741943150826671e-02
7.829058097227763191e-02
7.661416189547050337e-02
7.691996665838535252e-02
7.760571257322526617e-02
7.526168952571860027e-02
7.556784502737694253e-02
7.624242392804046753e-02
9.603095644033018963e-02
9.634131035015165712e-02
9.704422795042018379e-02
9.743932234292919381e-02
9.774784045358519968e-02
9.845215258434891759e-02
7.197172680180466409e-02
7.250994346526769274e-02
7.346376337867541184e-02
7.421676159919642080e-02
7.398591246987809567e-02
7.492868124175396105e-02
7.426990273496654471e-02
1.062579159944515295e-01
1.072996627467442260e-01
1.065361243405382602e-01
1.048104960833385196e-01
1.050932299686853505e-01
1.058141754442173815e-01
1.080372205848110223e-01
1.082292326858712017e-01
1.070947805230066385e-01
1.033673738588670038e-01
1.036543548629702272e-01
1.043732894416338625e-01
1.019285578316710406e-01
1.022195049788413163e-01
1.029364267433567487e-01
1.013832560400008131e-01
1.004940473361679160e-01
1.007886775828295139e-01
1.015035889751122744e-01
1.009737865107248889e-01
9.955765763072269015e-02
9.814465819854818751e-02
8.417790346811593327e-02
8.556194176215003999e-02
8.694865329003219345e-02
8.833808860844176436e-02
8.279648914343551436e-02
8.973029925808814755e-02
9.112533698186442432e-02
9.252325295162419638e-02
9.392409696655716622e-02
9.532791666292671218e-02
8.141765033185781320e-02
8.004133986202041640e-02
7.866746988944312013e-02
7.729749036753186253e-02
7.593760715452677057e-02
7.462350294925298999e-02
9.673475673840394029e-02
7.292516379892072242e-02
7.294102541220964797e-02
7.374637994600960478e-02
7.341136122329544600e-02
7.346336130491924743e-02
1.055336696517057277e-01
1.040883970779590967e-01
1.070689088073761147e-01
1.073065374914037168e-01
1.077989165569890745e-01
1.075002662460722014e-01
1.055353324450369473e-01
1.065425209764614134e-01
1.056837991530465704e-01
1.068094087765744660e-01
1.059696590428405721e-01
1.026474274658636110e-01
1.012107648482686306e-01
9.966151031048399445e-02
1.003728448209768309e-01
1.006725455943096037e-01
9.906383300815432835e-02
9.977840412811268822e-02
1.000747691778448994e-01
9.996269436558379018e-02
9.824161964320637930e-02
9.925369947198157961e-02
9.854555762955004294e-02
9.682541016089002417e-02
9.783826515502658250e-02
9.713181802694052791e-02
8.285630946072999881e-02
8.386263938893659398e-02
8.317188753883932029e-02
8.423820584846969384e-02
8.524631856127336260e-02
8.455411424294133338e-02
8.562329093000130287e-02
8.663294197089077553e-02
8.593925894006160249e-02
8.701162063409853542e-02
8.802256306613345793e-02
8.732737446141147775e-02
8.147754774272658596e-02
8.179252754576343820e-02
8.248185265174053094e-02
8.840325152266055586e-02
8.941523589366619229e-02
8.871851465563965200e-02
8.979824003950458156e-02
9.081101435450268655e-02
9.011273360077663719e-02
9.119664167613504568e-02
9.220995138366248900e-02
9.151008481810574136e-02
9.259851014659142843e-02
9.361209814092620596e-02
9.291062045570074035e-02
9.400389657677613031e-02
9.431439048570314232e-02
9.501750321371842112e-02
8.010186384897324818e-02
8.110390572300225920e-02
8.041598178786434070e-02
7.872919355058050073e-02
7.972874248566232114e-02
7.904219516673405277e-02
7.735944628919518007e-02
7.835629469167479377e-02
7.767105773284241343e-02
7.599214648938433514e-02
7.698625964514636821e-02
7.630383430416645685e-02
7.462823709067963052e-02
7.562062218728876628e-02
7.494565588755822128e-02
7.328486078596391229e-02
7.427266069261162507e-02
7.363605343132534342e-02
9.541284871380756316e-02
9.642621183978135335e-02
9.572144191642545374e-02
7.099887885889404060e-02
7.148613037546870663e-02
7.245650218275315191e-02
7.210561290196437767e-02
7.304512124717645050e-02
7.252399397483681731e-02
1.042524495376028898e-01
1.045302057146653973e-01
1.052557011864098946e-01
1.027998350232346703e-01
1.030824339583833460e-01
1.038056372700243424e-01
1.058790615423926967e-01
1.064737283367466203e-01
1.067136212648482352e-01
1.063755531317386177e-01
1.057062744105649738e-01
1.049676338270937592e-01
1.013529648061720634e-01
1.023605918406959442e-01
1.016396819537859070e-01
9.991053515816339381e-02
1.009199197270087972e-01
1.002013044775479783e-01
9.936186163725262144e-02
9.847297583026724810e-02
9.948383496734455878e-02
9.876750943436203578e-02
9.895110305441462417e-02
9.753305675018446308e-02
9.611867579477155477e-02
8.216654016603933131e-02
8.354686256333533623e-02
8.493034639572343003e-02
8.631704674374732211e-02
8.770701995758117819e-02
8.078932366283014810e-02
8.910032264471007268e-02
9.049701087661116139e-02
9.189713935840806980e-02
9.330076061027116341e-02
9.470792416606423070e-02
7.941515240851490520e-02
7.804394889103324906e-02
7.667542971076179992e-02
7.530982626242344047e-02
7.395617912541556371e-02
7.269499816928957914e-02
7.196912638983204991e-02
7.155213598225207416e-02
1.035255321113701249e-01
1.020757922014372959e-01
1.052249150734224509e-01
1.061474462896791898e-01
1.055513712968388224e-01
1.054535288203808374e-01
1.042343514774799473e-01
1.048839066440659384e-01
1.050571336097688296e-01
1.034901389321470910e-01
1.045134344466883553e-01
1.036842455995003881e-01
1.039669006842122989e-01
1.046845040363491713e-01
1.006311406719142959e-01
9.919114750360054356e-02
9.763789736966328736e-02
9.835033181912836153e-02
9.864995237088963753e-02
9.704027206472048972e-02
9.775601833630311044e-02
9.805232559487124522e-02
9.793903834827842603e-02
9.621621534448916713e-02
9.722911608146002360e-02
9.652018170464926605e-02
9.479875483056143803e-02
9.581223090771037731e-02
9.510525906843450561e-02
8.084564095031715469e-02
8.116189188225865492e-02
8.185063290783649304e-02
8.222369210037269727e-02
8.323065329252660183e-02
8.254021779089235067e-02
8.360541613153281426e-02
8.461410526816665056e-02
8.392194672176177261e-02
8.499087454042278389e-02
8.600104745751885327e-02
8.530713642058232460e-02
8.638012950027816605e-02
8.739153913369460125e-02
8.669584592699618175e-02
7.947120267669581517e-02
7.978691058868035701e-02
8.047398718426077013e-02
8.777324313903245301e-02
8.878563948414106011e-02
8.808813457777057987e-02
8.917027667469630547e-02
9.018340676172419135e-02
8.948406119873858477e-02
9.057128955970346340e-02
9.088368325975723638e-02
9.158489744484955841e-02
9.197633863953846856e-02
9.299016541203632136e-02
9.228705604134873619e-02
9.338547733166156772e-02
9.439926113669123986e-02
9.369423181865539629e-02
7.810032208362631401e-02
7.841521422248645679e-02
7.910066018528338905e-02
7.673288653239665469e-02
7.773056351390648933e-02
7.704670120767126429e-02
7.536902297404084183e-02
7.636371563852299704e-02
7.568119742564428931e-02
7.400815784005511377e-02
7.499959131849336103e-02
7.431887659476495156e-02
7.264525167333134303e-02
7.363613454517971280e-02
7.296574259338463320e-02
7.132571931261780240e-02
7.230462096086462398e-02
7.171637394850051417e-02
7.013145739417570024e-02
7.056599480531543234e-02
7.111776307492848059e-02
1.022429072159735663e-01
1.025201067543310418e-01
1.032481780453449183e-01
1.007837310810918430e-01
1.017922362787818807e-01
1.010671943274759482e-01
1.047292967932376140e-01
1.044545806498847207e-01
1.038609075231324147e-01
1.029628111250963374e-01
9.933526324800560914e-02
1.003445145601421506e-01
9.962182590427999529e-02
9.788961961565958991e-02
9.890042733580155232e-02
9.818031750189344653e-02
9.733828068536483358e-02
9.644941543736770817e-02
9.746149444138324514e-02
9.674395567677865349e-02
9.692652657675772387e-02
9.550695973642378545e-02
9.409159591671555078e-02
8.015797385676332043e-02
8.153421125157969684e-02
8.291409125935331192e-02
8.429767473917262888e-02
8.568502363461351357e-02
8.707620020469809818e-02
7.878532136749874515e-02
8.847126623001133616e-02
8.987028215195008718e-02
9.127330622350250666e-02
9.268039367726355060e-02
7.741616971234591138e-02
7.605052615553832551e-02
7.468816695547390860e-02
7.332628037736019233e-02
7.198509305938158298e-02
7.072831731266496225e-02
1.015126266224511548e-01
1.000588260549310077e-01
1.039576548850539434e-01
1.022728361837217104e-01
1.032541778626090562e-01
1.028804979810040293e-01
1.014207164018187252e-01
1.024561094852578097e-01
1.014066423334287620e-01
1.018235142676677529e-01
1.025461498628353757e-01
9.861176061984343322e-02
9.716883878911311556e-02
9.561240075282298467e-02
9.632573419103626633e-02
9.662537142663425727e-02
9.501462970868936042e-02
9.573134701381207090e-02
9.602769815525361019e-02
9.591359412081412739e-02
9.418933095254630739e-02
9.520294456500859315e-02
9.449341820253932822e-02
9.277102449371593673e-02
9.378500998628101770e-02
9.307771458322439129e-02
7.883783949489039933e-02
7.984136582230040580e-02
7.915481887762590429e-02
8.021167228739374544e-02
8.052887499134626925e-02
8.121735439929197997e-02
8.158965562289353934e-02
8.190681195747126497e-02
8.259725557768220205e-02
8.297185700848896950e-02
8.328869351483920991e-02
8.398113377252074130e-02
8.435834498680568061e-02
8.467458466897735681e-02
8.536905424991222957e-02
8.574918815386305126e-02
8.606455079417131560e-02
8.676108227538097128e-02
7.746837128677304396e-02
7.778472303640536489e-02
7.846936710581527141e-02
8.714445426387641691e-02
8.815728223454982748e-02
8.745865682464623592e-02
8.854420934364894136e-02
8.955771676292491323e-02
8.885696637927768815e-02
8.994851681587241743e-02
9.096244588741515813e-02
9.025954089548558767e-02
9.135743664227667649e-02
9.237152618806640514e-02
9.166643878002250778e-02
7.610404034964472764e-02
7.641891748625329051e-02
7.710171764575436681e-02
7.475094877170840313e-02
7.506051663064866597e-02
7.574141668546177653e-02
7.338376123867662582e-02
7.437584130901644941e-02
7.369656636153890106e-02
7.203666502858559195e-02
7.302182136650796351e-02
7.234163128129818265e-02
7.068774915775233314e-02
7.166587641142434240e-02
7.100746595135390415e-02
6.937277968279866036e-02
7.034856002121467333e-02
6.975291838422578716e-02
1.002133361434731501e-01
1.012286193712951671e-01
1.004973512025502391e-01
9.876892529164482681e-02
9.977675430935886713e-02
9.905093405431690534e-02
1.029768969614745094e-01
1.018457275997227129e-01
1.018382674995872289e-01
1.008090957018396988e-01
9.731444739470092309e-02
9.832523323594091758e-02
9.760096776775208094e-02
9.586600055452432212e-02
9.687813597997323167e-02
9.615673570833797867e-02
9.531271836332579073e-02
9.442356603331102105e-02
9.471821799827290222e-02
9.543676415068298724e-02
9.490026797095946209e-02
9.347958504042538919e-02
9.206364386090909457e-02
7.815259906773812382e-02
7.952424132365970566e-02
8.090014103836405679e-02
8.228022487253099093e-02
8.366456096372970608e-02
8.505321799415539730e-02
8.644626425083287713e-02
7.678570794595017401e-02
8.784376673475648156e-02
8.924579027916948459e-02
9.065239668184674193e-02
7.542700914828764924e-02
7.406686292408873329e-02
7.270974079287732816e-02
7.136173399239309489e-02
7.002982876846951255e-02
9.949044420884189943e-02
9.804093169106074812e-02
1.004388902340016404e-01
1.009284712414043050e-01
1.013563314318600278e-01
9.933550233938871765e-02
1.003787339060046302e-01
1.009216299496779601e-01
9.935956395870540470e-02
9.978542790273420282e-02
1.003836487622233875e-01
9.658947113986664224e-02
9.514403339893737210e-02
9.358523279448824339e-02
9.459901222133451637e-02
9.429925991765078508e-02
9.298711566968304032e-02
9.400109331568159976e-02
9.370459504827856334e-02
9.388657525266332071e-02
9.216118698144325216e-02
9.246548838424145655e-02
9.317540242696012442e-02
9.074244711917363315e-02
9.104941280003388260e-02
9.175682722741329567e-02
7.683316562897019031e-02
7.783509504949449875e-02
7.715106635870752627e-02
7.820240736847394736e-02
7.920667892740666793e-02
7.852034309250957578e-02
7.957626962495542577e-02
7.989411144504598994e-02
8.058264931015855781e-02
8.095482686980816356e-02
8.196307710367276012e-02
8.127230158438095153e-02
8.233815469704654222e-02
8.334803428758673360e-02
8.265498504319915285e-02
8.372632893024971323e-02
8.473759297746108476e-02
8.404223399162311092e-02
8.511942465665592317e-02
8.613182449533847429e-02
8.543412026254464109e-02
7.546847198150050118e-02
7.646796840224336089e-02
7.578663144567079901e-02
8.651751530553156155e-02
8.753079846638446571e-02
8.683071444234159719e-02
8.792067173317499873e-02
8.893458192323777656e-02
8.823208497093028291e-02
8.932896132386637655e-02
9.034323842893458856e-02
8.963829725425352668e-02
7.410798842882382331e-02
7.510551555884723007e-02
7.442992028573028329e-02
7.281365743090494058e-02
7.378180049754491654e-02
7.309923569553108957e-02
7.144262750326550726e-02
7.174024193360460655e-02
7.241263446444103080e-02
7.009829184338957353e-02
7.039365920659321207e-02
7.106685842520800434e-02
6.872601709996246921e-02
6.970620938958692336e-02
6.905014572023769615e-02
9.819454282850913207e-02
9.920439788699886297e-02
9.848058210587197492e-02
9.674814458387118177e-02
9.703014434772108676e-02
9.775894201252247062e-02
9.988623857693212926e-02
9.989814840684919928e-02
9.877635594443189004e-02
9.529070186491508943e-02
9.557729453132679520e-02
9.630292906678758480e-02
9.383987410440233767e-02
9.413075711526697198e-02
9.485323824930703973e-02
9.328538572566030806e-02
9.239563455990698615e-02
9.340984736955204593e-02
9.269050475864469563e-02
9.287254375034299791e-02
9.145115699561194578e-02
9.003505104506091816e-02
7.751721360926761006e-02
7.615025480201789709e-02
7.888875640987186300e-02
8.026495676059282325e-02
8.164588981110382226e-02
8.303163138843040747e-02
8.442225706485359527e-02
8.581784121362701079e-02
7.478767431255409215e-02
8.721845609105609298e-02
8.862417092829935616e-02
7.346032287066940614e-02
7.212758757040171886e-02
7.076993327618689988e-02
6.941159807687705130e-02
9.747059263875650081e-02
9.601859518049549180e-02
9.837961478381386515e-02
9.940978941514089229e-02
9.885612887174244356e-02
9.724341188352007836e-02
9.828998930724194838e-02
9.886884668743578519e-02
9.753471952975596715e-02
9.786387734200843735e-02
9.844754420979889842e-02
9.456446267052272259e-02
9.311693295720897823e-02
9.155661238311285643e-02
9.227112339714471645e-02
9.257109023297581396e-02
9.095794703488925548e-02
9.167597454331494200e-02
9.197272435017173065e-02
9.185820146698621402e-02
9.013201075155963249e-02
9.114671345414709913e-02
9.043661991578022530e-02
8.871325770877959427e-02
8.902058857966091421e-02
8.972791398922534689e-02
7.619616646071825095e-02
7.719889182347455803e-02
7.651488694564584359e-02
7.483188877603774714e-02
7.583208548279631034e-02
7.515047820994762151e-02
7.756552655814953623e-02
7.857055068989841906e-02
7.788410989431365783e-02
7.894005105036284997e-02
7.994714022915327956e-02
7.925822422267253531e-02
8.031982332469225772e-02
8.132873984630890896e-02
8.063730883198690080e-02
8.170492717024296914e-02
8.271542925610206320e-02
8.202144339807797280e-02
8.309544579093436356e-02
8.410728750696849776e-02
8.341070742364559143e-02
8.449146083226267978e-02
8.480517926840809573e-02
8.550439203566254087e-02
7.347261384404446538e-02
7.447005572049962552e-02
7.379067461202219735e-02
8.589305143098567574e-02
8.620493521096750378e-02
8.690681773272722344e-02
8.730029328648054865e-02
8.761004853038098505e-02
8.831463602965784754e-02
7.218620344850294746e-02
7.250038413777305790e-02
7.314662158663713665e-02
7.090742352910552049e-02
7.117553782957437847e-02
7.186001205019504345e-02
6.961781859360598179e-02
6.985866242223399969e-02
7.052972604751840680e-02
6.819416430699141995e-02
6.914564926963033542e-02
6.846076108901348600e-02
9.620699404661992027e-02
9.647635654202957323e-02
9.720118262260322994e-02
9.472720726847769224e-02
9.500781156519839954e-02
9.573805925723621879e-02
9.781073168971483878e-02
9.795632469591511460e-02
9.687045998671042768e-02
9.326421887500865870e-02
9.427779031814673139e-02
9.355100036948114928e-02
9.181144425837596545e-02
9.210258720770554686e-02
9.282593409895935344e-02
9.125650078197328208e-02
9.036583612972674817e-02
9.138095498444792630e-02
9.066103207580510082e-02
9.084357711172717786e-02
8.942190685823465934e-02
8.800605602212187295e-02
7.688020623065730530e-02
7.551339748295536614e-02
7.415163099531627000e-02
7.825213816737773553e-02
7.962927608029408966e-02
8.101170368119273157e-02
8.239950458951367240e-02
8.379276134981356039e-02
8.519155447122088443e-02
7.282885346261894211e-02
8.659596148954676331e-02
7.154626925398625825e-02
7.026207764321536209e-02
6.890532998093057415e-02
9.546622653458439189e-02
9.399481053673636177e-02
9.613438022008855000e-02
9.668694524861709549e-02
9.725739290745054333e-02
9.515377339500601106e-02
9.619899605851388313e-02
9.683453870194691504e-02
9.616909922925118148e-02
9.253693348095914928e-02
9.108774704352852469e-02
8.952676601772417697e-02
9.054182802463010826e-02
9.024154651517170278e-02
8.892734930053032560e-02
8.994281242204518745e-02
8.964570589957332469e-02
8.982869969551615652e-02
8.810203742249214653e-02
8.840704789847891876e-02
8.911710875878245397e-02
8.668369928843465411e-02
8.699148441003771992e-02
8.769850916183337397e-02
7.555770377302180318e-02
7.656123251524227236e-02
7.587708055542514984e-02
7.419511750919792481e-02
7.451372471931287655e-02
7.519521186064992424e-02
7.284565216395542941e-02
7.315942630195983176e-02
7.383829558692976691e-02
7.692780533566824508e-02
7.793359441365818596e-02
7.724673355683026044e-02
7.830362435224132167e-02
7.931143991634796719e-02
7.862182625839900241e-02
7.968525327186845586e-02
8.069485705956046251e-02
8.000244658033865697e-02
8.107278420620679660e-02
8.138868244613475800e-02
8.208393340157560392e-02
8.246630780232606928e-02
8.278062078387846134e-02
8.347875499184609360e-02
8.386591231788602385e-02
8.487940542407135247e-02
8.417834653254353816e-02
7.148778733830134235e-02
7.247968339105695379e-02
7.183736517940104982e-02
8.527168264764226069e-02
8.628596488422858590e-02
8.558194170645093413e-02
7.028478740593156748e-02
7.123495784390364294e-02
7.059653610848913574e-02
6.910410948328517267e-02
7.000527324231123338e-02
6.936144586645887067e-02
6.778002262991883464e-02
6.869839337366734355e-02
6.798766609469279742e-02
9.429966791876868981e-02
9.451215478030286499e-02
9.525369677233651300e-02
9.273335171467589344e-02
9.373062587177205529e-02
9.299757830269209102e-02
9.564305769261929879e-02
9.521603305152007146e-02
9.123519922317772923e-02
9.152228766920947334e-02
9.225001365000065623e-02
8.978094979683624854e-02
9.007244461722112294e-02
9.079644498933907293e-02
8.922628955497402536e-02
8.833439498828699055e-02
8.863002487767231152e-02
8.935030659255614738e-02
8.881359898063800884e-02
8.739207381953617571e-02
8.597690546367681153e-02
7.624204576103874031e-02
7.487571407747423136e-02
7.351970387660523854e-02
7.216604377571335383e-02
7.761499450379030773e-02
7.899370691557362767e-02
8.037827539147043843e-02
8.176879145352347611e-02
8.316534466486222299e-02
8.456802172927507799e-02
7.088573762749765528e-02
6.969393538298655766e-02
6.844143984825300231e-02
9.351558777889665275e-02
9.198323420445601861e-02
9.433203655238675545e-02
9.523356540360425337e-02
9.474169305780415218e-02
9.307623172170870207e-02
9.411525013591789945e-02
9.431465206863025308e-02
9.050711228512982320e-02
8.905669865614947167e-02
8.749592885199622416e-02
8.821075969213526546e-02
8.851145629248846625e-02
8.689555741772872488e-02
8.791158762191737808e-02
8.761401883891961617e-02
8.779830511452448027e-02
8.607151017806478899e-02
8.637701545799965352e-02
8.708682738904185983e-02
8.465402388932205535e-02
8.566886015432595425e-02
8.496235138453687996e-02
7.491807331575141282e-02
7.523796019156535342e-02
7.592256913761268045e-02
7.355303723680647887e-02
7.455495152914352885e-02
7.387422639140515945e-02
7.219387932502524530e-02
7.251999346753783271e-02
7.319403093460780108e-02
7.090877881210401468e-02
7.119855490541825149e-02
7.187671414598256758e-02
7.628984084989019754e-02
7.660881674204202130e-02
7.729641266966931490e-02
7.766758715129644386e-02
7.798552025952935896e-02
7.867615144140115147e-02
7.905171585501301335e-02
7.936831852550177424e-02
8.006203332865363675e-02
8.044232745886678582e-02
8.145415379079481988e-02
8.075730789666372977e-02
8.183952008464481787e-02
8.285260593573766374e-02
8.215258273846699766e-02
8.324338867347080839e-02
8.425747956934810656e-02
8.355423463870535750e-02
6.925755273726595662e-02
7.037192606289521812e-02
6.977158045512606155e-02
6.863812644459967027e-02
6.887142646179089667e-02
6.946096185265356049e-02
6.748615827828449709e-02
6.829480333489483523e-02
6.763354527856484111e-02
9.234064884724896283e-02
9.332047856258045282e-02
9.253532229647269680e-02
9.072711598759743146e-02
9.097995307544111399e-02
9.173056403250515189e-02
9.370391101706640469e-02
9.333599249715826551e-02
8.920422594940924377e-02
9.021999149280071628e-02
8.949152154018673311e-02
8.774853594824653935e-02
8.876496171114291178e-02
8.804053913191028924e-02
8.719498713130724443e-02
8.630154622678561094e-02
8.659771802011830000e-02
8.731813151815144558e-02
8.678284862597314409e-02
8.536190559078010720e-02
8.394785512122490689e-02
7.560317827382584399e-02
7.423479023114092079e-02
7.287270539607045017e-02
7.155062704090191239e-02
7.008216942538625371e-02
7.697792266308801923e-02
7.835884749019332574e-02
7.974620523143254036e-02
8.114009524664679562e-02
8.254061422907316148e-02
6.894766306920914467e-02
6.806164846581161387e-02
9.153242959627924669e-02
8.996460787828916561e-02
9.270625411051708342e-02
9.102070787934615770e-02
9.204854015418362234e-02
8.847527862306160673e-02
8.702400382704957027e-02
8.546434569066453657e-02
8.648021489690335684e-02
8.617900295391009435e-02
8.486281725537923870e-02
8.587929010672697150e-02
8.558115336411781238e-02
8.576726174157840721e-02
8.404068046139341608e-02
8.505611653552223872e-02
8.434677435021180336e-02
8.262449336261569466e-02
8.363922378849665551e-02
8.293345007234825816e-02
7.427695334447878550e-02
7.528303928024410174e-02
7.459751295518514402e-02
7.291205661618389844e-02
7.391465710035181880e-02
7.323262380152581463e-02
7.124786552933233541e-02
7.239974503576271370e-02
7.172105203638226567e-02
7.052540660876396861e-02
7.071722495071315617e-02
7.135918949322003768e-02
6.910182496573007149e-02
7.000498462718003634e-02
6.917987476196321706e-02
7.564132246596431963e-02
7.665414559523271720e-02
7.596550505372985651e-02
7.702316771575479226e-02
7.803718623692942891e-02
7.734522110595191957e-02
7.841980124224207094e-02
7.873551929644612146e-02
7.943086466576849969e-02
7.981415055546567383e-02
8.082668991612385057e-02
8.012791737311908413e-02
8.121568078153533488e-02
8.222944431671183607e-02
8.152719490080813369e-02
6.731487046251950768e-02
6.828508834236332592e-02
6.797646645566901569e-02
6.740083523974144120e-02
9.037927020550722002e-02
9.055218842408804814e-02
9.136021784059721040e-02
8.857932595099593520e-02
8.965356637468947787e-02
8.889045666901924936e-02
9.168005265801790205e-02
8.717040401203424160e-02
8.818756015169465501e-02
8.745846455258501906e-02
8.562298858473686713e-02
8.596135399847755487e-02
8.668596995998084642e-02
8.516283873561814044e-02
8.417914890178176957e-02
8.452013651639660174e-02
8.524049435514621798e-02
8.475157426460237786e-02
8.333165891347969756e-02
8.191917072246766851e-02
7.495829349028880484e-02
7.359367018192682075e-02
7.207882421980449372e-02
7.088622873491487453e-02
6.981293482778308523e-02
6.726816258358407630e-02
6.818391104327012342e-02
6.826264662265690841e-02
7.633138036457871867e-02
7.772060266646639570e-02
7.911608493844929368e-02
8.051401171065991624e-02
6.729169025617623423e-02
9.069862909636819404e-02
8.947864212942366335e-02
8.787342694406266586e-02
8.899720244644911127e-02
9.000882895439517306e-02
8.639559902026791582e-02
8.489999051257200724e-02
8.343227161346455922e-02
8.444835369367593991e-02
8.414652677774064893e-02
8.280988013189674590e-02
8.383642157180384857e-02
8.349338175331953715e-02
8.373582304208795901e-02
8.200979597816719646e-02
8.302522570148278269e-02
8.231657950075794983e-02
8.059537951106597597e-02
8.160986679493631435e-02
8.090505109266896144e-02
7.363945096425877912e-02
7.464004567591359107e-02
7.395813011948482174e-02
7.193308622758388948e-02
7.310443518636425275e-02
7.242264098504822001e-02
7.112514148246755485e-02
7.118643380869871251e-02
7.201817542122229687e-02
6.918038109172147676e-02
7.021300389848834922e-02
6.985285554807052488e-02
6.914106518643825527e-02
6.734768411335220750e-02
6.822458782171325620e-02
6.730793642437091218e-02
7.495942732064538039e-02
7.599099212905965905e-02
7.530023491900983412e-02
7.639902130867877450e-02
7.740917436864901136e-02
7.671086266776797058e-02
7.779009015268981142e-02
7.810463452303703646e-02
7.880193847746033708e-02
7.918883899251381864e-02
8.020213376717250098e-02
7.950110047427151605e-02
8.968818066654116183e-02
8.878625833049394456e-02
8.659182709250415333e-02
8.688047355087244461e-02
8.758564848858853280e-02
8.515646794586319290e-02
8.538867222636661869e-02
8.616365367735165370e-02
8.326232357220457458e-02
8.444289252855498307e-02
8.371969638404289094e-02
8.312034415793578823e-02
8.206535363645377223e-02
8.243697783173442595e-02
8.312230760165836840e-02
8.272002785371299072e-02
8.130159389891152000e-02
7.989112837205346318e-02
7.429854662526090558e-02
7.278508064327919580e-02
7.152852768391740335e-02
6.947921061291033318e-02
7.030142047140923445e-02
7.036342812182735940e-02
6.932956514772789514e-02
6.826299510884704935e-02
7.567825709974140835e-02
7.709360357433706068e-02
7.848849777597713406e-02
8.701577056146062028e-02
8.800616060153851339e-02
8.779734119826181071e-02
8.680268548634532955e-02
8.587348843023480394e-02
8.420842480733713165e-02
8.266217602770767336e-02
8.141693621161633088e-02
8.211225197429605771e-02
8.242460074457637342e-02
8.070380072121625947e-02
8.175680443869220992e-02
8.138330438092676589e-02
8.171277227789312814e-02
8.002002846720639162e-02
8.030716708718775576e-02
8.101485820574472196e-02
7.858206584557704544e-02
7.888497867704102884e-02
7.958862054281426457e-02
7.283518909964260823e-02
7.323724995167851803e-02
7.389685931555405041e-02
7.190446625071519882e-02
7.191850552781155204e-02
7.277167380702152799e-02
6.984160945870702963e-02
7.088633910426067608e-02
7.048337791312253575e-02
6.966007640277852020e-02
6.755469931014027041e-02
6.851590267582048643e-02
6.836746650082768662e-02
6.745103630019660956e-02
7.398396084607779255e-02
7.519110736713754961e-02
7.447153318494405261e-02
7.580485155629007599e-02
7.610163801634498015e-02
7.679725086889950536e-02
7.722410103574654794e-02
7.750671108534797071e-02
7.820631095689793699e-02
8.508630849022086329e-02
8.605050888390715358e-02
8.583917832422184591e-02
8.512027514230241509e-02
8.321847913407025288e-02
8.418765551793976065e-02
8.323905486995318570e-02
8.124812276614784556e-02
8.165645394484365160e-02
8.225479131413339362e-02
8.105982284783039282e-02
8.006595119140681727e-02
8.038434983388621780e-02
8.106557524464905184e-02
8.071744519359104475e-02
7.930001957540076807e-02
7.790203260332961843e-02
7.340854523381251662e-02
7.236919963176594028e-02
7.018927400012418827e-02
7.106111683081112185e-02
7.104612226215356596e-02
7.001503465101277524e-02
6.789004127156614277e-02
6.886485781868748046e-02
6.868459509873658941e-02
6.772204345023220828e-02
7.489320811867004879e-02
7.651343463260139310e-02
8.415167475477709769e-02
8.142157020283065372e-02
8.231913674908496181e-02
8.234205877170795718e-02
8.133403856012168254e-02
8.065616027501487650e-02
7.930940519382802256e-02
8.036310325727598347e-02
8.000550600060109263e-02
7.861220475682680064e-02
7.933789146467003228e-02
7.965791415891058935e-02
7.966423218226305336e-02
7.800055837917989343e-02
7.829082925990601960e-02
7.901019427839592324e-02
7.664274848970947795e-02
7.693299615698431793e-02
7.761225133407982646e-02
7.171173568612641824e-02
7.284705540430774784e-02
7.227343402520694515e-02
7.084142226654861763e-02
7.137295288859170361e-02
7.183775044958531919e-02
7.051456605058878391e-02
6.835405803859066765e-02
6.927087727039429876e-02
6.909784830415553747e-02
6.812155061629075747e-02
7.415541421061212779e-02
7.406911165969964905e-02
7.498000234200481728e-02
7.535165148403569213e-02
7.557789643058406004e-02
7.628766718212427744e-02
7.970437477137586046e-02
8.056193672164951858e-02
8.047628904993973931e-02
7.988454520584344076e-02
7.896035624029376643e-02
7.807509265046636004e-02
7.907049389164012843e-02
7.834303457146352123e-02
7.865398660621163163e-02
7.732056184843273672e-02
7.599609029700390983e-02
7.244058557285870670e-02
7.207533798778509304e-02
7.321223387278545658e-02
7.127586642953871732e-02
6.894656365392873298e-02
6.989313008430236840e-02
6.956794486065959182e-02
6.864964204733403630e-02
7.475274576477347610e-02
7.329750491778505572e-02
7.888858283402321037e-02
7.724003489083421103e-02
7.827459148071105877e-02
7.792504054839025085e-02
7.654124733537408243e-02
7.730694088686895782e-02
7.757664423484955663e-02
7.761991901154831341e-02
7.588079462626394489e-02
7.626143866433414409e-02
7.694044589760309916e-02
7.464430360899992900e-02
7.564322739963126596e-02
7.499768849022819817e-02
7.051333122523520403e-02
7.147640583687164817e-02
7.111248312804963057e-02
6.966678891283831221e-02
7.068855064043665093e-02
7.025410356036347614e-02
6.930585503074547515e-02
7.347190469430356363e-02
7.381345203792634424e-02
7.441155579202590742e-02
7.295499886603469542e-02
7.689015549980819653e-02
7.655927782356808375e-02
7.526139551404568973e-02
7.405722039815619551e-02
7.008909725171760807e-02
7.148409553371527780e-02
7.196220441363952725e-02
7.099762921425854800e-02
7.247737788778298162e-02
7.510962748098734543e-02
7.582416709101177932e-02
7.617463519758427282e-02
7.549482549403307985e-02
7.378623261920462528e-02
7.483321165761724902e-02
7.421496511719534450e-02
7.257625839229375764e-02
7.360988998300857511e-02
7.302395353623418461e-02
7.202899923573934104e-02
7.444665488510214535e-02
7.318000245519490354e-02
