9.264760735596667962e-02
9.372505045472336038e-02
9.472087930995613803e-02
9.149304739246752471e-02
9.207128394245449321e-02
9.318731589445332364e-02
9.422395296164996770e-02
9.563121174689456772e-02
9.517700706598621052e-02
9.026646579461912456e-02
9.088065203898142153e-02
9.119408132963865987e-02
9.134418627949858482e-02
9.192088127756549432e-02
9.225138453086657864e-02
9.245000408241391132e-02
9.298832223741923531e-02
9.325773830034136958e-02
9.349178616028935851e-02
9.398949184560616288e-02
9.425307971073391966e-02
9.448729867876169697e-02
9.494237674281917616e-02
9.645278198979813367e-02
9.030484923746200099e-02
9.028652737079895241e-02
9.089892981902099323e-02
9.604290559509204295e-02
9.075014504008953320e-02
9.172357345872833578e-02
9.275540872601467646e-02
9.375631060780977022e-02
9.519810215347015991e-02
9.472647005372591966e-02
9.541490898086420203e-02
8.897352362152770311e-02
8.962080010750941850e-02
9.718292554212651368e-02
9.681868565167836560e-02
8.875127662592582900e-02
8.952840082336982475e-02
8.950890488453001892e-02
9.582570292213708762e-02
8.981011144646829092e-02
9.005793971910916462e-02
9.050211081093159637e-02
9.079676277823353625e-02
9.099590251174642652e-02
9.152413860968740267e-02
9.183636440705365833e-02
9.254716808983287635e-02
9.204427659719184585e-02
9.282416616489616579e-02
9.304133480311239934e-02
9.353878545071228623e-02
9.382829133740128169e-02
9.451340908363090043e-02
9.404098490325475679e-02
8.762039911282080984e-02
8.829766096802217634e-02
8.886395950412642741e-02
9.781955657702472162e-02
9.836114194934653110e-02
9.750197547826282285e-02
9.610115823056451789e-02
9.627709642080141406e-02
9.664239284064397861e-02
8.928237074781082694e-02
9.565032437132926779e-02
9.030416705522978371e-02
9.131732399707787051e-02
9.233111136269708807e-02
9.332703638654933631e-02
9.491183610228957901e-02
9.505523375897602378e-02
9.437093544571953374e-02
8.749291013342370971e-02
8.755783187041613069e-02
8.823315394547859292e-02
8.812317094510518922e-02
9.880666759006717648e-02
9.809097380954670542e-02
9.858441198135733941e-02
9.616365633372185584e-02
9.667332205699737113e-02
9.699236664611793346e-02
9.613278315923018402e-02
8.822773449749961305e-02
8.901901766465497579e-02
8.849039519130018350e-02
9.550664483814425010e-02
8.929415362010449664e-02
9.004552122318601470e-02
8.955250671447705091e-02
9.033010535796165419e-02
9.108332095620849667e-02
9.056383350998158110e-02
9.135289368869912996e-02
9.208866649531008419e-02
9.159501630971272901e-02
9.240591405707943018e-02
9.311725830083192323e-02
9.261538338853839147e-02
9.349257034241570397e-02
9.420239815233819036e-02
9.366075249777398859e-02
8.621373864644840679e-02
8.691764083140873787e-02
8.620408763152151432e-02
8.691215162035295649e-02
8.684923525734834782e-02
8.711353977863729725e-02
8.793232403455211732e-02
8.730433139888817140e-02
9.915559097709279734e-02
9.898150569521028952e-02
9.694196421126598240e-02
9.738077204500095174e-02
9.765222229351906702e-02
9.758925706960129565e-02
9.797519117606293126e-02
9.819838353193936775e-02
9.655356054553899947e-02
9.553868839635829002e-02
8.767154332017927654e-02
8.876188187796472950e-02
8.981291581815321889e-02
9.084227047873823235e-02
9.188022233140485939e-02
9.295006611788539375e-02
9.453103714872650165e-02
9.472166826514147320e-02
9.401256709406542733e-02
8.476055591688952395e-02
8.326815842823517833e-02
8.548757352851681091e-02
8.620995655546132008e-02
8.598443957013293670e-02
8.673856857429632083e-02
8.609521809590167662e-02
8.654991732290227835e-02
9.777856051734901133e-02
9.829259048970152846e-02
9.846772122192744281e-02
9.726642583964957567e-02
9.768413805345270429e-02
9.552406692179157832e-02
9.623334301213172515e-02
9.584398291350722243e-02
9.534765844398808421e-02
8.667013192869427174e-02
8.689250000399609264e-02
8.744890365381265129e-02
8.776977223382881332e-02
8.853200446337856910e-02
8.799929688341349976e-02
8.879721169377972900e-02
8.956372991163658037e-02
8.904610943764915132e-02
8.986038760518812174e-02
9.060674113006629560e-02
9.009564295738010931e-02
9.090629353992191186e-02
9.112995399573388389e-02
9.165625265970814284e-02
9.196900667594971879e-02
9.273099080291472007e-02
9.218775233742795838e-02
9.301308267017076303e-02
9.377229946680222528e-02
9.325303880152999159e-02
8.401463011656018498e-02
8.174405888256362773e-02
8.250622636864231307e-02
8.496007135697242196e-02
8.486133594066642971e-02
8.558683624230672971e-02
8.558259359222315787e-02
8.486279474303590198e-02
8.542431318643420313e-02
8.553333364401431715e-02
8.557005991677363310e-02
8.634171692237981033e-02
8.577806475269311726e-02
9.940780673207320894e-02
9.928194218979360941e-02
9.804252368343610580e-02
9.791078214832878157e-02
9.859905888815766184e-02
9.630854428528401456e-02
9.694947665163812511e-02
9.662527543056864676e-02
9.631440170561166025e-02
9.704711728437749596e-02
9.695188256136116900e-02
9.502829621010214223e-02
9.591684563722552292e-02
8.612087929710335321e-02
8.722073921628493987e-02
8.828429440701554554e-02
8.932957045724898570e-02
9.038409404371031131e-02
9.143840416624944567e-02
9.249177517076477562e-02
9.404979315919236027e-02
9.429057330433227024e-02
9.353215743933321336e-02
8.357721386353335336e-02
8.342382551840675509e-02
8.416888471926273207e-02
8.216082636644042592e-02
8.195364475666037929e-02
8.271458600326130062e-02
8.426889840227268225e-02
8.491223194205854696e-02
8.448152810774127441e-02
8.523286004238078695e-02
8.467288407145041884e-02
8.502660643654633144e-02
9.956360581741238724e-02
9.948581700060700472e-02
9.872587975806454419e-02
9.687305171661859948e-02
9.732579226410008333e-02
9.745829571386720180e-02
9.631168267180117981e-02
9.659410981783263239e-02
9.478719891008029197e-02
9.508287826753764049e-02
9.569589172387878151e-02
9.530357793121174703e-02
8.512271706570191665e-02
8.589636626689892140e-02
8.534702197873957064e-02
8.620608379053537607e-02
8.698791407456392399e-02
8.643868175274865839e-02
8.726959005282754200e-02
8.803343629142379445e-02
8.752019024308824169e-02
8.833427828157867923e-02
8.909741253008163220e-02
8.856617008610791209e-02
8.939324491780047122e-02
9.014989020816505105e-02
8.962717466408101630e-02
9.044657933914522496e-02
9.120796025287736253e-02
9.067673216675568859e-02
9.149437424517728457e-02
9.173191786267628767e-02
9.225393700192749402e-02
9.253672634763124294e-02
9.329350981652426156e-02
9.277507020667737081e-02
8.286916462067420164e-02
8.069937184402248276e-02
8.143012762474373389e-02
8.122190797069420154e-02
8.019584423515771499e-02
8.096991601434255781e-02
8.391927522868015965e-02
8.374901961422791252e-02
8.443964166635153923e-02
8.439140551291701708e-02
8.339890426288398828e-02
8.413069751531053464e-02
8.394092069326331007e-02
8.404038067526106714e-02
8.480512095598374822e-02
8.426165986385913964e-02
9.962363717906581873e-02
9.959360315126110363e-02
9.826164794798934732e-02
9.883476232579659071e-02
9.891334378295973950e-02
9.815224616868406526e-02
9.677178483814978527e-02
9.740720971424957075e-02
9.682245772779428383e-02
9.569947101152227742e-02
9.560557278310093110e-02
9.623956842431964642e-02
9.595993208329357815e-02
9.456704210805710886e-02
8.458229777450917974e-02
8.566513663874493478e-02
8.673857158114843535e-02
8.780265468366080239e-02
8.886447121206177135e-02
8.992061031070512633e-02
9.097116350777122162e-02
9.201622413647271570e-02
9.357373302479093935e-02
9.381186724104116637e-02
9.305589154014878850e-02
8.242227104724485220e-02
8.299988304195880795e-02
8.229277268952379931e-02
8.044881876274953547e-02
8.124285166416446435e-02
8.097193823527958079e-02
8.170190209492500522e-02
8.317071423450245193e-02
8.365947072399429474e-02
8.295445224859286648e-02
8.317736744988422914e-02
8.371784523577865955e-02
8.349815011750839899e-02
9.958887085689140106e-02
9.837595499027178281e-02
9.896985474540692662e-02
9.900049288169350536e-02
9.960611278407356661e-02
9.831884819425237843e-02
9.751747999400001143e-02
9.618941669056900456e-02
9.460549370547234604e-02
9.546037102150971287e-02
9.484423038752280710e-02
9.510615263273176911e-02
9.432859649742755814e-02
8.359383760509662975e-02
8.435819744256951858e-02
8.381775264275831416e-02
8.467054974942260503e-02
8.543827993949691668e-02
8.489720616980576950e-02
8.574296203969135333e-02
8.597502845041526953e-02
8.650628414989419701e-02
8.680764502607254962e-02
8.703905213696168375e-02
8.757101305796125001e-02
8.786817399776193638e-02
8.863080391014674375e-02
8.810159344255387437e-02
8.892346278147303384e-02
8.968515803399007558e-02
8.915865507146890356e-02
8.997359569743991481e-02
9.073416405044605615e-02
9.021032383191533721e-02
9.101866009617283482e-02
9.177791338888924288e-02
9.125668961263157242e-02
9.205874554734906623e-02
9.281649994152497973e-02
9.229784606703653194e-02
7.863111739970843339e-02
8.183293132336377784e-02
7.921434216187667188e-02
7.970551911781233179e-02
7.995669526658331916e-02
7.988498527604173671e-02
8.056375278382973959e-02
8.029259838360609802e-02
7.941330634517521081e-02
8.291151156309962966e-02
8.186029986447677931e-02
8.240813229079736735e-02
8.262941718730804075e-02
8.251159514281124208e-02
8.327586391501112795e-02
8.273371701039539117e-02
9.946056101215164369e-02
9.952446096816032484e-02
9.831348394579061956e-02
9.834461405818294144e-02
9.896870774613768240e-02
9.895190305764536842e-02
9.732708106134184411e-02
9.779436888508195869e-02
9.785201136620411133e-02
9.704973110497350230e-02
9.513686214961641907e-02
9.595477188065766605e-02
9.537114994906580046e-02
9.409026271932996455e-02
9.412434330788185810e-02
9.486528467387875252e-02
9.436490711116807262e-02
8.305341131339120941e-02
8.413288103096089321e-02
8.520743427278715254e-02
8.627597386548395419e-02
8.733856955956594004e-02
8.839646812365897777e-02
8.944916822860932148e-02
9.049675579975353934e-02
9.153931943897943013e-02
9.309394286885022685e-02
9.333388672744862002e-02
9.257694942659658310e-02
7.705737990792684011e-02
7.784395195583596050e-02
8.076168296782536282e-02
8.159170351957929779e-02
8.100276811367630725e-02
7.892410815453110295e-02
7.955075409736953040e-02
8.032413556638461072e-02
8.214210726226342518e-02
8.142376561985839589e-02
8.218894137875117079e-02
8.164279050417223849e-02
8.196838182406104845e-02
9.830496323846903139e-02
9.894710328473792227e-02
9.888338270314299405e-02
9.924021540763462712e-02
9.935003129950718825e-02
9.711402384970196922e-02
9.774516858003781672e-02
9.771441263780697439e-02
9.830908388739303949e-02
9.722045836826619103e-02
9.609496437523457057e-02
9.671130209954476031e-02
9.643321126456501358e-02
9.561644145578086784e-02
9.463117689624118978e-02
9.385001854574312463e-02
9.360973694390190003e-02
8.206569595270027384e-02
8.282966222524570932e-02
8.228929826316146168e-02
8.314239264143968855e-02
8.390640976719226929e-02
8.336869693444289020e-02
8.421423729364838073e-02
8.444290542851640158e-02
8.497858110284890742e-02
8.528070904407408781e-02
8.604420132209672500e-02
8.551227915420710202e-02
8.634245850770527753e-02
8.710538293222901129e-02
8.657542729813770543e-02
8.739936366307089755e-02
8.816152187525488904e-02
8.763407777711107460e-02
8.845150076770609548e-02
8.868772524361598353e-02
8.921269834341045979e-02
8.949894921902715184e-02
8.973645154277062885e-02
9.025899562913607121e-02
9.054179073295229307e-02
9.078034121815142798e-02
9.130049929591080304e-02
9.158010847603535731e-02
9.233729626316200534e-02
9.181948061576877818e-02
7.772377622268103470e-02
7.739185966811884532e-02
7.817798604815034968e-02
8.131171129877443060e-02
7.846886936650601663e-02
7.813846786559822122e-02
7.901137470000209329e-02
7.867699239172523673e-02
7.922802005218540500e-02
7.999459606773846876e-02
7.955724805369417119e-02
8.032981149234626195e-02
8.087750367169903309e-02
8.109484346256988496e-02
8.098389693310868720e-02
8.174759830237986191e-02
8.120455587037365974e-02
9.816974979684597868e-02
9.881539481951165382e-02
9.823710496621619603e-02
9.870551182768669274e-02
9.689068776741323330e-02
9.760227900224900666e-02
9.700213488570792741e-02
9.759860460740253651e-02
9.660502658730552028e-02
9.466606107702789374e-02
9.538086238421319973e-02
9.490133713121311210e-02
9.364085814076801573e-02
9.388253252963733864e-02
9.438920258457500490e-02
9.261398620875815890e-02
9.336947394798635058e-02
9.285395702947892016e-02
8.152543737466487472e-02
8.260467864934535609e-02
8.367894181670709752e-02
8.474809209667640009e-02
8.581219384290332541e-02
8.687151184715082020e-02
8.792602323047067625e-02
8.897580592004045164e-02
9.002094057879972411e-02
9.106150975507146250e-02
9.209759702410205695e-02
7.548194214227962884e-02
7.626926464228583891e-02
7.624909039444589809e-02
7.665379847328523955e-02
7.698619183541208222e-02
8.054652008789486839e-02
7.793263289940964567e-02
7.868430037124561627e-02
7.977967090341765710e-02
7.989694656060850053e-02
8.066016521267904693e-02
8.011418486793775440e-02
8.044106835471741268e-02
9.732469593580202194e-02
9.781489252171798876e-02
9.774755363044428103e-02
9.892956613704659286e-02
9.908444500629455531e-02
9.795614052403658900e-02
9.806263210130294894e-02
9.859848728909177684e-02
9.567368301256203023e-02
9.628288835625853359e-02
9.639418857641357530e-02
9.710776978936294657e-02
9.588415272011810431e-02
9.517038334150580703e-02
9.415398891871314124e-02
9.312796002133301443e-02
8.053848564839841129e-02
8.130196252814367308e-02
8.076185218824323553e-02
8.161482543493579767e-02
8.184085066166957301e-02
8.237852299444553550e-02
8.268653973781255051e-02
8.345034460995244541e-02
8.291498619650311541e-02
8.375368343069103383e-02
8.451719436074721370e-02
8.398441145954478604e-02
8.481631678488135706e-02
8.557942751807945392e-02
8.504889594641885930e-02
8.587450477145670835e-02
8.663701549671627700e-02
8.610879767980142430e-02
8.692831630561101419e-02
8.716409003716464599e-02
8.769003079493718766e-02
8.797782349212800168e-02
8.873854907929819291e-02
8.821484720117869771e-02
8.902310083818164299e-02
8.978264838013468030e-02
8.926114612279231753e-02
9.006422444382836123e-02
9.082240825586464228e-02
9.030306570184672144e-02
9.110127117827913901e-02
9.185790894948954455e-02
9.134068594584215939e-02
7.586654753006680241e-02
7.684791734393320306e-02
7.654935658886814764e-02
7.728610245972655779e-02
7.749334250076336805e-02
7.770743242374582305e-02
7.846745407117616811e-02
7.792431920870700190e-02
7.880423517249800225e-02
7.901704341786378039e-02
7.956678922726818926e-02
7.935125140579485370e-02
7.945747158833200985e-02
8.022051379734677912e-02
7.967794182596493746e-02
9.699052352086309781e-02
9.758037581441252051e-02
9.715736358433049724e-02
9.844326211949094851e-02
9.747373436962296356e-02
9.521020867441599977e-02
9.605105032660661568e-02
9.544170949990600505e-02
9.614367194058552613e-02
9.673449641285075673e-02
9.651686058893028941e-02
9.418871311993425033e-02
9.493158493110090412e-02
9.442720378500890632e-02
9.316275188409268992e-02
9.340168046464930596e-02
9.391476080010043026e-02
9.213387571793645037e-02
9.237386596637381375e-02
9.288768409344999588e-02
7.999856561375157105e-02
8.107723684146846133e-02
8.215125739133899430e-02
8.322067917722923702e-02
8.428555985427373110e-02
8.534596213986832269e-02
8.640195306871248371e-02
8.745360324778346517e-02
8.850098608285576762e-02
8.954417697999740577e-02
9.058325252713041176e-02
9.161806837605836196e-02
7.475663997321942145e-02
7.550247552660625805e-02
7.512014991399623698e-02
7.391186855250198029e-02
7.469643633237019187e-02
7.553997491765816752e-02
7.619367373166635593e-02
7.589537260330658786e-02
7.658100345794938146e-02
7.735948274147870507e-02
7.671530281343054425e-02
7.714482469780925555e-02
7.825647952500941473e-02
7.837174114299869099e-02
7.913413128869854762e-02
7.858880348082024347e-02
7.891519817887966692e-02
9.853053505254644184e-02
9.804521803943229419e-02
9.656741045377564836e-02
9.872953161709509262e-02
9.757472102484050780e-02
9.825247791834344768e-02
9.776492370649896013e-02
9.662451643755066988e-02
9.729064411913193600e-02
9.680714336638893136e-02
9.469992826056909674e-02
9.567733564545070901e-02
9.367620948830847338e-02
9.264879941976196520e-02
7.901239304834072052e-02
7.977528820505676299e-02
7.923560036082467894e-02
8.008804163327125358e-02
8.031386081309059566e-02
8.085132373289212471e-02
8.115948582464499461e-02
8.192294433749515437e-02
8.138768279771906033e-02
8.222677398233943502e-02
8.299020154141491246e-02
8.245711490849197411e-02
8.328995978625748642e-02
8.405315222867247582e-02
8.352221143163683637e-02
8.434910156730039688e-02
8.511185796030218409e-02
8.458303167991125526e-02
8.540426159955308294e-02
8.616638424436975918e-02
8.563963927909469531e-02
8.645550537070793851e-02
8.721679979239350955e-02
8.669210143357794496e-02
8.750290083112957640e-02
8.826317575157981155e-02
8.774048817015993318e-02
8.854651762309624641e-02
8.930558491560208756e-02
8.878487155911315987e-02
8.958642629560188697e-02
9.034410092082084676e-02
8.982532491642272743e-02
9.062269751339632751e-02
9.137857623268608176e-02
9.086192199747468445e-02
7.433536069079714481e-02
7.514929480277070251e-02
7.606115646987203494e-02
7.235390376377769106e-02
7.313237177865468397e-02
7.618599978193626998e-02
7.694642042989979780e-02
7.638440875198379554e-02
7.728125942547223182e-02
7.804249369434688999e-02
7.749522549190961118e-02
7.782709603738299786e-02
7.793249765999707424e-02
7.869479224448984456e-02
7.815285916921106690e-02
9.828729994799291492e-02
9.747584898757528926e-02
9.775991792218204079e-02
9.570791420986304865e-02
9.634952654638993808e-02
9.592546011976982312e-02
9.805298940750671599e-02
9.709996395561661109e-02
9.616654083167944234e-02
9.371037828284213556e-02
9.446069072662877097e-02
9.394930283544487837e-02
9.473278150008861143e-02
9.543863748918060552e-02
9.497119316825468338e-02
9.268460608881037843e-02
9.343702206283510669e-02
9.292349562743690283e-02
9.165540126698415446e-02
9.240940291209792656e-02
9.189451521110388044e-02
7.847297853086089570e-02
7.955074561080040241e-02
8.062428631077429853e-02
8.169364609198526139e-02
8.275887605564397065e-02
8.382003229355516893e-02
8.487717519796054988e-02
8.593036874237090783e-02
8.697967974100538624e-02
8.802517708759678705e-02
8.906693097645267121e-02
9.010501211335171512e-02
9.113949092271381169e-02
7.331032186706326614e-02
7.361249264131217163e-02
7.403309161532142801e-02
7.401468810607828019e-02
7.477694070140765426e-02
7.438683202374013481e-02
7.508957146538930427e-02
7.583496007595795507e-02
7.531574303746606247e-02
7.283346719824917992e-02
7.673422814498591371e-02
7.563837416885381415e-02
7.684831959864252271e-02
7.760979696202512101e-02
7.706560185946978447e-02
7.739094586195315040e-02
9.715602618475671637e-02
9.784368098728069008e-02
9.760087840576070484e-02
9.671017188459195280e-02
9.737809545320967597e-02
9.709312275273877801e-02
9.522072149465958535e-02
9.736489645173815322e-02
9.620034471423180578e-02
9.641197166521361939e-02
9.688793757172425858e-02
9.526277076733921656e-02
9.594401490855282433e-02
9.548495756355293573e-02
9.422199709036417625e-02
9.319791715513134345e-02
9.217043676414859998e-02
7.748759815797337525e-02
7.824982233056440584e-02
7.771072208865027753e-02
7.856222825258171727e-02
7.932500214709321817e-02
7.878791408840522814e-02
7.963307462068609788e-02
8.039618799383696501e-02
7.986109159870315166e-02
8.070017984962306323e-02
8.146342525357089248e-02
8.093029713199478836e-02
8.176359175513497890e-02
8.252676458384052005e-02
8.199557878768670705e-02
8.282336274442107793e-02
8.358626126453085059e-02
8.305698961844114325e-02
8.387954914486961400e-02
8.411458695900002336e-02
8.464197450943852785e-02
8.493221050489685453e-02
8.516843172359328529e-02
8.569396675189487611e-02
8.598140887330589510e-02
8.674230290928805487e-02
8.621858768075375823e-02
8.702720806073119264e-02
8.726512070819164579e-02
8.778704962908202847e-02
8.806967288727138299e-02
8.830809803099153033e-02
8.882827452067919294e-02
8.910886842195303581e-02
8.986604537996230324e-02
8.934758744891982407e-02
9.014485922039863763e-02
9.090042941310423619e-02
9.038365655938833398e-02
7.081442461204891237e-02
7.158363362334407842e-02
7.366347018408943292e-02
7.455278316344887690e-02
7.181790412562315262e-02
7.256368730966479552e-02
7.208698149020353885e-02
7.575983006420360100e-02
7.652027061416839804e-02
7.597380054247565573e-02
7.466700769235633250e-02
7.542618924933107427e-02
7.487923423472681028e-02
7.630461520143093368e-02
7.640914757634924281e-02
7.662947926737848081e-02
7.717060905066504273e-02
9.682478990364620786e-02
9.714968437287739567e-02
9.693255327834232604e-02
9.618601521296980816e-02
9.644754643613311085e-02
9.683134591704022076e-02
9.425800596278295640e-02
9.498338227096531083e-02
9.449503166584262426e-02
9.667849968316213904e-02
9.573185191954509954e-02
9.476073930630594944e-02
9.323422521010235609e-02
9.398390777653807537e-02
9.347199884846338347e-02
9.220747773296222860e-02
9.244579860901720736e-02
9.295929827352542030e-02
9.117770856792296874e-02
9.141637198542992837e-02
9.193149246710796696e-02
7.802538854430987603e-02
7.694885241619518756e-02
7.909812180197534071e-02
8.016709193513685272e-02
8.123234422264777321e-02
8.229392885785358214e-02
8.335190029386500832e-02
8.440631655738181638e-02
8.545723853829323424e-02
8.650472925961029402e-02
8.754885313137240888e-02
8.858967519343864672e-02
8.962726035320763007e-02
9.066167262549247596e-02
7.131692697897390465e-02
7.241754643750589193e-02
7.321564973682360977e-02
7.286482524611956335e-02
7.356983963093907675e-02
7.432934751981408461e-02
7.379332521553726154e-02
7.211907094824217268e-02
7.521396147000752874e-02
7.411896716848270783e-02
7.532684612278332803e-02
7.554415600973483913e-02
7.608732927039545124e-02
7.586847977990450465e-02
9.650536034670344210e-02
9.577297020969254004e-02
9.624184308308640634e-02
9.646487877310280790e-02
9.534615705419666187e-02
9.576628162125086496e-02
9.602850640725799081e-02
9.374648307467634001e-02
9.598612319320737329e-02
9.480947589074202597e-02
9.550528645079542356e-02
9.503562630514796050e-02
9.378637122627250799e-02
9.452499129994582083e-02
9.402176497073948258e-02
9.272122559517485818e-02
9.169297437869207423e-02
7.703756658711201355e-02
7.779974229667331598e-02
7.726319115813570781e-02
7.596427542926895149e-02
7.672574203868871845e-02
7.618739082481214286e-02
7.810749367112150565e-02
7.887016881778242949e-02
7.833539989573005957e-02
7.917409421458418417e-02
7.993706157358676512e-02
7.940405419719998026e-02
8.023741088447061687e-02
8.100046571689641095e-02
8.046919670022228965e-02
8.129749087281296083e-02
8.206043095943288401e-02
8.153087491708761736e-02
8.235438525453289693e-02
8.258914059486491266e-02
8.311701091574630329e-02
8.340814831706551413e-02
8.417026241894765004e-02
8.364404904443392685e-02
8.445883686726152195e-02
8.522024481419428199e-02
8.469565844444637559e-02
8.550650952053055753e-02
8.574402912544953903e-02
8.626701923443923226e-02
8.655122597658355954e-02
8.731064786264286504e-02
8.678922283829634821e-02
8.759304628643645174e-02
8.835119318546331979e-02
8.783130201139206783e-02
8.863203011609309401e-02
8.938871724427109589e-02
8.887032900229605015e-02
8.966823601218992801e-02
9.042328088952587828e-02
8.990636534978733996e-02
6.929942829034931029e-02
7.005640925849657141e-02
7.048222025959276216e-02
7.064918856322856267e-02
7.114967290203531858e-02
7.299455417446905348e-02
7.116234255077476256e-02
7.149054834693596705e-02
7.178985161620383970e-02
7.424067027817338182e-02
7.445472987455703517e-02
7.499995691900185335e-02
7.315060379719057204e-02
7.390847326884651680e-02
7.336118600126594058e-02
7.478424362683683269e-02
7.488758836718843737e-02
7.510796777403119795e-02
7.564813383637486455e-02
9.609450891915091719e-02
9.645901569375665841e-02
9.534990533913573207e-02
9.608800132127531812e-02
9.576753058059633839e-02
9.555896706252681172e-02
9.479814951711984516e-02
9.507184065199332512e-02
9.549260355227441599e-02
9.276073951377486471e-02
9.350978448304352042e-02
9.299711808013504111e-02
9.529149781689819076e-02
9.429823727442485093e-02
9.327387380797534655e-02
9.173253822811264224e-02
9.248375995802979310e-02
9.196970372856144715e-02
9.070172067356853385e-02
9.145494304256518436e-02
9.093947103122367037e-02
7.757294835989597681e-02
7.650134358804064338e-02
7.542635808071450343e-02
7.864120714651094690e-02
7.970616012176134912e-02
8.076785229344127237e-02
8.182633287718167614e-02
8.288165463947944067e-02
8.393387321530998424e-02
8.498304640559424528e-02
8.602923345907299846e-02
8.707249434304412117e-02
8.811288900801737822e-02
8.915047665177094904e-02
9.018531498759857490e-02
6.989107941251530842e-02
7.082276719843039192e-02
7.205663798569335310e-02
7.281286699784821070e-02
7.223853570775219668e-02
7.093134913522135265e-02
7.167415564532249317e-02
7.104754418903878876e-02
7.369612402959274666e-02
7.260410830731521548e-02
7.380747979607674147e-02
7.456688978091767506e-02
7.402489742913093140e-02
7.434796305800962790e-02
9.572210932343257206e-02
9.507394257335394228e-02
9.433235647305139582e-02
9.483953205602312087e-02
9.505307562479453631e-02
9.388354723018219050e-02
9.434111152354855701e-02
9.461529102994138685e-02
9.224696281908174866e-02
9.457036107157176796e-02
9.331837794640954198e-02
9.406437820985023845e-02
9.355188772806154185e-02
9.229041729032570751e-02
9.303881363616829658e-02
9.252515146191002404e-02
9.121745951954933485e-02
7.658292540924158120e-02
7.734507170461854542e-02
7.681078957075311575e-02
7.551423297587567252e-02
7.627572290223294527e-02
7.573986743576406611e-02
7.444259453478845046e-02
7.520321929223494628e-02
7.466577494151505068e-02
7.764870501369004752e-02
7.841130096941741068e-02
7.787857386162944096e-02
7.871161000815259101e-02
7.947445105298657497e-02
7.894325819373088082e-02
7.977168306717792590e-02
8.053456680213423591e-02
8.000488524537702206e-02
8.082897070302530462e-02
8.159169692463925927e-02
8.106350187442371014e-02
8.188352261996227621e-02
8.264589333174525432e-02
8.211915847414202885e-02
8.293539104553855623e-02
8.369721045770528445e-02
8.317190830357774900e-02
8.398463004376381658e-02
8.422180679751251065e-02
8.474570456137645036e-02
8.503129481507504250e-02
8.526891086089857796e-02
8.579143301452886450e-02
8.607544098732743121e-02
8.683445358128502600e-02
8.631327815212255783e-02
8.711712390256830252e-02
8.787482369371163449e-02
8.735496635986515768e-02
8.815639790439874779e-02
8.891259972855264371e-02
8.839403247869030700e-02
8.919331562997641349e-02
8.994783628913698148e-02
8.943053208795376241e-02
6.781449945765742615e-02
6.855648562859038841e-02
6.869588217583168233e-02
6.958838001207823254e-02
6.899862117190246058e-02
6.991310143423989931e-02
7.053741658522430513e-02
7.019845809242454548e-02
7.149445171503880647e-02
7.042246124063565593e-02
7.272393080990795233e-02
7.293816219391632827e-02
7.348198873757419425e-02
7.163692967371819431e-02
7.184775206192012265e-02
7.239341675966580458e-02
7.326613620667156435e-02
7.336798249609112477e-02
7.412753124899802704e-02
7.358848547948028396e-02
9.528756694589833598e-02
9.569042512849550153e-02
9.454666572392649015e-02
9.494779042649377498e-02
9.532135372710862087e-02
9.371538027297182660e-02
9.453349449309658703e-02
9.425670000030861306e-02
9.410734973091421096e-02
9.379882661911745356e-02
9.126028007435385558e-02
9.201089627218063394e-02
9.149604273788886077e-02
9.382562087314189059e-02
9.280466739775575236e-02
9.177562303102734798e-02
9.022792730942480466e-02
9.098058549405299567e-02
9.046451863724665199e-02
7.711617698588484060e-02
7.604894544343922258e-02
7.497878381768094402e-02
7.390566165834348833e-02
7.818051421473448670e-02
7.924199765201092593e-02
8.030067197020442082e-02
8.135658535983657236e-02
8.240978887162389577e-02
8.346033573811657835e-02
8.450828067970372892e-02
8.555367919951117894e-02
8.659658687168782232e-02
8.763705862790947820e-02
8.867514804662138261e-02
8.971090664854301788e-02
6.825555393326775133e-02
6.930459474718443647e-02
7.055168337680883806e-02
7.130377673965568319e-02
7.074254277054420337e-02
6.948381586356873474e-02
7.020719365488016506e-02
6.969919501618281055e-02
7.218086214057500838e-02
7.109473868852442258e-02
7.229037536239636685e-02
7.250797883871140659e-02
7.304863530306149322e-02
7.282955436072943711e-02
9.491690529241161856e-02
9.413086133944902067e-02
9.285453709575858250e-02
9.336926121760938391e-02
9.359390227860414635e-02
9.239537095861985461e-02
9.305580573550285839e-02
9.313992701261383789e-02
9.074438320025907112e-02
9.308590597579288750e-02
9.182376500973316036e-02
9.257149884989211708e-02
9.205660026897957704e-02
9.079120542600788157e-02
9.154120643275126534e-02
9.102531296985286180e-02
7.612419569366579708e-02
7.635403908309155996e-02
7.688632903955450182e-02
7.505954792450351964e-02
7.528743785636519970e-02
7.582107682036824670e-02
7.399239957497232012e-02
7.475311811377308158e-02
7.421811385480703294e-02
7.292272116388841263e-02
7.368242167295283029e-02
7.314603853470923178e-02
7.718637731865082841e-02
7.741795134996656835e-02
7.794891101453597926e-02
7.824613168094941840e-02
7.847921321361049640e-02
7.900886343849522486e-02
7.930350139857196556e-02
8.006623079183154690e-02
7.953786732537337922e-02
8.035853226644057434e-02
8.112106074004979406e-02
8.059395984235509514e-02
8.141127259670014049e-02
8.217340347004160883e-02
8.164753977456316869e-02
8.246177255070946677e-02
8.269865831642958520e-02
8.322331101312700763e-02
8.351008346050552145e-02
8.374736816402530981e-02
8.427083655620762337e-02
8.455625713953368594e-02
8.531603374305718468e-02
8.479372282029708219e-02
8.560034518997736153e-02
8.635895597176262983e-02
8.583777589415272913e-02
8.664239830943043508e-02
8.739965569206775697e-02
8.687958039714949177e-02
8.768246560177020421e-02
8.791918804258914977e-02
8.843818370708801668e-02
8.872059389578819399e-02
8.895664855071959420e-02
8.947458848269027043e-02
6.636482586801027705e-02
6.708925013124723835e-02
6.749939870284400734e-02
6.809747297136968525e-02
6.765829272938975181e-02
6.863606644378947297e-02
6.866674084719623372e-02
6.927426210677860297e-02
7.001818392927439128e-02
6.906022723289241549e-02
7.120990265581959855e-02
7.142431398252740982e-02
7.196658692447989447e-02
7.012698959475786864e-02
7.034030415727077212e-02
7.088159327569086565e-02
7.175051588444857076e-02
7.185048866105787913e-02
7.260896176915507261e-02
7.207118912419277490e-02
9.440661117736663666e-02
9.484651680835022580e-02
9.375818859155070351e-02
9.415187521625106859e-02
9.452363867369738271e-02
9.297827278711957855e-02
9.376318027557009605e-02
9.334608479186813634e-02
9.262433671219690023e-02
9.194141463307935191e-02
9.282911217313200014e-02
9.216770741556470914e-02
8.975682707518081727e-02
8.999200896297247787e-02
9.050891546752283523e-02
9.233937268965630718e-02
9.130771044845829854e-02
9.027424570112506375e-02
7.665559239546299031e-02
7.559218229383835030e-02
7.452628824543336417e-02
7.345787822286004021e-02
7.238692540616183113e-02
7.771655528203805230e-02
7.877511177991625146e-02
7.983130617525317774e-02
8.088518560381549594e-02
8.193679938654949146e-02
8.298619835575557491e-02
8.403343417061198695e-02
8.507855862565695537e-02
8.612162295724729022e-02
8.716267715184204679e-02
8.820176926033003462e-02
8.923894472180660120e-02
6.693240741615333333e-02
6.806762239764328759e-02
6.903946985433936923e-02
6.979516975805286072e-02
6.926266739009494244e-02
6.789295123615939065e-02
6.868783526473734580e-02
6.826495652277980719e-02
7.066882359771230193e-02
6.958360658486482941e-02
7.077568403439170319e-02
7.153271871810111537e-02
7.099362128652503268e-02
7.131340870474994764e-02
9.408205653665926982e-02
9.336811682394542677e-02
9.245996919609357489e-02
9.136129945087220761e-02
9.187850919259242521e-02
9.210835420235249926e-02
9.090354766331133762e-02
9.142260730322816775e-02
9.164990444751239251e-02
9.159197611013897289e-02
9.032582604996554354e-02
9.107519964772795018e-02
9.055802139176998000e-02
8.928892744650308855e-02
8.952244504793373248e-02
9.004043787229661089e-02
7.566189709050229195e-02
7.589346004733731055e-02
7.642403174244516428e-02
7.460074587311005256e-02
7.483062873392859471e-02
7.536232722211315405e-02
7.353753566804847874e-02
7.376551807508602288e-02
7.429836033901605907e-02
7.247223514216047380e-02
7.269809765821164116e-02
7.323209829049549813e-02
7.140481781188375010e-02
7.216351317464196613e-02
7.162834222073061197e-02
7.672102502282930614e-02
7.695404708968918428e-02
7.748351110906052941e-02
7.777816907885751196e-02
7.854080625192723375e-02
7.801242901020562226e-02
7.883337182714796054e-02
7.959596126948850769e-02
7.906864840514950254e-02
7.988667832097313959e-02
8.064902276176341700e-02
8.012275070039681646e-02
8.093813547687500609e-02
8.170003918609905491e-02
8.117478351059680131e-02
8.198779139255080173e-02
8.274906017729066754e-02
8.222479596405092572e-02
8.303569468763329076e-02
8.379613587376359696e-02
8.327283803369574244e-02
8.408189382397612821e-02
8.484131623178706172e-02
8.431895985251137982e-02
8.512643642870373895e-02
8.588465034070667803e-02
8.536321102862820531e-02
8.616936862189027158e-02
8.692618574256323616e-02
8.640563996242864309e-02
8.721073435150797359e-02
8.744629316935759178e-02
8.796596775924010736e-02
8.825057473997198476e-02
8.900403883114937909e-02
8.848521461234874763e-02
6.495521228977634010e-02
6.565969108143192290e-02
6.603944515733869980e-02
6.620277725029595495e-02
6.676887575410014874e-02
6.769758301304290571e-02
6.846680495262898181e-02
6.969829569070816466e-02
7.045375148407781452e-02
6.991354156985117585e-02
6.861831886258620838e-02
6.937227004528678798e-02
6.882986543886596142e-02
7.023731325349848176e-02
7.033526258901558192e-02
7.055623219679751923e-02
7.109258251104888515e-02
9.345437126412421691e-02
9.392997887464793472e-02
9.287796280145407812e-02
9.364306847433531700e-02
9.331766853277696783e-02
9.245257533631563718e-02
9.271496472644713549e-02
9.310590590696156410e-02
9.147959340763608949e-02
9.222945650361473457e-02
9.170981004287807881e-02
9.113180089440486853e-02
9.045104716062880856e-02
9.067660696254244146e-02
9.119668567793065561e-02
9.084373925705581387e-02
8.980755655217265154e-02
8.876993481585371271e-02
7.619171154888451647e-02
7.513157668274288159e-02
7.406940017545933508e-02
7.300514843799756071e-02
7.193879249492801664e-02
7.087030849745963590e-02
7.724984240417991088e-02
7.830601031492247233e-02
7.936025917223184234e-02
8.041263504304224652e-02
8.146318551795495022e-02
8.251195903994963665e-02
8.355900423439122093e-02
8.460436923017314315e-02
8.564810098457899257e-02
8.669024461411757587e-02
8.773084273477035899e-02
6.549712822351701214e-02
6.663925559824097899e-02
6.706961926386763306e-02
6.633969518405534449e-02
6.726598979225067998e-02
6.753575571094308505e-02
6.828719336824630448e-02
6.771572457841365522e-02
6.915863083063984729e-02
6.807735997953115459e-02
6.926355428205785425e-02
7.001928976518656533e-02
6.948175418592832109e-02
6.979967824807992161e-02
9.316562733350490511e-02
9.266490737353033635e-02
9.196625926338307389e-02
9.096542094747518681e-02
8.986466328503690815e-02
9.061339507016460959e-02
9.038423356691387134e-02
8.940824804490170308e-02
9.015632180066023016e-02
8.992972748608511757e-02
9.009468456230772249e-02
8.882474475116922119e-02
8.905633879749970394e-02
8.957566684967477322e-02
8.778377020269437225e-02
8.801673825925365735e-02
8.853669718743376049e-02
7.519654809435746823e-02
7.542957152954915534e-02
7.595869637674615427e-02
7.413835043790641122e-02
7.489999583724354926e-02
7.436996467057054028e-02
7.307853228016499003e-02
7.383947359516358777e-02
7.330851842250338257e-02
7.201706036614138884e-02
7.224520048799265570e-02
7.277709525272380020e-02
7.095390582194478768e-02
7.117998318503991617e-02
7.171283078603944705e-02
6.988904457001612891e-02
7.064665499244883462e-02
7.011284392748044769e-02
7.625316204007534515e-02
7.648737524884116623e-02
7.701561323141714599e-02
7.730823229674210761e-02
7.754341554590206409e-02
7.807078761410092549e-02
7.836180131236865354e-02
7.912426319327472979e-02
7.859773493043265002e-02
7.941391343755060950e-02
8.017608552092757301e-02
7.965037810470869395e-02
8.046461416032886504e-02
8.122630130939653692e-02
8.070139127023936987e-02
8.151394953617334405e-02
8.227495781717263090e-02
8.175082150153241412e-02
8.256196549942518281e-02
8.332210216518541601e-02
8.279871607207486828e-02
8.360870719837107390e-02
8.436778066626018924e-02
8.384512178190955956e-02
8.465421833805111818e-02
8.489008429046211723e-02
8.541203816073281163e-02
8.569854052854451731e-02
8.593364745441831043e-02
8.645491735842666947e-02
8.674171264497028411e-02
8.749645819228024646e-02
8.697585267509173879e-02
6.359009171504727276e-02
6.427242665129670462e-02
6.517340845402654070e-02
6.560680268209473365e-02
6.506551293694638749e-02
6.590579286414491311e-02
6.645061728155994552e-02
6.717146453876263190e-02
6.654576841552697908e-02
6.699350849225174653e-02
6.818968401138385260e-02
6.894362477080652474e-02
6.840490134556713453e-02
6.711364960716580119e-02
6.786558408946624654e-02
6.732567386456778102e-02
6.872688965950382589e-02
6.882245782842105752e-02
6.957854801259252819e-02
6.904376572551514102e-02
9.243366423373602925e-02
9.294358257751447749e-02
9.194069019547511379e-02
9.240888206065341060e-02
9.269829015631664282e-02
9.127317691788909559e-02
9.207637933294948729e-02
9.186289095317777542e-02
9.137542494180291019e-02
9.003911218663332439e-02
9.024431800503557310e-02
9.075975306119331287e-02
8.963582860445139244e-02
8.895712068353965607e-02
8.918198919327785523e-02
8.970451892770171798e-02
8.934483449744454187e-02
8.830439102306934795e-02
8.726287864274646922e-02
7.572505056503819887e-02
7.466764958244261063e-02
7.360864606816094891e-02
7.254800492619938035e-02
7.148569502231814921e-02
7.042168981477718581e-02
6.935596781208892836e-02
7.678088749816679159e-02
7.783520169521745968e-02
7.888803663590483739e-02
7.993943732131392199e-02
8.098944960582811492e-02
8.203811956726590748e-02
8.308549282964783345e-02
8.413161390163326203e-02
8.517652552158033741e-02
8.622026801121261685e-02
6.438135282765292122e-02
6.581226352134188218e-02
6.603545627071519264e-02
6.624407945614105286e-02
6.678517163542409263e-02
6.765193715496523041e-02
6.657482213959335648e-02
6.775413264485107001e-02
6.850849584697371597e-02
6.797273766243522308e-02
6.828851309031516714e-02
9.218653157819584054e-02
9.160631950536829438e-02
9.065628387585010495e-02
8.949817160139772465e-02
8.836480414273012451e-02
8.911512574087275540e-02
8.888660747281161567e-02
8.790963956510834676e-02
8.843341255694765757e-02
8.865934707068709453e-02
8.859421095505136401e-02
8.732070041809181227e-02
8.807308187750338691e-02
8.755173558125060873e-02
8.627591632240971808e-02
8.650837872650331273e-02
8.703016904254075314e-02
7.472866582315988715e-02
7.549083855692291511e-02
7.496289133048958386e-02
7.367288325523686787e-02
7.443460282888021695e-02
7.390596828836332177e-02
7.261591609795478575e-02
7.337698313006969786e-02
7.284764297082656215e-02
7.155772932077922310e-02
7.231794363014816540e-02
7.178788123375154373e-02
7.049829163108653485e-02
7.125745213425206670e-02
7.072665299249961124e-02
6.943757593363956981e-02
6.966393265960643677e-02
7.019548073501954977e-02
6.837555991174669445e-02
6.913200631036922617e-02
6.859969968511357707e-02
7.578330178684462848e-02
7.654572923652819272e-02
7.601844948624106313e-02
7.683683168326414792e-02
7.759931627878133287e-02
7.707268303569689283e-02
7.788929791382427636e-02
7.865164297838682372e-02
7.812563440370828838e-02
7.894074405536799510e-02
7.970275378704291813e-02
7.917734755338941277e-02
7.999121420952036432e-02
8.075269370356341625e-02
8.022786727804512297e-02
8.104075240610100761e-02
8.180150763171954720e-02
8.127723861772828684e-02
8.208940192123399815e-02
8.284923970724407394e-02
8.232550617389798597e-02
8.313720463097790114e-02
8.389593264644239212e-02
8.337271345364610786e-02
8.418420037105608933e-02
8.494162710057219512e-02
8.441890222084572071e-02
8.523042630750524151e-02
8.546411185549968037e-02
8.598636102151593907e-02
6.361392048180697367e-02
6.439335257207572105e-02
6.360329067226411226e-02
6.227356926936425396e-02
6.293171832094625329e-02
6.494646128233330651e-02
6.569807489873442929e-02
6.506118345683006843e-02
6.549119542980544328e-02
6.668406230269860457e-02
6.743649076530047748e-02
6.689975529222461081e-02
6.561224666245513149e-02
6.636253170203554319e-02
6.582482104622644492e-02
6.721931576112469275e-02
6.731222654341004197e-02
6.806701103070941783e-02
6.753393908231175580e-02
9.134740815442146666e-02
9.189019322066824258e-02
9.112064323881678696e-02
9.153017434236732086e-02
9.177771497228803810e-02
9.048753314421989491e-02
9.121475524138508706e-02
9.087958771206766651e-02
8.956400024335474386e-02
9.041928657618132636e-02
8.980072969990765541e-02
8.851183106877838491e-02
8.927594457396784144e-02
8.873371128557311360e-02
8.813659107748639254e-02
8.745979364645169174e-02
8.820887242183274302e-02
8.768401746507785421e-02
8.784283589706370909e-02
8.679839488049194418e-02
8.575326131047006362e-02
7.420092028472423384e-02
7.525612462401630454e-02
7.314455000166902865e-02
7.208697719193005171e-02
7.102816862173100265e-02
6.996809502810004411e-02
6.890673163981551885e-02
6.784405872636622981e-02
7.631020235794928885e-02
7.736319503493373217e-02
7.841514572464682031e-02
7.946609834765117064e-02
8.051609705129887662e-02
8.156518556996153468e-02
8.261340656041028796e-02
8.366080095801080307e-02
8.470740734144639739e-02
6.294347671951977530e-02
6.427999915271628839e-02
6.454722917718126729e-02
6.529091364293747313e-02
6.474790010174168164e-02
6.614837236206021209e-02
6.507992802923306952e-02
6.624756453740901496e-02
6.700048284386471431e-02
6.646664184763817484e-02
6.678006207499140312e-02
9.123327211340956366e-02
9.080365874734362686e-02
9.002565725933930896e-02
9.019863680226737623e-02
9.077278422983559025e-02
8.903789902987824245e-02
8.798579585340413067e-02
8.686189358688846396e-02
8.738580042025391459e-02
8.761371967539192951e-02
8.640788592260507939e-02
8.693382393086895865e-02
8.715914575285513277e-02
8.709073075060271008e-02
8.581386855852395079e-02
8.656762206085252820e-02
8.604439083387777076e-02
8.476554482667231216e-02
8.552103418287583525e-02
8.499754873957116041e-02
7.320486400323777954e-02
7.396666669364485025e-02
7.343916024084670702e-02
7.425876627175471978e-02
7.502097308794890285e-02
7.449393600178465247e-02
7.215021119810990924e-02
7.291141189786462529e-02
7.238341709957293868e-02
7.109477110553034940e-02
7.185517141224642690e-02
7.132667068733863913e-02
7.003851000700858642e-02
7.079791094065718271e-02
7.026888849889391386e-02
6.898139781865525455e-02
6.921004194533589282e-02
6.973959987152980600e-02
6.792340867762841627e-02
6.815010693818379650e-02
6.868021180038519358e-02
6.686452146580330880e-02
6.761972508180114083e-02
6.708906440950840322e-02
7.531195722274276749e-02
7.607437087836790846e-02
7.554778298438175055e-02
7.636447797974459106e-02
7.712690174658320963e-02
7.660074201855732179e-02
7.741637081415188304e-02
7.817860853601775462e-02
7.765285544001855611e-02
7.846767853684340210e-02
7.870416644138424067e-02
7.922953462276285941e-02
7.951844390179138578e-02
7.975471844852247139e-02
8.027972331952058782e-02
8.056870892814063656e-02
8.080455448315344846e-02
8.132921719612123956e-02
8.161851426432449597e-02
8.185371650382725073e-02
8.237805743880131926e-02
8.266789855364393980e-02
8.342628321324975504e-02
8.290224476538902987e-02
8.371689781302829592e-02
8.447393103968248163e-02
8.395017718808549245e-02
6.248462870134994379e-02
6.237982755165365906e-02
6.304904611025551053e-02
6.346314640320664668e-02
6.353940636311945778e-02
6.420439506895042614e-02
6.100947432889294170e-02
6.164152845935458314e-02
6.400528406685988825e-02
6.518179819418901122e-02
6.539792126349432133e-02
6.593253110163353747e-02
6.411563299652885128e-02
6.433235912004219015e-02
6.486351043358902502e-02
6.571484751042469541e-02
6.580472030704603847e-02
6.655812333559266158e-02
6.602690077987143080e-02
9.002552644846104068e-02
9.068700299778348350e-02
9.057289540318344545e-02
8.994896442375627243e-02
9.021780192381935459e-02
9.053522455720430795e-02
8.908979017514993826e-02
8.978912967045660221e-02
8.932612353317680165e-02
9.011118636790303726e-02
8.807293833047240283e-02
8.881892819408489237e-02
8.829154967817764987e-02
8.701581771985700264e-02
8.776425247207937652e-02
8.723703709287605745e-02
8.663425598257988580e-02
8.595922159189328671e-02
8.670990360198221891e-02
8.618285147288148873e-02
8.633791704596299743e-02
8.528974544299455784e-02
8.424126342992524497e-02
7.267763376780182749e-02
7.373190653893521573e-02
7.478544811450663077e-02
7.162259173944490742e-02
7.056674514473375293e-02
6.951006201072426616e-02
6.845251429547351274e-02
6.739407844346061160e-02
6.633473589632561673e-02
7.583829874426710471e-02
7.689050020545269704e-02
7.794209511969821258e-02
7.899312635018210238e-02
8.004363636396433224e-02
8.109366657458895455e-02
8.214325670644578858e-02
8.319244416647544882e-02
6.174642668281234148e-02
6.297394794477054192e-02
6.305568341155545764e-02
6.380099623256389740e-02
6.326029385193379651e-02
6.464887847545199018e-02
6.358579759059035386e-02
6.474399504840858133e-02
6.549539590868312666e-02
6.496372201393915691e-02
6.527447358337243322e-02
8.998665249686423062e-02
8.951941335889893048e-02
8.858134932507337467e-02
8.899052096892175190e-02
8.959445383194329648e-02
8.879580797251837576e-02
8.941064465237406889e-02
8.949775662747461169e-02
8.754431253826495951e-02
8.648745407213084824e-02
8.535609983143260804e-02
8.588197839809325052e-02
8.610934668210810938e-02
8.490314787564845478e-02
8.543111980173399844e-02
8.565587997502931150e-02
8.558441582855337570e-02
8.430442152942702050e-02
8.505946124809656006e-02
8.453448026496276912e-02
8.325283178195236333e-02
8.400947006841333331e-02
8.348442739458059036e-02
7.168193891014432162e-02
7.191636350959598745e-02
7.244328050088374993e-02
7.273481030514961088e-02
7.297005917522646212e-02
7.349670433986978113e-02
7.378736418320232249e-02
7.402322090795880605e-02
7.454961392104773876e-02
7.062871136813515804e-02
7.138930355876905998e-02
7.086209622186652457e-02
6.957509159823717371e-02
7.033473717566847416e-02
6.980722241388943872e-02
6.852104654703750075e-02
6.927954804198532823e-02
6.875171051913805953e-02
6.746654676597393929e-02
6.769553288475360642e-02
6.822370646573455710e-02
6.641156701499752180e-02
6.663866633550608043e-02
6.716718696720219706e-02
6.535608680911152157e-02
6.558109269591802515e-02
6.610996881360632627e-02
7.483964099099353617e-02
7.560204994948772905e-02
7.507588853965239950e-02
7.589168232168450046e-02
7.665405427704578833e-02
7.612810342762905969e-02
7.694353035637746530e-02
7.717990779693681413e-02
7.770566931937247790e-02
7.799522720737576964e-02
7.875693742977374345e-02
7.823134410764120972e-02
7.904681426426335422e-02
7.928245442953402167e-02
7.980790023372190400e-02
8.009833156191517589e-02
8.033327978702395344e-02
8.085859799533930137e-02
8.114981714969916882e-02
8.138385952564358705e-02
8.190906898519836887e-02
8.220130647499648835e-02
8.295934886185492296e-02
8.243423068644221974e-02
6.200207248503506602e-02
6.224393009745481792e-02
6.150638983670780185e-02
6.273207273222107527e-02
5.980136397404180876e-02
6.040554182895186558e-02
6.252909429020245269e-02
6.368255110773175798e-02
6.389998078003125692e-02
6.443175771178882849e-02
6.262163951496271808e-02
6.283958011353869832e-02
6.336818844573177678e-02
6.421338854838912202e-02
6.430009087957123948e-02
6.505203649835342161e-02
6.452279926186951786e-02
8.881398092753170492e-02
8.942009655268576274e-02
8.938162620419901061e-02
8.895110446845154450e-02
8.761565602094788241e-02
8.784344139662496331e-02
8.835315040010138787e-02
8.889211624939717671e-02
8.880389928490459162e-02
8.657405609421998938e-02
8.679410573310002153e-02
8.732394460410591863e-02
8.551645264152500647e-02
8.573706534131338153e-02
8.626654497803637467e-02
8.512898782348979343e-02
8.445555762059908655e-02
8.520776658303209905e-02
8.467864816028231045e-02
8.483024828131036088e-02
8.377861697858665635e-02
8.272706275044211521e-02
7.115537197130961111e-02
7.220841675556356754e-02
7.326112443960915155e-02
7.431353464002085629e-02
7.010195265496829697e-02
6.904812416507041806e-02
6.799385517897454934e-02
6.693911828370364969e-02
6.588389055152726881e-02
6.482815404414099536e-02
7.536568845609481482e-02
7.641762785507316691e-02
7.746939506396802178e-02
7.852103191374731894e-02
7.957257919587734651e-02
8.062407603044180471e-02
8.167555924203322160e-02
6.081109797654835752e-02
6.091146987261218670e-02
6.140618833250262310e-02
6.030602072447553003e-02
6.140757231605381561e-02
6.223097725880070985e-02
6.170576529698081764e-02
6.315220594929850384e-02
6.201465985647453688e-02
6.324356970394341693e-02
6.399338025045640810e-02
6.346388297618429930e-02
6.377189630978136181e-02
8.821496937470028887e-02
8.709475439895336679e-02
8.766325031582382354e-02
8.822943673348207505e-02
8.832729106204180447e-02
8.772642453633819337e-02
8.835846769068442241e-02
8.730705952323751518e-02
8.805192353312510378e-02
8.806075833574075751e-02
8.604514140328321792e-02
8.498588965486748859e-02
8.384758840599884633e-02
8.460217354720224459e-02
8.437530460181429104e-02
8.339558395092457055e-02
8.392545603232008655e-02
8.414970929005380351e-02
8.407543515292452418e-02
8.279252921626856221e-02
8.302217687083536524e-02
8.354877047451463035e-02
8.173795098247939317e-02
8.249565154270424583e-02
8.196919126524643273e-02
7.016007236519986034e-02
7.092086196125782505e-02
7.039468178868749093e-02
7.121161785427616853e-02
7.197310716013227694e-02
7.144700217355363925e-02
7.226323803726836248e-02
7.302523117712519940e-02
7.249918183786545345e-02
7.331497333323035159e-02
7.407727436601393989e-02
7.355126030420322536e-02
6.910856297932072012e-02
6.986845704796583456e-02
6.934218335003240752e-02
6.805705361828703892e-02
6.881585641682066989e-02
6.828947229490225923e-02
6.700551127172325871e-02
6.776302711003548418e-02
6.723651739797416316e-02
6.595390660307243191e-02
6.670993980673023405e-02
6.618329137615842905e-02
6.490221438055893133e-02
6.565656933974968468e-02
6.512977137764822122e-02
6.385041421158992037e-02
6.407593957989408950e-02
6.460289533593820133e-02
7.436686534211441046e-02
7.512927824346606054e-02
7.460327859428357578e-02
7.541895623389723025e-02
7.618128490472936276e-02
7.565527858826684438e-02
7.647128811962912442e-02
7.670730243086848477e-02
7.723333638124861567e-02
7.752390239553193230e-02
7.828547398618196373e-02
7.775939187490146787e-02
7.857683910771903757e-02
7.933773768119992131e-02
7.881158763651410770e-02
7.963013632487993265e-02
8.039016544785393403e-02
7.986392876537708185e-02
8.068382952224371907e-02
8.091645202109674917e-02
8.144279267173597237e-02
6.110999628180484311e-02
6.009288525499900668e-02
6.045232075193815446e-02
5.994813898571210720e-02
5.865258961617262484e-02
5.922721362968099562e-02
6.218618783268893557e-02
6.240479792884908589e-02
6.293393556413022505e-02
6.111942890413924606e-02
6.126460613679417244e-02
6.187008252490076854e-02
6.271494264699975507e-02
6.279849095884523780e-02
6.354890265525492410e-02
6.302178366071495286e-02
8.746011259737668242e-02
8.614276449186390738e-02
8.635750176070811079e-02
8.687963794220446290e-02
8.769372781244108572e-02
8.748406934748699515e-02
8.508013874469300131e-02
8.582751644485671350e-02
8.529745349756977235e-02
8.401388109314224251e-02
8.476555862256898721e-02
8.423394532979883165e-02
8.362094865214682315e-02
8.294895310335045902e-02
8.370261350351156093e-02
8.317156248795193330e-02
8.331999736468162499e-02
8.226518138475075181e-02
8.121083484433282151e-02
6.963431548138181160e-02
7.068583823813250067e-02
7.173741612427880776e-02
7.278908872301488586e-02
7.384089712332375655e-02
6.858281044287839467e-02
6.753128850371244163e-02
6.647971841841043839e-02
6.542807283366294802e-02
6.437632887165772866e-02
6.332446870636442016e-02
7.489288329029114566e-02
7.594508944473891965e-02
7.699755742027881988e-02
7.805032801722031066e-02
7.910344037077818302e-02
8.015693132891835160e-02
6.074975213327409723e-02
5.937212380503695264e-02
6.165282885063805285e-02
6.016106888288217519e-02
6.078427542727770500e-02
6.064016583932964333e-02
6.174643518326854846e-02
6.249458189262602215e-02
6.196712807945972679e-02
6.227248000651464804e-02
8.672466783478754992e-02
8.561129006403449260e-02
8.644468288160202241e-02
8.708584702762821317e-02
8.705399043439987494e-02
8.653974004037394419e-02
8.692292270344885441e-02
8.710177908440758232e-02
8.640990969924794429e-02
8.706827966318242407e-02
8.454684374119410262e-02
8.348125097755355883e-02
8.233652285054654518e-02
8.286594011788743497e-02
8.309236471645425892e-02
8.188535117913002537e-02
8.241698687307361104e-02
8.264079138332630636e-02
8.256395545714963202e-02
8.127835973407028514e-02
8.203571865102893268e-02
8.150765162615633552e-02
8.022107465602992815e-02
8.045201509949787000e-02
8.097975152712921787e-02
6.863944643900506126e-02
6.887429573923550818e-02
6.939959292854971928e-02
6.968937289243407052e-02
7.045036542682060754e-02
6.992494791265344012e-02
7.073976411676186071e-02
7.150140795667196680e-02
7.097585044202978088e-02
7.179066116531791775e-02
7.255276117639995748e-02
7.202704314623249726e-02
7.284210625130724259e-02
7.360446691342067971e-02
7.307856733897527546e-02
6.758994560948367036e-02
6.782385631315684948e-02
6.834905166922694564e-02
6.654083373886097996e-02
6.729870535132374820e-02
6.677359480179244355e-02
6.549207725692671178e-02
6.624852075624532155e-02
6.572347975804720965e-02
6.444364633125986008e-02
6.519846836840453852e-02
6.467348365755705430e-02
6.339551535365216262e-02
6.362358350934989304e-02
6.414852283353013329e-02
6.234766338098606669e-02
6.257376128465741427e-02
6.309866354546793399e-02
7.389414219212393775e-02
7.413046522705432628e-02
7.465656758143021654e-02
7.494681173795220142e-02
7.570910553064578996e-02
7.518277926912114717e-02
7.600015693073412792e-02
7.676212239978350005e-02
7.623555154051779581e-02
7.705421846383808671e-02
7.781565847869054142e-02
7.728882308500781284e-02
7.810903505097871458e-02
7.886975207958825396e-02
7.834263328143173388e-02
7.916464280874367654e-02
7.939701922113870380e-02
7.992443892075537515e-02
6.012763023163840426e-02
5.896697281528769097e-02
5.881061083561351516e-02
5.953007168047522862e-02
5.756633265531215654e-02
5.810980371906884767e-02
6.069545407178628116e-02
6.090829344178198129e-02
6.144038126145236201e-02
5.948460370815936843e-02
6.030140886950437207e-02
5.982336573114343387e-02
6.122094446373495952e-02
6.130007493940407837e-02
6.204887525621532313e-02
6.152400455779216681e-02
8.566934719642911589e-02
8.590511933260822075e-02
8.648885734168536288e-02
8.463619830281980672e-02
8.485726877550762992e-02
8.538992891719840439e-02
8.642616799003731420e-02
8.649140456914668207e-02
8.610440291778556632e-02
8.357867733672923183e-02
8.432981547570571335e-02
8.379543486123858242e-02
8.250824717575513945e-02
8.272782479417649382e-02
8.326143794443334467e-02
8.211029877322739701e-02
8.143955840973343685e-02
8.166174817612299741e-02
8.219459514094701325e-02
8.180733017965062526e-02
8.074960889219930105e-02
7.969275381468575448e-02
6.811464518966797721e-02
6.916435407776629074e-02
7.021450789152712535e-02
7.126514680993127626e-02
7.231631254623208105e-02
7.336804769631882772e-02
6.706534324400878488e-02
6.601641304799096832e-02
6.496782282757190830e-02
6.391954479247559384e-02
6.287155560012649969e-02
6.182383697998852790e-02
7.442039512471758378e-02
7.547339730785451728e-02
7.652709569286604563e-02
7.758153006138926444e-02
7.863673790479307202e-02
5.956359153495507930e-02
5.826602036564061671e-02
6.008990798436129183e-02
5.922648825961950719e-02
6.025274025605574513e-02
6.099914849902170200e-02
6.047488172130930512e-02
6.077637630801112356e-02
8.515255871210633543e-02
8.410722134977707820e-02
8.504478612019929218e-02
8.572757334843816857e-02
8.512915088473702041e-02
8.578713282555104624e-02
8.576967744184957332e-02
8.531818185576842128e-02
8.588148555755580060e-02
8.592922287851574581e-02
8.549289416946055653e-02
8.304324453358488678e-02
8.197368531286525206e-02
8.082306544047525299e-02
8.135404465414534936e-02
8.158008300543116709e-02
8.037260583907283873e-02
8.090586570032953784e-02
8.112928281631250071e-02
8.105014195627839590e-02
7.976208015195107581e-02
7.999107419904939731e-02
8.052047327793009079e-02
7.870237418981342048e-02
7.946194173735608712e-02
7.893307253735182272e-02
6.712024420405361680e-02
6.787965588346951684e-02
6.735538670527753402e-02
6.816826021156373316e-02
6.892866343139784913e-02
6.840407984246055229e-02
6.921712844266600384e-02
6.997832984464497086e-02
6.945341173605666663e-02
7.026689113322090452e-02
7.102869669134206920e-02
7.050342307295548450e-02
7.131759177140699346e-02
7.155415612044099816e-02
7.207980674400436827e-02
7.236927444708197987e-02
7.313170337679401889e-02
7.260565402748156427e-02
6.607304000789317178e-02
6.630729379166235005e-02
6.683126749560476532e-02
6.502660985033785479e-02
6.578346112084428043e-02
6.525976543722157575e-02
6.398091894508407818e-02
6.473620264995479101e-02
6.421276934110421719e-02
6.293593673150552070e-02
6.316627742925470801e-02
6.368946195257113585e-02
6.189163651024146007e-02
6.264321293740243712e-02
6.212026589317656833e-02
6.084799617890453843e-02
6.107471596233268046e-02
6.159743413925446165e-02
7.342198319718835908e-02
7.365796021949035099e-02
7.418442990294683848e-02
7.447576135465182323e-02
7.523802892913927787e-02
7.471111773691861691e-02
7.553065090215224653e-02
7.629254171265345552e-02
7.576516859147466865e-02
7.658669183573717232e-02
7.734800752809405100e-02
7.682015312760366588e-02
7.764392154143211211e-02
7.840446304741049977e-02
7.787610939507724761e-02
5.798645786228843330e-02
5.847705640768990909e-02
5.777708756300806853e-02
5.654562644861044901e-02
5.705641491870704768e-02
5.922276337804365659e-02
5.995868987256916527e-02
5.935462849544149988e-02
5.873484354992708489e-02
5.973767120351277521e-02
5.980499960542905863e-02
6.055210981124889424e-02
6.002961474169214717e-02
8.420155083065213042e-02
8.493587497431354105e-02
8.441789492755624735e-02
8.315051225890907061e-02
8.389376616630775385e-02
8.336367930864425901e-02
8.508573084062590053e-02
8.522257896060113358e-02
8.475977758246726335e-02
8.207402380640750617e-02
8.229029005208626790e-02
8.282674104597267939e-02
8.099969441502527512e-02
8.175432667650447960e-02
8.121885071262557876e-02
8.059719748330582134e-02
7.992752366188829449e-02
8.068386164725525889e-02
8.014935844636951467e-02
8.029241145645243938e-02
7.923206879000137259e-02
7.817299302219084256e-02
6.764414827512019168e-02
6.659654307351324520e-02
6.869258521775159498e-02
6.974189530526057890e-02
7.079212148053695697e-02
7.184330761408691535e-02
7.289549785090730649e-02
6.554973044229361889e-02
6.450367402571194342e-02
6.345834107667985835e-02
6.241370289387927761e-02
6.136973500608033233e-02
6.032641824445300616e-02
7.394873595712217473e-02
7.500306467079928541e-02
7.605852506012575343e-02
7.711515589301221052e-02
5.726535307165048216e-02
5.830874448970540386e-02
5.889663431007922945e-02
5.876563349341049070e-02
5.814804421140062213e-02
5.872275020074895630e-02
5.948727544158945862e-02
5.897348987598395598e-02
5.926374765281577223e-02
8.367576079720877302e-02
8.261199842470727528e-02
8.377983265926114420e-02
8.441226208453360413e-02
8.445478918217425024e-02
8.363517126699425430e-02
8.434030547400332700e-02
8.389570239017671294e-02
8.451239129473593625e-02
8.460729610012991675e-02
8.404758542814369515e-02
8.153658911949333843e-02
8.046333954223675033e-02
7.930737792885904358e-02
7.983977728281474451e-02
8.006549033493759460e-02
7.885750420962543694e-02
7.961533977310367161e-02
7.939224576908797404e-02
7.953415908106425958e-02
7.824385723440457907e-02
7.900320117849822521e-02
7.847261368489297229e-02
7.718202087200698447e-02
7.741253684564269877e-02
7.794239341754138906e-02
6.664846618458221406e-02
6.740818666668781101e-02
6.688458270430594488e-02
6.560265036674724215e-02
6.636123462651696836e-02
6.583813743363092774e-02
6.769551840842814860e-02
6.845618345803167193e-02
6.793205183102760114e-02
6.874385112354118588e-02
6.898058705639974197e-02
6.950526808630862197e-02
6.979350970249748043e-02
7.003023217986703575e-02
7.055548490495752723e-02
7.084454014213992235e-02
7.108103194045592432e-02
7.160687887864226886e-02
7.189698840697567039e-02
7.265949492807245724e-02
7.213303136301953133e-02
6.455802880881449102e-02
6.531528613062377586e-02
6.479267606724277428e-02
6.351456164242763602e-02
6.427030242766325341e-02
6.374816128702065487e-02
6.247221279503435004e-02
6.322624815461982961e-02
6.270455978723660229e-02
6.143095050484126407e-02
6.218309221334238079e-02
6.166184235017140719e-02
6.039074177920520509e-02
6.061998143898068153e-02
6.114080481362867137e-02
5.935157729874004223e-02
5.957896438512705339e-02
6.009937031476019625e-02
7.295089976762973716e-02
7.371337727411042540e-02
7.318627510003650194e-02
7.400631814509268935e-02
7.476856878722541733e-02
7.424080677804290040e-02
7.506328546432115834e-02
7.529666835116481660e-02
7.582511034655763094e-02
7.612184102191596469e-02
7.635389946659376648e-02
7.688304021252853615e-02
5.709066319994327010e-02
5.753904242992438633e-02
5.681872898529834875e-02
5.559338585116543191e-02
5.607001905267972736e-02
5.775797241245273633e-02
5.848988063328691006e-02
5.803383730702044857e-02
5.769926230919634330e-02
5.824032006846901338e-02
5.831342575773684062e-02
5.905876477750314490e-02
5.851879022308936751e-02
8.272995885651586445e-02
8.346617367517318586e-02
8.293924791456949719e-02
8.164684676008023001e-02
8.185951898587627562e-02
8.239908780749140293e-02
8.370615826409283367e-02
8.383660021509457827e-02
8.331259176378115472e-02
8.056631465560752658e-02
8.132054266017618716e-02
8.078215907137312191e-02
7.948836659532178273e-02
8.024436837010917589e-02
7.970717006044808484e-02
7.908180381841051210e-02
7.841299950275898434e-02
7.863454677934311743e-02
7.917056330604582692e-02
7.877540551334354102e-02
7.771273016691131186e-02
7.665172582679230517e-02
6.612540643749202640e-02
6.717183505558270429e-02
6.508019286875944831e-02
6.821952191979535618e-02
6.926851184123233862e-02
7.031885058739578698e-02
7.137058422184511253e-02
7.242375844460216539e-02
6.403615326253876694e-02
6.299324957113353052e-02
6.195144780241583493e-02
6.091071550353478747e-02
5.987103145725310160e-02
5.883237485829984070e-02
7.347841793297227309e-02
7.453460568993754143e-02
7.559236240426896181e-02
5.634127052084295095e-02
5.742450620517907528e-02
5.699894901388850854e-02
5.786017965995697565e-02
5.737921350689174221e-02
5.765579781937762993e-02
8.218808076481595726e-02
8.110625794361817076e-02
8.243979004512023978e-02
8.303725243550534596e-02
8.311011013224904598e-02
8.251691638436223220e-02
8.314822536244240170e-02
8.320664483151246626e-02
8.218549832779593889e-02
8.291074716206518758e-02
8.262223948916053162e-02
8.002701767521970544e-02
7.895036093667009980e-02
7.778962230066048533e-02
7.832329719368796850e-02
7.854874847885141842e-02
7.734020333781492507e-02
7.787628098133306254e-02
7.809911881940131972e-02
7.801617122593344777e-02
7.672385819602003942e-02
7.748406924714214272e-02
7.695243935446144379e-02
7.566018664542606409e-02
7.642127808832863134e-02
7.589058166568390940e-02
6.513017938547335794e-02
6.588912251872469650e-02
6.536664315699690364e-02
6.617512350676678368e-02
6.641195867809734921e-02
6.693515715152080492e-02
6.408685204419017900e-02
6.484451498297622019e-02
6.432273281893251260e-02
6.722173096914878243e-02
6.745872372784246507e-02
6.798266413169525013e-02
6.827004965184016450e-02
6.903169000970470204e-02
6.850698428219312297e-02
6.932012808110424307e-02
7.008228196944960020e-02
6.955678728590493354e-02
7.037201478774565699e-02
7.113448717913639641e-02
7.060817999964380531e-02
7.142575762716776855e-02
7.218835212095478515e-02
7.166120933159869644e-02
6.304509682419624783e-02
6.380129121167529838e-02
6.328018541017155218e-02
6.200487162497726745e-02
6.275941028701982616e-02
6.223896185568750239e-02
6.096613604043139845e-02
6.171883403130334206e-02
6.119902608400401567e-02
5.992884201499405761e-02
6.067952258509683866e-02
6.016033758593568315e-02
5.889301336207748011e-02
5.964147144881923324e-02
5.912290359934888745e-02
5.785857159003900824e-02
5.808666864359031401e-02
5.860463671976789274e-02
7.248140311116690881e-02
7.324392192954091996e-02
7.271592117247968612e-02
7.353899574821008700e-02
7.430123973937544091e-02
7.377235973764030563e-02
7.459857739810393795e-02
7.536034604643254697e-02
7.483056692105356789e-02
5.624946512471293292e-02
5.592181726806286918e-02
5.667051993198551907e-02
5.471243050615643561e-02
5.515347988514013311e-02
5.700304957910408421e-02
5.662451015341420091e-02
5.684099589033203559e-02
5.757682677177627245e-02
5.692075537275345654e-02
8.128836674856804168e-02
8.146652685653119064e-02
8.200953080231060399e-02
8.013997988299843833e-02
8.035223145463127326e-02
8.089380579707014518e-02
8.231133579183658178e-02
8.247707639278901992e-02
8.190232355806337239e-02
7.905568722193420661e-02
7.981135709351308560e-02
7.927118246753843411e-02
7.797440857832774186e-02
7.873170725370388923e-02
7.819293060668511264e-02
7.756427731439298479e-02
7.689613788327871735e-02
7.765485131652777318e-02
7.711746769413245495e-02
7.725647701124778444e-02
7.619176266570787392e-02
7.512912634043900084e-02
6.460831647736371697e-02
6.565244650732172949e-02
6.669821638687536969e-02
6.356578060430358168e-02
6.774567342006425352e-02
6.879486589413455477e-02
6.984584242220920336e-02
7.089865128154908269e-02
7.195333973893483503e-02
6.252479542736072426e-02
6.148531961352383945e-02
6.044730884966083295e-02
5.941075093880478220e-02
5.837561834545593187e-02
5.734957037004012603e-02
7.300995338615587360e-02
7.406853548693562161e-02
5.548016352826354303e-02
5.534093057339693061e-02
5.579563659571544487e-02
5.616905491800665978e-02
5.584779383295461475e-02
5.642342428925382902e-02
5.634411097390099737e-02
8.071376168531606277e-02
7.959745676938756453e-02
8.143564376638290359e-02
8.193778508353452561e-02
8.181018038094151068e-02
8.098486097015807073e-02
8.171227475233071302e-02
8.175127121143323239e-02
8.070056806593220444e-02
8.144351231079782760e-02
8.113518176720481423e-02
7.851467139298097531e-02
7.743489795489057193e-02
7.626996154124972283e-02
7.680476446287480552e-02
7.703001982538974779e-02
7.582086182447066169e-02
7.635812667107430562e-02
7.658077768002743979e-02
7.649634351031127377e-02
7.520225146756613632e-02
7.596324521018880949e-02
7.543072141369046302e-02
7.413704486967320761e-02
7.436738177010780715e-02
7.489876830527354701e-02
6.361359128857571599e-02
6.385045051477163114e-02
6.437166092695481567e-02
6.465613600639215364e-02
6.489332271676467867e-02
6.541544171984088607e-02
6.570072316004096913e-02
6.646107590166991375e-02
6.593802409656313035e-02
6.257303939459216147e-02
6.332968550708781286e-02
6.280936036528396438e-02
6.674740374748365512e-02
6.750861283736983576e-02
6.698460342565593084e-02
6.779622945172229798e-02
6.855810255523281382e-02
6.803311047906208942e-02
6.884725200302056758e-02
6.960959510717698584e-02
6.908359538079815454e-02
6.990052248690446779e-02
7.066313988318911887e-02
7.013610793653314579e-02
7.095609066077596117e-02
7.119069695181869106e-02
7.171878493596450799e-02
6.153443201916971445e-02
6.228946904503990939e-02
6.177000707745840952e-02
6.049772166651665173e-02
6.125096680426730250e-02
6.073234671434785126e-02
5.946286300699356320e-02
6.021413597437966919e-02
5.969633260187290347e-02
5.842974857741541767e-02
5.917889880840855599e-02
5.866192285098622422e-02
5.740066280780555669e-02
5.763023358289661585e-02
5.814641864597070581e-02
5.638269112832478003e-02
5.661246077763418261e-02
5.712022745123453843e-02
7.201400427717317976e-02
7.224740955949393584e-02
7.277657631313336206e-02
7.307430842162779272e-02
7.330629055861080656e-02
7.383655740400188461e-02
5.390548858454745351e-02
5.430957277593485844e-02
5.502696091422961538e-02
5.559455791518606166e-02
5.542241796813535820e-02
5.613132847832543598e-02
5.563554366211230506e-02
7.972125677752776862e-02
8.050528087660541177e-02
7.992963140560549462e-02
7.863004294958121643e-02
7.884195066630518556e-02
7.938538701075256721e-02
8.106721980508146963e-02
8.120895082439813506e-02
8.035234852414224749e-02
7.754228044171339318e-02
7.775750219114815898e-02
7.829932249764599839e-02
7.645796705896633350e-02
7.667628169498019730e-02
7.721648900685675054e-02
7.604477878354813647e-02
7.537709286817818877e-02
7.559827754136752564e-02
7.613687858354883931e-02
7.573579172136174487e-02
7.466933724745349055e-02
7.360537018696643174e-02
6.309306927718696945e-02
6.413461151296438734e-02
6.517817115619006785e-02
6.622379859780017086e-02
6.205349540506745198e-02
6.727154526488389463e-02
6.832146295077773379e-02
6.937360314966231623e-02
7.042801636831420853e-02
7.148475144547766780e-02
6.101584191201724072e-02
5.998006230414986567e-02
5.894608007719811388e-02
5.791498070429561273e-02
5.689144372590110299e-02
5.590233595397111482e-02
7.254385488185430275e-02
5.462255450076415608e-02
5.463569636479628094e-02
5.524134496303845232e-02
5.498885337761535985e-02
5.502898592375980724e-02
7.917521856217174525e-02
7.808573029022777834e-02
8.033620887717893289e-02
8.051675173025819865e-02
8.088613263020204280e-02
8.065983895401167281e-02
7.918557319978447584e-02
7.994358919588706591e-02
7.929123626051298723e-02
8.013865806495941435e-02
7.950531482258607618e-02
7.699969310691992530e-02
7.591710103355481243e-02
7.474856041612702728e-02
7.528434083580985703e-02
7.550946815206328877e-02
7.429964061793163654e-02
7.483794040677868575e-02
7.506047603037638294e-02
7.497484255138672782e-02
7.367920746903280915e-02
7.444089839614166648e-02
7.390763177127440686e-02
7.261277108745152475e-02
7.337503842363374273e-02
7.284311382470717855e-02
6.209889718226773575e-02
6.285599519148710179e-02
6.233619751929934255e-02
6.313875170497088019e-02
6.389723111323972193e-02
6.337633760099112279e-02
6.418102353684683459e-02
6.494069747695721539e-02
6.441868223488528278e-02
6.522576733767161683e-02
6.598644703988776339e-02
6.546328354684093076e-02
6.106140711451380626e-02
6.129821142253844002e-02
6.181693854691637513e-02
6.627303853583582649e-02
6.703453328297795388e-02
6.651019474225869366e-02
6.732289268036401042e-02
6.808500976837357499e-02
6.755946943155119455e-02
6.837538472837484393e-02
6.913792943754225317e-02
6.861116095490320255e-02
6.943056833779420733e-02
7.019334391635839721e-02
6.966532168255215596e-02
7.048849516994536157e-02
7.072200232429402822e-02
7.125130282848331220e-02
6.002622697427557191e-02
6.078000982559100818e-02
6.026232831392647898e-02
5.899329720255189202e-02
5.974515555285754564e-02
5.922849576462120569e-02
5.796253902386302309e-02
5.871231370231525665e-02
5.819662068552729217e-02
5.693358465138644714e-02
5.768124649268430854e-02
5.716764926001357411e-02
5.590714047418540722e-02
5.665344570533883961e-02
5.614545047874880401e-02
5.489612928279610782e-02
5.563892541968336325e-02
5.515978706512755791e-02
7.154921420677690103e-02
7.231185312338482551e-02
7.178125124960249570e-02
5.317520769259438673e-02
5.354098197654520719e-02
5.427070615495555028e-02
5.400849371614293432e-02
5.471495207515252729e-02
5.432261270574004902e-02
7.821199633000709694e-02
7.842003451564692751e-02
7.896702235727647012e-02
7.711683867379495738e-02
7.732864959998700383e-02
7.787380008469640957e-02
7.944203520237484717e-02
7.988892200706161628e-02
8.007121945973762200e-02
7.981308401040385081e-02
7.931308603932354928e-02
7.875122115016483515e-02
7.602623558461635289e-02
7.678457883828412878e-02
7.624126223605363906e-02
7.493919142454333326e-02
7.569886156117322518e-02
7.515737506668593304e-02
7.452347110159945887e-02
7.385602143840772071e-02
7.461680053205314855e-02
7.407713530490167564e-02
7.421351730158888549e-02
7.314562696122837993e-02
7.208063526482134942e-02
6.157985989516220199e-02
6.261852568359246862e-02
6.365958211704747516e-02
6.470308304070933325e-02
6.574908358773411121e-02
6.054353097155031754e-02
6.679763933603512227e-02
6.784880562750968125e-02
6.890263685756703449e-02
6.995918577219031875e-02
7.101850277724963689e-02
5.950948177928511856e-02
5.847764305365683868e-02
5.744779125548857279e-02
5.642009370018537251e-02
5.540136234993207898e-02
5.445214025210827480e-02
5.390480792887045181e-02
5.359178139789940593e-02
7.766392921800367721e-02
7.657105189718765859e-02
7.894772285704605708e-02
7.964237096097968871e-02
7.919439368246607158e-02
7.911883525903735948e-02
7.820355733906593498e-02
7.869382327108354058e-02
7.882311967940489050e-02
7.764609377077044683e-02
7.841636520431717605e-02
7.778664227730039404e-02
7.799819381434970611e-02
7.853930650228106713e-02
7.548222820563864344e-02
7.439712342010874890e-02
7.322558625423625234e-02
7.376219051542816374e-02
7.398725940820423397e-02
7.277670380351859702e-02
7.331588278415132609e-02
7.353837628898303447e-02
7.345183724259136959e-02
7.215489938482549936e-02
7.291720051030035898e-02
7.238334480946402583e-02
7.108754379091128395e-02
7.185026536517584439e-02
7.131795715101678368e-02
6.058629620985252900e-02
6.082408110869506196e-02
6.134232245054216381e-02
6.162317042421464053e-02
6.238072306202648715e-02
6.186120090352701523e-02
6.266283193349456160e-02
6.342172661352882268e-02
6.290089597592855852e-02
6.370533966888347610e-02
6.446538983134325607e-02
6.394322220637520260e-02
6.475075340177899319e-02
6.551177024252817505e-02
6.498823680073283204e-02
5.955215189282490190e-02
5.978948064368454912e-02
6.030646971803581280e-02
6.579913311777206564e-02
6.656092553832096415e-02
6.603599745877360150e-02
6.685053828083956096e-02
6.761291285034175258e-02
6.708656168219313820e-02
6.790502710230968131e-02
6.813998605277879483e-02
6.866778803182399527e-02
6.896265581914541587e-02
6.972560494850355006e-02
6.919632551786453201e-02
7.002347798669475432e-02
7.078641478409281040e-02
7.025563268789557225e-02
5.852068418087434665e-02
5.875734310295122748e-02
5.927311101917270841e-02
5.749179712926412444e-02
5.824216862967975666e-02
5.772758114435283527e-02
5.646557565428164671e-02
5.721364583054711767e-02
5.670005349258629840e-02
5.544157785335242228e-02
5.618713727242846678e-02
5.567488382824034576e-02
5.441600766701808201e-02
5.516109215650701753e-02
5.465659807480052063e-02
5.342301927925738325e-02
5.415904734642601470e-02
5.371630049037556809e-02
5.252414865544643291e-02
5.285031278205296057e-02
5.326571559826062674e-02
7.669963009941226095e-02
7.690725093298307613e-02
7.745619317309668239e-02
7.559950399500103835e-02
7.635851492597442447e-02
7.581197254779062367e-02
7.857537811954327933e-02
7.836717085074572375e-02
7.792378439712019378e-02
7.724252646531097610e-02
7.450769722902572667e-02
7.526726889578481960e-02
7.472260958940912801e-02
7.341823453071845418e-02
7.417897595113792653e-02
7.363636566387068982e-02
7.300051999508923306e-02
7.233308427736566404e-02
7.309477589518971474e-02
7.255420338972438932e-02
7.268982407572377458e-02
7.162080771503441523e-02
7.055510250848417986e-02
6.006888631088241198e-02
6.110438856908412958e-02
6.214264916717289478e-02
6.318372636091414141e-02
6.422767959352874978e-02
6.527456883561257028e-02
5.903608695768230302e-02
6.632445390370544924e-02
6.737739372634832247e-02
6.843344561710174023e-02
6.949266455941131848e-02
5.800591576552441286e-02
5.697836729634466607e-02
5.595326274390518412e-02
5.492847898700861653e-02
5.391922471020980240e-02
5.297338956333603327e-02
7.614901504393667420e-02
7.505306660642030447e-02
7.799381372564820336e-02
7.672711057170349125e-02
7.746577766457804493e-02
7.718581957635284319e-02
7.608812878312977424e-02
7.686762773450821207e-02
7.607237186241010141e-02
7.638502025613864987e-02
7.693004269051031963e-02
7.396242549210761685e-02
7.287512194124924625e-02
7.170120973138723042e-02
7.223848094845240764e-02
7.246356249823952822e-02
7.125221939592228659e-02
7.179211821720497821e-02
7.201464440614266382e-02
7.192749953293096910e-02
7.062950393803715810e-02
7.139232640978183941e-02
7.085803815426049146e-02
6.956154518414722765e-02
7.032462938309388956e-02
6.979209448554257733e-02
5.907599279169201828e-02
5.983084441343417686e-02
5.931430185547154066e-02
6.010959676915497707e-02
6.034811451598571380e-02
6.086611970454509218e-02
6.114635283569656854e-02
6.138486749030996198e-02
6.190436539383501607e-02
6.218632453792972969e-02
6.242462123622304071e-02
6.294564265366701938e-02
6.322957657367497819e-02
6.346743755620375127e-02
6.399001364806167214e-02
6.427617397006675504e-02
6.451337884041781490e-02
6.503754080904276813e-02
5.804568958637891518e-02
5.828347720647013286e-02
5.879858535080638438e-02
6.532618132440000391e-02
6.608828608958931816e-02
6.556250737394125894e-02
6.637966204982904961e-02
6.714231022126679327e-02
6.661488459160855302e-02
6.743667762584630576e-02
6.819967197902651601e-02
6.767057033783011044e-02
6.849728686246824017e-02
6.926042746020637242e-02
6.872962213777773777e-02
5.701925650465471812e-02
5.725587728065459348e-02
5.776960105453340932e-02
5.600127170670063381e-02
5.623383361286630328e-02
5.674613617054295039e-02
5.497266888994277456e-02
5.571868535994879690e-02
5.520759201551318773e-02
5.395914829788432676e-02
5.469989585750417715e-02
5.418809788297324764e-02
5.294422960896740665e-02
5.367962517624562391e-02
5.318418922334465504e-02
5.195477937581427508e-02
5.268835574754199974e-02
5.224007952078851130e-02
7.517209286960345460e-02
7.593623817336132842e-02
7.538487832685249190e-02
7.408315303732763979e-02
7.484164991761405039e-02
7.429452234663198873e-02
7.725559691278925667e-02
7.640680272091700254e-02
7.639858656802642201e-02
7.562152643162096954e-02
7.298681389954932153e-02
7.374753922748232549e-02
7.320169499415571379e-02
7.189525349022392320e-02
7.265698705300330240e-02
7.211341240471716429e-02
7.147609482842094686e-02
7.080844658517328194e-02
7.102964842166190063e-02
7.157096751104859156e-02
7.116488581264455993e-02
7.009505904443362467e-02
6.902895664442892931e-02
5.856045886970990405e-02
5.959240474906438850e-02
6.062757692159251310e-02
6.166593277169446496e-02
6.270753651656900407e-02
6.375245311415921046e-02
6.480074747173006355e-02
5.753209853076787089e-02
6.585248368875872005e-02
6.690772430452489317e-02
6.796652955464373147e-02
5.650990038584801506e-02
5.548660270422216961e-02
5.446555731204492240e-02
5.345133789831280763e-02
5.244918348924112322e-02
7.462707664830599275e-02
7.353438488694859221e-02
7.534624260315150868e-02
7.571613890518154311e-02
7.603702936910688992e-02
7.451805554713421265e-02
7.530356236142166093e-02
7.570842208611741619e-02
7.453144632371379308e-02
7.485097357326354894e-02
7.530232096997964419e-02
7.244043782598197367e-02
7.135125781941235867e-02
7.017560565386010696e-02
7.093855006533099361e-02
7.071338361454652943e-02
6.972636013565176871e-02
7.048945066015364913e-02
7.026681574536830510e-02
7.040200520558773101e-02
6.910320216036880403e-02
6.933189344145720967e-02
6.986645487617855477e-02
6.803496193743219234e-02
6.826571273129786177e-02
6.879831482097642503e-02
5.756819625113104161e-02
5.832176788473104889e-02
5.780717238675208564e-02
5.859824072043834375e-02
5.935362826364116301e-02
5.883728565617771938e-02
5.963179597835926993e-02
5.987080396435598417e-02
6.038882085542806449e-02
6.066893091299743052e-02
6.142741181383827576e-02
6.090768737934500188e-02
6.170971567258381335e-02
6.246946849395731971e-02
6.194800273341773134e-02
6.275422091026715277e-02
6.351505866352825935e-02
6.299181769072832726e-02
6.380251697151642643e-02
6.456424971789594125e-02
6.403919992953933937e-02
5.654159571771485981e-02
5.729328056656681628e-02
5.678071544911572621e-02
6.485467311220260989e-02
6.561710791205561943e-02
6.509021637105552593e-02
6.591075671907853373e-02
6.667369759627088388e-02
6.614493241285564207e-02
6.697083254046708178e-02
6.773408046418491479e-02
6.720341116978861828e-02
5.551817308814979701e-02
5.626831736379155069e-02
5.576007072832689371e-02
5.454450008103815806e-02
5.527248587794628826e-02
5.475899162279366378e-02
5.351312791794692741e-02
5.373659842729536923e-02
5.424245417178896744e-02
5.250179980204403712e-02
5.272350814046280337e-02
5.322998367755428506e-02
5.146946233970202400e-02
5.220631357237655312e-02
5.171269753394588248e-02
7.365272263150085541e-02
7.441275308475781003e-02
7.386704100201123280e-02
7.256229611306208582e-02
7.277365849073583193e-02
7.332302986506367137e-02
7.493140151046949471e-02
7.493799514691591723e-02
7.409153279968652694e-02
7.146373898918081946e-02
7.167867370814204331e-02
7.222554063109670741e-02
7.037041054779548388e-02
7.058867902537527272e-02
7.113305443508749493e-02
6.995036939364475403e-02
6.928227888432572645e-02
7.004554314294371420e-02
6.950364205226838843e-02
6.963888050348854275e-02
6.856856487482182461e-02
6.750238693704581350e-02
5.808278394137096623e-02
5.705446963679505767e-02
5.911457530742887656e-02
6.014991169675391880e-02
6.118886272573770962e-02
6.223149889458178680e-02
6.327789080142051659e-02
6.432810834467779515e-02
5.602946558671964561e-02
6.538221994258924807e-02
6.644029175778669305e-02
5.503096170869219844e-02
5.402839871142804673e-02
5.300707181281111291e-02
5.198521593645410999e-02
7.310691330255214559e-02
7.201236238223683583e-02
7.379571938165466194e-02
7.457138356137049673e-02
7.415576535999121588e-02
7.294261925119213674e-02
7.373073438969003635e-02
7.416300318953977788e-02
7.315777065849723981e-02
7.340465915606778080e-02
7.384491074642798858e-02
7.091642308031173569e-02
6.982569751024958471e-02
6.864895373730629802e-02
6.918707481422556316e-02
6.941239927365325246e-02
6.819930427824362484e-02
6.874014983035067750e-02
6.896297045124019642e-02
6.887553465218593240e-02
6.757618015247295051e-02
6.833976938141769764e-02
6.780509707386082885e-02
6.650798592840893864e-02
6.673900369691661283e-02
6.727151086111082812e-02
5.708931799309039518e-02
5.784346152352100312e-02
5.732892686277978739e-02
5.606312216233306361e-02
5.681530525384950042e-02
5.630258823610830715e-02
5.811937689648014743e-02
5.887530556583431968e-02
5.835891817125275771e-02
5.915337351844527497e-02
5.991090908747954968e-02
5.939263288066489593e-02
6.019138402471058136e-02
6.095034518003859814e-02
6.043014349464369966e-02
6.123348526035524847e-02
6.199368752252949061e-02
6.147152349620289141e-02
6.227975392177287350e-02
6.304100956129551903e-02
6.251684655005228242e-02
6.333026573559694117e-02
6.356618568560751248e-02
6.409238371004966073e-02
5.504071705162846134e-02
5.579076722554131285e-02
5.527973290924712707e-02
6.438509465185136837e-02
6.461961250102442322e-02
6.514788055518547227e-02
6.544431205031309151e-02
6.567719637933640275e-02
6.620756807512706565e-02
5.407312475293512416e-02
5.430916248824105980e-02
5.479527007114602666e-02
5.311125503195818220e-02
5.331258815934892398e-02
5.382745744450383174e-02
5.214124468504324761e-02
5.232199341379369789e-02
5.282679085437428507e-02
5.107043196166777960e-02
5.178565603214153878e-02
5.127046622334180404e-02
7.215693588510679879e-02
7.235867139208693177e-02
7.290513961427202982e-02
7.104133811077317784e-02
7.125164836897998621e-02
7.180210277086714055e-02
7.336855776642586813e-02
7.347608312028787447e-02
7.265703517220931107e-02
6.993863164337853211e-02
7.070142926511339965e-02
7.015370642869626916e-02
6.884387387303297912e-02
6.906233488658609920e-02
6.960734322807861363e-02
6.842352269423040978e-02
6.775475782757349463e-02
6.851867627554479590e-02
6.797636175073495934e-02
6.811199113134464023e-02
6.704151427234372740e-02
6.597558791832545955e-02
5.760386001973853698e-02
5.657574187292901263e-02
5.555145030606584849e-02
5.863587833799981802e-02
5.967187232102984934e-02
6.071191857753996390e-02
6.175609398164666475e-02
6.280447484632878385e-02
6.385713611039049720e-02
5.455650258606023484e-02
6.491415053927149237e-02
5.359178197292849971e-02
5.262584305448430450e-02
5.160534229424963704e-02
7.159844507772286648e-02
7.048927224965667593e-02
7.210471828242485948e-02
7.252213886912144136e-02
7.295050601691571712e-02
7.136888284454503961e-02
7.215604695946732650e-02
7.263123044604748169e-02
7.212958931149938968e-02
6.939054504478807395e-02
6.829861344975149406e-02
6.712143937278995665e-02
6.788529258183306769e-02
6.765973644608185011e-02
6.667123635860411346e-02
6.743538508137877918e-02
6.721230114460494121e-02
6.734827363639847575e-02
6.604862983048033487e-02
6.627784096484613807e-02
6.681245884155273540e-02
6.498081495552696096e-02
6.521216481220813710e-02
6.574441225242760867e-02
5.660931743359907953e-02
5.736403815386303257e-02
5.684942890325558884e-02
5.558447161691631999e-02
5.582396705912399948e-02
5.633654908677147855e-02
5.456953685006130095e-02
5.480535273782493472e-02
5.531594935065764496e-02
5.763987336984020132e-02
5.839635228112926429e-02
5.787967603386018345e-02
5.867480123122765373e-02
5.943286010132050462e-02
5.891407701683674947e-02
5.971418458457077721e-02
6.047364175743876608e-02
5.995271171795019810e-02
6.075810708383521525e-02
6.099566036400121821e-02
6.151877734844180684e-02
6.180665152999879203e-02
6.204300270400568695e-02
6.256834606391159515e-02
6.285989908591035902e-02
6.362242538036574913e-02
6.309481717112866428e-02
5.354832174315567878e-02
5.429410637973176856e-02
5.381100717359796337e-02
6.391792844522485584e-02
6.468109024852139455e-02
6.415118008475736988e-02
5.264355418706867518e-02
5.335791219700501686e-02
5.287773664669877943e-02
5.175557034991793565e-02
5.243302025042063247e-02
5.194878071840213635e-02
5.075978275857406102e-02
5.145009407138520507e-02
5.091555274311786866e-02
7.072154678526083871e-02
7.088044302610954639e-02
7.143951398174253065e-02
6.954084562052074980e-02
7.029134811985592035e-02
6.973879833858467880e-02
7.173600406966036680e-02
7.141234339008466214e-02
6.841165749004883556e-02
6.862696004474126699e-02
6.917536763596403293e-02
6.731584340802927724e-02
6.753456182158834586e-02
6.808003755556084335e-02
6.689573971336351677e-02
6.622606689739515828e-02
6.644799157021893943e-02
6.699054691794255334e-02
6.658440642786291053e-02
6.551410217400890912e-02
6.444876009479651169e-02
5.712405420493204405e-02
5.609636423632842483e-02
5.507648744285949249e-02
5.405841743292489482e-02
5.815678568934878889e-02
5.919393082773961867e-02
6.023557332730954811e-02
6.128179653421318013e-02
6.233268252550101807e-02
6.338831133769122494e-02
5.309552497179118036e-02
5.219917796094693252e-02
5.125720551217241572e-02
7.013046643951309500e-02
6.897543105416012454e-02
7.074801228168714484e-02
7.142663108286857743e-02
7.105749795041058081e-02
6.980415171070844527e-02
7.058669130014000315e-02
7.073384373078434040e-02
6.786299345546939477e-02
6.677019073062430421e-02
6.559325438402141550e-02
6.613155676720146314e-02
6.635741850283488619e-02
6.514234795131466915e-02
6.590688250853717067e-02
6.568345731668981391e-02
6.582041404385238770e-02
6.452074903470432499e-02
6.475032295025286155e-02
6.528471804561043756e-02
6.345365344456224688e-02
6.421722002110344385e-02
6.368539983142577909e-02
5.612843133189161088e-02
5.636892829590677001e-02
5.688385217755392159e-02
5.510180785012336324e-02
5.585522474022162898e-02
5.534325357073153345e-02
5.407966785651849989e-02
5.432477701520179586e-02
5.483169430542948058e-02
5.311325089358767682e-02
5.333099587145187503e-02
5.384099350128464245e-02
5.716019373123580605e-02
5.740002702091682313e-02
5.791723620381824394e-02
5.819654326972827085e-02
5.843560436640044681e-02
5.895514227046023265e-02
5.923779814777015845e-02
5.947586101384313290e-02
5.999777131089922139e-02
6.028404888958406593e-02
6.104520990131331176e-02
6.052088409018627213e-02
6.133538444353411889e-02
6.209754303456050534e-02
6.157075945311003828e-02
6.239189147640303301e-02
6.315485330418407761e-02
6.262557100698953882e-02
5.187162975492616568e-02
5.270938393570319402e-02
5.225790207817027078e-02
5.140563929396440440e-02
5.158084347011009790e-02
5.202420638501158157e-02
5.053943807375736730e-02
5.114723763901047465e-02
5.064996655465405645e-02
6.924758503086414496e-02
6.998480167148732334e-02
6.939290783693986830e-02
6.803102881269879054e-02
6.822040449087383995e-02
6.878617949680199128e-02
7.027590283759485579e-02
6.999750781179926717e-02
6.688330901138073159e-02
6.764768522603945011e-02
6.709874514725376604e-02
6.578642622299946119e-02
6.655128997055001494e-02
6.600552458487585206e-02
6.536721217751172153e-02
6.469639768133336744e-02
6.491872296547246401e-02
6.546134234580529287e-02
6.505632130623237308e-02
6.398652979685573450e-02
6.292211063805967786e-02
5.664371638028995598e-02
5.561453556985802849e-02
5.459016464991975348e-02
5.359592744660568453e-02
5.249168136335779361e-02
5.767776112033526359e-02
5.871655194570821190e-02
5.976029353775397929e-02
6.080907568243509864e-02
6.186298632282916793e-02
5.163851020592621216e-02
5.097216413425409431e-02
6.863816316326806777e-02
6.745633182321228438e-02
6.952416054094580355e-02
6.825594376953372788e-02
6.903008401118015946e-02
6.633400224990912419e-02
6.524059880824356616e-02
6.406459774763273440e-02
6.482897235109855161e-02
6.460273117250410480e-02
6.361283875497394935e-02
6.437765817822933834e-02
6.415381362463147552e-02
6.429215430180135193e-02
6.299274167755337939e-02
6.375674778096790396e-02
6.322274721382334373e-02
6.192671302993809496e-02
6.269014211130698178e-02
6.215891945525903878e-02
5.564643203502610963e-02
5.640302145826195379e-02
5.588742965908404664e-02
5.461996383871890043e-02
5.537386751474738383e-02
5.486094369486839428e-02
5.336853699954702268e-02
5.423460882785036824e-02
5.372423530069338898e-02
5.282520589644040809e-02
5.296933145608458821e-02
5.345207831143739680e-02
5.175486663538583776e-02
5.243379884875156577e-02
5.181339875106553278e-02
5.667259826869079642e-02
5.743431679890110414e-02
5.691633476243432993e-02
5.771201695258470349e-02
5.847469513715177619e-02
5.795415706354194174e-02
5.876268358393815783e-02
5.900005356875590717e-02
5.952319722689992931e-02
5.981177251272737361e-02
6.057345154528007841e-02
6.004765944584728593e-02
6.086641831370386696e-02
6.162907062400326680e-02
6.110058495669199591e-02
5.041112643856626024e-02
5.114051220252322644e-02
5.090834794797940294e-02
5.047553656025968033e-02
6.777099512018702754e-02
6.790022874196194325e-02
6.850947563301154619e-02
6.641488977164830554e-02
6.722321007686064831e-02
6.664807054559175603e-02
6.875127047781884326e-02
6.535280949958523211e-02
6.611823384522082236e-02
6.556883383148288946e-02
6.418703116742038861e-02
6.444100164535027098e-02
6.498687261173560770e-02
6.383813934086080000e-02
6.309947431681922625e-02
6.335549591526064284e-02
6.389803250636408305e-02
6.352793728724050182e-02
6.245900499125294630e-02
6.139585402603121161e-02
5.615886745843441663e-02
5.513255919753148188e-02
5.399338108744210912e-02
5.309656639760661906e-02
5.228951358664642168e-02
5.037636049444099706e-02
5.106478059961806759e-02
5.112381042943574261e-02
5.719164258566272752e-02
5.823667035129560798e-02
5.928653943116939107e-02
6.033839505495608435e-02
5.039388552003519484e-02
6.801240709314179678e-02
6.709241774604622621e-02
6.588272254376295600e-02
6.673183534753589219e-02
6.749377325517325055e-02
6.476905851055857199e-02
6.364240849075696038e-02
6.253567602607637554e-02
6.330015683393291903e-02
6.307346280434000807e-02
6.206824613141977837e-02
6.284058268264441915e-02
6.258297595780974720e-02
6.276369980900252388e-02
6.146480868223146155e-02
6.222875041562282022e-02
6.169532014791014735e-02
6.040021261854067874e-02
6.116339372597531798e-02
6.063294172920487973e-02
5.516717432676534333e-02
5.591960723769064806e-02
5.540674548577428915e-02
5.388399069128784608e-02
5.476473903803327770e-02
5.425202453485188786e-02
5.327640520260747831e-02
5.332242114856772935e-02
5.394784608013746680e-02
5.181412511914942204e-02
5.259046305113394132e-02
5.231962550791428856e-02
5.178447399267641776e-02
5.043639248086877191e-02
5.109548375489280508e-02
5.040639553900454206e-02
5.615993885252513335e-02
5.693572549224777679e-02
5.641615765116669845e-02
5.724278909201988008e-02
5.800253763936049495e-02
5.747722144738348637e-02
5.828929275695768353e-02
5.852574488004777531e-02
5.905037653544759069e-02
5.934173385043289145e-02
6.010396318495340312e-02
5.957644531986841518e-02
6.725136394835855291e-02
6.657179897155064696e-02
6.491870650334673198e-02
6.513525637998168749e-02
6.566683801897606199e-02
6.383744273533022151e-02
6.401141382888833609e-02
6.459527860966472745e-02
6.241099249105046265e-02
6.329917205830824789e-02
6.275441975415213536e-02
6.230139037554911080e-02
6.150900857064784538e-02
6.178812720867716407e-02
6.230426721506487214e-02
6.199945855646103038e-02
6.093173795020725286e-02
5.987021231407654853e-02
5.566287101830870443e-02
5.452466911093915153e-02
5.357975334705783466e-02
5.203893019941135956e-02
5.265708229633582482e-02
5.270363121414534807e-02
5.192635816726332704e-02
5.112445815171329233e-02
5.670061849491476319e-02
5.776530566215105911e-02
5.881476501127116951e-02
6.523944404023175603e-02
6.598536912000683985e-02
6.582699475350767271e-02
6.507820755073275010e-02
6.437755393094028722e-02
6.312344986005269387e-02
6.195870561206455462e-02
6.101944033700140019e-02
6.154294231501804963e-02
6.177754017240671969e-02
6.048367481673175283e-02
6.127591513109245658e-02
6.099534974407424398e-02
6.124166133516224103e-02
5.996792503525305573e-02
6.018365020381511582e-02
6.071630971246427116e-02
5.888573983770837433e-02
5.911336722174448388e-02
5.964288122346646237e-02
5.456254361901345662e-02
5.486480026302707758e-02
5.536087731174178794e-02
5.386260293369372898e-02
5.387309169390575025e-02
5.451465626649225349e-02
5.231149917589092424e-02
5.309695805807945757e-02
5.279394384579384758e-02
5.217496502281199905e-02
5.059219118847843588e-02
5.131474532500307495e-02
5.120308550027928562e-02
5.051418150405406760e-02
5.542657290196460057e-02
5.633436056644282319e-02
5.579312473914153914e-02
5.679616729193290303e-02
5.701924497428201288e-02
5.754254431127530517e-02
5.786390695620594743e-02
5.807630001088390226e-02
5.860268216091869126e-02
6.378626219134393704e-02
6.451242464573427038e-02
6.435256013365335537e-02
6.381098582164244915e-02
6.237960064334899940e-02
6.310864606181325331e-02
6.239424910865143392e-02
6.089489181203312090e-02
6.120172510085949980e-02
6.165259172272860577e-02
6.075113045395345857e-02
6.000462616552602185e-02
6.024373880507216672e-02
6.075674143145667200e-02
6.049287551577839372e-02
5.942603396268664184e-02
5.837400947310141669e-02
5.499376814291776633e-02
5.421209243607117562e-02
5.257299192024737777e-02
5.322842463786717215e-02
5.321721507743954610e-02
5.244193850088392506e-02
5.084440709342415848e-02
5.157719987473173562e-02
5.144162909493623509e-02
5.071805677069935597e-02
5.611044151042263173e-02
5.732923147028983618e-02
6.308235840314203868e-02
6.102647961288958783e-02
6.170233826625878826e-02
6.171880677973211327e-02
6.096005808732543607e-02
6.044907491248063813e-02
5.943395618294318450e-02
6.022662825282790178e-02
5.995796111875058981e-02
5.891015445373912890e-02
5.945646521335092721e-02
5.969682804116892283e-02
5.970056098317164106e-02
5.844883273453583411e-02
5.866690941703710943e-02
5.920828550057635059e-02
5.742705044525319574e-02
5.764514416140430891e-02
5.815625930329092891e-02
5.371793927830746662e-02
5.457162721295807928e-02
5.414021059376550316e-02
5.306343976518695243e-02
5.346302006850443822e-02
5.381254892535915213e-02
5.281762116465582579e-02
5.119333098346776773e-02
5.188254516889936191e-02
5.175241169115762235e-02
5.101849356840513355e-02
5.555575687015711084e-02
5.549072304017349522e-02
5.617584896391458055e-02
5.645562276417918912e-02
5.662561883069871377e-02
5.715958908255586862e-02
5.973353714957575084e-02
6.037919431616646515e-02
6.031423515098910393e-02
5.986860038956822588e-02
5.917170336387072432e-02
5.850695424025553065e-02
5.925575117324517055e-02
5.870807492385186899e-02
5.894062099701492807e-02
5.793709499425771930e-02
5.694047843313046475e-02
5.426618160546643060e-02
5.399143027869915401e-02
5.484633167954201111e-02
5.339014411346609118e-02
5.163885672892194051e-02
5.235047425682605449e-02
5.210593343283313056e-02
5.141558663738933499e-02
5.600508156607876542e-02
5.491057770310663749e-02
5.911934510110160301e-02
5.787732095301922897e-02
5.865552123021894326e-02
5.839289789818619819e-02
5.735239212243804785e-02
5.792871491153699093e-02
5.813119097338099311e-02
5.816277959421611160e-02
5.685440795797661040e-02
5.714046671103621688e-02
5.765142355683691017e-02
5.592399727737494552e-02
5.667527704052052057e-02
5.618958215215986290e-02
5.281707487958813702e-02
5.354118828955371084e-02
5.326745757770067619e-02
5.218044302554722402e-02
5.294862791811909275e-02
5.262193014546669156e-02
5.190902395442181794e-02
5.504201732331234082e-02
5.529872295177116343e-02
5.574863295982666195e-02
5.465314123502090782e-02
5.761447568181479045e-02
5.736498190792609780e-02
5.638831003299149547e-02
5.548232414805923801e-02
5.249802212048881173e-02
5.354721687956069676e-02
5.390658674866857791e-02
5.318131334365037294e-02
5.429412288180929247e-02
5.627494893710374702e-02
5.681268336346186054e-02
5.707596362622942981e-02
5.656437462674396288e-02
5.527911938611793086e-02
5.606651168920780831e-02
5.560131762014074164e-02
5.436878534018733250e-02
5.514607158043536433e-02
5.470529610260567444e-02
5.395709403175610874e-02
5.577604621840317328e-02
5.482299210525553440e-02
