-1.763355756877419689e-01
-1.758819466126008979e-01
-1.912271969246068792e-01
-1.835545717686039024e-01
-1.837813863061744657e-01
-1.761087611501714334e-01
-1.911939946763155374e-01
-2.053641317786066012e-01
-1.982790632274610554e-01
-1.982956643516067541e-01
-1.912105958004612083e-01
-1.835379706444582038e-01
-1.611810123961870400e-01
-1.685314795043939551e-01
-1.687582940419645183e-01
-2.044389516684844144e-01
-2.049015417235455216e-01
-1.978164731723999481e-01
-2.186905882264235101e-01
-2.115647699474539900e-01
-2.120273600025150418e-01
-1.768104147405895887e-01
-1.763461806765952433e-01
-1.840022047084525492e-01
-1.607480384936988693e-01
-1.685418070907204469e-01
-1.609645254449429408e-01
-1.615104317950032398e-01
-1.613457220955951121e-01
-1.686961892038020827e-01
-1.934413263330047317e-01
-1.923176605046601484e-01
-1.989401390007445314e-01
-2.126793358143707902e-01
-2.085591437414276161e-01
-2.156849620203971640e-01
-2.311539728327367815e-01
-2.219166543235537858e-01
-2.249222805295801597e-01
-2.263971842365653242e-01
-2.427050983124842964e-01
-2.345511412745248103e-01
-2.369295355726105390e-01
-2.287755785346510529e-01
-1.691604232677964004e-01
-1.851258705367971880e-01
-1.458271897585206311e-01
-1.532876141261097502e-01
-1.535041010773537939e-01
-1.467828920295567996e-01
-1.539819522128719198e-01
-1.541466619122799919e-01
-2.030603310736877609e-01
-2.195382600254680572e-01
-2.379599306067098352e-01
-2.403325144595970797e-01
-2.321785574216375658e-01
-2.532983776506044782e-01
-2.456291541286571567e-01
-2.480017379815444012e-01
-1.614336464408612781e-01
-1.614720391179322867e-01
-1.691220305907254473e-01
-1.777755446426231012e-01
-1.772929796916063450e-01
-1.856084354878139164e-01
-1.445261022305145693e-01
-1.526370703621067471e-01
-1.451766459945176002e-01
-1.463050408940387292e-01
-1.460167609331808336e-01
-1.463998264813688166e-01
-1.537635963640920089e-01
-1.938068220716637202e-01
-1.936240742023342398e-01
-2.032430789430172691e-01
-2.092073610735865341e-01
-2.109433484439786621e-01
-2.178022726550759014e-01
-2.246774067795036800e-01
-2.255372955080345299e-01
-2.313186686931067437e-01
-2.423286638638688095e-01
-2.401442972352893501e-01
-2.478135207572366716e-01
-2.628920040131589864e-01
-2.526103339385138979e-01
-2.580951908318817045e-01
-1.696045955417422035e-01
-1.537252036870210836e-01
-1.857911833571434246e-01
-1.295945748661289920e-01
-1.370603385483217806e-01
-1.377108823123248116e-01
-1.311746009179947936e-01
-1.385008953382577124e-01
-1.389787464737758105e-01
-1.307433170631958907e-01
-1.387631045463763590e-01
-1.383800389981883483e-01
-2.015070915726251410e-01
-2.169423839265451071e-01
-2.335030353216862586e-01
-2.548860477992405671e-01
-2.588890259061997767e-01
-2.486073558315546606e-01
-2.714481157398058730e-01
-2.631670817695231923e-01
-2.671700598764824575e-01
-1.607726437511371176e-01
-1.692740941968801094e-01
-1.611031450959992117e-01
-1.451063455778007771e-01
-1.455615532554908054e-01
-1.532699960093310554e-01
-1.764388731765710872e-01
-1.771072089095970803e-01
-1.851228476241174037e-01
-1.277337874695216036e-01
-1.361299448500181142e-01
-1.286641811678252978e-01
-1.303845878920618928e-01
-1.309589589905953422e-01
-1.294401137356192000e-01
-1.300917153994075592e-01
-1.377284373343999890e-01
-1.921051026020056396e-01
-1.929559623368346799e-01
-2.006562318377960730e-01
-2.077713320274400810e-01
-2.084893465505133214e-01
-2.162243694034718944e-01
-2.238584114567593875e-01
-2.330935376603141262e-01
-2.242679091181315476e-01
-2.396438632426871329e-01
-2.409862635532779573e-01
-2.472649555209638084e-01
-2.578990583766153089e-01
-2.563925530879279657e-01
-2.646735870582106465e-01
-2.789329457664754264e-01
-2.684160020715453676e-01
-2.751905307531406497e-01
-1.686057584638541162e-01
-1.529394946644689335e-01
-1.372732296567100163e-01
-1.842719878892883911e-01
-1.156093264207577048e-01
-1.226019506434433692e-01
-1.216715569451396473e-01
-1.148758526478359104e-01
-1.230252267829153590e-01
-1.222352137569824443e-01
-1.147906396675182072e-01
-1.229826202927565004e-01
-1.227669783653570490e-01
-1.137739554748338072e-01
-1.222586362690148420e-01
-1.216070346052264967e-01
-1.999382173147228603e-01
-2.158148717420997342e-01
-2.317511373497232741e-01
-2.487714608096512348e-01
-2.696069055693257610e-01
-2.742699256679005937e-01
-2.637529819729704794e-01
-2.853169548885460816e-01
-2.774619302289359490e-01
-2.821249503275107262e-01
-1.595327984245075992e-01
-1.601527210878223584e-01
-1.679858358005393570e-01
-1.438665551799166720e-01
-1.444864503788587662e-01
-1.523195994655268948e-01
-1.282003277128637986e-01
-1.288202207242414854e-01
-1.366533366453323017e-01
-1.751990278499420961e-01
-1.758189505132565778e-01
-1.836520652259738540e-01
-1.104373658054032814e-01
-1.190855766374624425e-01
-1.130233461130805001e-01
-1.152425895342968076e-01
-1.148332461576770658e-01
-1.142822975711760003e-01
-1.125341101482043998e-01
-1.131540328115190897e-01
-1.209871119419117930e-01
-1.908652572753765375e-01
-1.914851799386910747e-01
-1.993182946514083231e-01
-2.066016283681252341e-01
-2.152300199124423385e-01
-2.071864801977826576e-01
-2.221977161262455314e-01
-2.230280637915024455e-01
-2.309207896844663044e-01
-2.383647776451045808e-01
-2.390043204438958846e-01
-2.481319180108599309e-01
-2.537900836592019704e-01
-2.558445710179085841e-01
-2.616984946142638102e-01
-2.703398258113953179e-01
-2.699733656903605672e-01
-2.778283903499707552e-01
-1.673659131372248754e-01
-1.516996768022121356e-01
-1.360334414463902353e-01
-1.203672189305340923e-01
-1.830321425626593168e-01
-9.636478952968888234e-02
-1.059870579752233005e-01
-1.034010776675460819e-01
-1.015520472115269135e-01
-1.085806868161423022e-01
-1.082139499296813911e-01
-9.909292390799558092e-02
-1.069843882779157596e-01
-1.069417817877568871e-01
-9.810772604939950459e-02
-1.064491828584588629e-01
-1.059408407621166559e-01
-9.686788072277011108e-02
-1.053209180988019522e-01
-1.047009954354872485e-01
-1.987334428217508719e-01
-2.143996722471853689e-01
-2.302812468856750561e-01
-2.460774306521532617e-01
-2.620649547352986719e-01
-2.905749483385893228e-01
-2.804573870749923481e-01
-2.879459516135677299e-01
-1.582929530978784693e-01
-1.589128757611930620e-01
-1.667459904739103105e-01
-1.426267208967313405e-01
-1.510797596606194837e-01
-1.432466380383239923e-01
-1.269604919407475996e-01
-1.275804098268056852e-01
-1.354135235603321497e-01
-1.112942628447791960e-01
-1.197472952788214973e-01
-1.119141864964917910e-01
-1.739591825233129940e-01
-1.745791051866275589e-01
-1.824122198993447519e-01
-9.270509831248424648e-02
-1.015712320589437778e-01
-9.453494392108656441e-02
-9.895841837060789792e-02
-1.003224855597612541e-01
-9.860032497869755663e-02
-9.748780338608481477e-02
-9.562803506667476305e-02
-1.040810726074395953e-01
-9.624795789472243013e-02
-1.896254119487474910e-01
-1.902453346120620281e-01
-1.981135201584363625e-01
-2.052916413741820156e-01
-2.059466348711536110e-01
-2.137446787502137457e-01
-2.209578707996163738e-01
-2.215777934629309942e-01
-2.296613242223605189e-01
-2.366325771817630319e-01
-2.374986774134338063e-01
-2.452113304204824595e-01
-2.521089335308187573e-01
-2.529495085950103084e-01
-2.612243796711070098e-01
-2.772262087834854727e-01
-2.839005785610374533e-01
-2.737830172974403675e-01
-1.661260678105957456e-01
-1.504598369973049188e-01
-1.347936064187394423e-01
-1.191273773927633978e-01
-1.034611489557269864e-01
-1.817922972360302702e-01
-7.910247633030068060e-02
-8.590378732139247742e-02
-8.773363292999478147e-02
-8.424244329475681636e-02
-9.030361641222284241e-02
-9.289724525314185799e-02
-9.166768360137621252e-02
-8.244149662396527134e-02
-9.076721026598043307e-02
-9.027461133668240878e-02
-8.120165129733580844e-02
-8.965468867336764958e-02
-8.903476601005294588e-02
-7.996180597070645657e-02
-8.841484334673826995e-02
-8.779492051869061675e-02
-1.974585266614647672e-01
-2.131247560868991808e-01
-2.287952239906896890e-01
-2.443707553562908807e-01
-2.633850417353029716e-01
-2.668624337733491725e-01
-2.577469876330608090e-01
-2.946861752186066274e-01
-2.859561920010460501e-01
-2.926305617785979751e-01
-2.703056252593942221e-01
-1.570531077712494228e-01
-1.655061451472812084e-01
-1.576730304345639322e-01
-1.413868783458149259e-01
-1.420067996212731054e-01
-1.498399157218466837e-01
-1.257206483915230266e-01
-1.263405701661353131e-01
-1.341736846441271558e-01
-1.100544187811029889e-01
-1.185074553609253012e-01
-1.106743408129410994e-01
-9.438818955700886693e-02
-1.028412262008940592e-01
-9.500811231184183581e-02
-1.727193371966840030e-01
-1.733392598599984846e-01
-1.811723745727157886e-01
-7.460696614945633298e-02
-8.365603223097028973e-02
-7.685472123987850679e-02
-8.167245981252874154e-02
-8.334196995936105079e-02
-8.182157396065053989e-02
-8.058172863402113251e-02
-7.872196058916619554e-02
-8.717499782792048624e-02
-7.934188327993631218e-02
-1.883855666221183889e-01
-1.890054892854329260e-01
-1.968386039981501745e-01
-2.040517960475528303e-01
-2.046717187108674230e-01
-2.125048334235846159e-01
-2.197180254729872162e-01
-2.203379481363018089e-01
-2.281753013273750963e-01
-2.353842548984216299e-01
-2.360084160400923170e-01
-2.437465942146201381e-01
-2.504215177680851889e-01
-2.512652256494519731e-01
-2.569032797516940247e-01
-2.804796772029762297e-01
-2.788529429932308790e-01
-2.875829262107915119e-01
-2.643006018103252752e-01
-2.638428217728140956e-01
-2.707634052969053462e-01
-1.648862224839667268e-01
-1.492199930585321466e-01
-1.335537633686689762e-01
-1.178875335863130008e-01
-1.022213041690559487e-01
-8.655507507308753123e-02
-1.805524519094011959e-01
-6.385303654470979307e-02
-7.147775643750522989e-02
-6.923000134708305608e-02
-6.639167698026032793e-02
-7.531706013750857909e-02
-7.274707665528049039e-02
-6.680088886596707853e-02
-7.462119274496617494e-02
-7.552166608036195439e-02
-6.553969214980755187e-02
-7.337067172357168710e-02
-7.399059438688641854e-02
-6.429557654527211230e-02
-7.274861392130396731e-02
-7.212869125798927750e-02
-6.305573121864280206e-02
-7.150876859467462932e-02
-7.088884590390448492e-02
-1.962186813348356096e-01
-2.118849107602699955e-01
-2.275511401857044369e-01
-2.429028863332534094e-01
-2.573610597892052043e-01
-2.976344103943434072e-01
-2.890570437986598185e-01
-2.961602928064750451e-01
-2.723901395066508080e-01
-1.558132624446203762e-01
-1.564331851079349134e-01
-1.642662998206522174e-01
-1.401470330191858793e-01
-1.407669556825004165e-01
-1.486000703952176649e-01
-1.244808035937513130e-01
-1.251007259926371629e-01
-1.329338409697831125e-01
-1.088145740152779151e-01
-1.094344963981904451e-01
-1.172676112034004570e-01
-9.314834453849149543e-02
-1.016013816597972352e-01
-9.376826704775018118e-02
-7.748211531744793323e-02
-7.810203795330705745e-02
-8.593515243722840702e-02
-1.714794918700547899e-01
-1.799325292460866033e-01
-1.720994145333694103e-01
-5.621439437571738168e-02
-6.541068026258685386e-02
-6.003371546021358390e-02
-6.512235676248505356e-02
-6.659628292311370323e-02
-6.617029050788730826e-02
-6.491763434753983208e-02
-6.367565388195746412e-02
-6.181588589201358203e-02
-6.243580855532819551e-02
-7.026892324058987838e-02
-1.871457212954893146e-01
-1.877656439588038517e-01
-1.955987586715210447e-01
-2.028119507209236727e-01
-2.034318733842382931e-01
-2.112649880969554306e-01
-2.184781801463580586e-01
-2.190981028096726790e-01
-2.269312175223898442e-01
-2.341444095717924723e-01
-2.347643322351070649e-01
-2.422829636699388445e-01
-2.492349563453900851e-01
-2.498282370567376509e-01
-2.567677790778576385e-01
-2.833905537554781695e-01
-2.905124820749107606e-01
-2.819351154792272274e-01
-2.650562090267118420e-01
-2.646784054185185031e-01
-2.727679431148440359e-01
-2.994080185284814788e-01
-2.913992861419798519e-01
-2.985212144614124430e-01
-1.636463771573375969e-01
-1.479801477319031555e-01
-1.323139183064686031e-01
-1.166476888045146210e-01
-1.009814592768846914e-01
-8.531522992796969351e-02
-6.964900060473075416e-02
-1.793126065827720383e-01
-4.415783406379680809e-02
-5.018611421975709141e-02
-5.400543530425329364e-02
-5.224865706343262417e-02
-5.805084680407120168e-02
-5.932016702184646217e-02
-5.110903777309693669e-02
-5.875035737667863578e-02
-5.895496331953201108e-02
-4.987417443735767120e-02
-5.770693329358261153e-02
-5.833753165166237487e-02
-4.862934711983775415e-02
-5.646246183255493323e-02
-5.708451963482265301e-02
-4.738950179320849249e-02
-5.584253916924029892e-02
-5.522261650592565074e-02
-4.614965646657923776e-02
-5.460269384261101644e-02
-5.398277117929641683e-02
-1.949788360082064798e-01
-2.106450654336408934e-01
-2.263112948590753071e-01
-2.416896829585913065e-01
-2.571455826860509220e-01
-2.742233813910949225e-01
-2.836640044205914757e-01
-2.835272790880348226e-01
-2.915360114745365050e-01
-2.999999999999999889e-01
-2.918320022102957045e-01
-2.997040092642407338e-01
-1.545734171179912186e-01
-1.630264544940230043e-01
-1.551933397813057836e-01
-1.389071876925567217e-01
-1.395271103558712866e-01
-1.473602250685885351e-01
-1.232409582671222109e-01
-1.238608809304367619e-01
-1.316939956431540382e-01
-1.075747288416877973e-01
-1.081946514284828631e-01
-1.160277662177195412e-01
-9.190849941625328645e-02
-9.252842197737239094e-02
-1.003615367157655869e-01
-7.624226999081880340e-02
-7.686219265413336832e-02
-8.469530726465514248e-02
-6.057604056538443832e-02
-6.119596322869901017e-02
-6.902907794141617537e-02
-1.702396465434257156e-01
-1.708595692067402250e-01
-1.786926839194574734e-01
-3.759997006929136770e-02
-4.690718222250438163e-02
-4.087890206654408443e-02
-4.820324556361471613e-02
-5.167884741826478390e-02
-5.049160610522730741e-02
-4.925176077859770574e-02
-4.800942445652312679e-02
-4.676957912989386512e-02
-4.490981113995001772e-02
-4.552973380326462427e-02
-5.336284851598180334e-02
-1.859058759688600737e-01
-1.865257986321747219e-01
-1.943589133448919148e-01
-2.015721053942944874e-01
-2.021920280576091078e-01
-2.100251427703263007e-01
-2.172383348197287622e-01
-2.178582574830434382e-01
-2.256913721957606311e-01
-2.328086171365237600e-01
-2.410217867409569503e-01
-2.334765133541581439e-01
-2.485707936705975341e-01
-2.489028750079937957e-01
-2.568135013486546603e-01
-2.647696887917866393e-01
-2.649129489092492129e-01
-2.740801212736323489e-01
-2.742168466061890575e-01
-2.870639454717345274e-01
-2.935319727358672859e-01
-2.853639749461630015e-01
-2.994080185284814233e-01
-2.932359820001080308e-01
-2.997040092642407338e-01
-1.624065318307084671e-01
-1.467403024052739424e-01
-1.310740729798394455e-01
-1.154078435544050041e-01
-9.974161412897056267e-02
-8.407538470353605187e-02
-6.840915527810162433e-02
-5.274292585266722455e-02
-1.780727612561429085e-01
-2.668257326352032124e-02
-3.214127166640584621e-02
-3.542020366365856293e-02
-3.481775716162068685e-02
-3.948779561270875094e-02
-4.353320711252665204e-02
-4.296339746735881870e-02
-3.420379335284832317e-02
-4.203898389510300759e-02
-4.265641556297262993e-02
-3.296311769440356948e-02
-4.141864606588062381e-02
-4.079623240712065835e-02
-3.172327236777412740e-02
-4.017630974380594078e-02
-3.955638708049132035e-02
-3.048342704114487961e-02
-3.831654175386205868e-02
-3.893646441717668605e-02
-2.924358171451558325e-02
-3.707669642723279702e-02
-3.769661909054741050e-02
-1.937389906815772944e-01
-2.094052201070116248e-01
-2.250234759781262750e-01
-2.406897054035606609e-01
-2.566702412311920867e-01
-2.747564794157598689e-01
-2.792102419181756723e-01
-2.697630841037731986e-01
-2.809102124437471981e-01
-2.786448097232163690e-01
-2.828543775974754482e-01
-2.890264141258488961e-01
-2.848713589890968789e-01
-2.976344103943432962e-01
-2.912528846917200598e-01
-2.985212144614123875e-01
-2.921396887587891511e-01
-2.800397284802874642e-01
-2.946861752186065719e-01
-2.873629518494470458e-01
-2.961602928064749340e-01
-2.888370694373154079e-01
-2.765789501925170479e-01
-2.905749483385892673e-01
-2.835769492655531576e-01
-2.926305617785979751e-01
-2.856325627055618099e-01
-2.729142469918806602e-01
-2.853169548885460260e-01
-2.791156009402133709e-01
-2.879459516135676744e-01
-2.817445976652350192e-01
-1.533335717913621166e-01
-1.539534944546766537e-01
-1.617866091673939022e-01
-1.376673423659275919e-01
-1.382872650292421568e-01
-1.461203797419594053e-01
-1.220011129404932060e-01
-1.226210356038077154e-01
-1.304541503165249638e-01
-1.063348835150586952e-01
-1.069548061783732462e-01
-1.147879208910904392e-01
-9.066865408962419826e-02
-9.128857675293874929e-02
-9.912169146565602551e-02
-7.500242466418972909e-02
-7.562234732750428012e-02
-8.345546204022152859e-02
-5.933619523875528767e-02
-5.995611790206986647e-02
-6.778923261478705942e-02
-4.366996581332087402e-02
-5.212300318935265964e-02
-4.428988847663543893e-02
-1.689998012167964747e-01
-1.696197238801110951e-01
-1.774528385928282881e-01
-1.883715585879396082e-02
-2.821856296404266426e-02
-2.275986456115713930e-02
-3.075016521257050578e-02
-3.451077525723450501e-02
-3.358345552362594633e-02
-3.234319503108885191e-02
-3.110334970445950351e-02
-2.986350437783023143e-02
-2.800373638788640485e-02
-3.645677376391821128e-02
-2.862365905120099058e-02
-1.846660306422309716e-01
-1.931190680182627850e-01
-1.852859533055455366e-01
-2.003322600676653853e-01
-2.087852974436971154e-01
-2.009521827309799502e-01
-2.159984894930996602e-01
-2.166184121564142528e-01
-2.244035533148117378e-01
-2.316487277337609396e-01
-2.322286724351423359e-01
-2.401097607021792091e-01
-2.473309483439686263e-01
-2.479508710072830802e-01
-2.560503185678775773e-01
-2.619471181302225338e-01
-2.633584034610045865e-01
-2.683517987729912013e-01
-2.767006445694880634e-01
-2.817580843561565684e-01
-2.824555437346921716e-01
-2.783093393364022283e-01
-2.747465985921988540e-01
-2.681190682412500914e-01
-2.705166576165654035e-01
-2.767180115648980587e-01
-2.789329457664754264e-01
-2.735260070038627589e-01
-2.821249503275107262e-01
-1.611666865040792818e-01
-1.455004570786448403e-01
-1.298342276532103989e-01
-1.141679982277759575e-01
-9.850176880234146060e-02
-8.283553937690697755e-02
-6.716930995147252226e-02
-5.150308052603808084e-02
-3.583685110060363943e-02
-1.768329159295137509e-01
-9.386874592112339974e-03
-1.803472392781632974e-02
-1.411201522545315126e-02
-1.805587449095333308e-02
-2.643681582628701343e-02
-2.236922387723682543e-02
-1.853673359559910097e-02
-2.637026347422371381e-02
-2.667724537860989564e-02
-1.729702665760516830e-02
-2.513007217600437410e-02
-2.575041000522674400e-02
-1.605704294233991150e-02
-2.451008031837174223e-02
-2.389015765505702465e-02
-1.481719761571051973e-02
-2.265031232842770054e-02
-2.327023499174232443e-02
-1.357735228908121990e-02
-2.203038966511304889e-02
-2.141046700179840070e-02
-1.233750696245199986e-02
-2.079054433848379069e-02
-2.017062167516920149e-02
-1.924991453549482201e-01
-2.081653747803825505e-01
-2.238236086134303138e-01
-2.394898380388647829e-01
-2.546390332370955800e-01
-2.702959639267194514e-01
-2.653370110318133968e-01
-2.719909103775148829e-01
-2.751041850104550823e-01
-2.726883697560504860e-01
-2.617799182301170924e-01
-2.709098233552023061e-01
-2.691794342113170702e-01
-2.590416287810811680e-01
-2.678102894867990802e-01
-2.659779378864809418e-01
-2.559793171814780388e-01
-2.620491927113640651e-01
-2.644467820866793772e-01
-2.612423945785505297e-01
-2.700876701725130058e-01
-2.646807314099002828e-01
-2.714481157398058175e-01
-2.663452551591781736e-01
-2.751905307531405942e-01
-2.533299528758272134e-01
-2.628920040131589864e-01
-2.581109784444931554e-01
-2.671700598764824020e-01
-2.623890343078165155e-01
-1.520937264647330145e-01
-1.527136491280475517e-01
-1.605467638407647446e-01
-1.364274970392984898e-01
-1.370474197026130270e-01
-1.448805344153302754e-01
-1.207612676138640900e-01
-1.213811902771786549e-01
-1.292143049898958618e-01
-1.050950381884295931e-01
-1.057149608517441441e-01
-1.135480755644614204e-01
-8.942880876299511006e-02
-9.788184613902692344e-02
-9.004873142630967497e-02
-7.376257933756064089e-02
-8.221561671359242651e-02
-7.438250200087517805e-02
-5.809634991212618560e-02
-6.654938728815795734e-02
-5.871627257544073664e-02
-4.243012048669173725e-02
-4.305004315000630910e-02
-5.088315786272351593e-02
-2.676389106125727849e-02
-2.738381372457184340e-02
-3.521692843728907452e-02
-1.677599558901674281e-01
-1.683798785534819653e-01
-1.762129932661992138e-01
-5.662073749783876653e-17
-9.418577929397008164e-03
-4.693437296056197743e-03
-1.372137454153283392e-02
-1.829630404327621529e-02
-1.791688012660213464e-02
-1.667703479997253990e-02
-1.543712027902521475e-02
-1.419727495239586981e-02
-1.295742962576660988e-02
-1.109766163582281973e-02
-1.171758429913741066e-02
-1.955069901185461229e-02
-1.834261853156018141e-01
-1.918792226916335997e-01
-1.840461079789164067e-01
-1.990924147410363387e-01
-2.075454521170679856e-01
-1.997123374043508481e-01
-2.147586441664708357e-01
-2.153785668297852340e-01
-2.232036859501158599e-01
-2.304248735919052216e-01
-2.310368006628330806e-01
-2.388779109679368962e-01
-2.460911030173396630e-01
-2.467110256806541724e-01
-2.540191105737811261e-01
-2.636420645810180208e-01
-2.635584646309652168e-01
-2.604107735055991579e-01
-2.575104729812795479e-01
-2.532384682989676783e-01
-2.606787682701088849e-01
-2.546088927402228030e-01
-2.572404314387590762e-01
-2.572861737271888716e-01
-2.457467948152405046e-01
-2.495383738455338452e-01
-2.543193994141997871e-01
-2.532983776506044227e-01
-2.495225862329224498e-01
-2.580951908318817045e-01
-1.442606117520157660e-01
-1.599268411774502074e-01
-1.285943823265812969e-01
-1.129281529011468554e-01
-9.726192347571235852e-02
-8.159569405027787548e-02
-6.592946462484340631e-02
-5.026323519940896489e-02
-3.459700577397450960e-02
-1.893077634854005431e-02
-1.755930706028845933e-01
8.393977033955255657e-03
4.196988516977601807e-03
-4.964487790785412913e-04
-1.214407060584683784e-03
-5.300640826348511879e-03
-9.635140775769006696e-03
-9.875570328091894112e-03
-1.630681908307557567e-03
-9.463854282956365646e-03
-1.008370775195333024e-02
-3.908135169055727072e-04
-8.843920087255371237e-03
-8.223928229622744571e-03
8.490318097238030732e-04
-6.984082902993357135e-03
-7.604005566308053021e-03
2.088877169919781639e-03
-5.744237559580722165e-03
-6.364160222895370346e-03
3.328722491753814856e-03
-4.504392235349095538e-03
-5.124314898663703821e-03
4.568567789611590463e-03
-3.884469586420205133e-03
-3.264546923105615932e-03
-1.912593000283190348e-01
-2.069255294537535594e-01
-2.225917588791880286e-01
-2.382579883046224423e-01
-2.557140570245765576e-01
-2.456582759745458144e-01
-2.537190971023314812e-01
-2.554976435031796056e-01
-2.436114123640817364e-01
-2.526956652970994144e-01
-2.513265205725814244e-01
-2.421661008327056774e-01
-2.506038648068934505e-01
-2.490727090070918304e-01
-2.405690453688477948e-01
-2.482741812751629307e-01
-2.469037568339076949e-01
-2.417880714382517338e-01
-2.475132698686096921e-01
-2.515152330084010623e-01
-2.475590121570394597e-01
-2.358004343652815304e-01
-2.407736145902610037e-01
-2.445651936205543442e-01
-2.367166207746168316e-01
-2.450074992126106410e-01
-2.412317077949286404e-01
-1.351876517126693877e-01
-1.358075743759839527e-01
-1.436406890887012011e-01
-1.508538811381039402e-01
-1.514738038014184496e-01
-1.593069185141356425e-01
-1.195214222872348908e-01
-1.279744596632667042e-01
-1.201413449505495112e-01
-1.038551928618004910e-01
-1.123082302378323044e-01
-1.044751155251150421e-01
-8.818896343636606350e-02
-9.664200081239783524e-02
-8.880888609968058678e-02
-7.252273401093156657e-02
-7.314265667424610373e-02
-8.097577138696335219e-02
-5.685650458549711128e-02
-5.747642724881165538e-02
-6.530954196152886915e-02
-4.119027516006264905e-02
-4.964331253609442079e-02
-4.181019782337719315e-02
-2.552404573462818682e-02
-2.614396839794273439e-02
-3.397708311065996550e-02
-9.857816309193733265e-03
-1.047773897250827563e-02
-1.831085368522551021e-02
-1.665201105635383261e-01
-1.671400332268528632e-01
-1.749731479395700284e-01
1.883715585879384632e-02
9.418577929396897142e-03
1.361556644637455446e-02
3.589784986685286804e-03
-1.422544484446121435e-03
-1.010747712606565978e-03
2.291091464091155082e-04
1.468954489821792464e-03
2.708799830836795645e-03
3.948645140682701359e-03
5.808413116240754986e-03
5.188490452926172725e-03
-2.644624259791032370e-03
-1.821863399889726842e-01
-1.828062626522872769e-01
-1.906393773650045254e-01
-1.978525694144072089e-01
-1.984724920777217738e-01
-2.063056067904390223e-01
-2.135187988398417058e-01
-2.141387215031562707e-01
-2.219718362158734637e-01
-2.291850282652762305e-01
-2.298049509285907122e-01
-2.376380656413079606e-01
-2.458746894959427387e-01
-2.446348441693137754e-01
-2.428887565983937069e-01
-2.413675731007767500e-01
-2.411785584035497920e-01
-2.387942529017665905e-01
-2.315824310174908196e-01
-2.386646129163656760e-01
-2.336914326913861473e-01
-2.427050983124842132e-01
-2.397108595435505363e-01
-2.480017379815443179e-01
-2.341495258960538117e-01
-1.430207664253866640e-01
-1.273545369999521393e-01
-1.586869958508211054e-01
-1.116883075745176979e-01
-9.602207814908328420e-02
-8.035584872364881504e-02
-6.468961929821434587e-02
-4.902338987277988364e-02
-3.335716044734542141e-02
-1.769093102191096264e-02
-2.024701596476488272e-03
-1.743532252762555190e-01
2.607022324723191897e-02
2.245368955301288438e-02
1.723210014059358905e-02
1.549134227045690163e-02
7.138467604936108053e-03
1.194265965220607864e-02
1.403557058189957955e-02
6.202444336796010885e-03
6.410581760657447017e-03
1.528845505364027565e-02
7.448820768367349007e-03
6.828886572666355466e-03
1.651526123515810116e-02
8.682146522440953307e-03
8.062223859126263492e-03
1.775510656178741486e-02
9.302069185755611896e-03
9.921991865853598686e-03
1.899495206104537606e-02
1.054191461548257581e-02
1.116183727639959156e-02
2.023479721504596943e-02
1.178175985339989171e-02
1.240168250232877994e-02
2.147464254167569600e-02
1.364152782895822896e-02
1.302160516564364323e-02
-1.900194547016899604e-01
-2.056856841271244851e-01
-2.213519135525589820e-01
-2.374216521199110086e-01
-2.279451829386472117e-01
-2.368017294565965269e-01
-2.357782976513644602e-01
-2.267053376120182206e-01
-2.351583749880499785e-01
-2.344357192223619490e-01
-2.253204932926807236e-01
-2.329447693307642731e-01
-2.337432970626932005e-01
-2.241237955492320355e-01
-2.323464204590399151e-01
-2.329559334937418569e-01
-2.224619943831293023e-01
-2.321250329106905319e-01
-2.291312143742054164e-01
-2.203928071991009263e-01
-2.280966207821912284e-01
-2.259876191082958452e-01
-2.247842631140516412e-01
-2.307504419443342503e-01
-2.337446807132679272e-01
-2.202543890079165789e-01
-2.259184100127037409e-01
-2.284855048912667053e-01
-2.311539728327366983e-01
-2.279691179733941975e-01
-2.369295355726104557e-01
-1.339478063860403134e-01
-1.345677290493548506e-01
-1.424008437620721268e-01
-1.182815769606059136e-01
-1.267346143366376576e-01
-1.189014996239204092e-01
-1.496140358114748381e-01
-1.502339584747893753e-01
-1.580670731875065682e-01
-1.026153475351714167e-01
-1.110683849112031607e-01
-1.032352701984859539e-01
-8.694911810973696142e-02
-8.756904077305149858e-02
-9.540215548576871929e-02
-7.128288868430250613e-02
-7.190281134761702941e-02
-7.973592606033427788e-02
-5.561665925886803002e-02
-5.623658192218257412e-02
-6.406969663489980871e-02
-3.995042983343356779e-02
-4.840346720946533954e-02
-4.057035249674810495e-02
-2.428420040799911944e-02
-3.273723778403088425e-02
-2.490412307131365660e-02
-8.617970982564710988e-03
-1.707100835859644977e-02
-9.237893645879222126e-03
7.048258471192331634e-03
-1.404778919000700815e-03
6.428335793716545912e-03
-1.652802652369092795e-01
-1.659001879002238167e-01
-1.737333026129410096e-01
3.759997006929126362e-02
2.821856296404256018e-02
3.183509665826159130e-02
2.078078275884440856e-02
1.476345642617824146e-02
1.466201281776992674e-02
1.590185814439918841e-02
1.713518389847275974e-02
1.837502931141639373e-02
1.961487463804566928e-02
2.085471987836083271e-02
2.271448801268777240e-02
1.426145056446426196e-02
2.209456527718173593e-02
-1.809464946623437209e-01
-1.893995320383754788e-01
-1.815664173256582026e-01
-1.966127240877781901e-01
-1.972326467510926995e-01
-2.050657614638099757e-01
-2.122789535132126038e-01
-2.128988761765271409e-01
-2.207319908892443894e-01
-2.285651056019617489e-01
-2.273252602753327301e-01
-2.260129154523494444e-01
-2.247221444209563934e-01
-2.232928949661806828e-01
-2.214274007911151143e-01
-2.203235981035087665e-01
-2.225193260609841239e-01
-2.129196639857817985e-01
-2.188519635499167337e-01
-2.220368184092592623e-01
-1.417809210987575619e-01
-1.261146916733231205e-01
-1.104484622478886513e-01
-1.574471505241920588e-01
-9.478223282245418213e-02
-7.911600339701971296e-02
-6.344977397158527155e-02
-4.778354454615080238e-02
-3.211731512071634709e-02
-1.645108569528191608e-02
-7.848562556861892435e-04
1.488137324194005115e-02
-1.731133799496265002e-01
4.588479558028186328e-02
3.597750941375689460e-02
4.174238282478656692e-02
3.017134754978243252e-02
2.812078539850717401e-02
2.283134491011966360e-02
2.210345906584100517e-02
3.101990325937592843e-02
2.252773692063775313e-02
2.315417915650810204e-02
3.218149067062112123e-02
2.373497286213070018e-02
2.434837595288961293e-02
3.342133604739438990e-02
2.558822130459090932e-02
2.496829864127624726e-02
3.466118140499682698e-02
2.620814398339212092e-02
2.682806673302109979e-02
3.590102758510647918e-02
2.744798982307592589e-02
2.806791240007622257e-02
3.714087250940506513e-02
2.930775752554037883e-02
2.868783486222551207e-02
3.838071819411106866e-02
2.992768036789338060e-02
3.054760310339941706e-02
-1.887796093750609694e-01
-2.044458388004953830e-01
-2.201120682259299355e-01
-2.110391081865836960e-01
-2.194921455626154538e-01
-2.188722228993009444e-01
-2.097992628599547327e-01
-2.182523002359864628e-01
-2.175598780763177142e-01
-2.085594175333256861e-01
-2.169399554130032326e-01
-2.163416065412788747e-01
-2.072322709985297273e-01
-2.156780332738808814e-01
-2.148471326908295287e-01
-2.060797268800677318e-01
-2.142708606315985032e-01
-2.132362670395843152e-01
-2.048398815534386852e-01
-2.126163443762698335e-01
-2.125471352806776459e-01
-2.049558337707738098e-01
-2.126051113893452083e-01
-2.148700484424126977e-01
-2.186905882264233991e-01
-2.158051261061025849e-01
-2.249222805295800487e-01
-2.089377488782778181e-01
-1.327079610594112946e-01
-1.333278837227258040e-01
-1.411609984354430525e-01
-1.170417316339767838e-01
-1.176616542972913626e-01
-1.254947690100085556e-01
-1.013755022085423840e-01
-1.019954248718569212e-01
-1.098285395845741419e-01
-1.483741904848457360e-01
-1.489941131481602732e-01
-1.568272278608774939e-01
-8.570927278310788711e-02
-8.632919544642242426e-02
-9.416231015913964497e-02
-7.004304335767345957e-02
-7.066296602098798285e-02
-7.849608073370520356e-02
-5.437681393223897652e-02
-5.499673659555351368e-02
-6.282985130827073439e-02
-3.871058450680450735e-02
-4.716362188283627216e-02
-3.933050717011903757e-02
-2.304435508137003125e-02
-2.366427774468457534e-02
-3.149739245740180299e-02
-7.378125655935693916e-03
-1.583116303196741015e-02
-7.998048319250203320e-03
8.288103782297669142e-03
-1.649336001335226579e-04
7.668181126745001255e-03
2.395433322048533265e-02
2.333441061658655252e-02
1.550129584583883127e-02
-1.640404199102802330e-01
-1.646603425735947424e-01
-1.724934572863119353e-01
5.621439437571727066e-02
4.690718222250427061e-02
5.104959497799956697e-02
3.802807156503214964e-02
3.059562540457918395e-02
3.160069696499853004e-02
3.280141335900775557e-02
3.404125872619560844e-02
3.528110449505164614e-02
3.652095004725576521e-02
3.776079535175805996e-02
3.962056290726383156e-02
3.900064055068745705e-02
3.116752545997580198e-02
-1.797066493357146744e-01
-1.803265719990292115e-01
-1.881596867117464877e-01
-1.953728787611491990e-01
-2.038259161371809292e-01
-1.959928014244636807e-01
-2.116590308498981499e-01
-2.104191855232692143e-01
-2.091793401966401955e-01
-2.078958442659277206e-01
-2.066559989392987295e-01
-2.054598042167531946e-01
-2.048978576621062753e-01
-2.013574072904871226e-01
-2.100239977584552609e-01
-2.071385356381344467e-01
-1.978987107789661193e-01
-2.054091873823739589e-01
-2.014272722748699507e-01
-1.996280590347266348e-01
-1.405410757721285153e-01
-1.248748463466940462e-01
-1.092086169212596047e-01
-9.354238749582514945e-02
-1.562073051975629567e-01
-7.787615807039068028e-02
-6.220992864495622499e-02
-4.654369921952174194e-02
-3.087746979408726930e-02
-1.521124036865286258e-02
4.549890631809858782e-04
1.612121850139149742e-02
3.178744806387458210e-02
-1.718735346229974814e-01
6.316986598405487097e-02
5.452733078216836365e-02
5.969213017988606734e-02
4.659119201611113675e-02
4.623799379819650002e-02
3.838126978294678637e-02
3.880554763774353433e-02
4.784772008602655724e-02
3.943381167270124110e-02
4.001460537832383924e-02
4.908756762359789416e-02
4.125445183549614897e-02
4.063452914710950770e-02
5.032657701090753610e-02
4.249387920795218154e-02
4.187395652915096300e-02
5.156726109933206653e-02
4.311422125216443635e-02
4.373414434221926245e-02
5.280710139344212128e-02
4.435406448927430023e-02
4.497398695142358627e-02
5.404694997204440715e-02
4.559391124072473267e-02
4.621383408307772750e-02
5.528679336597292632e-02
4.683375578004200790e-02
4.745367813661838241e-02
-1.875397640484319506e-01
-2.032059934738664753e-01
-1.941330334345202080e-01
-2.025860708105519659e-01
-2.019661481472374565e-01
-1.928931881078912169e-01
-2.013462254839229748e-01
-2.007263028206084376e-01
-1.916533427812622259e-01
-2.001063801572939560e-01
-1.994428068898959627e-01
-1.904134974546332348e-01
-1.988228842265814811e-01
-1.982466121673504555e-01
-1.891736521280041605e-01
-1.976266895040359739e-01
-1.970067668407214367e-01
-1.880358430553354387e-01
-1.964958384130546243e-01
-1.964378623043870620e-01
-2.053641317786066012e-01
-2.033607695345468758e-01
-2.120273600025149863e-01
-1.859503814545439282e-01
-1.954531076126588551e-01
-1.919245461167549960e-01
-1.854541161481175759e-01
-1.916764134635418615e-01
-1.934057617193023493e-01
-1.314681157327821925e-01
-1.320880383960967297e-01
-1.399211531088139504e-01
-1.158018863073478205e-01
-1.242549236833795645e-01
-1.164218089706623022e-01
-1.001356568819133097e-01
-1.085886942579450398e-01
-1.007555795452278469e-01
-8.446942745647892381e-02
-8.508935011979340546e-02
-9.292246483251065392e-02
-1.471343451582167172e-01
-1.477542678215312266e-01
-1.555873825342484473e-01
-6.880319803104441301e-02
-6.942312069435893629e-02
-7.725623540707615700e-02
-5.313696860560997853e-02
-5.375689126892448100e-02
-6.159000598164171558e-02
-3.747073918017546773e-02
-4.592377655620722560e-02
-3.809066184348998407e-02
-2.180450975414447226e-02
-3.025754713047449154e-02
-2.242443241775725002e-02
-6.138280328815223612e-03
-1.459131770509262960e-02
-6.758202992375457463e-03
9.527949099932792043e-03
8.908026441115230593e-03
1.074911721998548196e-03
2.519417854067595650e-02
2.457425588058064631e-02
1.674114116148681455e-02
4.086040806167978018e-02
4.024048548447181628e-02
3.240737064108255988e-02
-1.628005745836511309e-01
-1.634204972469656680e-01
-1.712536119596829165e-01
7.460696614945645788e-02
6.541068026258686774e-02
6.888841606675566442e-02
6.233834977949227057e-02
6.275410788177357424e-02
5.411157267988707387e-02
5.446477089780170366e-02
4.721945605106884353e-02
4.846764385481222570e-02
4.970707231725271513e-02
5.094691905511979091e-02
5.218718124638709044e-02
5.342702568274325381e-02
5.466687166900866673e-02
5.652663777363436254e-02
5.590671556980365137e-02
4.807360034044910052e-02
-1.784668040090857388e-01
-1.869198413851174689e-01
-1.790867266724002205e-01
-1.947529560978347174e-01
-1.935131107712057263e-01
-1.922732654445766798e-01
-1.910334201179477165e-01
-1.897935747913186977e-01
-1.886047475916697858e-01
-1.869931122549396696e-01
-1.878172328250273249e-01
-1.945873200577572237e-01
-1.965906823018169769e-01
-1.857022488013307382e-01
-1.866356744865724504e-01
-1.393012304454994688e-01
-1.236350010200650135e-01
-1.079687715946305582e-01
-9.230254216919610288e-02
-7.663631274376166147e-02
-1.549674598709339102e-01
-6.097008331832719230e-02
-4.530385389289272313e-02
-2.963762446715997173e-02
-1.397139504147984837e-02
1.694834385558784216e-03
1.736106382030437600e-02
3.302729330117787354e-02
4.869352291765707830e-02
-1.706336892963684071e-01
7.767328064197284720e-02
7.614012339571465948e-02
7.042157331301385215e-02
7.000581521073256930e-02
6.312081450399356641e-02
6.272958214174290115e-02
5.485600326005234811e-02
5.548426729501006183e-02
6.475580914558100309e-02
5.692168838458945557e-02
5.630176461580378711e-02
6.598863016878889209e-02
5.753809889619339313e-02
5.815760358984820022e-02
6.723348572133511225e-02
5.878003136612131724e-02
5.940037341033357898e-02
6.847336033541634448e-02
6.002031071737419510e-02
6.064023086442922594e-02
6.971319099277341336e-02
6.126014619310777426e-02
6.188007048240891372e-02
7.095302613939589997e-02
6.249998805572015703e-02
6.311990975268441662e-02
7.219286790001541720e-02
6.373983063299418217e-02
6.435975283682489334e-02
-1.862999187218029873e-01
-1.772269586824567200e-01
-1.856799960584884501e-01
-1.850600733951739407e-01
-1.759871133558276735e-01
-1.844401507318594591e-01
-1.838202280685449497e-01
-1.747472680291986824e-01
-1.832003054052304680e-01
-1.825803827419159586e-01
-1.735074227025696636e-01
-1.819604600786014492e-01
-1.813405374152869398e-01
-1.722675773759407281e-01
-1.807206147519724304e-01
-1.801517102156380556e-01
-1.710277320493117093e-01
-1.795317875523235740e-01
-1.784890567519278048e-01
-1.912271969246069070e-01
-1.895222148748171298e-01
-1.982956643516067541e-01
-1.697878867226829402e-01
-1.778691340886134342e-01
-1.776210014354002720e-01
-1.690585053373683810e-01
-1.772563107427430062e-01
-1.784378690811978529e-01
-1.745187737251036042e-01
-1.717886395312360204e-01
-1.811680032750654368e-01
-1.302282704061529239e-01
-1.308481930694675444e-01
-1.386813077821847928e-01
-1.145620409807185935e-01
-1.151819636440332140e-01
-1.230150783567504069e-01
-9.889581155528427703e-02
-9.951573421859880031e-02
-1.073488489313160488e-01
-8.322958212984982174e-02
-8.384950479316438665e-02
-9.168261950588156572e-02
-6.756335270441536645e-02
-6.818327536772988973e-02
-7.601639008044713819e-02
-1.458944998315874764e-01
-1.465144224949020968e-01
-1.543475372076192897e-01
-5.189712327898093197e-02
-6.035016065501266902e-02
-5.251704594229545525e-02
-3.623089384887591413e-02
-4.468393122724294980e-02
-3.685081651452568746e-02
-2.056466442075566975e-02
-2.118458708745007274e-02
-2.901770180046556874e-02
-4.898434996283694554e-03
-5.518357662549458649e-03
-1.335147237521408167e-02
1.076779442328769897e-02
1.014787176161024637e-02
2.314757047236238978e-03
2.643402385137680680e-02
2.581410119602638858e-02
1.798098647565480115e-02
4.210025327362559855e-02
4.148033066765269283e-02
3.364721590715077926e-02
5.776648312055424755e-02
4.931344559111701387e-02
5.714656044709430505e-02
-1.615607292570220843e-01
-1.621806519203366215e-01
-1.700137666330538977e-01
9.270509831248414934e-02
8.365603223097031749e-02
8.518918947722850521e-02
7.899781654937212960e-02
7.066808316443219662e-02
7.833554859567248840e-02
7.105931552668284801e-02
6.393831182478729169e-02
6.537221965718495453e-02
6.661105794506200217e-02
6.785342302837571449e-02
6.909327566409487198e-02
7.033310856608467054e-02
7.157294701970567941e-02
7.343271292783154491e-02
6.497967535073295720e-02
7.281279041392348106e-02
-1.778468813457712017e-01
-1.766070360191421829e-01
-1.753671906925132196e-01
-1.741273453658842008e-01
-1.728875000392551819e-01
-1.716476547126262187e-01
-1.704078093859973109e-01
-1.828729853248552972e-01
-1.694231960300256468e-01
-1.608800085759075349e-01
-1.676993911505055834e-01
-1.649692569566379441e-01
-1.380613851188702002e-01
-1.223951556934357587e-01
-1.067289262680014422e-01
-9.106269684256707020e-02
-7.539646741713260103e-02
-5.973023799169814574e-02
-1.537276145443048081e-01
-4.406400856392842652e-02
-2.839777913481578847e-02
-1.273154970851968215e-02
2.934679713502003941e-03
1.860090913733225548e-02
3.426713856250120094e-02
4.993336819708991958e-02
6.559959802419289276e-02
-1.693938439697393883e-01
9.449550173670850928e-02
8.608439118934067824e-02
9.360030002459632237e-02
8.674665914304030556e-02
8.020158308648302203e-02
7.959969981792758276e-02
7.166119879523830116e-02
7.247869611603202644e-02
8.162744572410300659e-02
7.319162743484200484e-02
7.380803794644594240e-02
8.290006169779479128e-02
7.444434593329182781e-02
7.506677370956493789e-02
8.413974815779973193e-02
7.568661693956743597e-02
7.630655424660803821e-02
8.537946514281824495e-02
7.692641273911729471e-02
7.754632806779584997e-02
8.661926348202728110e-02
7.816622723740035417e-02
7.878614481071161135e-02
8.785910093980105195e-02
8.002598441990824152e-02
7.940606353959848984e-02
8.909894284265440501e-02
8.064590537133492498e-02
8.126582788524297496e-02
-1.603208839303930655e-01
-1.687739213064249066e-01
-1.681539986431103972e-01
-1.590810386037642132e-01
-1.675340759797959711e-01
-1.669141533164814617e-01
-1.578411932771351667e-01
-1.662942306531669523e-01
-1.656743079898524429e-01
-1.566013479505062311e-01
-1.650543853265379335e-01
-1.644344626632234518e-01
-1.553615026238769070e-01
-1.638145399999088037e-01
-1.631946173365943220e-01
-1.541216572972481935e-01
-1.625746946732799514e-01
-1.619547720099655530e-01
-1.763355756877419134e-01
-1.754271747064227727e-01
-1.837813863061744102e-01
-1.528818119706195355e-01
-1.613348493466512101e-01
-1.609701586539939444e-01
-1.616417618647232324e-01
-1.612608852203153698e-01
-1.680802677949134183e-01
-1.516419666439909331e-01
-1.603502359906796570e-01
-1.562609876099492201e-01
-1.289884250795234888e-01
-1.296083477428381925e-01
-1.374414624555554965e-01
-1.133221956540884090e-01
-1.139421183174035013e-01
-1.217752330301206387e-01
-9.765596622865377330e-02
-1.061090036046861973e-01
-9.827588889196903210e-02
-8.198973680321998414e-02
-8.260965946653490988e-02
-9.044277417925214446e-02
-6.632350737778631988e-02
-6.694343004110084316e-02
-7.477654475381807775e-02
-5.065727795235187153e-02
-5.911031532838361552e-02
-5.127720061566640175e-02
-1.446546545049585963e-01
-1.452745771682730502e-01
-1.531076918809903542e-01
-3.499104852423424311e-02
-3.561097118655508209e-02
-4.344408590160759448e-02
-1.932481908349916247e-02
-1.994474175212741437e-02
-2.777785646618753310e-02
-3.658589638304395302e-03
-4.278512317294045145e-03
-1.211162702953003101e-02
1.200763974947431818e-02
1.138771708638101204e-02
3.554602376595313116e-03
2.767386917482023839e-02
2.705394651309852433e-02
1.922083179905396955e-02
4.334009916862994333e-02
3.488706151000338374e-02
4.272017622112777441e-02
5.900632879069404868e-02
5.055329103215982361e-02
5.838640595562413771e-02
7.467255819426900365e-02
7.405263556105026734e-02
6.621952065741162907e-02
-1.609408065937076027e-01
1.104373658054031843e-01
1.015712320589436807e-01
1.024664337710558537e-01
9.615736954758252741e-02
9.532643564214551835e-02
8.757759304847731463e-02
8.817947631703276778e-02
8.091451440529301431e-02
8.226375371094889200e-02
8.351990492779726161e-02
8.475960665030900232e-02
8.599936431242277690e-02
8.723918221091417347e-02
8.847902189122774930e-02
9.033878773586181965e-02
8.971886528925812621e-02
8.188575033184668228e-02
-1.597009612670786671e-01
-1.584611159404497038e-01
-1.572212706138206850e-01
-1.559814252871915552e-01
-1.547415799605625364e-01
-1.535017346339338506e-01
-1.689886687762325868e-01
-1.522618893073052204e-01
-1.496078532953893647e-01
-1.552439309356484776e-01
-1.556248075800563124e-01
-1.506249099696901350e-01
-1.211553103668059350e-01
-1.368215397922410426e-01
-1.054890809413710911e-01
-8.982285151593687178e-02
-7.415662209050315201e-02
-5.849039266506909918e-02
-4.282416323829305732e-02
-1.524877692176758448e-01
-2.715793380386670453e-02
-1.149170436090177737e-02
4.174525055584962958e-03
1.984075446214728089e-02
3.550698417172509780e-02
5.117321397966199947e-02
6.683944349248152617e-02
8.250567296506541859e-02
1.122288177025508177e-01
1.113330917539770148e-01
1.033621597196296427e-01
1.041930936250666795e-01
9.734759403591639049e-02
9.675248179174947283e-02
8.877458856119971320e-02
8.948751988000969160e-02
9.856597337970919581e-02
9.009670955190611508e-02
9.073301753875198661e-02
9.980657068590022274e-02
9.135331619184752783e-02
9.197315942184999815e-02
1.010458042926765804e-01
9.259277622523817697e-02
9.321263471774743348e-02
1.022855205820993041e-01
9.445239203206329259e-02
9.383249286245878840e-02
1.035253347286688858e-01
9.507229910534809036e-02
9.569221783423498273e-02
1.047651736237262959e-01
9.693205823319035741e-02
9.631213728176368782e-02
1.060050173410198859e-01
9.755198009183715935e-02
9.817190253844086667e-02
-1.434148091783296053e-01
-1.512479238910469093e-01
-1.518678465543613632e-01
-1.421749638517006975e-01
-1.500080785644179460e-01
-1.506280012277324554e-01
-1.409351185250717065e-01
-1.493881559011034366e-01
-1.487682332377889549e-01
-1.396952731984426321e-01
-1.481483105744744178e-01
-1.475283879111597696e-01
-1.384554278718135023e-01
-1.462885425845308618e-01
-1.469084652478452047e-01
-1.372155825451848166e-01
-1.456686199212164912e-01
-1.450486972579021483e-01
-1.607480384936990914e-01
-1.611949001792111758e-01
-1.685418070907205024e-01
-1.359757372185559920e-01
-1.444287745945877499e-01
-1.438088519312734626e-01
-1.464062356902542383e-01
-1.480070444928218154e-01
-1.540239987774887076e-01
-1.348460138772160088e-01
-1.432439902606034710e-01
-1.422269335863027007e-01
-1.120823503274581828e-01
-1.127022729907733167e-01
-1.205353877034908427e-01
-1.277485797528941369e-01
-1.362016171289263666e-01
-1.283685024162087851e-01
-9.641612090202079932e-02
-9.703604356533729325e-02
-1.048691582780545972e-01
-8.074989147658702404e-02
-8.136981413990350409e-02
-8.920292885262039173e-02
-6.508366205104648694e-02
-7.353669942713324248e-02
-6.570358471441639647e-02
-4.941743262572278333e-02
-5.787047000175454814e-02
-5.003735528903732743e-02
-3.375120319210996034e-02
-4.220424057223091940e-02
-3.437112585817209826e-02
-1.440347318416441147e-01
-1.808497375875470908e-02
-1.870489642112693751e-02
-2.653801114149447610e-02
-2.418744305399291809e-03
-3.038666971851842688e-03
-1.087178169444922432e-02
1.324748530239150054e-02
1.262756252593291023e-02
4.794447832043552404e-03
2.891371450144940639e-02
2.046067712546186662e-02
2.829379183813482412e-02
4.457994466471686817e-02
3.612690691976855328e-02
4.396002191667340575e-02
6.024617473783833166e-02
5.962625176426619711e-02
5.179313695323414790e-02
7.591240409359219232e-02
7.529248114393061186e-02
6.745936644214312050e-02
9.157863331551838182e-02
9.095871052569011461e-02
8.312559575489369967e-02
1.277337874695214648e-01
1.190855766374623453e-01
1.199813025860361482e-01
1.130811290983765871e-01
1.126549734004637093e-01
1.046192493229795573e-01
1.052143615671465027e-01
9.795678370781280009e-02
9.918627203280472315e-02
1.004261874892884154e-01
1.016656624373879492e-01
1.029054276553841019e-01
1.041452541761976047e-01
1.053850954823730979e-01
1.072448624753612051e-01
9.879182510561151931e-02
1.066249399081905525e-01
-1.427948865150151514e-01
-1.415550411883861881e-01
-1.403151958617571693e-01
-1.390753505351280672e-01
-1.378355052084991594e-01
-1.365956598818703904e-01
-1.535771370919766787e-01
-1.354108755478860004e-01
-1.326706369303105870e-01
-1.411392451128499759e-01
-1.395384363102823988e-01
-1.337583254037633118e-01
-1.042492356147394911e-01
-1.199154650401761529e-01
-1.355816944656118572e-01
-8.858300618930392556e-02
-7.291677676381674855e-02
-5.725054733838463861e-02
-4.158431790891637531e-02
-2.591808847543233124e-02
-1.025185903207699936e-02
5.414370498496104585e-03
2.108059990192045347e-02
3.674682958308314595e-02
5.241305970127760339e-02
6.807928941571528281e-02
8.374551870455529401e-02
9.941174789543980039e-02
1.287083464674096678e-01
1.282210669684655802e-01
1.204685820849802497e-01
1.208947377828931552e-01
1.142477344584817006e-01
1.136644317784291647e-01
1.057976642471990525e-01
1.064068539190954621e-01
1.154766185405499829e-01
1.070212959601296032e-01
1.076415946132251167e-01
1.167127662875687977e-01
1.088792852901226960e-01
1.082596684867345171e-01
1.179518937143687884e-01
1.101187071482340740e-01
1.094988490035226913e-01
1.191915632543242981e-01
1.113584489914966058e-01
1.107385419182118080e-01
1.204314021728051243e-01
1.125982878982657032e-01
1.119783684507369981e-01
1.216712464515052328e-01
1.138381318962625455e-01
1.132182100376157574e-01
1.229110915300601209e-01
1.150779770027106491e-01
1.144580544355399965e-01
-1.265087344262660896e-01
-1.349617718022978474e-01
-1.343418491389833935e-01
-1.252688890996370985e-01
-1.331020038123544025e-01
-1.337219264756688841e-01
-1.240290437730081075e-01
-1.324820811490399208e-01
-1.318621584857253559e-01
-1.227891984463790193e-01
-1.312422358224108188e-01
-1.306223131590962816e-01
-1.215493531197501115e-01
-1.300023904957818000e-01
-1.293824678324674293e-01
-1.203095077931213841e-01
-1.287625451691531142e-01
-1.281426225058386881e-01
-1.445261022305145970e-01
-1.454661689603844177e-01
-1.526370703621068303e-01
-1.190696624664925873e-01
-1.275226998425242897e-01
-1.269578381718542981e-01
-1.301406176367881917e-01
-1.314056272835493755e-01
-1.382734266635212150e-01
-1.178298171398638877e-01
-1.263379155085399552e-01
-1.252502270350872582e-01
-9.517627557538754779e-02
-9.579619823870419437e-02
-1.036293129514228861e-01
-1.108425050008283869e-01
-1.114624276641432987e-01
-1.192955423768612550e-01
-1.271286570895800994e-01
-7.951004614993983921e-02
-8.012996881326342469e-02
-8.796308352598031233e-02
-6.384381672420208487e-02
-7.229685410039454752e-02
-6.446373938762428590e-02
-4.817758729843460430e-02
-4.879750996207869035e-02
-5.663062467474053868e-02
-3.251135787306642239e-02
-3.313128053258819483e-02
-4.096439524939460980e-02
-1.684512841852971177e-02
-1.746505108864220696e-02
-2.529816580531982911e-02
-1.178898970215631848e-03
-1.798821637807460419e-03
-9.631936364485170141e-03
1.448733067407200967e-02
6.034293184336359146e-03
1.386740798823175511e-02
3.015356094342992732e-02
2.170052312291071220e-02
2.953363772243966512e-02
4.581979068193436921e-02
4.519986767332561522e-02
3.736675259169188607e-02
6.148602062925803691e-02
5.303298264698744907e-02
6.086609768354818428e-02
7.715224982680476962e-02
7.653232696019848791e-02
6.869921228232156452e-02
9.281847902283690832e-02
9.219855616917765895e-02
8.436544155821455726e-02
1.084847077930388842e-01
1.000316705542786400e-01
1.078647851342000585e-01
1.445261022305146803e-01
1.361299448500181142e-01
1.366172243489622018e-01
1.298882031037293661e-01
1.292982747855695447e-01
1.214846661010529905e-01
1.220679687811055403e-01
1.148621764995158417e-01
1.160946924140593972e-01
1.173323300009688069e-01
1.185717284843465502e-01
1.198114827135647042e-01
1.210513243121551646e-01
1.222911689907826560e-01
1.241509368499841282e-01
1.156978996626726597e-01
1.235310141900221037e-01
-1.258888117629515802e-01
-1.246489664363225891e-01
-1.234091211096935425e-01
-1.221692757830645654e-01
-1.209294304564357547e-01
-1.196895851298069996e-01
-1.373333599336514221e-01
-1.184497398031782445e-01
-1.156740526396054097e-01
-1.229073351381968077e-01
-1.241723447849579914e-01
-1.167519348897346487e-01
-8.734316086266369350e-02
-1.030093902881079881e-01
-1.186756197135472451e-01
-7.167693143707096204e-02
-5.601070201131833071e-02
-4.034447258575051681e-02
-2.467824314579807055e-02
-9.012013694372669748e-03
6.654215851928188367e-03
2.232044580875096676e-02
3.798667581268214133e-02
5.365290565559619612e-02
6.931913522803140326e-02
8.498536442482085285e-02
1.006515934079379032e-01
1.163178223215115131e-01
1.452455921362225955e-01
1.369769693018161316e-01
1.448858471833686656e-01
1.375668976199759808e-01
1.310159722963098738e-01
1.226318533773958219e-01
1.304520877000196477e-01
1.232462954184299492e-01
1.321714636056744163e-01
1.244421149466216070e-01
1.238240410731121927e-01
1.336179232319815169e-01
1.251653447597751434e-01
1.257849084731751388e-01
1.348578138873809396e-01
1.270246885708526119e-01
1.264048538008748501e-01
1.360976298964114151e-01
1.276445965753678358e-01
1.282645160346082558e-01
1.373374752314453218e-01
1.288844387021252091e-01
1.295043608414752634e-01
1.385773205719975365e-01
1.301242835117513708e-01
1.307442060510288218e-01
1.398171659712427184e-01
1.313641287506513988e-01
1.319840514106133955e-01
-1.096026596742006864e-01
-1.174357743869189064e-01
-1.180556970502333880e-01
-1.083628143475734995e-01
-1.168158517236052990e-01
-1.161959290602908035e-01
-1.071229690209443974e-01
-1.155760063969762663e-01
-1.149560837336617014e-01
-1.058831236943155035e-01
-1.143361610703472753e-01
-1.137162384070327936e-01
-1.046432783676867206e-01
-1.130963157437184230e-01
-1.124763930804040524e-01
-1.034034330410580071e-01
-1.112365477537752972e-01
-1.118564704170896956e-01
-1.277337874695217979e-01
-1.289372025531549948e-01
-1.361299448500181974e-01
-1.021635877144291132e-01
-1.099967024271465005e-01
-1.106166250904608572e-01
-1.139660423848782994e-01
-1.148200475122418684e-01
-1.220533300108332664e-01
-1.005608784089887103e-01
-1.091953477744262990e-01
-1.081174655242970462e-01
-7.827020082329894102e-02
-7.889012348661939011e-02
-8.672323819934325828e-02
-9.393643024876066616e-02
-9.455635291207412085e-02
-1.023894676247945335e-01
-1.102225823375145575e-01
-6.260397139779666498e-02
-6.322389406099937492e-02
-7.105700877386823822e-02
-4.693774197140791749e-02
-4.755766463492126089e-02
-5.539077934780499424e-02
-3.127151254413232384e-02
-3.189143520859936964e-02
-3.972454992128345713e-02
-1.560528309098272240e-02
-1.622520575475621535e-02
-2.405832048202457413e-02
6.094638212965154586e-05
-5.589762940429887248e-04
-8.392091018200027383e-03
1.572717614644366171e-02
7.274138588114015258e-03
1.510725341025783569e-02
3.139340632315495289e-02
3.077348363329244357e-02
2.294036849861348648e-02
4.705963677893825609e-02
4.643971373043631612e-02
3.860659886118409517e-02
6.272586633099438980e-02
6.210594348012622029e-02
5.427282850646437951e-02
7.839209552787961000e-02
7.777217267734221062e-02
6.993905807856883039e-02
9.405832454783609464e-02
8.560528718732043907e-02
9.343840178533649454e-02
1.097245534065112854e-01
1.012715162146741177e-01
1.091046305997750987e-01
1.253907821482812268e-01
1.247708594991326636e-01
1.169377449706600486e-01
1.607480384936989803e-01
1.526370703621068581e-01
1.529968153149607879e-01
1.457779886000246938e-01
1.378330958518770299e-01
1.455117903681236446e-01
1.383969804481672838e-01
1.315937179509921451e-01
1.328946934188279527e-01
1.342378685596812005e-01
1.354777218918961634e-01
1.367175525639283407e-01
1.379573979017214014e-01
1.391972432716200858e-01
1.410570111819203221e-01
1.404370885765814925e-01
1.326039740159521974e-01
-1.089827370108870930e-01
-1.077428916842589623e-01
-1.065030463576299713e-01
-1.052632010310011190e-01
-1.040233557043723500e-01
-1.027835103777435533e-01
-1.208499149272000694e-01
-1.013622330617088979e-01
-9.887632333680299035e-02
-1.072751879882042070e-01
-1.064211828608406518e-01
-9.971860087289585728e-02
-7.043708611054780300e-02
-8.610331553602981747e-02
-1.017695449614806902e-01
-5.477085668460228429e-02
-3.910462725777011372e-02
-2.343839781755752139e-02
-7.772168354426534434e-03
7.894061264286657623e-03
2.356029123479930903e-02
3.922652155104661142e-02
5.489275155496634029e-02
7.055898092943702071e-02
8.622521003785785232e-02
1.018914389771737039e-01
1.175576677773962631e-01
1.332238966651007606e-01
1.603753860751975790e-01
1.528104891057101011e-01
1.605617122844483213e-01
1.530766873376111503e-01
1.469213530308550175e-01
1.463496708154398418e-01
1.389686626635824318e-01
1.395464083182647030e-01
1.492841482467812120e-01
1.407278059262278003e-01
1.414510357393813367e-01
1.505240139525098886e-01
1.420709685922457166e-01
1.426909139199454002e-01
1.517638592746897996e-01
1.433108365810353835e-01
1.439307445855506074e-01
1.530037045784161942e-01
1.445506672374138046e-01
1.451705899049307580e-01
1.542435499054360115e-01
1.457905125684406666e-01
1.464104352387167740e-01
1.554833952338919023e-01
1.470303579029447194e-01
1.476502806025672965e-01
1.567232405702025100e-01
1.482702032707226003e-01
1.488901258760614299e-01
-9.269658492213191103e-02
-1.005296996348527122e-01
-1.011496222981662918e-01
-9.145673959550987275e-02
-9.990977697154168613e-02
-9.928985430822714897e-02
-9.021689426888093721e-02
-9.866993164491266732e-02
-9.805000898159824119e-02
-8.897704894225211270e-02
-9.743008631828381505e-02
-9.681016365496941667e-02
-8.773720361562331593e-02
-9.619024099165501829e-02
-9.557031832834064766e-02
-8.649735828899446366e-02
-9.495039566502624928e-02
-9.433047300171179539e-02
-1.104373658054032953e-01
-1.122017040951407973e-01
-1.190855766374625535e-01
-8.525751296236566690e-02
-9.371055033839739701e-02
-9.290919568567718168e-02
-9.573939383066992770e-02
-1.048527181077741205e-01
-9.730785858373645902e-02
-8.433196108074125785e-02
-9.244641974486499103e-02
-9.160414220877213798e-02
-6.136412607116467632e-02
-6.198404873448067065e-02
-6.981716344723182255e-02
-7.703035549667724968e-02
-8.548339287271897180e-02
-7.765027815998810923e-02
-9.331650758544629554e-02
-4.569789664532588475e-02
-4.631781930836690458e-02
-5.415093402156127139e-02
-3.003166721757068516e-02
-3.065158988085150624e-02
-3.848470459448929959e-02
-1.436543778041001959e-02
-1.498536043569637100e-02
-2.281847516227116651e-02
1.300791717807478964e-03
6.808690499685667898e-04
-7.152245686587619874e-03
1.696702150164920014e-02
8.513983941889426837e-03
1.634709882404642919e-02
3.263325134373176728e-02
2.418021374508771623e-02
3.201332883344336355e-02
4.829948152473016038e-02
3.984644392394255663e-02
4.767955915183421517e-02
6.396571155682181931e-02
6.334578894390811843e-02
5.551267416788004810e-02
7.963194112349891718e-02
7.901201832568927053e-02
7.117890372724666737e-02
9.529817037529898782e-02
8.684513295158929891e-02
9.467824746156754123e-02
1.109643989524261021e-01
1.025113617501311192e-01
1.103444761794687146e-01
1.266306277159015836e-01
1.260107049320914330e-01
1.181775905612064553e-01
1.422968565556483322e-01
1.416769338687843272e-01
1.338438193519647657e-01
1.763355756877418856e-01
1.685418070907204746e-01
1.683554808814697601e-01
1.605197354455230041e-01
1.531488620227738628e-01
1.604475607603603193e-01
1.537205442381890108e-01
1.481027506388181147e-01
1.499040810996455642e-01
1.511439366135998719e-01
1.523837819265529969e-01
1.536236272419261306e-01
1.548634725696639847e-01
1.561033179020472339e-01
1.579630859077534866e-01
1.573431632389780122e-01
1.495100485448369043e-01
-9.207666225882088495e-02
-9.083681693219540498e-02
-8.959697160556652495e-02
-8.835712627893771431e-02
-8.711728095230888980e-02
-8.587743562568007916e-02
-1.030883798180366184e-01
-8.479473702155347625e-02
-8.226351906275602976e-02
-8.900145644671299261e-02
-9.056992119977952393e-02
-8.329774007174865769e-02
-5.353101135824528400e-02
-6.919724078392097688e-02
-8.486347020940457342e-02
-3.786478193144829363e-02
-2.219855249899035238e-02
-6.532323031301270205e-03
9.133906609728339662e-03
2.480013642269048718e-02
4.046636643423096036e-02
5.613259654077600025e-02
7.179882634016038212e-02
8.746505574939895944e-02
1.031312846638625658e-01
1.187975133341638567e-01
1.344637421357749441e-01
1.501299712317009094e-01
1.744416956297312749e-01
1.753886356587366080e-01
1.674085408524644547e-01
1.674807155376271672e-01
1.632342493987820886e-01
1.618769924221525325e-01
1.550778012148185392e-01
1.562591988227816642e-01
1.661902433556929626e-01
1.577371958012371012e-01
1.583571286541014533e-01
1.674300886809484135e-01
1.589770513167291510e-01
1.595969739778191343e-01
1.686699340037855765e-01
1.602168966392377158e-01
1.608368192911009131e-01
1.699097793305661130e-01
1.614567419544911675e-01
1.620766646180010762e-01
1.711496246577128844e-01
1.626965872815744618e-01
1.633165099458024350e-01
1.723894699856217128e-01
1.639364326097568214e-01
1.645563552779121252e-01
1.736293153102475839e-01
1.657962006090005491e-01
1.651762779402250469e-01
-7.579051017006943614e-02
-8.424354754610066665e-02
-8.362362488278965444e-02
-7.455066484344520517e-02
-8.238377955616307813e-02
-8.300370221947753202e-02
-7.331081951681746312e-02
-8.114393422953479484e-02
-8.176385689284920710e-02
-7.207097419018862472e-02
-8.052401156622035483e-02
-7.990408890290595645e-02
-7.083112886355984184e-02
-7.928416623959158582e-02
-7.866424357627715969e-02
-6.959128353693104507e-02
-7.804432091296276131e-02
-7.742439824964836292e-02
-9.270509831248413546e-02
-9.422224607157703158e-02
-1.015712320589437223e-01
-6.835143821030230382e-02
-7.680447558633399230e-02
-7.634169964552178778e-02
-7.934044676065936386e-02
-8.080198291170770375e-02
-8.753992029566463884e-02
-6.795890772948048886e-02
-7.614543440511087335e-02
-7.511121339611825931e-02
-4.445805131908363989e-02
-4.507797398220476925e-02
-5.291108869512416157e-02
-6.012428074462500965e-02
-6.074420340789483952e-02
-6.857731812065112620e-02
-7.641043283337334291e-02
-2.879182189354406035e-02
-2.941174455555737449e-02
-3.724485926943497255e-02
-1.312559246591150919e-02
-1.374551512316076439e-02
-2.157862984174109891e-02
2.540636957096910169e-03
1.920714337452195542e-03
-5.912400411656554278e-03
1.820686647137913575e-02
9.753829094593309199e-03
1.758694398651416968e-02
3.387309641348887346e-02
3.325317387861032037e-02
2.542005895756904027e-02
4.953932615292380021e-02
4.108628874832778721e-02
4.891940383882697335e-02
6.520555577541409242e-02
5.675251865007212293e-02
6.458563366611795586e-02
8.087178551901419432e-02
7.241874853791800681e-02
8.025186332125655575e-02
9.653801514949143792e-02
8.808497813649518449e-02
9.591809276239521287e-02
1.122042443361676856e-01
1.115843216442968938e-01
1.037512073557333575e-01
1.278704731561170205e-01
1.194174360542715613e-01
1.272505504360093020e-01
1.435367019906145236e-01
1.429167792731314002e-01
1.350836648532580675e-01
1.592029312528147056e-01
1.585830085802840961e-01
1.507498939042314912e-01
1.912271969246067682e-01
1.837813863061743547e-01
1.828344462771690493e-01
1.736599046763372400e-01
1.670898200609301221e-01
1.740508001530342574e-01
1.684470770375596782e-01
1.647122463772375256e-01
1.668101660183207158e-01
1.680500113423670228e-01
1.692898566671758587e-01
1.705297019941395265e-01
1.717695473216673263e-01
1.730093926479346622e-01
1.748691606476046601e-01
1.664161232776791011e-01
1.742492379789261636e-01
-7.517058750675731371e-02
-7.393074218013133414e-02
-7.269089685350305086e-02
-7.145105152687422634e-02
-7.021120620024544345e-02
-6.897136087361667445e-02
-8.602277253657175660e-02
-6.815517296989138940e-02
-6.781620988573473785e-02
-7.357832832319705085e-02
-7.503986447424537687e-02
-6.788755880760760641e-02
-3.662493660631385706e-02
-5.229116603185432477e-02
-6.795739545734721943e-02
-2.095870717972778477e-02
-5.292477754407299076e-03
1.037375171423802513e-02
2.603998144243400634e-02
4.170621128320634030e-02
5.737244096416894285e-02
7.303867064721412949e-02
8.870490033425280918e-02
1.043711297428295687e-01
1.200373587461423530e-01
1.357035875733657582e-01
1.513698166217146146e-01
1.670360459502097106e-01
1.882449735751565156e-01
1.813433346024438952e-01
1.897360852498816419e-01
1.809524391257468501e-01
1.818588693324927619e-01
1.777593870044150148e-01
1.725465593656374530e-01
1.740245563440928900e-01
1.827427504456181073e-01
1.750864195632832743e-01
1.744664969006555488e-01
1.843361634298158747e-01
1.765030487168007534e-01
1.758831260553821441e-01
1.855760087559721883e-01
1.777428940432691507e-01
1.771229713798788963e-01
1.868158540825788083e-01
1.789827393701458602e-01
1.783628167065724468e-01
1.880556994095889112e-01
1.802225846976053258e-01
1.796026620336509116e-01
1.892955447360158971e-01
1.814624300231317544e-01
1.808425073608188050e-01
1.905353900623666663e-01
1.820823526863071529e-01
1.827022753549856771e-01
-5.888443541800576775e-02
-6.733747279403759500e-02
-6.671755013072547258e-02
-5.764459009138171025e-02
-6.609762746741346118e-02
-6.547770480409959015e-02
-5.640474476475376697e-02
-6.485778214078560810e-02
-6.423785947747118197e-02
-5.516489943812520613e-02
-6.361793681415692236e-02
-6.299801415084252398e-02
-5.392505411149643713e-02
-6.175816882421374804e-02
-6.237809148752813948e-02
-5.268520878486764730e-02
-6.051832349758497209e-02
-6.113824616089934272e-02
-7.460696614945645788e-02
-7.697370645505791087e-02
-8.365603223097028973e-02
-5.144536345823884360e-02
-5.989840083427057371e-02
-5.970213559385965929e-02
-6.209531518415124796e-02
-6.495576253494299290e-02
-7.071788097240530591e-02
-5.162701901028377699e-02
-5.979296336988212945e-02
-5.972161444800924701e-02
-2.755197656708461076e-02
-3.600501394308412706e-02
-2.817189923031433729e-02
-4.321820599254735246e-02
-4.383812865581550311e-02
-5.167124336858618106e-02
-5.950435808131539217e-02
-1.188574714118693920e-02
-2.033878451736550325e-02
-1.250566980354922419e-02
3.780482284130273502e-03
-4.672555090890616325e-03
3.160559620613592052e-03
1.944671173449558782e-02
1.099367434579625116e-02
1.882678910293736699e-02
3.511294125032336094e-02
2.665990386085125355e-02
3.449301883190612067e-02
5.077917083349189203e-02
5.015924849320785306e-02
4.232613362349038622e-02
6.644539998546392101e-02
6.582547788043900672e-02
5.799236306919385714e-02
8.211162991353065932e-02
8.149170771627242682e-02
7.365859284447236199e-02
9.777785969455676796e-02
9.715793742202409600e-02
8.932482260678546726e-02
1.134440891516025202e-01
1.049910521505469929e-01
1.128241667438851098e-01
1.291103186172110340e-01
1.284903958866639995e-01
1.206572814766893598e-01
1.447765473243814160e-01
1.441566246574979560e-01
1.363235102402491905e-01
1.604427765817001972e-01
1.598228539172574514e-01
1.519897392861573326e-01
1.761090059751522219e-01
1.676559686139834637e-01
1.754890833113784410e-01
2.053641317786063791e-01
1.982956643516066153e-01
1.968045526768814613e-01
1.850519214538246526e-01
1.823008098890554485e-01
1.835394569377170049e-01
1.849560860928940453e-01
1.861959314192754844e-01
1.874357767460838597e-01
1.886756220728024180e-01
1.899154673991912956e-01
1.917752353907413720e-01
1.833221980191730438e-01
1.911553127265540608e-01
-5.826451275469372859e-02
-5.702466742806773514e-02
-5.578482210143948655e-02
-5.454497677481082163e-02
-5.330513144818205262e-02
-5.206528612155324892e-02
-6.835114066680385292e-02
-5.153619123426131376e-02
-5.686116709721750900e-02
-1.971886185413578019e-02
-3.538509127981598335e-02
-5.105132070527655663e-02
-4.052632428528332199e-03
1.161359700931293218e-02
2.727982649240948132e-02
4.294605604190762649e-02
5.861228540947790999e-02
7.427851494949729017e-02
8.994474480404371364e-02
1.056109744230796510e-01
1.212772038844067701e-01
1.369434329707961973e-01
1.526096619530408205e-01
1.682758912784262095e-01
1.839421206829467970e-01
2.005794406245345607e-01
2.029717862015704977e-01
1.944122070998455243e-01
1.912191549785136890e-01
1.978412968035672681e-01
1.902920236245927155e-01
1.898500830680300289e-01
1.987222498982673113e-01
1.915292066640416069e-01
1.907325001719427093e-01
2.009178277974643934e-01
1.932469182767183047e-01
1.926269956136401618e-01
2.024499127908142293e-01
1.946328834366965188e-01
1.940129607733931949e-01
2.037110447982270200e-01
1.958833721039079934e-01
1.952634494404029142e-01
2.049499591212412264e-01
1.971227519286285756e-01
1.965028292654150688e-01
2.062016194878104891e-01
1.983685047750886055e-01
1.977485821119132070e-01
2.074414648143946827e-01
1.989884274383806884e-01
1.996083501025680551e-01
-4.197836066594110016e-02
-5.043139804197343395e-02
-4.981147537866140174e-02
-4.073851533931775737e-02
-4.919155271534973728e-02
-4.857163005203575523e-02
-3.949867001269023042e-02
-4.795170738872199523e-02
-4.733178472540772175e-02
-3.825882468606171816e-02
-4.609193939877907764e-02
-4.671186206209346214e-02
-3.701897935943308793e-02
-4.547201673546476253e-02
-4.485209407215037802e-02
-3.577913403280424953e-02
-4.361224874552155351e-02
-4.423217140883595189e-02
-5.621439437571738168e-02
-5.915485477993431829e-02
-6.541068026258692325e-02
-3.468705640312565175e-02
-4.306620993068224768e-02
-4.315703770670471784e-02
-4.474419726731692498e-02
-4.818560813880035099e-02
-5.341975622573408300e-02
-1.064590181506685010e-02
-1.126582447812689465e-02
-1.909893919107573390e-02
-2.631213124049931046e-02
-3.476516861652333146e-02
-2.693205390379196235e-02
-4.259828332924422978e-02
5.020327611552427398e-03
-3.432709764817257637e-03
4.400404947841351534e-03
2.068655704203299292e-02
1.223351966308163299e-02
2.006663438826429210e-02
3.635278646905893557e-02
3.573286385969115520e-02
2.789974910177726863e-02
5.201901595152362556e-02
4.356597860092349672e-02
5.139909339250775533e-02
6.768524536848090356e-02
6.706532267697240535e-02
5.923220810098640821e-02
8.335147474808889123e-02
8.273155233080976834e-02
7.489843736677639918e-02
9.901770415454119734e-02
9.839778192454898265e-02
9.056466703403591445e-02
1.146839337651350127e-01
1.140640114583687664e-01
1.062308967298458695e-01
1.303501633470534327e-01
1.297302409821322056e-01
1.218971262493279556e-01
1.460163926965599990e-01
1.453964700104707075e-01
1.375633556568854887e-01
1.616826219147300125e-01
1.610626992482150910e-01
1.532295846195557143e-01
1.773488512901346126e-01
1.767289286326434172e-01
1.688958139359174049e-01
1.930150807158700077e-01
1.923951580533057037e-01
1.845620433455111009e-01
2.186905882264233714e-01
2.120273600025149030e-01
2.096350144254789938e-01
1.992103687140509560e-01
1.982817733509172897e-01
1.998200388478658662e-01
2.016838702941393113e-01
2.030804787945206247e-01
2.043305019597341232e-01
2.055757893045258577e-01
2.068215421511025998e-01
2.086813101410078808e-01
2.080613874777013095e-01
2.002282727658746542e-01
-4.135843800262942876e-02
-4.011859267600399737e-02
-3.887874734937597082e-02
-3.763890202274740304e-02
-3.639905669611866873e-02
-3.523309521796495064e-02
-5.047929582151715333e-02
-3.199425417031666330e-02
-4.181063659030022361e-02
-3.334065528672115752e-02
-3.836922571881679067e-02
-1.847901652778308201e-02
-2.812787101757212218e-03
-3.414524595322020184e-02
1.285344232679270886e-02
2.851967175554596945e-02
4.418590121029128404e-02
5.985213066000226456e-02
7.551836005828489740e-02
9.118458945131502347e-02
1.068508189598381120e-01
1.225170485560942157e-01
1.381832780218067158e-01
1.538495073056450058e-01
1.695157366024322987e-01
1.851819660030022963e-01
2.008481954284389581e-01
2.126793358143706791e-01
2.156849620203970530e-01
2.066293882194526477e-01
2.052603163089690153e-01
2.101675896016585166e-01
2.044449197499629278e-01
2.040044432026129062e-01
2.167335964615502708e-01
2.088257121295073737e-01
2.077279231799087911e-01
2.175141643032537098e-01
2.092159960503590654e-01
2.099820385470339557e-01
2.192916687663138131e-01
2.108707907785640212e-01
2.115013567822703888e-01
2.205571133463513911e-01
2.121340790722892056e-01
2.127535362337962810e-01
2.218678489131931109e-01
2.134089040172171825e-01
2.140347342005018416e-01
2.231076942398232121e-01
2.152745795271089613e-01
2.146546568638168506e-01
2.243475395664437655e-01
2.158945021904192518e-01
2.165144248537258509e-01
-2.507228591388141123e-02
-3.352532328991125743e-02
-3.290540062659958603e-02
-2.383244058725522002e-02
-3.228547796328648523e-02
-3.166555529997272522e-02
-2.259259526062697837e-02
-3.104563263665860440e-02
-3.042570997334434479e-02
-2.135274993399832039e-02
-2.980578731003001580e-02
-2.918586464671570416e-02
-2.011716146517373086e-02
-2.794814774898899540e-02
-2.856807041230340766e-02
-1.889768723023253078e-02
-2.679237181667909126e-02
-2.733841063151839015e-02
-3.759997006929124280e-02
-4.117208366830408389e-02
-4.690718222250431224e-02
-1.780424769475646984e-02
-2.624565204894106080e-02
-2.489925093253656657e-02
-2.674243540321024834e-02
-2.936834478676345755e-02
-3.574331633526358493e-02
-9.406056488447517988e-03
-1.002597915175718404e-02
-1.785909386447341596e-02
6.260172936986631992e-03
5.640250274269530129e-03
-2.192864439040109921e-03
-2.569220857719035911e-02
2.192640236241845397e-02
2.130647970222572171e-02
1.347336498698543938e-02
3.759263179173959885e-02
3.697270913039926721e-02
2.913959441688629415e-02
5.325886122877233203e-02
4.480582384891564074e-02
5.263893859014798227e-02
6.892509065893084874e-02
6.047205330522724409e-02
6.830516801370588309e-02
8.459132007692267419e-02
8.397139741250578271e-02
7.613828272270178887e-02
1.002575494922259974e-01
9.963762682338360432e-02
9.180451212015744433e-02
1.159237789154648063e-01
1.153038563402999095e-01
1.074707415350029949e-01
1.315900083405454890e-01
1.309700858437994608e-01
1.231369710528402439e-01
1.472562377659110133e-01
1.466363152312354923e-01
1.388032005564822091e-01
1.629224672342143021e-01
1.623025445744721573e-01
1.544694299653871505e-01
1.785886966246645613e-01
1.701356592696973147e-01
1.779687739573996008e-01
1.942549260435651182e-01
1.858018886668498793e-01
1.936350033797175629e-01
2.099203860504936237e-01
2.014677333831818296e-01
2.093008480957507522e-01
2.311539728327367815e-01
2.249222805295801042e-01
2.219166543235537581e-01
2.114234627080145978e-01
2.134505930316044076e-01
2.171238803824019903e-01
2.184029165347837753e-01
2.199243910563326299e-01
2.212124811297722649e-01
2.224877715765081754e-01
2.237276169031335027e-01
2.255827683885609225e-01
2.171320392647844155e-01
2.249651539775023301e-01
-2.445236325056831389e-02
-2.321251792394109920e-02
-2.197267259731264938e-02
-2.073495569958602736e-02
-1.950742434770313255e-02
-1.835096746249450031e-02
-3.217120273625075078e-02
-1.680909992030221040e-02
-2.440167704530944032e-02
-1.730667380752934012e-02
-2.177576766175623457e-02
-1.723917120116446461e-02
-1.572941775730443865e-03
1.409328764970254125e-02
2.975951707707902641e-02
4.542574651025596544e-02
6.109197594385160079e-02
7.675820536792676840e-02
9.242443478457434969e-02
1.080906642038454157e-01
1.237568936280051546e-01
1.394231230532282650e-01
1.550893525000626716e-01
1.707555819294394595e-01
1.864218113341148397e-01
2.020876560470293848e-01
2.177515772195272592e-01
2.248614690305368591e-01
2.187704024224537969e-01
2.280077209316368481e-01
2.175145293160976878e-01
2.207975327460435788e-01
2.291634500542949204e-01
2.233388071787743290e-01
2.229485232579225817e-01
2.359970777031636935e-01
2.267556210032087016e-01
2.276443732347387949e-01
2.357861862905385741e-01
2.275389275284261936e-01
2.281716498184450104e-01
2.371087368974053033e-01
2.288329251218783611e-01
2.294882929052992349e-01
2.387739236652461072e-01
2.309408089525346874e-01
2.303208862892195952e-01
2.400137689918759032e-01
2.321806542791598482e-01
2.315607316158495577e-01
2.412536143185030624e-01
2.328005769424734417e-01
2.334181913535319786e-01
-8.166211161820263395e-03
-1.599932587453774258e-02
-1.661924853785083644e-02
-6.926365835192463231e-03
-1.475948054790972123e-02
-1.537940321122384206e-02
-5.686520508563649989e-03
-1.413955788459531418e-02
-1.351963522128098519e-02
-4.448265132801027845e-03
-1.290050753339967542e-02
-1.228271329898738065e-02
-3.216369560502939373e-03
-1.166676551283833685e-02
-1.105702839536773854e-02
-1.999594810366701631e-03
-9.901921252561585521e-03
-1.044864102029961599e-02
-1.883715585879401980e-02
-2.278979563100213407e-02
-2.821856296404263303e-02
-7.163158399308161171e-04
-9.260281767343643902e-03
-8.762707880116514178e-03
-8.941193743354622706e-03
-1.287514683182841742e-02
-1.784181457328243986e-02
-8.786133825133889824e-03
7.500018263613116368e-03
6.880095600299875915e-03
-9.530191124171995092e-04
2.316624768904746237e-02
2.254632502573295644e-02
1.471321031301704545e-02
3.883247711448197664e-02
3.821255445311078774e-02
3.037943973845021184e-02
5.449870654314507151e-02
4.604566916744234212e-02
5.387878388595870177e-02
7.016493597307107977e-02
6.171189860092170243e-02
6.954501331600096425e-02
8.583116539628138364e-02
7.737812802760613007e-02
8.521124273660203585e-02
1.014973948192638004e-01
1.008774721557448989e-01
9.304435744809325115e-02
1.171636242416545931e-01
1.165437015785596997e-01
1.087105868669403091e-01
1.328298536671622676e-01
1.322099310038538922e-01
1.243768162913135578e-01
1.484960830925370900e-01
1.478761604292240517e-01
1.400430457165413034e-01
1.641623125251107096e-01
1.557092751455108615e-01
1.635423898796625197e-01
1.798285419532809348e-01
1.713755045937476185e-01
1.792086192889727481e-01
1.954947713688271749e-01
1.948748487061961743e-01
1.870417339967458958e-01
2.111610007942616163e-01
2.105406934223776338e-01
2.027079634189133395e-01
2.268272302196961410e-01
2.262049993041285179e-01
2.183738081350948546e-01
2.427050983124841854e-01
2.369295355726105112e-01
2.337832836715105500e-01
2.354316760559595212e-01
2.260826362587549099e-01
2.301465725432481901e-01
2.325802638787293208e-01
2.322975630551271931e-01
2.358916319968511477e-01
2.364474615939719526e-01
2.379413302813256914e-01
2.393938463285610330e-01
2.406336916551894967e-01
2.424657606180818936e-01
2.418596874682925058e-01
2.340242645033213942e-01
-7.546288498506362880e-03
-6.306443171878057044e-03
-5.067392820682338483e-03
-3.832317346651985777e-03
-2.607982185434820719e-03
-1.357955325148758495e-03
-1.388917480107432212e-02
-4.828754791642719466e-03
-3.330964491035722126e-04
1.533313297633029024e-02
3.099936240176472124e-02
4.666559182881352408e-02
6.233182125810807911e-02
7.799805068467623170e-02
9.366428010777259894e-02
1.093305095304591967e-01
1.249967389544084373e-01
1.406629683798497066e-01
1.563291978088239276e-01
1.719954272391958083e-01
1.876616566610540549e-01
2.033278860815443956e-01
2.189941155069788925e-01
2.346464954188890450e-01
2.390683871842218533e-01
2.440465819293921590e-01
2.366050159918435258e-01
2.400218298162778985e-01
2.397391289926758262e-01
2.519461217094099426e-01
2.438661539999743000e-01
2.439715997062868458e-01
2.513566109698677775e-01
2.442326739336365682e-01
2.435713986302031897e-01
2.541661606399348572e-01
2.464700421525905516e-01
2.456374487686701080e-01
2.556799984173072637e-01
2.472269610412766994e-01
2.478468837045916251e-01
2.594268242537635660e-01
2.503402192861333697e-01
2.497202966228197485e-01
2.579934949082712814e-01
2.496235546133871996e-01
2.502296277631765875e-01
8.739863590242058847e-03
9.067488775247952056e-04
2.868262142108968585e-04
9.979708916870855609e-03
2.146594204153603243e-03
1.526671540839195755e-03
1.121955424349974605e-02
2.766516867468050197e-03
3.385644555349360402e-03
1.245939957012861567e-02
4.005567218663796947e-03
4.621515004812839014e-03
1.369924489675738641e-02
5.241437668127226120e-03
5.849825043195345207e-03
1.494082158602653629e-02
7.112252873047860899e-03
6.470613387829920148e-03
1.877549728660698107e-17
-4.470596871677301812e-03
-9.418577929397001225e-03
8.518257757207091732e-03
-2.114679930737680888e-04
3.900970958638135585e-03
8.119940926927587607e-03
2.440609301567646383e-02
2.378617035236196137e-02
1.595305563964478923e-02
4.007232244111096769e-02
3.945239977779647217e-02
3.161928506507921677e-02
5.573855186721154986e-02
4.728551449084676672e-02
5.511862920517831416e-02
7.140478129272902208e-02
7.078485863290004398e-02
6.295174391793703639e-02
8.707101071856773733e-02
8.645108805742457436e-02
7.861797334581940855e-02
1.027372401442723931e-01
9.428420277027689533e-02
1.021173174817680968e-01
1.184034695690796002e-01
1.099504321941717211e-01
1.177835469053670897e-01
1.340696989938960915e-01
1.256166616177753492e-01
1.334497763305291795e-01
1.497359284191670803e-01
1.412828910431647156e-01
1.491160057558520990e-01
1.654021578445873109e-01
1.647822351848490241e-01
1.569491204685622143e-01
1.810683872712139375e-01
1.804484646122474223e-01
1.726153498981623235e-01
1.967346166956550346e-01
1.961146940322411047e-01
1.882815793244679570e-01
2.124008461208908294e-01
2.117809234575762090e-01
2.039478087448590160e-01
2.280670755463252986e-01
2.274471528830107336e-01
2.196140381702934574e-01
2.437333049717597955e-01
2.430995327949208307e-01
2.352802675957279543e-01
2.532983776506043672e-01
2.480017379815443179e-01
2.443650268532819581e-01
2.535828815108953638e-01
2.447899796070295286e-01
2.488147317201437059e-01
2.486724797899982908e-01
2.516513663396389155e-01
2.527645016101526809e-01
2.527613858049013729e-01
2.549230795286211437e-01
2.575534113355354426e-01
2.587101595810174515e-01
2.592495106787066073e-01
2.508576356483942504e-01
2.586215027934889443e-01
9.359786253556455493e-03
1.059963158018530083e-02
1.183947690681418433e-02
1.307932223344300537e-02
1.432003324139196482e-02
1.621111064542854474e-02
7.747397402748862523e-03
1.557596611572754225e-02
4.259128878603553672e-03
1.236468420131781563e-02
1.657297830295925700e-02
3.223920772839371923e-02
4.790543715416126225e-02
6.357166657997027903e-02
7.923789600564837277e-02
9.490412543142007218e-02
1.105703548566760175e-01
1.262365842814878736e-01
1.419028137065315998e-01
1.575690431318771956e-01
1.732352725579006103e-01
1.889015019834344722e-01
2.045677314082728904e-01
2.202339608336080778e-01
2.359001902590425748e-01
2.514914078252332152e-01
2.628920040131588198e-01
2.534692929712755172e-01
2.582374427620270918e-01
2.580951908318816490e-01
2.640641485173891301e-01
2.577103797436284260e-01
2.580051351133995086e-01
2.714481157398057620e-01
2.625154986253506184e-01
2.616971187246078800e-01
2.667683562119418372e-01
2.590624835909047796e-01
2.604672584259383195e-01
2.723176283221298566e-01
2.639988133697186434e-01
2.632418944810324124e-01
2.704711441629152890e-01
2.649489842083394553e-01
2.630755712901112764e-01
2.704545194283236587e-01
2.642240071682974700e-01
2.649406718410436401e-01
2.717634556980904614e-01
2.655064831883985343e-01
2.648784753031808714e-01
2.564593834230542019e-02
1.719290096627374212e-02
1.781282362958813703e-02
2.688578366893430716e-02
1.905266895621703094e-02
1.843274629290258398e-02
2.812562899556323923e-02
1.967259161953149524e-02
2.029251428284592831e-02
2.936547432219208803e-02
2.091243694616035445e-02
2.153235960947474242e-02
3.060531964882092643e-02
2.277307061742372962e-02
2.215228227278915468e-02
3.208338880165665513e-02
2.351210519384160091e-02
2.414724972354260341e-02
1.883715585879406143e-02
1.367770680800057745e-02
9.418577929397039389e-03
2.571878962230535887e-02
2.096495013386695527e-02
1.711852368975622443e-02
2.502601567899094548e-02
4.131216776773997956e-02
4.069224510442547016e-02
3.285913039170822170e-02
5.697839719317716878e-02
5.635847453019436626e-02
4.852535981714407171e-02
7.264462661862505777e-02
7.202470395567704686e-02
6.419158924291830381e-02
8.831085604413972667e-02
8.769093338135375282e-02
7.985781866843437438e-02
1.039770854699075958e-01
9.552404809423767351e-02
1.033571628070899945e-01
1.196433148952213976e-01
1.190233922321504989e-01
1.111902775197469162e-01
1.353095443205312720e-01
1.346896216572137095e-01
1.268565069448054639e-01
1.509757737458067295e-01
1.425227363698514105e-01
1.503558510824868910e-01
1.666420031712186611e-01
1.581889657951928985e-01
1.660220805079030137e-01
1.823082325966511874e-01
1.816883099339325625e-01
1.738551952206192630e-01
1.979744620220854068e-01
1.973545393588702346e-01
1.895214246466496721e-01
2.136406914475199037e-01
2.130207687842053943e-01
2.051876540715874553e-01
2.293069208729545116e-01
2.286869982096398912e-01
2.208538834969226428e-01
2.449731502983889808e-01
2.443532276350743881e-01
2.365201129223571952e-01
2.636042965987135389e-01
2.614269036387101286e-01
2.536688007852367366e-01
2.671700598764823464e-01
2.677561321285974461e-01
2.654162523646654837e-01
2.695429922670358192e-01
2.713943862425226006e-01
2.798500359065008714e-01
2.751605900347080524e-01
2.696384300801322187e-01
2.751522776674122372e-01
2.711089875632071156e-01
2.726990790677115695e-01
2.659742948732091161e-01
2.722312673829010432e-01
2.626586100561986367e-02
2.750570633224877493e-02
2.874555165887766189e-02
2.998539698550650723e-02
3.134435422523879078e-02
2.890108921198101047e-02
2.227797274054971188e-02
3.347905305502270334e-02
4.914528248045857417e-02
6.481151190590112021e-02
8.047774133138241304e-02
9.614397075702366124e-02
1.118102001825644898e-01
1.274764296078763626e-01
1.431426590331690285e-01
1.588088884585127092e-01
1.744751178839349381e-01
1.901413473093683248e-01
2.058075767348026830e-01
2.214738061602372354e-01
2.371400355856717601e-01
2.542887234485513015e-01
2.681516878332125819e-01
2.789329457664753709e-01
2.751905307531405942e-01
2.714985471419322227e-01
2.728506509892085763e-01
2.853169548885459705e-01
2.760426555502439316e-01
2.788172916053379691e-01
2.824876438868483830e-01
2.764793940248818638e-01
2.774026361044891198e-01
2.811688398966746272e-01
2.843963351217758673e-01
2.821231855141383971e-01
2.774254272750497630e-01
2.780798954099332199e-01
2.857978309992173505e-01
2.787806433486539337e-01
2.792484550334644045e-01
4.255201309436888041e-02
3.471889838165159725e-02
3.409897571833715030e-02
4.379185842099783676e-02
3.595874370828053973e-02
3.533882104496607196e-02
4.503170374762671679e-02
3.719858903490940588e-02
3.657866637159497281e-02
4.627154907425555519e-02
3.781851169822382508e-02
3.843843436153824428e-02
4.747829793998790265e-02
3.904180879440442148e-02
3.978084337082228583e-02
4.174115070765601482e-02
3.372997016498068684e-02
3.691226975465633497e-02
3.759997006929133995e-02
3.165937984579834941e-02
2.821856296404270242e-02
4.193209043105443345e-02
5.821824251980350223e-02
5.759831985649033204e-02
4.976520514377174437e-02
7.388447194524166983e-02
6.543143456920941237e-02
7.326454928193336380e-02
8.955070137067262792e-02
8.893077870740619117e-02
8.109766399464884978e-02
1.052169307961946937e-01
9.676389342016722406e-02
1.045970081330511448e-01
1.208831602216821066e-01
1.124301228457948720e-01
1.202632375584517521e-01
1.365493896470867663e-01
1.280963522711541236e-01
1.359294669838090330e-01
1.522156190724414382e-01
1.515956964091240700e-01
1.437625816964863690e-01
1.678818484978456815e-01
1.672619258345321991e-01
1.594288111218262194e-01
1.835480779232802895e-01
1.750950405472495031e-01
1.829281552599657523e-01
1.992143073487145088e-01
1.985943846853999717e-01
1.907612699726828620e-01
2.148805367741489780e-01
2.142606141108344686e-01
2.064274993981172202e-01
2.305467661995835027e-01
2.299268435362690211e-01
2.220937288235517171e-01
2.460847592664913985e-01
2.376958400697229967e-01
2.455289547824402174e-01
2.620985208601134264e-01
2.535358355792512453e-01
2.628514087294135382e-01
2.833905537554783360e-01
2.780448164115949528e-01
2.734974251770959652e-01
2.821249503275107262e-01
2.905749483385892673e-01
2.879459516135676744e-01
2.814462883303596175e-01
2.865312961127188252e-01
2.946861752186065719e-01
2.885869095527274775e-01
2.872681055625537216e-01
2.976344103943432406e-01
2.887422231504220838e-01
2.910153727580596095e-01
2.850970830604966366e-01
2.845941923773478432e-01
4.317193575768336206e-02
4.441178108431227678e-02
4.565162641094114293e-02
4.687492350712173933e-02
4.970523251286032562e-02
4.089431065725850079e-02
4.859176522642411761e-02
3.967056038847367738e-02
4.572319161025817369e-02
5.038512780708619132e-02
6.605135723252258950e-02
8.171758665795714194e-02
9.738381608343366080e-02
1.130500455089384071e-01
1.287162749343844503e-01
1.443825043597641022e-01
1.600487337851435599e-01
1.757149632105630133e-01
1.913811926359973992e-01
2.070474220614317573e-01
2.227136514868662542e-01
2.383157627330374784e-01
2.540916400633024264e-01
2.792198645649367483e-01
2.706591927125251429e-01
2.714120805818251436e-01
2.813052091602075144e-01
2.926305617785979751e-01
2.961602928064749340e-01
2.994080185284814233e-01
2.985212144614123875e-01
2.919021768251287008e-01
2.926029247638494146e-01
2.999999999999999334e-01
2.928989154996086697e-01
2.916952768777391070e-01
5.945808784643250022e-02
5.162497313371516849e-02
5.100505047040069379e-02
6.069793317306139413e-02
5.224489579702962239e-02
5.286481846034406240e-02
6.193777849969026722e-02
5.410466378697291467e-02
5.348474112365848854e-02
6.314925543126487240e-02
5.471040225276022073e-02
5.531377668562639793e-02
6.428292906715543653e-02
5.699408079000788108e-02
5.588061350357166612e-02
5.621439437571742331e-02
4.897777254168672600e-02
4.690718222250438163e-02
6.383907459852025679e-02
5.677215355569029120e-02
5.279011265308812539e-02
5.883816518311799776e-02
7.512431727186755226e-02
7.450439460855459717e-02
6.667127989583553072e-02
9.079054669730404759e-02
9.017062403398834469e-02
8.233750932127285871e-02
1.064567761227507986e-01
9.800373874671172714e-02
1.058368534594727461e-01
1.221230055481875992e-01
1.215030828849348460e-01
1.136699681721911603e-01
1.377910199754837361e-01
1.293370900985829075e-01
1.371702048112852512e-01
1.534554643990395650e-01
1.528355417357405155e-01
1.450024270230632073e-01
1.691216938244741730e-01
1.685017711611599411e-01
1.606686564484577917e-01
1.847879232499088920e-01
1.763348858738773006e-01
1.841680005865946046e-01
2.004541526753434999e-01
1.920011152993119086e-01
1.998342300120289905e-01
2.162170564048883359e-01
2.077156818768014501e-01
2.155487965895186431e-01
2.317866115262124660e-01
2.233335741501807359e-01
2.311666888628979843e-01
2.470229382668097939e-01
2.465538487666505962e-01
2.387848522331966761e-01
2.625445223724261479e-01
2.543146408194588148e-01
2.623215216162698704e-01
2.797594648089196667e-01
2.794896646869282630e-01
2.709289928345166021e-01
2.994080185284814233e-01
2.913992861419799074e-01
2.893139415467090858e-01
2.997040092642407338e-01
2.997040092642407338e-01
6.007801050974695412e-02
6.131785583637583414e-02
6.254351696547758022e-02
6.371609224921015446e-02
6.406100183283783278e-02
6.002673448711884352e-02
6.729120255915002624e-02
8.295743198458579992e-02
9.862366141002743003e-02
1.142898908354691989e-01
1.299570127618356608e-01
1.456232421872616367e-01
1.612885791117568968e-01
1.769548085371915325e-01
1.926210379626261959e-01
2.083356045401159318e-01
2.240018339655504009e-01
2.394047748965111300e-01
2.547837303196179848e-01
2.711519935906729906e-01
2.976344103943433517e-01
2.884271374796401055e-01
2.886969376016315647e-01
2.985212144614124430e-01
7.636416259849616861e-02
6.791112522246432748e-02
6.853104788577878137e-02
7.759716385957569906e-02
6.976747117963298661e-02
6.914754851631854660e-02
7.883912518591137952e-02
7.099419030858813984e-02
7.038845184280081990e-02
8.008369857838254502e-02
7.161647700482372259e-02
7.218331382276899078e-02
8.152762402479492299e-02
7.290527654597517282e-02
7.268334931165758295e-02
7.460696614945641625e-02
6.922302037398833652e-02
6.541068026258692325e-02
7.574423993518185350e-02
9.203039202393098472e-02
9.141046936061753003e-02
8.357735464789926849e-02
1.076966214493679935e-01
9.924358407333602750e-02
1.070766987860593961e-01
1.233628508748054187e-01
1.149098134987781156e-01
1.227429282114964881e-01
1.390397903112379208e-01
1.384154051433608146e-01
1.305813979297127669e-01
1.546953097256684728e-01
1.540753870623540467e-01
1.462431648505760906e-01
1.703615391511030808e-01
1.697416164877886546e-01
1.619085017750713507e-01
1.860277685765376887e-01
1.775747312005059309e-01
1.854078459132232903e-01
2.016939980019723799e-01
2.010740753386579538e-01
1.932409606259406498e-01
2.174430911166443658e-01
2.168300737607663786e-01
2.089486218959939745e-01
2.335236389882658914e-01
2.326551252572391926e-01
2.248703476965770998e-01
2.519791575729364297e-01
2.418828845495744895e-01
2.495010479198731257e-01
2.623140762286204630e-01
2.546685072477151146e-01
2.624292993005232777e-01
2.777984710327281448e-01
2.701714967025771186e-01
2.787789679208239058e-01
2.946861752186065719e-01
2.961602928064750451e-01
2.872228200137632026e-01
7.698066322903591996e-02
7.821814452274353235e-02
7.946141188214697615e-02
8.080566130158874094e-02
7.806729508712567656e-02
8.419727731121356973e-02
9.986350673664949607e-02
1.155297361620867130e-01
1.312013205930216697e-01
1.468675500184531968e-01
1.625284244383858046e-01
1.781946538638203847e-01
1.938608832892550482e-01
2.095685445593084006e-01
2.254833650524551425e-01
2.427513982806011883e-01
2.571466169007784464e-01
2.700562736306742484e-01
2.862423231256673306e-01
9.327023735055979536e-02
8.481719997452799586e-02
8.543370060506774721e-02
9.447374634973511320e-02
8.603545510465540613e-02
8.665643576782325330e-02
9.553663810493887021e-02
8.781016834166072149e-02
8.718788164542512487e-02
9.683100258508375857e-02
8.917931330493934772e-02
8.845735058173316567e-02
9.270509831248423260e-02
8.711636116863957779e-02
8.365603223097031749e-02
9.265031468724541086e-02
1.089364667759947919e-01
1.004834293999629091e-01
1.083165441126814066e-01
1.246026962014293027e-01
1.239827735381173746e-01
1.161496588253986550e-01
1.402689256268631057e-01
1.396543579690505132e-01
1.318158882508342622e-01
1.559994151182975131e-01
1.553473624219829929e-01
1.475196027147677169e-01
1.716013844777319608e-01
1.709814618144175347e-01
1.631483471017002307e-01
1.872676139031665132e-01
1.788145765271348109e-01
1.866476912398520871e-01
2.026919246525553386e-01
1.943598466145465276e-01
2.021929613272638593e-01
2.182944113611255121e-01
2.099942046815489460e-01
2.178687512388849390e-01
2.334953207961359134e-01
2.254692059563901396e-01
2.335094798922008885e-01
2.490637082058367591e-01
2.412936735970513669e-01
2.505214328893866638e-01
2.722252918982014380e-01
2.672696840634108950e-01
2.621022247355689339e-01
2.750118814654647359e-01
2.905749483385892673e-01
2.926305617785979751e-01
2.841867096856587338e-01
9.387199185014746816e-02
9.500519222733699864e-02
9.618382034501132827e-02
9.822149842165235623e-02
8.987456122322363961e-02
9.752625050336805046e-02
9.546329836706829441e-02
1.011033520632773075e-01
1.167695814887120542e-01
1.324358109141462181e-01
1.481341703725803094e-01
1.638003997980147508e-01
1.794344991904492370e-01
1.949797692778609259e-01
2.104931680068404254e-01
2.258948660786307128e-01
2.412795145009863362e-01
2.664678380746118291e-01
2.577657731402243080e-01
2.592234978237741294e-01
2.693465649864065781e-01
2.814001201183953249e-01
1.101860916326782291e-01
1.023299189912066642e-01
1.017281644916190053e-01
1.113736280309471915e-01
1.034551330679430448e-01
1.029236871903411593e-01
1.126945105181934026e-01
1.047627565516385806e-01
1.041155743115661503e-01
1.124423739661011279e-01
1.046366882755924432e-01
1.053319361938767212e-01
1.104373658054034063e-01
1.043294321135278813e-01
1.015712320589438195e-01
1.095612792043365036e-01
1.258425415280580717e-01
1.173895041520264526e-01
1.252226188647437011e-01
1.415087709534925131e-01
1.408888482901778094e-01
1.330557335774609218e-01
1.575605607749262782e-01
1.567799879466119095e-01
1.489147432008947058e-01
1.730871554445759242e-01
1.645432852814367186e-01
1.723442699611539286e-01
1.885074592297955598e-01
1.800544218537638019e-01
1.878875365664810504e-01
2.041736886552300012e-01
2.034328066538926838e-01
1.957206512791982711e-01
2.186940674172997978e-01
2.184942393892126411e-01
2.106929960349275543e-01
2.351848209763338082e-01
2.267396161687296741e-01
2.343400708862348747e-01
2.462698212889790628e-01
2.398825710425575020e-01
2.476667647474078970e-01
2.612889701156746458e-01
2.638784040951432930e-01
2.551763391607557718e-01
2.853169548885459705e-01
2.787711233933737320e-01
2.758923964815789276e-01
2.879459516135676744e-01
1.107798598318127103e-01
1.120340692745702971e-01
1.125684422421472652e-01
1.114398698857522740e-01
1.180143165803681504e-01
1.336756562407753202e-01
1.495346658642094095e-01
1.653238581097511151e-01
1.807973073371857420e-01
1.963405739425128083e-01
2.114338780362649273e-01
2.269394441968168030e-01
2.407273211326564355e-01
2.537793957023268820e-01
2.789329457664753709e-01
2.727003919205436278e-01
2.701109579410750916e-01
2.821249503275107262e-01
1.272199297607740642e-01
1.187030106967261606e-01
1.192967788958606556e-01
1.281012461946525183e-01
1.203978783564229604e-01
1.197374371127998549e-01
1.287360789967519903e-01
1.207152947574726964e-01
1.205892264814265591e-01
1.277337874695217979e-01
1.200880807178114629e-01
1.190855766374626090e-01
1.265312356444160957e-01
1.424419554588023107e-01
1.341422484934302051e-01
1.419753632061473980e-01
1.576699611935467038e-01
1.495893660735196362e-01
1.576152609842365049e-01
1.743828898095730606e-01
1.737350226270745202e-01
1.659717252922496833e-01
1.904712232571307839e-01
1.894893412434631996e-01
1.817791893508533541e-01
2.066245178734681942e-01
1.975659885516318770e-01
2.053991032643490977e-01
2.204857240631112048e-01
2.195898957402054874e-01
2.123297063591706446e-01
2.306675340207161307e-01
2.246808007190079781e-01
2.329261774985249556e-01
2.537550809341765357e-01
2.500124511115777715e-01
2.444699509552551719e-01
2.575220255249255907e-01
2.714481157398058175e-01
2.751905307531406497e-01
2.663685429277402594e-01
1.276605879777132913e-01
1.284186625957022543e-01
1.282349332331368941e-01
1.348309426097882013e-01
1.500559583261745211e-01
1.660264255015598822e-01
1.824270565333519500e-01
1.985478705652994891e-01
2.135551209682897134e-01
2.255766290419136677e-01
2.454467534711073651e-01
2.403157872237205450e-01
2.380571437459116924e-01
2.496009172026419365e-01
2.626015983369911488e-01
1.439073785919300075e-01
1.355636541763520497e-01
1.360043123932912490e-01
1.446759512693181204e-01
1.363885987319853055e-01
1.367060151330350415e-01
1.445261022305145138e-01
1.366310906136332659e-01
1.361299448500181697e-01
1.431746670253661591e-01
1.582255782916947295e-01
1.503337668752485201e-01
1.579477697426207028e-01
1.723108640602168395e-01
1.649904126268817717e-01
1.733468769348949501e-01
1.946986152552476201e-01
1.925849192561892020e-01
1.845407525324103404e-01
2.113182189765734353e-01
2.089713684250207870e-01
2.008947211168521096e-01
2.248630252025775322e-01
2.157437715380228771e-01
2.226743746328443407e-01
2.364049277230506341e-01
2.335362308718833824e-01
2.284453258930809194e-01
2.409258405970789718e-01
2.628920040131589864e-01
2.583235424736677333e-01
2.541693787421331896e-01
2.671700598764824575e-01
1.442916649306240640e-01
1.446010267499163171e-01
1.510664784418123685e-01
1.652682211759557707e-01
1.835047396577322021e-01
2.030084171159105000e-01
2.180906220895754699e-01
2.306339764628140832e-01
2.532983776506044782e-01
2.493725655608559078e-01
2.448516526868275422e-01
2.580951908318817045e-01
1.597001360048169172e-01
1.518037572983734484e-01
1.521880436370675049e-01
1.607480384936990081e-01
1.527119948815085504e-01
1.526370703621067748e-01
1.589628571482558095e-01
1.743092196906773361e-01
1.733100418754470740e-01
1.662673989911860051e-01
1.875820055418710164e-01
1.911403103985592766e-01
1.799464348010438863e-01
2.186905882264234824e-01
2.150044036014984727e-01
2.066946017408355374e-01
2.311539728327368093e-01
2.280084990176571846e-01
2.212360959046550946e-01
2.427050983124841854e-01
2.395550130177674375e-01
2.337840617575308588e-01
2.480017379815443457e-01
1.602240872492579626e-01
1.670046778477470850e-01
1.809456126162741763e-01
2.053641317786065734e-01
2.000313735169271245e-01
1.964730686602387810e-01
2.249222805295801597e-01
2.120273600025150418e-01
2.369295355726105112e-01
1.763355756877419966e-01
1.680178558462794569e-01
1.685418070907205024e-01
1.753223976892096525e-01
1.912271969246068792e-01
1.894046012332389894e-01
1.827682083076421216e-01
1.982956643516067541e-01
1.837813863061744657e-01
