2.362705627989154442e-02
2.368493978420843291e-02
2.372408312179442869e-02
2.355141763238335212e-02
2.358918913425868055e-02
2.365607261664261912e-02
2.370468219409444660e-02
2.374418570776653387e-02
2.373434959939360600e-02
2.345743177056496334e-02
2.350535906894320529e-02
2.360610008584217850e-02
2.357885377386297748e-02
2.361637866507106803e-02
2.366632008309051821e-02
2.364677447410783173e-02
2.367559291310282477e-02
2.371014695308645837e-02
2.369748937099369970e-02
2.371725148402388170e-02
2.373777023013393800e-02
2.373084952835255446e-02
2.374112503794653314e-02
2.374499376415706298e-02
2.353851376262091483e-02
2.349950031020835856e-02
2.354436853728664528e-02
2.374490624201130995e-02
2.357181107342610701e-02
2.363617753634352989e-02
2.368821274476351837e-02
2.372401495014703210e-02
2.374724796205989266e-02
2.374250723770426896e-02
2.374559419097215310e-02
2.335342157315255240e-02
2.340583044238207094e-02
2.372665467818758922e-02
2.373676118427121839e-02
2.347153975264394329e-02
2.350555886135639178e-02
2.346430182122532029e-02
2.374622641281442723e-02
2.358656561072832239e-02
2.356305966830366666e-02
2.359627237339739780e-02
2.364874515508573471e-02
2.362750228401493124e-02
2.365740241484458328e-02
2.369688161572556725e-02
2.370350264482470187e-02
2.368158352395441368e-02
2.373060791067679864e-02
2.372037592378156701e-02
2.373417652802981351e-02
2.374655137675746319e-02
2.374681899353498632e-02
2.374207400038007981e-02
2.323240806055699645e-02
2.329290768336674672e-02
2.341297957587579887e-02
2.369237457136994657e-02
2.364153918860580766e-02
2.371093233941576339e-02
2.373990952557947579e-02
2.374216848140913924e-02
2.373378431739274833e-02
2.353007772253330396e-02
2.374322025225615584e-02
2.361762927691995334e-02
2.367266628810354295e-02
2.371371500386951908e-02
2.373845830274076002e-02
2.374490594340399746e-02
2.374597874078635679e-02
2.374570742527236378e-02
2.335095428460218919e-02
2.329297843053362849e-02
2.335146876434244720e-02
2.341091726598461958e-02
2.357589840428275796e-02
2.366813003387009326e-02
2.360956180039613245e-02
2.372322183451016156e-02
2.372461380126717270e-02
2.370865878845718894e-02
2.373220303411780266e-02
2.354855431118853260e-02
2.356772691933527869e-02
2.350999998058948132e-02
2.374207912143708188e-02
2.362746154285336880e-02
2.363811554919164823e-02
2.360701493244260138e-02
2.368339808838772209e-02
2.369006371372979480e-02
2.366606483358286647e-02
2.372233012635336161e-02
2.372642642600095164e-02
2.370954977634005117e-02
2.374492381729355339e-02
2.374563094535326810e-02
2.373778884749846996e-02
2.374931383547257413e-02
2.374685052707617774e-02
2.374804457479317774e-02
2.310564085640931867e-02
2.316953336440400607e-02
2.322772588548867312e-02
2.323066494374250932e-02
2.328959567993015706e-02
2.345161155376083995e-02
2.346119809246472246e-02
2.340171733785481253e-02
2.349840487030098457e-02
2.353824218927414239e-02
2.368436445484664241e-02
2.368807873348249826e-02
2.366401398007582715e-02
2.361702965572617940e-02
2.362970966253792604e-02
2.359745757242990433e-02
2.370395675424440823e-02
2.373410736095167214e-02
2.349986302100020436e-02
2.358813413572721090e-02
2.365539689505689186e-02
2.370274000508607731e-02
2.373359091156795539e-02
2.374710188030972058e-02
2.373589770719252562e-02
2.374047070467227849e-02
2.374252928090313935e-02
2.297078765932880282e-02
2.283266701476461408e-02
2.303823229431433903e-02
2.316779552467296277e-02
2.333535311664432926e-02
2.334263788321409849e-02
2.328244925415511729e-02
2.339343686494399846e-02
2.356254227717536481e-02
2.356912446543098921e-02
2.353124716368926173e-02
2.365201099273215105e-02
2.359082228428987377e-02
2.370534873857501820e-02
2.369509824964930247e-02
2.371416351239291620e-02
2.372959571694474926e-02
2.352253711780795051e-02
2.348710384755200303e-02
2.353537347253385412e-02
2.360371277265488343e-02
2.361555800471922331e-02
2.357606390297581345e-02
2.366777324242141933e-02
2.367552614527860741e-02
2.364754850155672411e-02
2.371364959494417363e-02
2.371789286626481766e-02
2.369850745827903338e-02
2.374189040321622937e-02
2.373209611684461845e-02
2.374330791190775239e-02
2.375266402615943892e-02
2.375090515438350869e-02
2.374877997338389890e-02
2.374589379607821432e-02
2.374089909396701059e-02
2.374755408339970092e-02
2.290198496586750426e-02
2.269347175286622748e-02
2.276412620905655243e-02
2.310788330825920556e-02
2.304007942256524125e-02
2.310601838719440748e-02
2.316804053240533248e-02
2.321521590925972045e-02
2.327524560530230477e-02
2.322179647286596108e-02
2.342455876485472280e-02
2.343780577304778803e-02
2.338009468199438168e-02
2.340973535797931035e-02
2.345525588514680779e-02
2.349145699287382566e-02
2.352785529985504387e-02
2.349482639995705696e-02
2.366407658864676244e-02
2.364123020586515744e-02
2.367384195553695961e-02
2.361853236593790956e-02
2.359098643637204396e-02
2.361756439273326319e-02
2.372060737706846098e-02
2.368436718405170227e-02
2.347334267733079335e-02
2.356292129388602719e-02
2.363562011778941319e-02
2.369062864627103498e-02
2.372766099716183338e-02
2.374717933922098484e-02
2.374916914048052358e-02
2.372170229398028185e-02
2.372886310952722344e-02
2.373376135106450985e-02
2.298994061146458420e-02
2.291243883815776566e-02
2.297990431466064021e-02
2.287046708988517765e-02
2.278320084045041757e-02
2.285082513943250543e-02
2.304908717430702997e-02
2.316211256293350396e-02
2.330839825311611935e-02
2.332157317373730054e-02
2.326211027754852487e-02
2.336633211393879944e-02
2.331285227582838987e-02
2.336268117338890365e-02
2.345158868344609723e-02
2.355427970747028810e-02
2.355814656112881905e-02
2.352297559062436691e-02
2.364195274270480124e-02
2.358611894249022442e-02
2.371353815211171140e-02
2.368054617118155181e-02
2.367204182618289077e-02
2.369296336696754407e-02
2.349753822296068301e-02
2.350983914353531670e-02
2.346105207114845131e-02
2.358338754700584766e-02
2.359339072953028221e-02
2.355295722500715117e-02
2.365218570121611907e-02
2.365985800997648381e-02
2.362792182987925871e-02
2.370357019491973333e-02
2.370848968575001506e-02
2.368564470847254327e-02
2.373762001598030136e-02
2.373964360828436856e-02
2.372560335667538156e-02
2.375439305446504917e-02
2.375342844373586060e-02
2.374810222207377614e-02
2.375393440957210278e-02
2.375324358693504945e-02
2.374983116972992706e-02
2.373637280917685610e-02
2.372902549507775044e-02
2.374106293619631866e-02
2.293049393884057444e-02
2.274762491072905915e-02
2.280927044763965059e-02
2.272094365439271402e-02
2.255815894229874774e-02
2.262703165186090784e-02
2.311443488492317261e-02
2.305302824238284615e-02
2.311058301200309001e-02
2.316454849039496083e-02
2.318305288784829055e-02
2.319907226364417360e-02
2.324549025845566719e-02
2.339436420042951756e-02
2.340925148900567521e-02
2.335137734980711338e-02
2.321009849077726103e-02
2.326242431725765100e-02
2.340981598812859679e-02
2.340982953183902426e-02
2.336215580834459515e-02
2.345169395812669172e-02
2.349435522939513632e-02
2.349238634474959397e-02
2.352475492759871153e-02
2.364962767360508436e-02
2.358305781757960226e-02
2.356852655816921854e-02
2.360061832178852320e-02
2.370110782805858254e-02
2.344576435703121103e-02
2.354028925294662095e-02
2.361764054959249876e-02
2.367773856420003764e-02
2.372045622924853769e-02
2.374586798204876559e-02
2.375402596764432384e-02
2.374501182383141618e-02
2.370165366923763367e-02
2.371174171580790746e-02
2.371894799275396995e-02
2.303141852713733173e-02
2.300981870668513535e-02
2.295160244731225818e-02
2.265437099839718790e-02
2.290015202835823938e-02
2.282466290607575859e-02
2.288485394329739173e-02
2.307313642805148418e-02
2.314864472590437428e-02
2.327560935709855824e-02
2.322927187203725416e-02
2.329177905459760278e-02
2.333476387368670080e-02
2.310137453199609045e-02
2.331985247398283070e-02
2.331666161574695237e-02
2.326542819498222947e-02
2.315661695189329822e-02
2.336589191882106759e-02
2.345266442861592207e-02
2.353873986646094763e-02
2.365045173384530686e-02
2.363448555095163522e-02
2.366539190584414365e-02
2.361663067692346477e-02
2.369110964461312516e-02
2.347159933119085870e-02
2.348436447649226294e-02
2.343295804345478517e-02
2.356220946392918042e-02
2.357261377004254629e-02
2.352984984053909170e-02
2.363583580612230520e-02
2.360957944818565385e-02
2.364385286705719333e-02
2.369246980231126676e-02
2.367228942723806004e-02
2.369787344318979860e-02
2.373204508198545337e-02
2.373470096364397111e-02
2.371776296711163370e-02
2.375458911138709009e-02
2.375437104144071526e-02
2.374605075747442812e-02
2.376014976570121201e-02
2.375693354141813346e-02
2.375720681866242204e-02
2.374880366845025237e-02
2.374248720119647577e-02
2.375129205687802336e-02
2.372066354751756201e-02
2.371114815906373574e-02
2.372842809219139967e-02
2.242872855108736865e-02
2.296539152982513682e-02
2.264176957069405013e-02
2.260035110469804653e-02
2.269566033856802723e-02
2.282799052220396696e-02
2.286421672696195562e-02
2.278768709512379170e-02
2.249425504345084828e-02
2.310718899262188819e-02
2.313856939439500396e-02
2.320714317041210409e-02
2.316103872789987417e-02
2.336410150496040505e-02
2.337901178102857330e-02
2.331982083840439604e-02
2.299135771847799978e-02
2.304705995877418673e-02
2.322724360740227589e-02
2.327432591434398443e-02
2.321830764932363012e-02
2.316484159986463912e-02
2.340720054736140227e-02
2.340833117364688257e-02
2.336363729566598088e-02
2.345065267711845744e-02
2.353724402070587335e-02
2.351577724488794485e-02
2.356001195945886875e-02
2.367597064295015943e-02
2.361459547280352761e-02
2.359874394718024238e-02
2.363240652486055943e-02
2.341761890424561704e-02
2.351669109037951219e-02
2.359882359248641898e-02
2.366396792896491297e-02
2.371208089067348979e-02
2.374314557699622533e-02
2.375719883576872180e-02
2.375430333225788185e-02
2.373455400388796432e-02
2.367586758058600263e-02
2.368874969806656836e-02
2.369807640518730579e-02
2.230602339032717110e-02
2.236807681389196834e-02
2.298889882386213196e-02
2.301000683625901294e-02
2.294439445626201418e-02
2.253642593000458258e-02
2.273565097844271188e-02
2.290827551649482485e-02
2.308512649542233605e-02
2.323985316306998242e-02
2.325750231239747529e-02
2.318938508987448271e-02
2.330172020888383183e-02
2.312634082289057730e-02
2.311405876728359413e-02
2.305900237262426683e-02
2.287931647560240839e-02
2.293543996372304078e-02
2.334257704951364296e-02
2.333143054084951817e-02
2.328510392173614024e-02
2.317766466886360746e-02
2.337520023491621718e-02
2.344502344721424714e-02
2.342595147650036042e-02
2.346949657270736012e-02
2.349095048482778905e-02
2.357568953242646093e-02
2.366306740711465392e-02
2.364502707662863995e-02
2.344525335630197327e-02
2.345820064635989466e-02
2.340463642252718288e-02
2.354030732811473667e-02
2.355105291295964479e-02
2.350591138088488005e-02
2.361868698304510350e-02
2.359040354856583102e-02
2.362707512356984271e-02
2.368032919204220155e-02
2.368623035908503163e-02
2.365803261689201561e-02
2.372518862371314832e-02
2.372846186408646141e-02
2.370877346365042604e-02
2.375326149522069899e-02
2.375378287650511955e-02
2.374258980947144618e-02
2.376457465015306691e-02
2.375950916020766468e-02
2.376223011572766580e-02
2.375918588666871972e-02
2.375958438901406081e-02
2.375387080083852034e-02
2.373718478714757774e-02
2.374289876746825054e-02
2.372880603252448817e-02
2.369869041898505641e-02
2.368716441858412930e-02
2.370956821988377122e-02
2.252767838207025280e-02
2.241747938796598630e-02
2.247772706220514671e-02
2.306375453535798592e-02
2.258543765961652794e-02
2.273917705054221555e-02
2.278371434777984317e-02
2.269008953424078365e-02
2.293756794394487958e-02
2.296311372794915956e-02
2.288251828623049863e-02
2.309839802572151435e-02
2.316884073883455908e-02
2.311842472265760937e-02
2.333363063553163877e-02
2.334861821251427855e-02
2.328669962439466889e-02
2.302518364107931231e-02
2.300789584809779381e-02
2.307631593872159007e-02
2.295200245243492199e-02
2.324935476598712081e-02
2.323783961467966452e-02
2.329685642361941852e-02
2.318839249139015984e-02
2.339371827312891269e-02
2.348584702511858843e-02
2.346530428755482997e-02
2.351140066049397376e-02
2.357286960056756420e-02
2.359359399702229410e-02
2.355494279963116916e-02
2.364385102575675135e-02
2.362911127251015805e-02
2.365973640922446747e-02
2.338916682328813154e-02
2.349252683040130990e-02
2.357926098148515823e-02
2.364928636582373442e-02
2.370254734735673455e-02
2.373901963420263148e-02
2.375871528263834992e-02
2.376167638044064667e-02
2.374797659063569363e-02
2.371772040782159016e-02
2.367104160075208727e-02
2.219394256162476181e-02
2.225053747873222132e-02
2.241085643939882271e-02
2.235838582751990128e-02
2.246929551816181231e-02
2.304355341277757735e-02
2.263380385468668349e-02
2.283825215857165566e-02
2.301772310420681367e-02
2.320558100595047218e-02
2.322244502593737506e-02
2.315194887550526756e-02
2.326930529186606658e-02
2.313721995091862563e-02
2.313159128669512246e-02
2.308077574127185075e-02
2.276764064862507250e-02
2.282338673152829039e-02
2.292629132363899896e-02
2.297561689006743374e-02
2.290239454686308213e-02
2.338301012770332976e-02
2.331632950846607155e-02
2.336279305404366860e-02
2.319310580902287505e-02
2.341391104947853491e-02
2.343415964573630078e-02
2.352909398762557253e-02
2.360811755605185178e-02
2.341837181299778053e-02
2.343156636955006852e-02
2.337594334814396824e-02
2.351769707136389109e-02
2.348141770923781874e-02
2.352877642485969034e-02
2.360063387788550321e-02
2.360945306676697636e-02
2.357041177480849459e-02
2.366709570851848257e-02
2.367352189078029273e-02
2.364282937878808138e-02
2.371702728483445627e-02
2.372093175211703944e-02
2.369861154056222829e-02
2.375040558544189162e-02
2.375166979377404605e-02
2.373772414606446432e-02
2.376723857869614265e-02
2.376016925479138009e-02
2.376575321082891740e-02
2.376756518809824623e-02
2.376323033995689227e-02
2.376597983532639791e-02
2.375145484756025979e-02
2.374418062704653290e-02
2.375521957237321929e-02
2.371900671511257414e-02
2.370871321634097917e-02
2.372798291701193676e-02
2.367034830193802397e-02
2.365696623783769548e-02
2.368439331004955004e-02
2.230277041121332335e-02
2.259192495199206091e-02
2.250147937421093092e-02
2.255936657017481445e-02
2.266481798241794243e-02
2.290088427356206865e-02
2.291884729507583096e-02
2.282016331906468187e-02
2.306052392089383632e-02
2.299899837737633124e-02
2.307916197150805884e-02
2.313272979991082973e-02
2.330277662875143707e-02
2.331793559961718720e-02
2.325411901523104230e-02
2.306342665323397184e-02
2.304395653222015075e-02
2.310012443019861250e-02
2.284645269234033757e-02
2.299431478084616384e-02
2.331710128112174374e-02
2.328330510652983770e-02
2.334982229501858519e-02
2.318866634316367470e-02
2.316282616256246443e-02
2.321874322723267714e-02
2.342878288598303216e-02
2.340575533737093705e-02
2.345714403888782273e-02
2.352504873277060440e-02
2.354880375149122351e-02
2.350531015452528294e-02
2.360563927120851863e-02
2.362460437347602485e-02
2.358912065227138782e-02
2.336026099865365357e-02
2.346774373019795690e-02
2.355889381155820000e-02
2.363360839169994371e-02
2.369181662320492265e-02
2.373347932129084639e-02
2.375858903898875329e-02
2.376716920365110064e-02
2.375927402032928029e-02
2.373498785196744357e-02
2.369442416386304678e-02
2.363772660965984124e-02
2.233018492510720557e-02
2.237072389990146098e-02
2.226177561023398241e-02
2.209377870423720469e-02
2.214415736949229552e-02
2.254011752650650346e-02
2.256583298794005710e-02
2.247524310237848308e-02
2.272759326637637661e-02
2.273287899791717054e-02
2.265983682632334920e-02
2.281389506493042285e-02
2.298030201513199394e-02
2.317106132177029418e-02
2.318802681676102387e-02
2.311573335698405979e-02
2.323657845415200152e-02
2.265702823038618502e-02
2.254981572606978152e-02
2.312559318971182942e-02
2.271246687089832975e-02
2.281613053870719041e-02
2.279149035034079909e-02
2.287112336833842588e-02
2.297184192090492155e-02
2.294873490459536924e-02
2.301747845706178519e-02
2.337257090293265102e-02
2.325269366632995785e-02
2.347661159481803650e-02
2.356505967000909613e-02
2.339080443278123561e-02
2.340432389470300731e-02
2.334671586390267214e-02
2.349425877274039301e-02
2.345624247489318942e-02
2.350573364930053782e-02
2.358159231774080433e-02
2.359088700926659926e-02
2.354957200097959613e-02
2.365270386962018551e-02
2.365969001515069725e-02
2.362659461401413891e-02
2.370752270564036382e-02
2.371207956790560151e-02
2.368723171544552877e-02
2.374600897637472313e-02
2.374802418553675215e-02
2.373143581135331998e-02
2.376815340415612543e-02
2.376752319016348786e-02
2.375919078268432655e-02
2.377397700778846948e-02
2.377060651148610315e-02
2.377051117444776637e-02
2.376353071118007115e-02
2.375733429900330276e-02
2.376544196558667138e-02
2.373689474213266926e-02
2.372779623661999335e-02
2.374405805116710372e-02
2.369417769334900351e-02
2.368211039479168473e-02
2.370646337644827240e-02
2.363551540821233823e-02
2.362042450617136621e-02
2.365278967147313449e-02
2.221187388700276988e-02
2.243495239363667640e-02
2.263354690255118401e-02
2.200635979645884643e-02
2.205025239968457992e-02
2.286002677177156883e-02
2.288010241539437106e-02
2.279373127680766470e-02
2.302339833727002835e-02
2.304163872349958980e-02
2.296207857398938068e-02
2.309686152727970926e-02
2.327136058531178997e-02
2.328678265745199802e-02
2.322113279141478637e-02
2.260370578250200935e-02
2.244709031541701830e-02
2.249834093459649950e-02
2.310940690862520186e-02
2.308612951175131531e-02
2.314889055563858905e-02
2.273634063827167581e-02
2.289358424719256310e-02
2.304013947469328236e-02
2.336559094372197415e-02
2.334118524818160761e-02
2.339699822202671517e-02
2.324502902037699562e-02
2.321671928127287676e-02
2.328084297945921116e-02
2.347102616071403136e-02
2.344974483283472980e-02
2.349786501154987536e-02
2.356106961404769162e-02
2.354290376526239903e-02
2.358319778868713315e-02
2.333073346649851970e-02
2.344220627039902277e-02
2.353762034168824582e-02
2.361685939811015295e-02
2.367983743976237801e-02
2.372649914104110053e-02
2.375681994448567563e-02
2.377080574161133386e-02
2.376849252407823090e-02
2.374994591222154283e-02
2.371526039067592059e-02
2.366455824064073177e-02
2.359798826299499414e-02
2.227654106022998806e-02
2.218564858037192292e-02
2.230361011045369976e-02
2.248598696621553761e-02
2.251280043437000819e-02
2.240790150520208246e-02
2.268240442003335161e-02
2.270465849341064130e-02
2.261113086769403480e-02
2.214216492043384263e-02
2.294130878098169651e-02
2.277077219612391734e-02
2.313608819710491482e-02
2.315326529916734641e-02
2.307965987029507449e-02
2.320334817534840458e-02
2.271610933383579056e-02
2.268688161044074905e-02
2.263300418350641663e-02
2.261160022504275433e-02
2.258105877466235617e-02
2.252908036352783278e-02
2.317688405683724154e-02
2.276620343444076683e-02
2.287571701958233603e-02
2.292351878383556973e-02
2.284562012814487370e-02
2.302575501745542097e-02
2.299852419256490435e-02
2.306734319296363175e-02
2.330492553663078212e-02
2.341796434766200627e-02
2.351572439050184787e-02
2.336238762285061318e-02
2.337631588706827468e-02
2.331678291223993754e-02
2.346985809004218521e-02
2.348179784185225674e-02
2.343024337832801118e-02
2.356145902748967014e-02
2.357128290478912799e-02
2.352777261579747092e-02
2.363707586104276531e-02
2.364466311003621604e-02
2.360924771535426528e-02
2.369662340361986669e-02
2.370186043045534666e-02
2.367457551142953739e-02
2.374004621560802872e-02
2.374282715348949302e-02
2.372369295786994764e-02
2.376731871532850385e-02
2.375656737931947093e-02
2.376754580948220452e-02
2.377844502063041973e-02
2.377319623737775278e-02
2.377602893423794855e-02
2.377345864126841068e-02
2.376831871874914709e-02
2.377360684272420560e-02
2.375242199900968673e-02
2.375785592006447733e-02
2.374448647401819837e-02
2.371542571948685035e-02
2.372602895167120682e-02
2.370463181190090793e-02
2.366258769432265721e-02
2.364888161891004481e-02
2.367823923624610277e-02
2.359405191542139624e-02
2.357738875754802552e-02
2.361462675044342235e-02
2.193258004588462956e-02
2.196942665651735460e-02
2.238134545090568125e-02
2.258375809450061111e-02
2.216890475570100494e-02
2.222344862561341852e-02
2.208762067424620973e-02
2.298517679376150744e-02
2.300395386548490656e-02
2.292251154904033361e-02
2.281883369471911574e-02
2.283907250034161382e-02
2.275051102331104511e-02
2.306022560877229316e-02
2.323919103664480804e-02
2.318754340481995330e-02
2.325497450982123501e-02
2.234851758219981790e-02
2.239735466009498688e-02
2.266425571683125875e-02
2.251444431925383322e-02
2.256328727317249636e-02
2.248089494289229329e-02
2.316665325049222651e-02
2.313781684616245116e-02
2.320561900252761378e-02
2.279567958252304294e-02
2.295016756778459066e-02
2.309570987829309349e-02
2.329606564601079816e-02
2.327035843374130122e-02
2.333062381263040913e-02
2.341058618466919719e-02
2.344061869760504652e-02
2.338790654893191379e-02
2.350998728014849770e-02
2.353535687497239348e-02
2.349033071719448112e-02
2.341576531541196896e-02
2.330040708886982337e-02
2.351532225234615261e-02
2.359894882403409250e-02
2.366654509765724057e-02
2.371804072157861210e-02
2.375339517086143618e-02
2.377259771883287465e-02
2.377566719719198876e-02
2.376265160464418810e-02
2.373362751735431930e-02
2.368869926465338310e-02
2.362799788330094408e-02
2.355167991399975333e-02
2.205082073613445076e-02
2.240858593558435821e-02
2.244717129052575116e-02
2.234218362574069000e-02
2.263737530240378729e-02
2.265949993586340722e-02
2.256156089602650780e-02
2.228911745053937382e-02
2.290156807109208076e-02
2.272761090315732549e-02
2.310043949074748817e-02
2.304270517461601969e-02
2.311793989260890747e-02
2.316940498921614758e-02
2.243129702377020737e-02
2.277113527636321147e-02
2.269141130061790718e-02
2.274392816455548735e-02
2.266089722846826790e-02
2.258752735245373247e-02
2.263649046099470985e-02
2.323094919062558550e-02
2.282349877225937906e-02
2.292916199206795555e-02
2.290210084023872397e-02
2.297726037244052222e-02
2.308174363621836797e-02
2.305349576587194249e-02
2.312397465769085864e-02
2.335294091245488854e-02
2.345992603478833094e-02
2.344434822006971966e-02
2.345682839364408509e-02
2.340326529024251700e-02
2.333294627136090274e-02
2.334737308035788814e-02
2.328596129330618575e-02
2.354011537163680848e-02
2.355052988492666033e-02
2.350488714016760530e-02
2.362012070516051471e-02
2.362835666449880287e-02
2.359069163750377243e-02
2.368426546271030358e-02
2.369021668609816444e-02
2.366057213476348287e-02
2.373247965319351394e-02
2.373604717168727174e-02
2.371445106785045887e-02
2.376472232206046364e-02
2.375228027052397536e-02
2.376581480412519320e-02
2.378098158581064617e-02
2.377951566515425913e-02
2.377404104502103127e-02
2.378127446136410472e-02
2.377717499280684876e-02
2.377974399740353031e-02
2.376564651183697349e-02
2.376942870703295171e-02
2.375884676449865895e-02
2.373417129830194053e-02
2.372461307116482260e-02
2.374316321220831805e-02
2.368694962652606595e-02
2.367458327271895410e-02
2.370104327830889826e-02
2.362410859954833242e-02
2.360889294070979069e-02
2.364319145290810081e-02
2.354580052465374967e-02
2.352770270643032152e-02
2.356975593499514507e-02
2.187369465612929581e-02
2.190271205256066195e-02
2.208584606894872099e-02
2.200904434007597277e-02
2.212728828183786051e-02
2.252275468618414669e-02
2.226043959952586637e-02
2.221435538138821081e-02
2.233368368409583554e-02
2.294633059401972319e-02
2.288247075836296121e-02
2.296540579406572760e-02
2.277707986495695891e-02
2.279758811791911602e-02
2.270710889040050695e-02
2.302294356766219907e-02
2.320606401077353678e-02
2.315313797367560961e-02
2.322231299727495896e-02
2.225531421556871739e-02
2.230159760830842733e-02
2.245060302313813330e-02
2.239981898979014063e-02
2.248217454649056868e-02
2.271639868068506610e-02
2.259663202846125957e-02
2.262908378402410381e-02
2.255646806994352285e-02
2.321995034809742203e-02
2.319308630763776413e-02
2.325778958506447350e-02
2.284985306914226813e-02
2.300498788735275829e-02
2.315040298251932332e-02
2.334351148373244381e-02
2.331958373473711627e-02
2.337684771312497842e-02
2.345220172902927336e-02
2.343119695980262762e-02
2.348090937849296386e-02
2.349186682644429161e-02
2.338825999583028087e-02
2.326909223585892084e-02
2.357977188060888726e-02
2.365186220057243632e-02
2.370805336606255156e-02
2.374828987721901499e-02
2.377254530713013639e-02
2.378082223110579430e-02
2.377315196281411594e-02
2.374959410418516978e-02
2.371023589530861855e-02
2.365519136219368032e-02
2.358460029074629927e-02
2.349862707948052049e-02
2.197911685551420108e-02
2.217264377618305762e-02
2.259298410699111387e-02
2.261470945273011401e-02
2.250083462830944347e-02
2.239452030828472523e-02
2.240104399195461810e-02
2.232733110442360058e-02
2.286123215183058152e-02
2.268448243333346520e-02
2.306388221265499860e-02
2.308182425545171612e-02
2.300498455839457973e-02
2.313453131091549458e-02
2.235301452237766981e-02
2.252437394906225271e-02
2.282813182934789395e-02
2.274449814959607005e-02
2.279991411488703143e-02
2.272074488425287683e-02
2.265899230689426974e-02
2.269117773471281477e-02
2.328130771425381343e-02
2.287865984234404085e-02
2.299001231293313491e-02
2.295933939247972455e-02
2.303563241848766152e-02
2.313698934535592805e-02
2.310912796767369826e-02
2.317823933152269103e-02
2.339745962126560733e-02
2.351743109808175289e-02
2.352850349997670509e-02
2.348077709917416669e-02
2.341757116968453192e-02
2.343067290074194592e-02
2.337514171448968475e-02
2.330229448857351615e-02
2.331731491766901587e-02
2.325405613666211083e-02
2.360173559951229960e-02
2.361067377937427908e-02
2.357081571045431534e-02
2.367037314776049978e-02
2.367707852107774763e-02
2.364513828378421445e-02
2.372326002534830974e-02
2.372764080798717840e-02
2.370365359754466467e-02
2.376034074065202714e-02
2.376231236617145498e-02
2.374629893235902581e-02
2.378158822031047753e-02
2.378107367863677504e-02
2.377304030119005429e-02
2.378700379018289582e-02
2.378393388961850402e-02
2.378387245633754518e-02
2.377661696018015108e-02
2.377881869632247208e-02
2.377093051911856325e-02
2.375048501909132054e-02
2.375793048597247409e-02
2.374212898659676385e-02
2.370869243896001066e-02
2.369762193710778231e-02
2.372128688382886194e-02
2.365135009443165154e-02
2.363752837688185005e-02
2.366899377400350640e-02
2.357859431791283975e-02
2.356199265171577545e-02
2.360118291880617530e-02
2.349058582460431671e-02
2.347118331347590459e-02
2.351801087436124552e-02
2.182979568086665031e-02
2.185117127779339849e-02
2.202522265179210001e-02
2.205531300688904142e-02
2.194921220891924568e-02
2.221945300122827802e-02
2.223960931595688612e-02
2.215246035760761248e-02
2.249327894576289705e-02
2.230635314631073882e-02
2.290660656537492693e-02
2.284171138736017237e-02
2.292610821428044815e-02
2.273446663900866027e-02
2.266358428951233475e-02
2.275538819660631942e-02
2.298477040282340816e-02
2.317176595721051613e-02
2.318858933891362883e-02
2.311769321379234313e-02
2.216833041600467166e-02
2.221161438732554769e-02
2.237672984090982239e-02
2.241339865212577109e-02
2.231646572985831675e-02
2.258736542307873338e-02
2.251932827234464848e-02
2.259179959021609396e-02
2.277476957484440845e-02
2.265456119222906267e-02
2.326956813738910446e-02
2.324453190906407632e-02
2.330632630662864135e-02
2.290882550257973549e-02
2.306301129115962203e-02
2.320281919735035434e-02
2.338750854062331824e-02
2.336529198588961978e-02
2.341965781782912384e-02
2.355921209493911164e-02
2.346710998869739467e-02
2.335951839790453149e-02
2.323658920869357825e-02
2.363569953865816975e-02
2.369647464158911726e-02
2.374146776216904189e-02
2.377063759894937345e-02
2.378397127624072224e-02
2.378148422578094459e-02
2.376321987614942940e-02
2.372924915229657900e-02
2.367966978643063977e-02
2.361460545271779413e-02
2.353420475345305643e-02
2.343864009396030151e-02
2.192679229960625004e-02
2.212217825081937844e-02
2.254819949829797027e-02
2.257016352907170037e-02
2.247121341228053987e-02
2.234953399862545792e-02
2.237163827557867718e-02
2.228420657441394087e-02
2.282002741055465939e-02
2.264077655286199017e-02
2.302617556787697056e-02
2.296625076067622742e-02
2.304468161269743534e-02
2.309849996786815865e-02
2.227275560261979259e-02
2.248197955436120540e-02
2.289055839767717426e-02
2.280569189134468849e-02
2.285963390779748028e-02
2.278419731886581479e-02
2.268567448596939956e-02
2.275279029537586109e-02
2.332810640492284648e-02
2.294031542503142257e-02
2.304690801819116175e-02
2.301819839785702870e-02
2.309170646885129463e-02
2.318850612871103944e-02
2.316249785810386291e-02
2.322881253902472909e-02
2.358180683239088915e-02
2.354949799843342531e-02
2.359150619379279598e-02
2.349326534206289119e-02
2.345529311109478127e-02
2.350506817787288011e-02
2.338935882719023196e-02
2.340316827962975535e-02
2.334569569575643821e-02
2.327023705012860183e-02
2.328595079633297149e-02
2.322086309011548583e-02
2.365485965233678212e-02
2.362817919862286037e-02
2.366236466832880372e-02
2.371232704102459871e-02
2.369123257586372086e-02
2.371755329959565617e-02
2.375413967109920102e-02
2.375700962656191600e-02
2.373858162152021889e-02
2.378025598114090478e-02
2.378069929157409362e-02
2.377017782801503498e-02
2.379066230029466475e-02
2.378861609301956281e-02
2.378600084671661161e-02
2.378537277397794678e-02
2.378605844087403054e-02
2.378078184024422920e-02
2.376442909818267391e-02
2.377038624484284143e-02
2.375724601789177756e-02
2.372790006695146142e-02
2.371808526193076513e-02
2.373904733479013235e-02
2.367588093873783037e-02
2.366340265230983814e-02
2.369213161343826368e-02
2.360849263230953288e-02
2.359332683747604811e-02
2.362975501701597078e-02
2.352588076853203217e-02
2.355205856371461043e-02
2.350801101623300679e-02
2.342821456843510036e-02
2.345920726725117186e-02
2.340763180103036523e-02
2.179951291022415305e-02
2.181409161078748382e-02
2.202596531416792930e-02
2.202497560744907934e-02
2.192796044956009729e-02
2.217941512751410438e-02
2.210290746988924360e-02
2.219943479395475316e-02
2.244826192661760617e-02
2.226421373917275570e-02
2.286574912725912456e-02
2.279995639275708696e-02
2.288580727502507323e-02
2.269076427062025059e-02
2.261931666933965010e-02
2.271222245864117084e-02
2.294545837803559432e-02
2.313607495367669964e-02
2.315358571894581691e-02
2.308097776210269597e-02
2.208823800178673358e-02
2.212818798902817935e-02
2.229440178026649566e-02
2.233549701253593339e-02
2.223214284122886769e-02
2.248319715947463132e-02
2.243024436144408496e-02
2.253500690069093135e-02
2.283770583617614897e-02
2.267062028211700234e-02
2.262885665236269786e-02
2.272744823611053469e-02
2.331568557175605141e-02
2.335138891190631505e-02
2.329238785694749680e-02
2.296849789500368666e-02
2.311721191549101495e-02
2.325163030144365706e-02
2.361795689784199070e-02
2.353714221647233013e-02
2.344089727532505316e-02
2.332935885829629657e-02
2.320268940071924454e-02
2.368323105225757924e-02
2.373288158968898248e-02
2.376685303722778086e-02
2.378511776683935736e-02
2.378767601989189434e-02
2.377455573645279041e-02
2.374581219565953180e-02
2.370152747201255405e-02
2.364180971519160013e-02
2.356679226729990750e-02
2.347663263296435182e-02
2.337151129324804844e-02
2.191238111889732415e-02
2.210310909756575681e-02
2.250133819882811637e-02
2.252434014742103405e-02
2.242522289198500829e-02
2.226914712380975714e-02
2.230917448454913105e-02
2.222402519670122964e-02
2.277771730035655501e-02
2.259546313847140761e-02
2.298707164864254721e-02
2.300626773128977565e-02
2.292625207074150406e-02
2.306107603968015479e-02
2.219200724871121799e-02
2.238897705564700177e-02
2.257657492527250301e-02
2.294880844120698177e-02
2.286655956322125940e-02
2.291998662731080383e-02
2.284353479703307016e-02
2.275681531085445297e-02
2.281419101036924121e-02
2.299790690091623596e-02
2.310005880851152132e-02
2.307321087078210986e-02
2.314404816114602401e-02
2.323649360719368812e-02
2.327587196533669606e-02
2.321223988581744627e-02
2.363762782602059700e-02
2.360958948694764220e-02
2.364598314670461610e-02
2.356021060089064437e-02
2.352660620762528007e-02
2.357073513864884479e-02
2.346746756977361251e-02
2.342827589300881808e-02
2.348007819672082164e-02
2.335953401620336628e-02
2.331474107069367308e-02
2.337414185346661094e-02
2.323657039179432768e-02
2.325308128785871786e-02
2.318616944599953197e-02
2.369960998166429147e-02
2.367710927712004740e-02
2.370571914792353463e-02
2.374607447123382176e-02
2.374986712901831082e-02
2.372907590553959695e-02
2.377696582514141760e-02
2.377837853356751935e-02
2.376542698490208272e-02
2.379225596130371545e-02
2.379123245450883578e-02
2.378612770961610265e-02
2.379194423965278610e-02
2.378843562459823091e-02
2.379117094443233826e-02
2.377605733577855054e-02
2.377002221997739917e-02
2.378057712403479004e-02
2.374464892358522927e-02
2.373605347523681172e-02
2.375439396112508789e-02
2.369779917844724165e-02
2.368661711792916305e-02
2.371269597132793366e-02
2.363561410689896114e-02
2.362182663090350160e-02
2.365558382081120459e-02
2.355822471208166707e-02
2.354182035519846936e-02
2.358318350675356681e-02
2.346578600235595807e-02
2.349564538289761195e-02
2.344676044316939406e-02
2.335847583862978721e-02
2.333683164334948018e-02
2.339314303256893185e-02
2.178446661322510497e-02
2.179122362026798820e-02
2.192915912639896436e-02
2.186455538275065141e-02
2.197757645499587298e-02
2.214781685476594972e-02
2.238485627687284568e-02
2.282344929994182745e-02
2.284422141595091743e-02
2.275693572582086072e-02
2.264544748395773757e-02
2.266770834600845275e-02
2.257321088718665728e-02
2.290472975998035510e-02
2.309876135318192705e-02
2.304275291142859200e-02
2.311707638223277697e-02
2.201576886709698949e-02
2.205204968078557093e-02
2.223188825028834387e-02
2.216091494547059448e-02
2.226301841276584828e-02
2.239648882525709789e-02
2.244010529935364789e-02
2.234658862935332002e-02
2.255578048759025039e-02
2.251912872852455255e-02
2.261271420199454860e-02
2.289653804284840985e-02
2.273089882836341544e-02
2.278727521616924837e-02
2.270041207109640968e-02
2.302420515605020646e-02
2.316777838925513158e-02
2.329701559369904210e-02
2.366823870333787869e-02
2.359852383354171107e-02
2.351342509938858863e-02
2.341306484147060579e-02
2.329759100611626318e-02
2.316717623734638326e-02
2.372247372597488177e-02
2.376115983140976440e-02
2.378425522327025365e-02
2.379174553518244306e-02
2.378364379494480457e-02
2.375999020191161062e-02
2.372085171942628357e-02
2.366632149040830829e-02
2.359651808400590675e-02
2.351158458225673098e-02
2.341168750915068736e-02
2.185684921967198657e-02
2.209415172648562103e-02
2.205948597986923804e-02
2.201161124232249924e-02
2.218085775955736666e-02
2.245336173942008573e-02
2.247686997022939684e-02
2.236121179299778786e-02
2.273388357825395154e-02
2.254877018455594267e-02
2.294631456709186543e-02
2.296633067109357662e-02
2.288470639525554476e-02
2.302201682736220584e-02
2.212472712672304553e-02
2.231540073728995391e-02
2.247606027869864659e-02
2.264247167116969009e-02
2.300332704593062785e-02
2.297637891944998359e-02
2.292350186217886887e-02
2.289919754205252747e-02
2.287170039395601540e-02
2.281478420302486890e-02
2.305175829095870016e-02
2.314967670175255635e-02
2.319285937097543757e-02
2.312458673209484908e-02
2.328114146986699773e-02
2.331959862509779685e-02
2.325854913844559169e-02
2.368502829423786010e-02
2.366119488146727415e-02
2.369206271603155334e-02
2.361857088162449408e-02
2.362783197800638266e-02
2.358925388765657771e-02
2.353681381371842268e-02
2.354823214942946760e-02
2.350199856063090245e-02
2.343987845213697796e-02
2.339955722813307631e-02
2.345337860126989887e-02
2.332791134988818071e-02
2.328208340193302708e-02
2.334341231706977757e-02
2.320108333205417664e-02
2.321849900830488464e-02
2.314975483614883922e-02
2.373609062600851374e-02
2.371771919677785612e-02
2.374083530216252597e-02
2.377168896206453830e-02
2.375875108208558295e-02
2.377408750300995244e-02
2.379178127433149298e-02
2.379178423225002462e-02
2.378424179734187072e-02
2.379635260947263187e-02
2.379391767192859386e-02
2.379416983793719229e-02
2.378541508971827867e-02
2.378050720985693325e-02
2.378854096192939763e-02
2.375900772798401200e-02
2.375159918822435101e-02
2.376738803448748272e-02
2.371719606103359079e-02
2.370726647170236928e-02
2.373077068529256053e-02
2.366007160852756294e-02
2.364760784145364392e-02
2.367877478932934460e-02
2.358775116261820418e-02
2.361151177629186929e-02
2.357274722220493307e-02
2.350037591566541545e-02
2.352911777687394235e-02
2.348283274996952261e-02
2.339811043146353478e-02
2.337803568113546240e-02
2.343175261193531853e-02
2.178293980333198543e-02
2.178271155183324898e-02
2.200859188204624256e-02
2.196813910073439763e-02
2.189676207091133253e-02
2.205097836345942114e-02
2.224744190899992716e-02
2.225768245646339225e-02
2.217067533350309746e-02
2.234974425489867633e-02
2.277945913694752467e-02
2.280106973198866085e-02
2.271226413527108884e-02
2.259844543067988931e-02
2.262153767427880352e-02
2.252570176367478527e-02
2.286233120502788319e-02
2.305958840248701486e-02
2.307882809032706789e-02
2.300277238310832750e-02
2.195146828558038749e-02
2.198385183801043058e-02
2.216512458143730588e-02
2.219854359903982929e-02
2.209121958442383099e-02
2.239359032630784327e-02
2.231329712847737040e-02
2.239512310303204412e-02
2.247489523159710428e-02
2.260675039218842941e-02
2.266860614823699299e-02
2.258077347389391212e-02
2.295165076856073988e-02
2.278749668490651081e-02
2.284341801390338614e-02
2.275883944220837354e-02
2.307628113995289360e-02
2.321491089560961604e-02
2.333915549751973753e-02
2.371017667065688367e-02
2.365140395227352185e-02
2.357728042728386361e-02
2.348791454725050049e-02
2.338344034001074365e-02
2.326401657716710078e-02
2.312982577044955801e-02
2.375351636859944840e-02
2.378136754585953236e-02
2.379370169807664206e-02
2.379051741070140405e-02
2.377184026713383830e-02
2.373772257198741506e-02
2.368824289675154626e-02
2.362350545337832397e-02
2.354363930219278978e-02
2.344879740049969630e-02
2.189499112546784698e-02
2.212741335511511295e-02
2.240355439553117292e-02
2.232527630928847831e-02
2.242801586829061902e-02
2.268835833432944482e-02
2.250036596170349248e-02
2.290364244353926965e-02
2.292461140129312472e-02
2.284135855121177325e-02
2.298107295330414912e-02
2.205908179389642551e-02
2.227976827036331695e-02
2.249979203084215285e-02
2.269652708272715952e-02
2.305433435758435026e-02
2.302914781118085147e-02
2.297685178885731233e-02
2.295138912593584421e-02
2.286918757216804127e-02
2.292563254233421707e-02
2.310208665456348759e-02
2.319596611734145095e-02
2.317253365666398224e-02
2.323833732612048605e-02
2.332263704424128101e-02
2.336017196251046618e-02
2.330161414082243185e-02
2.372412421701691060e-02
2.372985492925972287e-02
2.370443928453532662e-02
2.366849216175395676e-02
2.367649881153671698e-02
2.364339111397557869e-02
2.359757305712198786e-02
2.360779987318017969e-02
2.356704800340331252e-02
2.351147483156862741e-02
2.352385984057760171e-02
2.347552460471869287e-02
2.341033064571877362e-02
2.342480603223050240e-02
2.336896078567743396e-02
2.329429805270216008e-02
2.324752075067889473e-02
2.331079056642106073e-02
2.316355797132557681e-02
2.318198938910703832e-02
2.311139198102887815e-02
2.376438720336290084e-02
2.376779271822442724e-02
2.375010378997764043e-02
2.378922550325297466e-02
2.379026332396354942e-02
2.378032236591261575e-02
2.379861021125637827e-02
2.379724479503605300e-02
2.379505955162938488e-02
2.379253925901070668e-02
2.378874214597358205e-02
2.379430684646390015e-02
2.377103735666590695e-02
2.376478723573663410e-02
2.377808268058289459e-02
2.373415575344461903e-02
2.372543846433625495e-02
2.374643220279162859e-02
2.368197182167695175e-02
2.367078029417671314e-02
2.369942688882000631e-02
2.361458846885804500e-02
2.360092260049750923e-02
2.363716397662089796e-02
2.353213338351271833e-02
2.351599985772344359e-02
2.355976573380684849e-02
2.343475812188778457e-02
2.346737856445835907e-02
2.341617016794575457e-02
2.199834581315544130e-02
2.200267261962467191e-02
2.189107074130405145e-02
2.179319515845708211e-02
2.178750400865162376e-02
2.219763446257358441e-02
2.222196769862567339e-02
2.210311784007232966e-02
2.229984494802254857e-02
2.273348213982921001e-02
2.275608168221271432e-02
2.266575616813734997e-02
2.254935580620231333e-02
2.257349129490578143e-02
2.247622947217884498e-02
2.281798439583979793e-02
2.301831348886632447e-02
2.303860112563796761e-02
2.296078398343540106e-02
2.189616937635435745e-02
2.192419711116119774e-02
2.208596944421862412e-02
2.212574039183931238e-02
2.201966535383123591e-02
2.228624912451556209e-02
2.222612232525654485e-02
2.233959689033628362e-02
2.247867876292232794e-02
2.243605939455840456e-02
2.254245016455664816e-02
2.266649696434268335e-02
2.263628377970478348e-02
2.272673284607698227e-02
2.300327211834943264e-02
2.284066113418012356e-02
2.281373528050039540e-02
2.289611807191255580e-02
2.312493801935724957e-02
2.325880544272344169e-02
2.337822816210420249e-02
2.369591357884907878e-02
2.374387162332614737e-02
2.363262402656996983e-02
2.355409799048598096e-02
2.346045607833255678e-02
2.335184372267930936e-02
2.322843024853010405e-02
2.309040775955629662e-02
2.377642930542706035e-02
2.379354434204255728e-02
2.379520123921018832e-02
2.378141132494711318e-02
2.375221260033746895e-02
2.370766941114206203e-02
2.364787194533747583e-02
2.357293556133008977e-02
2.348299995339490215e-02
2.189558839245674127e-02
2.209723090260158271e-02
2.235612324891501565e-02
2.237938804016282451e-02
2.227670994313933617e-02
2.264080484883054800e-02
2.245206757945329007e-02
2.285878822402612198e-02
2.288084569062160886e-02
2.279592690976036534e-02
2.293798979681253847e-02
2.199224613357440850e-02
2.218661628937743102e-02
2.238212293528720961e-02
2.185073425455275747e-02
2.187391025036420494e-02
2.257199972430304694e-02
2.275296330060793543e-02
2.310205246788616870e-02
2.302682066514893586e-02
2.307851479323338312e-02
2.300035290793065595e-02
2.292026694014804439e-02
2.297621303714197580e-02
2.314910527683534600e-02
2.323913158522540601e-02
2.321725602203832811e-02
2.328067781097592839e-02
2.336116569890196726e-02
2.334162128685470308e-02
2.339776900054617650e-02
2.371010236966287349e-02
2.371685760740278176e-02
2.368915484366810459e-02
2.375501330245716192e-02
2.375945146246555631e-02
2.373942954378862463e-02
2.364990306091166797e-02
2.365893325102066264e-02
2.362359085550365390e-02
2.357451026419503382e-02
2.358576688779692038e-02
2.354283899638652533e-02
2.348404419279054994e-02
2.349747263762406654e-02
2.344702596619208448e-02
2.337864960812222406e-02
2.333630293917546977e-02
2.339418951860203558e-02
2.325849486938883978e-02
2.321084457571446352e-02
2.327608055218253688e-02
2.312377081540185897e-02
2.314333168963167084e-02
2.307084786415741426e-02
2.378456690040199606e-02
2.378665249592629496e-02
2.377433946194757244e-02
2.379872055773880890e-02
2.379842492948552185e-02
2.379383548563844542e-02
2.379745827219511764e-02
2.379475971456347996e-02
2.379789516426757123e-02
2.378079070821971161e-02
2.378652280308368033e-02
2.377567453472833811e-02
2.374875508117797740e-02
2.375974937597409228e-02
2.374121362802217652e-02
2.370141486462580549e-02
2.371763225911098158e-02
2.369144743253673302e-02
2.363885932234385118e-02
2.366025478885919187e-02
2.362647205804963013e-02
2.356120287050958093e-02
2.354640858967030001e-02
2.358772564866527116e-02
2.346858427605196321e-02
2.345140222981752925e-02
2.350017809081802328e-02
2.197346248551702852e-02
2.188439204930228005e-02
2.198567634558016085e-02
2.215974579693860691e-02
2.207906338013500280e-02
2.217814837460204552e-02
2.181756491020079777e-02
2.180439445406283025e-02
2.225723992326919184e-02
2.268533756312973368e-02
2.261712344964718693e-02
2.270901779427643777e-02
2.249859493393833662e-02
2.242710546453136056e-02
2.252357055388908708e-02
2.277146490990385880e-02
2.297468951720604141e-02
2.299615056287034054e-02
2.291653064863711370e-02
2.204771893555591139e-02
2.197306537133486559e-02
2.206726212641002549e-02
2.219916373929439052e-02
2.224282693358055341e-02
2.214342460726296397e-02
2.235420421772299493e-02
2.231993647969282568e-02
2.241612196016823724e-02
2.195082312856652673e-02
2.253649697440490707e-02
2.250719273341664911e-02
2.260125388075739927e-02
2.272043894788161600e-02
2.269310827841719558e-02
2.278030971213623052e-02
2.305163187252181126e-02
2.289068795472273474e-02
2.286532895198073803e-02
2.294563004528562405e-02
2.317038903736952371e-02
2.329965692994071316e-02
2.341440897864996429e-02
2.367959876359327503e-02
2.373216555160318278e-02
2.376940602629360605e-02
2.361178762843992376e-02
2.352883975294808860e-02
2.343088769355279599e-02
2.331808809257358145e-02
2.319062064400789769e-02
2.304868689214939828e-02
2.379126437598007987e-02
2.379771128160623056e-02
2.378874407334641283e-02
2.376438670437130279e-02
2.372468954610385677e-02
2.366972900761198789e-02
2.359960698199365173e-02
2.351445012585242494e-02
2.189601547299491885e-02
2.206634673229406624e-02
2.230265624994824669e-02
2.232892331487595916e-02
2.223094273620003503e-02
2.259133691583553247e-02
2.239988679641607625e-02
2.281148254071707626e-02
2.283476519569927615e-02
2.274818580091119563e-02
2.289250897737140841e-02
2.212467385822515509e-02
2.227650967006410479e-02
2.244461199517393951e-02
2.181586852389919354e-02
2.183400696939395355e-02
2.202853934584446741e-02
2.203875232791552632e-02
2.194077540740675333e-02
2.262786217038431288e-02
2.280496819149182078e-02
2.314670365535628771e-02
2.307364125896828669e-02
2.312470207183681126e-02
2.304632822765385891e-02
2.296828032300617106e-02
2.302368363140273530e-02
2.319302742412664153e-02
2.327937572247488693e-02
2.325895751564707389e-02
2.332007481367032870e-02
2.339690976585097337e-02
2.337875448356634828e-02
2.343256356852279482e-02
2.369394368870962261e-02
2.367177593136306213e-02
2.370176618924841813e-02
2.374351128969556801e-02
2.372666393521438363e-02
2.374901212169041806e-02
2.377777492954223637e-02
2.376625420478796491e-02
2.378092560726017060e-02
2.362915428856381117e-02
2.363926340254424510e-02
2.360167872950691415e-02
2.354925071355563893e-02
2.356160505861414067e-02
2.351648626339106901e-02
2.345436534478083715e-02
2.346891750340410546e-02
2.341633712309824575e-02
2.334465443169536289e-02
2.330139363521702839e-02
2.336135129876867889e-02
2.322029705917473194e-02
2.317184078729155744e-02
2.323908022932521036e-02
2.308149394972194846e-02
2.302788500135316552e-02
2.310230014146718441e-02
2.379667845453286093e-02
2.379745724268771817e-02
2.379048417650081459e-02
2.380019207891495223e-02
2.379858411996705128e-02
2.379931765089369350e-02
2.378831257559858164e-02
2.379274501383433008e-02
2.378430995306163656e-02
2.376106328051507538e-02
2.375466502236010802e-02
2.377078326992415266e-02
2.371849392174240484e-02
2.373347589914569927e-02
2.370970594279664043e-02
2.366068027049480355e-02
2.368089253600357685e-02
2.364951525508445299e-02
2.358772361837919301e-02
2.361312847398776976e-02
2.357420084502548710e-02
2.349975008535306123e-02
2.348389519622020097e-02
2.353030400048598120e-02
2.208396221939410223e-02
2.202876600120571432e-02
2.195087649136219857e-02
2.212175921471216250e-02
2.185193262605753667e-02
2.183417678883411289e-02
2.219285139503082357e-02
2.263450428549233784e-02
2.256630557107643792e-02
2.265953082887189884e-02
2.244477404927512285e-02
2.237344035215082377e-02
2.247125300754947499e-02
2.272237971609516669e-02
2.292846622132315923e-02
2.295122766040277526e-02
2.286975258158593233e-02
2.221246993625946783e-02
2.213105814505814811e-02
2.220648208908140506e-02
2.228390799695333796e-02
2.240375488955740138e-02
2.246966902909640351e-02
2.237833524220093212e-02
2.192396823111449067e-02
2.212229590689122199e-02
2.259204100737238763e-02
2.265598495993230085e-02
2.256388208234160614e-02
2.277135911858296780e-02
2.283079589724944930e-02
2.274553437207861573e-02
2.309696124981864065e-02
2.293782738013364422e-02
2.291391153251326820e-02
2.299220314832516390e-02
2.321284663209826488e-02
2.333765788004592279e-02
2.344786974580698527e-02
2.366113817778117343e-02
2.371832947741396927e-02
2.376025446597038876e-02
2.378684394934967028e-02
2.358877551002105943e-02
2.350136153908492093e-02
2.339904065501170749e-02
2.328198061066697605e-02
2.315037140365042850e-02
2.300442402028780864e-02
2.379805493465516480e-02
2.379387090686187894e-02
2.377430192560568353e-02
2.373938454205076765e-02
2.368918153871794885e-02
2.362378149312484993e-02
2.354329816969527936e-02
2.200671338964140661e-02
2.191249326941749342e-02
2.204563566327244831e-02
2.192946356132611380e-02
2.222130042029821229e-02
2.226252613520065746e-02
2.215304970514466940e-02
2.253896264523024343e-02
2.233335180680691423e-02
2.276145454558949413e-02
2.278609903492260363e-02
2.269774053811544207e-02
2.284436929289512808e-02
2.230799225866111901e-02
2.249701375317379390e-02
2.199750458943278836e-02
2.201368473835232237e-02
2.190762638817172689e-02
2.179234453186245160e-02
2.180482999984111048e-02
2.222386969951431826e-02
2.212694485563631436e-02
2.221865269798586201e-02
2.268107140426521909e-02
2.285400850035342740e-02
2.318850839940407582e-02
2.316793092693687425e-02
2.311754333039803266e-02
2.308955451538083348e-02
2.301347656484870052e-02
2.306828369374108040e-02
2.323406456992722219e-02
2.331689841706971120e-02
2.335671941702148480e-02
2.329783943618660841e-02
2.343004773034753838e-02
2.341319418750249445e-02
2.346472547911574932e-02
2.367555869454939649e-02
2.368449521839938177e-02
2.365220446909258728e-02
2.372981679312073655e-02
2.373641451280617334e-02
2.371173409025868067e-02
2.376881048351020195e-02
2.377304783048685838e-02
2.375601906278463835e-02
2.379247010473570581e-02
2.379433224019716908e-02
2.378498346111267495e-02
2.360613151033122414e-02
2.361737872235318558e-02
2.357753169025013015e-02
2.352165556784767408e-02
2.353517904160155882e-02
2.348784212883076733e-02
2.342227538525201713e-02
2.343803467428522483e-02
2.338328619276645523e-02
2.330815869542791560e-02
2.332610766654250392e-02
2.326403731800404107e-02
2.317949531093264903e-02
2.319958252889191969e-02
2.313029080244838331e-02
2.303649582268826879e-02
2.298226254048784181e-02
2.305866499968818595e-02
2.380075214062682409e-02
2.380023107587386083e-02
2.379857744029226230e-02
2.379363952203745330e-02
2.379073418384766714e-02
2.379677756650625323e-02
2.377114175857551401e-02
2.377958697865892312e-02
2.376585799073377414e-02
2.373329488751144481e-02
2.372564539243893211e-02
2.374703536497848808e-02
2.368016124426452346e-02
2.367016546477128391e-02
2.369917876289715300e-02
2.361182905485505884e-02
2.359951299791715126e-02
2.363609918075404784e-02
2.352841185351691594e-02
2.355790404522776701e-02
2.351380785882722230e-02
2.211493716831561610e-02
2.207289730346884485e-02
2.203960347192886887e-02
2.196312587374938188e-02
2.189693874510059007e-02
2.187407807688196773e-02
2.258097664130553905e-02
2.251261799465383365e-02
2.260735651854065345e-02
2.239219879932016072e-02
2.230743851728079347e-02
2.241794099273520385e-02
2.267059259099028778e-02
2.287939001250057641e-02
2.290358065721235722e-02
2.282018766806062637e-02
2.231420980718309965e-02
2.245338083514573577e-02
2.252249722301331858e-02
2.242816346393348287e-02
2.189645954676477241e-02
2.211175041892197990e-02
2.264270782901859833e-02
2.261698357125678169e-02
2.270681395175468131e-02
2.281951767434574341e-02
2.279507457433029363e-02
2.287846131283154116e-02
2.313948994713168825e-02
2.298233784909753386e-02
2.295973777227889451e-02
2.303608615996242254e-02
2.325252096048964490e-02
2.337299750977600565e-02
2.347877788449472328e-02
2.364042990642802392e-02
2.370228647037986303e-02
2.374892288468749557e-02
2.378025661366867105e-02
2.379623103860329866e-02
2.356346107438133872e-02
2.347151246528447061e-02
2.336474028378526108e-02
2.324332339243438336e-02
2.310746210178263663e-02
2.295737674856079130e-02
2.379681584994258400e-02
2.378200726527752995e-02
2.375182806940552907e-02
2.370632747403367269e-02
2.364558079897757098e-02
2.356968897673261329e-02
2.214745588220290440e-02
2.198522084227273396e-02
2.248581330870624839e-02
2.222983588409235822e-02
2.222574699124646794e-02
2.231042585218714208e-02
2.270842062710202655e-02
2.273457300092995154e-02
2.264444730415528934e-02
2.279330523728421987e-02
2.233857761715384374e-02
2.254742713014429648e-02
2.197892296153081820e-02
2.188660270932181809e-02
2.198882264335755982e-02
2.213817956905054715e-02
2.218101250316661249e-02
2.206855823658200946e-02
2.178090915889595303e-02
2.178741248675260950e-02
2.273051826513015558e-02
2.290035998397987535e-02
2.322768487802389509e-02
2.315875561260412677e-02
2.320842063658628412e-02
2.313026858463025984e-02
2.305610275436622419e-02
2.311025134729928487e-02
2.327242565609971905e-02
2.335189598422226023e-02
2.333409992868492114e-02
2.339079898243441591e-02
2.346075343116237055e-02
2.349441977588586500e-02
2.344511660288083749e-02
2.365485025350772680e-02
2.363033473203943191e-02
2.366495136294856014e-02
2.371385736569540242e-02
2.372159020715781594e-02
2.369455905138427576e-02
2.375762609202105441e-02
2.376297586460132671e-02
2.374357811710236035e-02
2.378607321123116583e-02
2.378903186925989885e-02
2.377730263685894074e-02
2.379914142007141103e-02
2.379970779553787497e-02
2.379566911174743615e-02
2.358071329233430227e-02
2.355101961480915440e-02
2.359316129529340916e-02
2.349157956913717690e-02
2.350634675290876052e-02
2.345675252882081785e-02
2.338760580106662851e-02
2.340465840198980435e-02
2.334769572828995082e-02
2.326897127046549663e-02
2.328826980415966627e-02
2.322403379209086322e-02
2.313587661420840602e-02
2.308597236595795812e-02
2.315737624086638621e-02
2.298854236005534735e-02
2.293373665136145406e-02
2.301219336224793327e-02
2.379679975749084131e-02
2.379864029006184545e-02
2.379497962174681111e-02
2.377904385685429209e-02
2.377484992226418931e-02
2.378620544471510279e-02
2.374589601796643981e-02
2.373934787805693017e-02
2.375838047526039262e-02
2.369740509800553202e-02
2.368852910725667213e-02
2.371520782794287602e-02
2.363364622133393156e-02
2.362247531606036233e-02
2.365675623595916641e-02
2.355472030909062583e-02
2.358312028054217191e-02
2.354129377194262226e-02
2.215192936674322335e-02
2.210468178148608520e-02
2.200152074822965889e-02
2.208840761387297069e-02
2.195186466655561081e-02
2.192422051767566049e-02
2.252688110734950983e-02
2.245928855177302050e-02
2.255351041797513251e-02
2.231834015510000477e-02
2.235570488968827499e-02
2.227442783549882926e-02
2.261699032039487384e-02
2.282720706146298961e-02
2.285295544588164182e-02
2.276756735323209185e-02
2.231151349655343882e-02
2.238216269467733707e-02
2.226756151899755842e-02
2.250640507929536557e-02
2.257430990124708117e-02
2.247951881952869185e-02
2.188162192694577401e-02
2.205972891005076805e-02
2.222467406078201813e-02
2.269175530898428356e-02
2.266685379997078129e-02
2.275542864776087734e-02
2.286519357947828374e-02
2.292357254015298454e-02
2.284199448087062545e-02
2.317944537907239491e-02
2.302447469785312562e-02
2.307752511377622606e-02
2.300306476858577504e-02
2.328961923647925730e-02
2.340586090809622377e-02
2.350729569619664644e-02
2.361736464797612595e-02
2.368395172525631504e-02
2.373535131213101029e-02
2.377146747819748260e-02
2.379222992308344109e-02
2.379759448997661661e-02
2.353571095548871381e-02
2.343913562412715604e-02
2.332780673724507703e-02
2.320191434459474220e-02
2.306166915928437727e-02
2.290730087588013775e-02
2.378754350428525371e-02
2.376208593604600336e-02
2.372125738146392548e-02
2.366511986320569624e-02
2.359376144983237056e-02
2.216778032797490916e-02
2.202880166736423395e-02
2.242284301799249077e-02
2.221256762259787854e-02
2.265213316194670395e-02
2.267991550614028434e-02
2.258922154249965591e-02
2.273905573659075474e-02
2.240830286677975014e-02
2.259844559188961544e-02
2.178290190642669100e-02
2.178279319822746390e-02
2.198606147782630402e-02
2.198325401293281176e-02
2.188438575758289498e-02
2.216484251419358065e-02
2.207253921150916648e-02
2.215212030348124445e-02
2.223859651765630260e-02
2.277789181822607520e-02
2.294428716952689323e-02
2.326444773478658634e-02
2.319750377102850272e-02
2.324638758883347880e-02
2.316870358174614314e-02
2.309640327682535577e-02
2.314982154605072298e-02
2.330831609317167430e-02
2.338456020948825875e-02
2.342249629399121430e-02
2.336793308594807550e-02
2.348919528105648108e-02
2.347469289297747508e-02
2.352180600291791171e-02
2.363171400901045369e-02
2.364303384600739688e-02
2.360605383079431366e-02
2.369555280931289615e-02
2.370446285638709571e-02
2.367505015513611533e-02
2.374416614092861311e-02
2.375065814785008028e-02
2.372886733623400662e-02
2.377745707495912408e-02
2.378152961916239413e-02
2.376740261457205641e-02
2.379535436813724411e-02
2.379057873444728050e-02
2.379701297999934489e-02
2.379781301343437613e-02
2.379707023859070625e-02
2.379834452080438131e-02
2.355277163860534581e-02
2.352200588567253045e-02
2.356648636912806946e-02
2.345887168769707903e-02
2.347496000662895738e-02
2.342305770548663846e-02
2.335018320038946549e-02
2.336861768880968415e-02
2.330938348728146120e-02
2.322689715762370904e-02
2.318117907728717980e-02
2.324764460269804212e-02
2.308922519662628958e-02
2.311224691621235894e-02
2.303866058630978098e-02
2.293739878134136434e-02
2.288206294215276021e-02
2.296265051161527904e-02
2.378481461503727246e-02
2.379067527909524415e-02
2.378169001555825723e-02
2.375636758471046453e-02
2.375088767817670407e-02
2.376757301977595188e-02
2.371250715600358924e-02
2.370470529299321602e-02
2.372906650167619022e-02
2.365329521436240062e-02
2.364321139557093443e-02
2.367521109269076635e-02
2.357881994236923559e-02
2.356650057759259245e-02
2.360608844747193874e-02
2.216006071481727707e-02
2.213240053108377417e-02
2.205692721580063825e-02
2.201589090342103566e-02
2.198379544741023775e-02
2.247599688125674275e-02
2.250096779329573485e-02
2.239781249056562243e-02
2.223997285879850475e-02
2.256331540057638155e-02
2.277165247820997496e-02
2.279909864272719466e-02
2.271165184460675196e-02
2.235935214754367767e-02
2.233493198030776783e-02
2.243264134145128708e-02
2.255422018817621402e-02
2.252990254389020813e-02
2.262278369691527249e-02
2.188615861295785392e-02
2.207685653801055858e-02
2.226198220646118803e-02
2.273849052355840158e-02
2.280165199315052280e-02
2.271474455576356910e-02
2.290866367329945363e-02
2.288657245705368048e-02
2.296639495849329624e-02
2.321705134454742428e-02
2.306448999636958458e-02
2.304414602469428974e-02
2.311676246756487474e-02
2.332434465067429949e-02
2.343642818890191021e-02
2.353357964543427439e-02
2.366323293988334062e-02
2.359182619848747275e-02
2.371947182054188336e-02
2.376043336792987154e-02
2.378603344977178041e-02
2.379621390806713546e-02
2.379094302241231695e-02
2.350538561099683316e-02
2.340406877550537529e-02
2.328805579484279423e-02
2.315754804987247770e-02
2.301276701906792080e-02
2.285395181644563414e-02
2.377021579605760604e-02
2.373405406145997348e-02
2.368250640254160322e-02
2.361564789224482319e-02
2.208884098569757412e-02
2.232214084932621426e-02
2.232012542411447586e-02
2.239845227234689082e-02
2.224149319462748534e-02
2.259351402463412317e-02
2.262237658403248863e-02
2.253437484606077984e-02
2.268189675408615463e-02
2.245610392711790831e-02
2.264575285135807248e-02
2.200552487624641076e-02
2.189504840484438400e-02
2.199651892281562909e-02
2.179853632931987376e-02
2.179147131443356922e-02
2.219510093492210734e-02
2.209135657986230697e-02
2.218067127875875122e-02
2.227775127707046915e-02
2.282301647576771841e-02
2.298605337673838983e-02
2.329900712785852590e-02
2.323400939105585775e-02
2.328204414366411706e-02
2.320508834504495660e-02
2.318722521327691924e-02
2.313461851648752898e-02
2.334193678651505857e-02
2.341507753852477280e-02
2.339952806109105513e-02
2.345198875233122857e-02
2.351553553539977720e-02
2.354703750281889399e-02
2.350208842426652553e-02
2.367481549219311449e-02
2.368494851307632182e-02
2.365311140587751659e-02
2.360603881828960554e-02
2.361863487935914052e-02
2.357924219853621203e-02
2.372836707762823391e-02
2.373603507065505727e-02
2.371181483982215746e-02
2.376658269330252440e-02
2.375523607744903579e-02
2.377179061939293375e-02
2.378937690807803040e-02
2.378328390873235207e-02
2.379213680352115778e-02
2.379669041476861410e-02
2.379589303170227127e-02
2.379702145676710137e-02
2.378849053185403892e-02
2.378641904099305232e-02
2.379302457894980419e-02
2.352217254793518078e-02
2.353722290111127588e-02
2.349034799420581660e-02
2.342337576879770233e-02
2.344086516159159944e-02
2.338659289566414473e-02
2.330983008478433940e-02
2.332973703389714520e-02
2.326816323330178557e-02
2.318173848419239139e-02
2.320403551518107274e-02
2.313526631613406145e-02
2.303932344282121070e-02
2.298812877483936978e-02
2.306397762866802675e-02
2.288282949911748729e-02
2.282699062588557440e-02
2.290980016270185299e-02
2.376477152720388175e-02
2.376033090643223100e-02
2.377466646729367930e-02
2.372555475915121698e-02
2.371878536936665796e-02
2.374083356678937176e-02
2.367088863105533403e-02
2.369156768546544153e-02
2.366183760442292644e-02
2.360084835670678283e-02
2.362693736734219549e-02
2.358956934964269100e-02
2.223221733100341421e-02
2.219631936983870388e-02
2.212507552990621712e-02
2.208805779593476723e-02
2.205208576353285405e-02
2.240969324524487091e-02
2.244262111927869743e-02
2.236553137421319962e-02
2.227761106501873617e-02
2.250092098626488291e-02
2.271259185246797541e-02
2.274176914452893938e-02
2.265282058167488941e-02
2.240665840799137970e-02
2.238252444696119808e-02
2.248016195372650600e-02
2.260197881386983437e-02
2.267001045188105773e-02
2.257768408553319575e-02
2.190360491342647348e-02
2.210178276302163236e-02
2.230089949175040331e-02
2.278320757954404099e-02
2.276047415099384519e-02
2.284576887328015199e-02
2.295020292357994110e-02
2.292908386681605237e-02
2.300719070819232451e-02
2.325252721418196583e-02
2.310263159714878722e-02
2.315403654059932509e-02
2.308323158266385039e-02
2.335689547962180312e-02
2.346487371381845294e-02
2.355777966633075537e-02
2.364003069134614290e-02
2.370120878513612070e-02
2.356369194815371299e-02
2.374710297607896328e-02
2.377761505353421720e-02
2.379267260699899703e-02
2.379222961454147828e-02
2.377626685607875726e-02
2.347233992403675862e-02
2.336614505014403612e-02
2.324529967861960200e-02
2.311001662852750840e-02
2.296052889696080165e-02
2.279711590250975417e-02
2.374479214619938661e-02
2.369784038227247536e-02
2.363547340456892409e-02
2.216119092955991243e-02
2.232110580797419877e-02
2.251302126286728114e-02
2.255364071739948337e-02
2.246154072739531965e-02
2.261303661042416563e-02
2.250357293007461054e-02
2.269196399651838419e-02
2.202530444558557787e-02
2.191258285786834917e-02
2.201603857726677771e-02
2.222513435696786555e-02
2.211616823849772012e-02
2.221083263704918404e-02
2.182889487875733572e-02
2.181413046399066635e-02
2.231656373908473545e-02
2.286617522120711413e-02
2.302591881871214954e-02
2.333156797497741922e-02
2.326848927834235942e-02
2.331559778904791769e-02
2.323964660644043528e-02
2.317098419918664151e-02
2.322268857887970286e-02
2.337348334133267092e-02
2.344362830144242071e-02
2.342906827378909290e-02
2.347944761154685187e-02
2.353992955572268772e-02
2.352746203227503580e-02
2.357026072237739661e-02
2.365155068580779285e-02
2.366295595746013489e-02
2.362863986358664653e-02
2.371015762599455734e-02
2.369234116542700413e-02
2.371903918530582009e-02
2.357770719622075822e-02
2.359164010383366442e-02
2.354977409174581482e-02
2.375340285708103100e-02
2.374074763231379115e-02
2.375977173728023584e-02
2.378118641787237836e-02
2.378506089676743138e-02
2.377375380646693653e-02
2.379343434824552489e-02
2.379484001918582767e-02
2.379127995865214229e-02
2.379009932168731078e-02
2.378906909939704911e-02
2.379327274175253859e-02
2.377116110019172890e-02
2.376773516132750855e-02
2.377970566950001266e-02
2.348877654486207153e-02
2.350523410252742043e-02
2.345589812891149539e-02
2.338493122516727835e-02
2.340390379040973440e-02
2.334718906639963662e-02
2.326636544930106576e-02
2.328783713260780888e-02
2.322384553816934233e-02
2.313329312034212090e-02
2.315724251855467292e-02
2.308608565370029106e-02
2.298596006867443045e-02
2.301235217942670941e-02
2.293414744404946234e-02
2.282459519094006198e-02
2.276831516221011417e-02
2.285341770638740777e-02
2.373662680671879271e-02
2.373085246487654024e-02
2.375057941495626809e-02
2.368653100944680470e-02
2.367846252535239435e-02
2.370592192356984693e-02
2.362093561343533293e-02
2.361063394188974221e-02
2.364578833669104402e-02
2.230248920010100694e-02
2.219593606864350005e-02
2.226737437437636274e-02
2.216790016011348924e-02
2.212817595355820108e-02
2.235661412347707266e-02
2.240862515735397159e-02
2.266428931833356156e-02
2.268796999475903090e-02
2.258928671834610838e-02
2.244489505275700653e-02
2.252326248017332694e-02
2.242514761218066324e-02
2.264780582197372175e-02
2.271535148015762368e-02
2.262448864114058669e-02
2.192811788137413037e-02
2.212688739402151467e-02
2.233492525203868359e-02
2.282621588066140877e-02
2.280434773257501713e-02
2.288806133487950381e-02
2.299007445492044777e-02
2.296979759119213357e-02
2.304621701219425334e-02
2.328608718141917874e-02
2.313914249736007123e-02
2.312056681210395218e-02
2.318958052602339975e-02
2.338746431343663446e-02
2.349136532647792819e-02
2.358003846435699838e-02
2.361423882738857005e-02
2.368047916034833611e-02
2.373141701973738305e-02
2.353283336948478258e-02
2.376693978206344260e-02
2.378696043644210056e-02
2.379141830295942311e-02
2.378027957706795037e-02
2.375353769388031250e-02
2.343642381235332833e-02
2.332519360711570594e-02
2.319934682196835712e-02
2.305911272202025575e-02
2.290473313840461766e-02
2.274374049491005578e-02
2.371121350700572047e-02
2.365335527686084766e-02
2.223597476319517235e-02
2.236631391808360445e-02
2.233422491829359369e-02
2.244026564583655875e-02
2.252415679854960495e-02
2.251827394420238132e-02
2.259356771695250274e-02
2.254569710951677408e-02
2.273647688120306043e-02
2.201552396329716985e-02
2.201990876118808949e-02
2.192089660931186013e-02
2.225185305032174876e-02
2.213933320893881479e-02
2.223909294177009791e-02
2.187292869869889023e-02
2.185135362344987897e-02
2.234902011133459154e-02
2.290764083841458423e-02
2.306413808674768334e-02
2.336232904490248563e-02
2.330115461458043269e-02
2.334725033270412808e-02
2.327259577646036484e-02
2.320573054520505552e-02
2.325643219762117686e-02
2.340314523053732554e-02
2.347038585598425209e-02
2.345673059519132533e-02
2.350503718763177416e-02
2.356252504552850541e-02
2.359161450539470559e-02
2.355096527166063158e-02
2.362565689788323486e-02
2.360152603206597255e-02
2.363838703275961822e-02
2.368945900575664121e-02
2.367035954670177605e-02
2.369959542306740441e-02
2.373786225125561547e-02
2.374542167657030245e-02
2.372387396755484476e-02
2.354659577598006842e-02
2.356192904170067645e-02
2.351751808705206115e-02
2.377075171226897959e-02
2.377575832879424284e-02
2.376194921061922441e-02
2.378803832784785743e-02
2.379052385604333783e-02
2.378449072431162298e-02
2.378965966591311404e-02
2.378966337579442591e-02
2.379143027505341637e-02
2.377558051430492952e-02
2.377314917009650322e-02
2.378272655948661385e-02
2.374579329024976287e-02
2.375836563724856298e-02
2.374098102682258710e-02
2.345243926568113188e-02
2.347037799885605402e-02
2.341850381887288293e-02
2.334337338415343188e-02
2.336391321284934583e-02
2.330467339212282524e-02
2.321960511838958366e-02
2.324273534405689456e-02
2.317623732673941214e-02
2.308135070889046070e-02
2.310706152460387935e-02
2.303342771634892677e-02
2.293043361601044758e-02
2.287729719659192459e-02
2.295791131776771937e-02
2.277173411595849808e-02
2.271779497694596459e-02
2.279783555557304137e-02
2.370031826038562425e-02
2.371836117765570295e-02
2.369318639187776090e-02
2.363920356558991964e-02
2.366275451464035576e-02
2.362982032743054725e-02
2.225464977531692659e-02
2.221158741189805177e-02
2.226754799976391266e-02
2.244517671908489304e-02
2.261303225132513250e-02
2.263832512738518654e-02
2.256828450951679430e-02
2.250213170243783173e-02
2.247321664670039187e-02
2.257481385036054847e-02
2.269223351301347114e-02
2.275908454111929755e-02
2.266964429337936515e-02
2.194348860012616809e-02
2.213363301376259154e-02
2.237732835147588500e-02
2.286778533570328967e-02
2.292880466345677964e-02
2.284664762538110919e-02
2.302854297818205526e-02
2.308372683216199789e-02
2.300897819583720000e-02
2.331793923362762699e-02
2.317425884993188148e-02
2.322362111823275677e-02
2.315639142443391349e-02
2.341623717747484332e-02
2.351606354408602648e-02
2.360049080298401436e-02
2.358574486336077053e-02
2.365719275630743038e-02
2.371330839997540241e-02
2.375396433707120322e-02
2.349911654314277079e-02
2.377905851646703803e-02
2.378851514544234186e-02
2.378228536992537528e-02
2.376034777559706337e-02
2.372270870324977646e-02
2.339748271226303050e-02
2.328103995501610429e-02
2.315000171949497393e-02
2.300537877307274118e-02
2.285054504613179271e-02
2.269183412805511266e-02
2.366940237170154712e-02
2.231111349887345691e-02
2.245064021763569159e-02
2.248727585939550369e-02
2.240812845222022245e-02
2.253135162896680727e-02
2.259665601107262167e-02
2.277949921192726906e-02
2.213243766081934849e-02
2.200385134434929696e-02
2.207375624729730756e-02
2.219185174945243963e-02
2.193231440937281479e-02
2.190274152732624505e-02
2.235750608548671414e-02
2.230484467243800534e-02
2.242954070961908700e-02
2.294769292553672929e-02
2.310096111672414743e-02
2.339148191984557687e-02
2.333220983792307079e-02
2.337719693320932171e-02
2.330414569571557029e-02
2.323908040267389993e-02
2.328866969499656867e-02
2.343110485955191696e-02
2.349551570375911155e-02
2.348268447877606413e-02
2.352891404211734927e-02
2.358346128197060659e-02
2.357274165007874900e-02
2.361122937531621654e-02
2.359702624439621865e-02
2.361113699663223292e-02
2.357165427599203222e-02
2.366618516711515782e-02
2.367762132068394060e-02
2.364577619758518462e-02
2.371989756219568604e-02
2.372868108113423274e-02
2.370454401656580876e-02
2.375803302701941233e-02
2.376419358989224559e-02
2.374782255774553902e-02
2.351257584348203852e-02
2.348233764059435430e-02
2.352937559055514813e-02
2.378048685843289767e-02
2.378406194899776796e-02
2.377550196089661325e-02
2.378718095915786576e-02
2.378821588795475284e-02
2.378749860220443976e-02
2.377806456882603295e-02
2.377661242515070883e-02
2.378375584365607920e-02
2.375311481728361110e-02
2.374923634987993054e-02
2.376424460611072098e-02
2.371233708788418604e-02
2.372896375645660444e-02
2.370610051419291819e-02
2.341301212965856207e-02
2.343250805346041785e-02
2.337800843563229980e-02
2.329853429302566198e-02
2.332072712798546194e-02
2.325886984194718010e-02
2.316935934520181206e-02
2.319424470240197267e-02
2.312513832548881987e-02
2.302569056931268870e-02
2.305327527727952380e-02
2.297781971665515885e-02
2.286876807260247030e-02
2.289936531407205794e-02
2.281996647763461644e-02
2.270488113406229566e-02
2.273808154907919557e-02
2.265860323460647252e-02
2.365576518213319615e-02
2.364724592750214877e-02
2.367794030019680640e-02
2.234772989489403755e-02
2.230153369958596393e-02
2.235287585927119014e-02
2.253676571169974108e-02
2.257475582055249591e-02
2.249331743618740789e-02
2.254802434287795504e-02
2.261995224479769820e-02
2.252464270263168991e-02
2.273562598048048389e-02
2.280159669429916713e-02
2.271356878993938816e-02
2.207438876221453489e-02
2.210266357067414839e-02
2.197339562913211072e-02
2.224493743551047426e-02
2.200310601044686704e-02
2.245210468483247249e-02
2.290820267542545072e-02
2.288765384758647409e-02
2.296827303745138660e-02
2.306586311140373935e-02
2.304688524234052224e-02
2.311996518477008045e-02
2.334828401457509847e-02
2.320820832446069196e-02
2.319093735818070906e-02
2.325637719709460621e-02
2.344339257718566077e-02
2.353912073943919755e-02
2.361926278205848245e-02
2.355443043312903037e-02
2.363125254162424388e-02
2.369270237251476507e-02
2.373863711979587454e-02
2.376893916113202720e-02
2.346240276588692358e-02
2.378351703982716295e-02
2.378230628463164423e-02
2.376527005310481375e-02
2.373239959079351952e-02
2.368371449566997536e-02
2.335535840162163840e-02
2.323350543877051450e-02
2.309705635158183085e-02
2.294673570423904491e-02
2.278628772231433217e-02
2.262028981733381003e-02
2.239964600305104081e-02
2.244225496634768419e-02
2.264127733406579371e-02
2.282144979076360103e-02
2.223245439152015529e-02
2.218287770690818145e-02
2.215365590676964674e-02
2.229530048966179429e-02
2.216586243080711713e-02
2.204870158211872516e-02
2.211939302540472801e-02
2.200629436643844472e-02
2.196925270590682766e-02
2.238782484011730967e-02
2.246796537789908649e-02
2.237217398273776831e-02
2.298660023484788012e-02
2.313662843487676243e-02
2.341921009182058866e-02
2.336185154871306055e-02
2.340562509961586005e-02
2.333449801432542839e-02
2.327124854210884525e-02
2.331960674568285194e-02
2.345753665703348076e-02
2.351917465474133440e-02
2.350709109988406015e-02
2.355122617214420663e-02
2.360286833985570515e-02
2.359292585558002420e-02
2.362922680637885575e-02
2.356554482370429651e-02
2.353890326647150449e-02
2.358109488847221630e-02
2.364024303698616936e-02
2.365302726004056555e-02
2.361849062052303466e-02
2.369943759544972106e-02
2.370948264696882274e-02
2.368267913369677402e-02
2.374298200883217039e-02
2.375032257829117616e-02
2.373131798666405778e-02
2.377075529961105230e-02
2.377543419452637224e-02
2.376428143422143480e-02
2.347551369075686831e-02
2.344409152492139131e-02
2.349384847581486788e-02
2.378266305093768365e-02
2.378473122993977201e-02
2.378146986480746822e-02
2.377863827642065497e-02
2.377815481251394081e-02
2.378281068704262216e-02
2.375864212382423207e-02
2.376825904789733185e-02
2.375567409392888990e-02
2.372266439435255503e-02
2.371728669161131398e-02
2.373779837109895458e-02
2.367072385438361015e-02
2.366301892637690321e-02
2.369144069491516125e-02
2.337034375735908345e-02
2.333425186222190875e-02
2.339147414172181375e-02
2.325024331782255677e-02
2.327417774506686937e-02
2.320959722865316086e-02
2.311546255276971176e-02
2.314218889300045587e-02
2.307035685671934844e-02
2.296611754934612185e-02
2.299567469431768388e-02
2.291720159768201662e-02
2.280266431416146100e-02
2.283550417952500897e-02
2.275346627243051909e-02
2.262929325480372150e-02
2.266690978747134058e-02
2.258261607099595197e-02
2.244706791515079652e-02
2.239743897771797471e-02
2.249187967187616169e-02
2.259275090784390941e-02
2.266415474325411683e-02
2.257007343457816118e-02
2.277874160333476922e-02
2.275686231619270666e-02
2.284339362660620792e-02
2.219877793431068030e-02
2.231061183311050869e-02
2.208565096410554721e-02
2.248994831316629417e-02
2.294775806224867362e-02
2.292765202435055605e-02
2.300672810732006662e-02
2.310227965103972547e-02
2.308376781856658067e-02
2.315516924535939575e-02
2.337731396765100819e-02
2.324121133418055943e-02
2.322442865696292685e-02
2.328805953692707209e-02
2.346910062176002856e-02
2.356068032979224264e-02
2.363647110007960697e-02
2.352017167773860079e-02
2.360255494815765784e-02
2.366951672915937332e-02
2.372089828445306248e-02
2.375656580490771372e-02
2.377641152624739712e-02
2.342254948405404422e-02
2.378035469295124160e-02
2.376834234700676146e-02
2.374034994100723828e-02
2.369638175404234492e-02
2.330989214992530006e-02
2.318242410679263732e-02
2.304033055585026635e-02
2.288392153726449829e-02
2.271545186777674391e-02
2.253767083677264693e-02
2.268541477028843123e-02
2.286283166959781482e-02
2.227671898205704770e-02
2.223036081454440871e-02
2.219768137405008640e-02
2.211760624870011405e-02
2.209429488802144501e-02
2.204983803841620293e-02
2.245197418185766389e-02
2.252233942862326421e-02
2.242019798904524436e-02
2.302461585204064812e-02
2.317137376331875054e-02
2.344568808992132658e-02
2.339026776479696812e-02
2.343271381022307698e-02
2.336384513726679629e-02
2.330244128727029795e-02
2.334944035208105090e-02
2.348260621408354912e-02
2.354150995117803430e-02
2.353010249935327466e-02
2.357211217977552703e-02
2.362086627747577577e-02
2.361164296088512707e-02
2.364571846989226012e-02
2.353109311862113667e-02
2.354814394240272238e-02
2.350314631550122838e-02
2.361153279493106993e-02
2.358839593524423087e-02
2.362571673092966895e-02
2.367640340756287445e-02
2.365819328312922243e-02
2.368775124640375498e-02
2.372554171430285574e-02
2.371237139673146310e-02
2.373409259433279656e-02
2.375880973380787436e-02
2.375078797290251786e-02
2.376461126936146862e-02
2.377609598343116692e-02
2.377332672333067748e-02
2.377920431120533404e-02
2.343528217969375466e-02
2.340264023791187656e-02
2.345521678842875379e-02
2.377731647918248509e-02
2.377779623178794682e-02
2.377989839173173803e-02
2.376241557586014630e-02
2.376033979078668451e-02
2.377044160589380367e-02
2.373136667065701977e-02
2.372681660988752370e-02
2.374492358645974299e-02
2.368417267870464443e-02
2.367723756546854380e-02
2.370334064717306843e-02
2.332435195478384238e-02
2.328710585155783705e-02
2.334715657081819218e-02
2.319883719919726972e-02
2.315694963913319041e-02
2.322434510778149941e-02
2.305760280979670881e-02
2.308633653245400347e-02
2.301163073883627161e-02
2.290229485220090372e-02
2.293400363381841237e-02
2.285224976943061453e-02
2.273340162080591045e-02
2.276781984239206053e-02
2.268107041603862478e-02
2.255069205995896900e-02
2.258970604491467721e-02
2.249841584335384587e-02
2.264287687209614458e-02
2.261770532740347769e-02
2.271081067943801768e-02
2.281960697599338603e-02
2.279884907660866336e-02
2.288365113054276201e-02
2.230856246230170439e-02
2.216121386878193780e-02
2.234106492524130447e-02
2.254736404366798272e-02
2.298669695516065981e-02
2.296691715779106829e-02
2.304442726403039751e-02
2.313803341223816257e-02
2.311986937219540419e-02
2.318956898756643209e-02
2.340521245012282259e-02
2.327347839294541948e-02
2.331886944472560258e-02
2.325708079944092954e-02
2.349352214612601339e-02
2.358087592524266488e-02
2.365222228735248955e-02
2.348284463978923819e-02
2.357099023700662266e-02
2.364366200332856591e-02
2.370067980342571365e-02
2.374189293572558090e-02
2.376717658912588793e-02
2.377643296474612339e-02
2.337944877750486317e-02
2.376959219502221277e-02
2.374661312226321319e-02
2.370748388690827740e-02
2.326120716894836474e-02
2.312782626922439341e-02
2.297950677061893002e-02
2.281739611835985337e-02
2.264145181673067261e-02
2.273095113561970221e-02
2.290279661233668787e-02
2.231854034840755757e-02
2.220594831845280892e-02
2.227401425979855590e-02
2.219522422180912613e-02
2.214404007096793664e-02
2.238479775828901980e-02
2.251911179314397896e-02
2.258101326436101272e-02
2.248587949658448215e-02
2.306199870689279452e-02
2.320542220808047978e-02
2.347108041993246214e-02
2.345863256803276675e-02
2.341763687383511400e-02
2.339236890984652123e-02
2.337835762215202673e-02
2.333285458358758807e-02
2.350646932981182921e-02
2.356265830533026129e-02
2.359170038985929085e-02
2.355186066354437655e-02
2.363756428915731941e-02
2.366080545389408207e-02
2.362900759228598116e-02
2.349354635580161790e-02
2.351216210924559832e-02
2.346425766229580726e-02
2.357994813750383459e-02
2.359558663150822938e-02
2.355537926448637159e-02
2.365070845441584468e-02
2.363099324817660371e-02
2.366340406432432958e-02
2.370564661802077033e-02
2.371544234265794693e-02
2.369091051557862398e-02
2.374460684806469282e-02
2.375155450371314175e-02
2.373497140817318676e-02
2.376745972793462003e-02
2.377162009337635204e-02
2.376304216055431795e-02
2.377410345218845117e-02
2.377554620515173397e-02
2.377501606641839460e-02
2.339170846506917825e-02
2.341333111546860940e-02
2.335785459186859314e-02
2.376446465925037901e-02
2.376326833972815591e-02
2.377081439276173061e-02
2.373849937418603950e-02
2.373475122499646081e-02
2.375038726114622745e-02
2.369619372139776178e-02
2.368998941655400120e-02
2.371371437966001555e-02
2.327462900482967639e-02
2.329932931383880967e-02
2.323650737403828298e-02
2.314596075786596110e-02
2.317219879313950348e-02
2.310161868176639072e-02
2.299694751440265611e-02
2.294939283944735439e-02
2.302709919377080375e-02
2.283310858365368914e-02
2.278298312749895901e-02
2.286754116090587707e-02
2.265778923258169458e-02
2.269535520384200963e-02
2.260391821367426293e-02
2.268730549674230490e-02
2.266495604059790003e-02
2.275353825394933055e-02
2.286119307838383602e-02
2.292389648505408634e-02
2.284007325397796606e-02
2.225576586351631081e-02
2.241881994333138478e-02
2.260325961962786345e-02
2.302528692581008729e-02
2.308162011334125366e-02
2.300569659081623183e-02
2.317335387598412622e-02
2.322338327124745874e-02
2.315542497953496093e-02
2.343215253823936403e-02
2.330520863305794374e-02
2.328909841561024874e-02
2.334899736108404442e-02
2.351680770469264520e-02
2.359983042692186464e-02
2.366661191640045611e-02
2.353644285916516726e-02
2.344230119330842702e-02
2.361504170670546132e-02
2.367790554131528682e-02
2.372486604109397615e-02
2.375578046261377779e-02
2.377053313763346012e-02
2.376903639806227791e-02
2.333283452798639440e-02
2.375123153348929900e-02
2.371708959012654161e-02
2.320987571179333048e-02
2.307112599178406595e-02
2.291463421224318453e-02
2.274490178814805516e-02
2.277402140217932303e-02
2.294287032443366459e-02
2.241633286050814799e-02
2.236660592846440726e-02
2.230511991481908332e-02
2.230806955123815910e-02
2.225066882036131483e-02
2.246692432874248038e-02
2.257993966072915568e-02
2.263397062009467331e-02
2.255044123069651490e-02
2.309899126898236690e-02
2.323898656101175408e-02
2.349554041712682839e-02
2.344412641368567168e-02
2.348354029948286625e-02
2.342023906246184367e-02
2.336267303198059919e-02
2.340653442201891254e-02
2.352927096888474470e-02
2.358274492368691092e-02
2.357249655680039233e-02
2.361010794425784029e-02
2.365305984694655167e-02
2.367457746294279394e-02
2.364512307500965180e-02
2.354537702485189760e-02
2.356252765444733985e-02
2.351932242046986948e-02
2.345276916717087962e-02
2.347302161509013871e-02
2.342208629571179007e-02
2.362225896549272411e-02
2.363635074577702735e-02
2.360097883716780892e-02
2.368322253277075490e-02
2.369430193474725624e-02
2.366685497831866325e-02
2.372809377307735432e-02
2.373621575889452162e-02
2.371677251476375300e-02
2.375672394471603499e-02
2.376195333940689380e-02
2.375057931586098403e-02
2.376899248061314571e-02
2.377140346733498319e-02
2.376815028285472753e-02
2.376480744906587020e-02
2.376938852398420912e-02
2.376448348671552843e-02
2.334466841532145329e-02
2.336804293792830306e-02
2.330945247375200424e-02
2.374410630017382423e-02
2.375422597770841804e-02
2.374114013735554446e-02
2.370685727066791648e-02
2.372262470529780051e-02
2.370135063967332770e-02
2.322560309674512324e-02
2.318562433264196795e-02
2.324993691770248228e-02
2.308890640413935325e-02
2.304276584760774765e-02
2.311728578443909138e-02
2.293980724044661357e-02
2.288636859151047323e-02
2.296814066994207551e-02
2.276769012636531073e-02
2.280018365384126403e-02
2.271257981513002261e-02
2.272692832559465928e-02
2.279388479453552108e-02
2.270667539576496502e-02
2.290262070419267840e-02
2.296388801871793173e-02
2.288158140048038303e-02
2.236063965869899972e-02
2.249860409166000094e-02
2.265361588434089413e-02
2.306381407213261084e-02
2.304426074136067815e-02
2.311854045722022688e-02
2.320845974635976638e-02
2.325681891011044042e-02
2.319065439311753310e-02
2.345829577458261733e-02
2.333659285665500016e-02
2.332067631580829123e-02
2.337862107674443246e-02
2.353909651305429590e-02
2.361765511982735072e-02
2.367972379462458463e-02
2.358355285690054426e-02
2.349879252144439212e-02
2.339842215909335860e-02
2.365249126718856412e-02
2.370542155247552796e-02
2.374218142903176260e-02
2.376263658643189974e-02
2.376668054415188858e-02
2.375423602302035447e-02
2.328475766727874929e-02
2.372525582681585601e-02
2.315699159852747588e-02
2.301399125405201654e-02
2.285344656512721187e-02
2.281421708486765579e-02
2.298282460677903566e-02
2.255313940427732672e-02
2.243078879171829174e-02
2.248401418515122083e-02
2.242970414072649465e-02
2.236821782533710695e-02
2.256670548076418134e-02
2.264075306942208918e-02
2.313581228365962916e-02
2.327226834288282156e-02
2.351920943235786057e-02
2.350758427778746121e-02
2.346989179366087627e-02
2.344761375574096890e-02
2.343413433106700250e-02
2.339206699902225337e-02
2.355114428708909857e-02
2.360188254265595253e-02
2.362743986672201368e-02
2.359212914437524081e-02
2.366743778913879548e-02
2.368711200626892610e-02
2.366008056004790042e-02
2.359095340186124004e-02
2.360649284899121042e-02
2.356804335086224583e-02
2.350771269881459999e-02
2.348009722868361904e-02
2.352642068391521540e-02
2.340852605764028732e-02
2.337646378219179408e-02
2.343055774005495598e-02
2.365818587528248709e-02
2.367059277131745507e-02
2.364011697851707214e-02
2.370920835989651088e-02
2.371853702515791876e-02
2.369612284384825171e-02
2.374384880887995403e-02
2.375016843982815165e-02
2.373589148092157541e-02
2.376196535511343466e-02
2.375927674455824770e-02
2.376535553528609165e-02
2.376345000309656660e-02
2.376616360039553177e-02
2.376399725910701213e-02
2.374821894511234752e-02
2.374602095819411743e-02
2.375646445498929768e-02
2.329443162389355226e-02
2.331935336773499276e-02
2.325974580747122017e-02
2.371622107959749440e-02
2.371138523404848000e-02
2.373012233912394353e-02
2.316858048575835827e-02
2.319709365525558092e-02
2.312859698507161582e-02
2.303240729106796614e-02
2.306056634103089559e-02
2.298600074923132230e-02
2.287938087744860113e-02
2.290938384978995560e-02
2.282350044038170683e-02
2.276380619630951133e-02
2.283336979180424983e-02
2.274504598107709996e-02
2.293971667831434802e-02
2.292069976341275933e-02
2.300167986997407946e-02
2.249087076861893547e-02
2.265902691995444820e-02
2.310245606940637339e-02
2.315541421381161341e-02
2.308286413901795148e-02
2.324309884754523214e-02
2.328985474102630848e-02
2.322553862320791973e-02
2.348379154639382294e-02
2.336780232176156880e-02
2.340790787807404266e-02
2.335199448671252190e-02
2.356051553637266913e-02
2.363444870206247994e-02
2.369162915269784273e-02
2.362434258496937112e-02
2.354907986454657029e-02
2.345788887293778768e-02
2.335115561935440648e-02
2.368348727835115769e-02
2.372632811681152365e-02
2.375271371332111567e-02
2.376251847761121777e-02
2.375564526778144170e-02
2.373202712882886700e-02
2.323119679865479764e-02
2.310041542684094715e-02
2.295565999936417453e-02
2.285138496298986036e-02
2.302067281076741398e-02
2.261263202069904374e-02
2.258321158356757855e-02
2.252167079854771464e-02
2.256121308921207186e-02
2.249397442564492200e-02
2.268926444341212365e-02
2.317245750817135269e-02
2.330523792177350423e-02
2.354221522716446607e-02
2.349507577684500914e-02
2.353089904176821484e-02
2.347464754555775995e-02
2.346130874633573643e-02
2.342120402349430475e-02
2.357220943000808491e-02
2.362017048238964495e-02
2.364378818200408086e-02
2.361086437994609072e-02
2.368076951190963703e-02
2.367395808809461683e-02
2.369847358063155440e-02
2.363045761694607463e-02
2.361060522948531942e-02
2.364422785138800553e-02
2.355679420927708767e-02
2.357369731648412126e-02
2.353214389783602617e-02
2.346650982557933751e-02
2.343750031850344584e-02
2.348711010094348822e-02
2.336053120946097322e-02
2.332740942974072598e-02
2.338456318131666017e-02
2.368787352760571077e-02
2.367294386314700017e-02
2.369844953655116104e-02
2.372878503037844158e-02
2.371892316706167639e-02
2.373621868586406336e-02
2.375299348163189411e-02
2.374836196003442951e-02
2.375737821508086545e-02
2.376038513447483597e-02
2.376180922647577048e-02
2.376112707126987189e-02
2.375085591754863210e-02
2.374941864509806655e-02
2.375711484987681407e-02
2.372432982790962513e-02
2.372014428902554511e-02
2.373624522666897829e-02
2.322799970262011057e-02
2.326193976345895462e-02
2.319838439945488828e-02
2.310554885755712606e-02
2.306933326012906155e-02
2.313802964436145054e-02
2.299139901326281710e-02
2.301157640046688074e-02
2.293549066154072780e-02
2.278060683286143098e-02
2.277196930233456318e-02
2.286113919474195774e-02
2.298090236914440004e-02
2.304176306925705131e-02
2.296009341952524180e-02
2.258607709952326070e-02
2.269798755246543037e-02
2.313847264879075050e-02
2.312011977739247132e-02
2.319079048482433625e-02
2.327879834780680404e-02
2.326076931391441588e-02
2.332333372348849299e-02
2.350877585901087891e-02
2.339906165781286199e-02
2.343701212802060813e-02
2.338321640724896205e-02
2.358117817913610997e-02
2.365029657423977499e-02
2.370238595116110417e-02
2.365897854040188361e-02
2.359333134801177775e-02
2.351156148850537531e-02
2.341374712393849353e-02
2.329502864840560586e-02
2.370815697902941416e-02
2.374071932557200726e-02
2.375653100064896439e-02
2.375546506051604001e-02
2.373743488287972589e-02
2.316827323103497899e-02
2.304856889945835347e-02
2.288161178651456490e-02
2.305933703978423760e-02
2.267128981046566058e-02
2.269575108420286008e-02
2.262750047458358255e-02
2.320845104023458449e-02
2.333868929034194767e-02
2.356467359030728695e-02
2.355360490656663655e-02
2.351980981196446358e-02
2.350147808193021187e-02
2.348818301651834847e-02
2.345018815802610290e-02
2.359257322534116449e-02
2.363768675899964589e-02
2.362879424412331342e-02
2.365923112351908664e-02
2.369310560310785435e-02
2.368682000694470949e-02
2.370871254404299106e-02
2.366412652084881954e-02
2.367585369460368377e-02
2.364719777162746853e-02
2.359976892909952662e-02
2.361509511806760692e-02
2.357835651251031714e-02
2.350507906599075270e-02
2.353180433284002629e-02
2.348592786059418291e-02
2.341740951957566388e-02
2.338944750156274344e-02
2.344298372639640887e-02
2.332914698785805777e-02
2.334454174876669091e-02
2.327965113781770012e-02
2.371132142395886849e-02
2.371999331726015736e-02
2.369953797784584218e-02
2.374202755669300308e-02
2.374741087146405027e-02
2.373533593747989209e-02
2.375558415880124619e-02
2.375425619525019932e-02
2.375790659542359809e-02
2.375201517219030500e-02
2.375134471964656172e-02
2.375617527274553192e-02
2.373121433701046515e-02
2.372766570408082684e-02
2.374101793560610962e-02
2.310193498935394010e-02
2.316573162174654157e-02
2.310395625701320774e-02
2.304709688871471249e-02
2.286172949832058002e-02
2.292200851562142816e-02
2.282242306923867869e-02
2.301403032071436261e-02
2.299795288320568426e-02
2.307731200340214575e-02
2.273736557100920763e-02
2.318073325140860078e-02
2.315958515318877753e-02
2.322986523556579141e-02
2.331528483897449266e-02
2.335710032679818443e-02
2.329685731284424077e-02
2.353336607929238516e-02
2.342958894600872047e-02
2.346571497060821743e-02
2.341411850596431324e-02
2.360118248858687068e-02
2.366526890158400856e-02
2.371203647415132121e-02
2.368751080591862193e-02
2.363178859210528920e-02
2.355365302856220894e-02
2.346287113288578197e-02
2.337373087229366667e-02
2.320930004861078769e-02
2.326989984366855876e-02
2.321908688002603111e-02
2.372654125675349723e-02
2.374866097494384917e-02
2.375368410531521202e-02
2.374149551442277656e-02
2.315658574080833518e-02
2.277954959206040034e-02
2.293965311013030847e-02
2.309853016887936442e-02
2.283167688420354932e-02
2.276382413491593454e-02
2.324797933317764714e-02
2.337195826997144968e-02
2.358678846414727706e-02
2.357581680632703930e-02
2.354419033178062684e-02
2.352856435116339184e-02
2.351487440059712303e-02
2.347887406126150656e-02
2.361233770721061359e-02
2.365446988656189076e-02
2.364598020969018236e-02
2.367383425497564600e-02
2.370448306046659195e-02
2.369871047219158228e-02
2.371786381195189336e-02
2.369170558656094952e-02
2.370153311091166906e-02
2.367797237581485692e-02
2.362930446844871066e-02
2.364754676749609985e-02
2.361477083790013837e-02
2.356377856981502206e-02
2.353564566524949178e-02
2.358247692041173099e-02
2.341449326493889177e-02
2.346121330683136746e-02
2.341649845880791614e-02
2.337287893641948680e-02
2.331342981314309462e-02
2.332098823860789122e-02
2.326253233894970754e-02
2.372864365474016204e-02
2.373523334145865443e-02
2.371993562232698263e-02
2.374916686209687863e-02
2.375225515365636531e-02
2.374556911074790846e-02
2.375165335025338290e-02
2.375362625122318452e-02
2.375179180465090967e-02
2.373686994876529621e-02
2.373397026697473058e-02
2.374444425281773546e-02
2.284761008852258246e-02
2.292529716734195352e-02
2.309901817355738268e-02
2.314032360731604551e-02
2.305807055487479884e-02
2.321756697169144457e-02
2.326647880582041056e-02
2.319875231054294162e-02
2.334368335356127450e-02
2.333013156116254747e-02
2.338772896672843687e-02
2.355766138218957223e-02
2.346998176834857314e-02
2.349912784685309272e-02
2.345028289984785186e-02
2.362064675155454291e-02
2.367945890989057306e-02
2.372061056723030747e-02
2.371027238319334610e-02
2.366170666593819458e-02
2.359802010404938449e-02
2.349711691185582194e-02
2.353142001654347920e-02
2.350129015747454489e-02
2.345734029182360708e-02
2.336486111859199105e-02
2.373863768857869053e-02
2.375027806253239560e-02
2.374423185527917493e-02
2.296932476165730944e-02
2.290231121656446933e-02
2.299212174594171196e-02
2.303626952095111022e-02
2.315862073203713706e-02
2.328152214690024785e-02
2.340859400377138036e-02
2.361031862894739930e-02
2.356930284805828363e-02
2.359848318555792662e-02
2.356466793272984916e-02
2.354646810115217093e-02
2.351763836760200482e-02
2.363238799382367389e-02
2.367104825781569249e-02
2.368786864883929560e-02
2.366271528420577433e-02
2.371470664047945279e-02
2.372586303036534200e-02
2.370951875511077833e-02
2.370946492126955324e-02
2.370045911494697566e-02
2.371957550751855118e-02
2.367239278033730909e-02
2.365207073663066345e-02
2.368216028352252908e-02
2.356787461506738846e-02
2.359986640074401495e-02
2.356613872974032756e-02
2.353388330443000054e-02
2.340972337360242017e-02
2.345468745942777197e-02
2.341244559724864338e-02
2.336274150729009472e-02
2.373824705668677731e-02
2.374417883814766358e-02
2.373371504716004568e-02
2.375007661804463127e-02
2.374962614369890979e-02
2.375078928872902465e-02
2.374135530082038467e-02
2.374657280706917242e-02
2.373908114508817627e-02
2.310388841052517586e-02
2.303848104287179246e-02
2.310228383057988041e-02
2.316192081211359416e-02
2.323388318204197209e-02
2.322499244228206500e-02
2.329016495704108042e-02
2.343112866685936185e-02
2.345071407727167961e-02
2.338865775168102665e-02
2.358724875814009400e-02
2.351625956052702179e-02
2.354030888300308669e-02
2.349333979918710041e-02
2.364064460996861614e-02
2.369293631636511938e-02
2.372811244027950295e-02
2.372489672038473330e-02
2.369129139772615730e-02
2.362788834470411214e-02
2.362855571540328770e-02
2.365107131979913083e-02
2.359900809178620829e-02
2.349816176378641611e-02
2.353424881245763309e-02
2.349783643412468523e-02
2.345538605848009051e-02
2.374495532044799961e-02
2.374580931921817586e-02
2.316956452664369753e-02
2.335103418122121133e-02
2.329298623634012966e-02
2.334782279934959764e-02
2.339239609872958980e-02
2.347387478059997923e-02
2.363586923147162344e-02
2.362294072414189081e-02
2.360010378547803059e-02
2.359869469032241027e-02
2.355762028676913408e-02
2.358164570536857088e-02
2.365330190727407689e-02
2.368734298071035332e-02
2.370121088747552396e-02
2.367923087819749986e-02
2.372478803007587247e-02
2.373323702724186926e-02
2.371980539807575991e-02
2.371810274617819347e-02
2.372913192978976654e-02
2.371377680628908649e-02
2.368376004026928605e-02
2.367824253889611041e-02
2.369736768726780213e-02
2.365716071162122722e-02
2.357577872920413320e-02
2.360315581680389949e-02
2.357202118489753681e-02
2.353838149110193401e-02
2.374728969603000228e-02
2.374353916765380851e-02
2.374827393270977777e-02
2.374496680631923984e-02
2.374751198004356259e-02
2.374322447473072029e-02
2.345783290203361932e-02
2.340567909751974096e-02
2.344507667275256418e-02
2.348767347775936043e-02
2.361703682897159720e-02
2.355132357035549448e-02
2.353372648103461279e-02
2.357491855086495461e-02
2.366153071506732139e-02
2.370633765857755801e-02
2.373519386373698636e-02
2.374011600143132589e-02
2.373000199135394395e-02
2.373879384151717301e-02
2.370180265374853545e-02
2.364162102404369567e-02
2.366371878273826335e-02
2.363458360375460948e-02
2.361019808020986543e-02
2.374584019287898085e-02
2.374440471533315403e-02
2.350502591363808416e-02
2.366092594964261733e-02
2.364816116259095893e-02
2.362960134920063723e-02
2.362672845988037645e-02
2.358898618924003959e-02
2.361279580231740935e-02
2.367390533198478891e-02
2.370677472158723778e-02
2.371578320765065431e-02
2.369732531405718129e-02
2.373585910182767628e-02
2.373066821579627311e-02
2.374033936409688378e-02
2.372743776206038754e-02
2.373461461475773540e-02
2.372262789129165120e-02
2.369242467261172685e-02
2.370622105868696455e-02
2.368811470731354771e-02
2.366803898591476191e-02
2.374610029633154179e-02
2.374697073773768610e-02
2.374570593881403929e-02
2.374423729122692589e-02
2.364364399662013602e-02
2.368384552235714563e-02
2.372165893972097428e-02
2.374122431582665824e-02
2.371081681139710490e-02
2.374470831973388499e-02
2.374243617596234410e-02
2.373684794477350785e-02
2.374625326340228104e-02
2.368512493004890085e-02
2.365594947664981934e-02
2.367286179971516552e-02
2.369574348863212609e-02
2.372401205706951843e-02
2.371573560775610059e-02
2.372985430253101574e-02
2.374395624179398770e-02
2.374036869650230849e-02
2.374497678314255178e-02
2.374499645162518949e-02
2.370461161022692151e-02
2.373431195618632902e-02
