5.525163358265253177e-02
5.544359261732162425e-02
5.559326000529116879e-02
5.502077556608912789e-02
5.513587884159809605e-02
5.534767341361360171e-02
5.551879245083245207e-02
5.569885401759005344e-02
5.564655107702352194e-02
5.475002130827062718e-02
5.488757455576419308e-02
5.517246660927983826e-02
5.509684603017640792e-02
5.521141722298781446e-02
5.536327325309419595e-02
5.530766163165048988e-02
5.540321103151752552e-02
5.551793824018949608e-02
5.548065094951106641e-02
5.555578900884382970e-02
5.563832448299724925e-02
5.561563230891437143e-02
5.566881294090830073e-02
5.575848883361161912e-02
5.497255883338110494e-02
5.486527848351142878e-02
5.499539767991754036e-02
5.572944448833252323e-02
5.507139068525657849e-02
5.526764802425013917e-02
5.544046120499211000e-02
5.557818437610174966e-02
5.571745707747427501e-02
5.567783188986021037e-02
5.570783545785235047e-02
5.446168119268252061e-02
5.460671982526644347e-02
5.577144981305837829e-02
5.576737795655026253e-02
5.477689659440088121e-02
5.487592882167611347e-02
5.476315346079430046e-02
5.573811711314068107e-02
5.510208396053688229e-02
5.503857599712129456e-02
5.513709651007153711e-02
5.529110930856734329e-02
5.523199839156677643e-02
5.532676528871607879e-02
5.545137333363151649e-02
5.548451862988409977e-02
5.540729071654179605e-02
5.558164588626542113e-02
5.554980493296191035e-02
5.560982829540819794e-02
5.567243932824011282e-02
5.569460144664836049e-02
5.565517564457741345e-02
5.413752040028839418e-02
5.429950308141718446e-02
5.462043539556818428e-02
5.574419354019287398e-02
5.567518797068700398e-02
5.576155590376234705e-02
5.575438745528980833e-02
5.575569837681330215e-02
5.576403135265799171e-02
5.494180243799165475e-02
5.573494772787868090e-02
5.519648187585736443e-02
5.537078519240552776e-02
5.551635483797114079e-02
5.562664671958554574e-02
5.572755700505036686e-02
5.572228949824621635e-02
5.569979983649231414e-02
5.444897630126073473e-02
5.429656995403065595e-02
5.445336380831072853e-02
5.461182624267104518e-02
5.556696623689182102e-02
5.571291362396849078e-02
5.562345025107130747e-02
5.574343873886306033e-02
5.575678539884494633e-02
5.574588526737964816e-02
5.575040340902404773e-02
5.498287262006972681e-02
5.504270390289747045e-02
5.487979493908421574e-02
5.574003289995482779e-02
5.521230613040282315e-02
5.525161042770281028e-02
5.515719675851005199e-02
5.538788372429309659e-02
5.541931639938687398e-02
5.533948513063535746e-02
5.552604224240952069e-02
5.555359714182814268e-02
5.548858207297224093e-02
5.563022026321743502e-02
5.565094170984800220e-02
5.560599652645492608e-02
5.569533200650408911e-02
5.571075428214750797e-02
5.568416667876719545e-02
5.380757704827909133e-02
5.397364583854961234e-02
5.412347896183895141e-02
5.413219767053575882e-02
5.428671306210663960e-02
5.471463596067790980e-02
5.474470024271736734e-02
5.458281974332396952e-02
5.542635617017294819e-02
5.549939378165651138e-02
5.570790264953984217e-02
5.572543178519205609e-02
5.569414762414184872e-02
5.560682183825884500e-02
5.564229420039334961e-02
5.558943403025864982e-02
5.572619313065704100e-02
5.573544102114434684e-02
5.484809980157587250e-02
5.509775628702117539e-02
5.529989678801485592e-02
5.545655610759046145e-02
5.557791819597392158e-02
5.566262165292119174e-02
5.571937414974054148e-02
5.572357873253756810e-02
5.570707068604126289e-02
5.346468261758851453e-02
5.312122906964143049e-02
5.363572927891415570e-02
5.396835393064958880e-02
5.440434314710398261e-02
5.442527044597118141e-02
5.426630771460989877e-02
5.455916063421093615e-02
5.550838220537621104e-02
5.553773826394184376e-02
5.546915156471544234e-02
5.566087701178807495e-02
5.556051066659049853e-02
5.570435434470566438e-02
5.570662651473680393e-02
5.572363916794498273e-02
5.573134514813590096e-02
5.490271387014424020e-02
5.480873880773776824e-02
5.494221462917585341e-02
5.513141652850612334e-02
5.517164859920633407e-02
5.505697194708641939e-02
5.532270873125862826e-02
5.535499794237366822e-02
5.526734227357268242e-02
5.547422385797814992e-02
5.549976395550678537e-02
5.543101743457620051e-02
5.558681908813605660e-02
5.555640650291922972e-02
5.560814628037648311e-02
5.566163638613882969e-02
5.567816219496608127e-02
5.564590597886726053e-02
5.569732099584035617e-02
5.570819945711638632e-02
5.569622240900786586e-02
5.329313891616806187e-02
5.278202908954725964e-02
5.295393281464665092e-02
5.381524494129587277e-02
5.364161222662987283e-02
5.380945897322784305e-02
5.396986029507539612e-02
5.409172620130508341e-02
5.424787879195361318e-02
5.410858444442255555e-02
5.463801897043585321e-02
5.467551047059940328e-02
5.452149377037479594e-02
5.525307479532064192e-02
5.534275101034066141e-02
5.537522189934030586e-02
5.544407126388664619e-02
5.540025852664502704e-02
5.565692260947072145e-02
5.563337439340883261e-02
5.568145832836222942e-02
5.557361725834618349e-02
5.554219942168286961e-02
5.558985843150642675e-02
5.571175813340276117e-02
5.567976105063406761e-02
5.476971052511989124e-02
5.501641882524677812e-02
5.522664634409939211e-02
5.539812697519717888e-02
5.553014228183572598e-02
5.562388003325639818e-02
5.567912614207826821e-02
5.569449332355443788e-02
5.570705237945512006e-02
5.569571116588462045e-02
5.351877404597005922e-02
5.332257489203468676e-02
5.349040636053478681e-02
5.322471284389258123e-02
5.300640329720038985e-02
5.317098272243493684e-02
5.366706195283011543e-02
5.395498221027903579e-02
5.433370128984508357e-02
5.436815440684505951e-02
5.421360544769460166e-02
5.448533064820126892e-02
5.505524551300321201e-02
5.515794796450734783e-02
5.531644250681012204e-02
5.546511753740914624e-02
5.548611581473038290e-02
5.542015954557603236e-02
5.561682568332629306e-02
5.551880130877910602e-02
5.569931961707766388e-02
5.565392502275874620e-02
5.565465720610438677e-02
5.567919745740074200e-02
5.483007004811845525e-02
5.486575722730455823e-02
5.473403916396209212e-02
5.506494693630263615e-02
5.509764138150648888e-02
5.498381133188165459e-02
5.526284510636765568e-02
5.529232998710758434e-02
5.519706493049537921e-02
5.542277409443188696e-02
5.544806395364952623e-02
5.537267712686053805e-02
5.554482266310586946e-02
5.556541520478251728e-02
5.550945239757106020e-02
5.562900075133536681e-02
5.564494693164605266e-02
5.560782445759639842e-02
5.567529191568320462e-02
5.566834389664836180e-02
5.568598317089171190e-02
5.568383003217126925e-02
5.568898678520455697e-02
5.569042577561757884e-02
5.337208897729976698e-02
5.292862649502236283e-02
5.307703920825452421e-02
5.285641449254881163e-02
5.245989516563420024e-02
5.262394010496945079e-02
5.383490997420246893e-02
5.367883815453468321e-02
5.382382410079453866e-02
5.396279137018319960e-02
5.401257149647505085e-02
5.405207431966198295e-02
5.417251287545338245e-02
5.455761961975549856e-02
5.459716212279528552e-02
5.444563685986435198e-02
5.483798237309394502e-02
5.494909231630615287e-02
5.521329789132331523e-02
5.523363040325737772e-02
5.513651429274299409e-02
5.529698254672191227e-02
5.534047876845741426e-02
5.535644091154598434e-02
5.540385956415365409e-02
5.561387074316430368e-02
5.548523282542811713e-02
5.547473389026974511e-02
5.552903215817227289e-02
5.567406287561830341e-02
5.469322836856033154e-02
5.494692982269890058e-02
5.516339874892570161e-02
5.534233106733469493e-02
5.548333435160078542e-02
5.558646132461048106e-02
5.565171152716409664e-02
5.567912985507120216e-02
5.565442299777149937e-02
5.567457322016302473e-02
5.566886065175631615e-02
5.363052421939262099e-02
5.357245252299677740e-02
5.342916630181756416e-02
5.269802012417783982e-02
5.330732124903896085e-02
5.311988705715024739e-02
5.326487543128789748e-02
5.373315044115133110e-02
5.392361929738433146e-02
5.425212768320529511e-02
5.413232308697478457e-02
5.429222194347784608e-02
5.440416649761987272e-02
5.459928230091442430e-02
5.502721833805890306e-02
5.504216884919416880e-02
5.493359591055935187e-02
5.472090837704633726e-02
5.512323794594774923e-02
5.527836738718045623e-02
5.541285373431409367e-02
5.558830780623137680e-02
5.558083447942196997e-02
5.562088116550564787e-02
5.553642344663421021e-02
5.565406454557958460e-02
5.475957427522971238e-02
5.479417678263491520e-02
5.465852729182199554e-02
5.500107699379390425e-02
5.503241301146918202e-02
5.491550562567568128e-02
5.520574527671068266e-02
5.513526309394232994e-02
5.523376370594712537e-02
5.537347815965469600e-02
5.531806750880984697e-02
5.539762534517353454e-02
5.550402192467979168e-02
5.552396257425223219e-02
5.546329220306019797e-02
5.559733494882324045e-02
5.561274197232492222e-02
5.557095530442421327e-02
5.565341214038937306e-02
5.566396091576028549e-02
5.564106146647215118e-02
5.567230724089554383e-02
5.567770382171431665e-02
5.567362954665543151e-02
5.565414950461195637e-02
5.565411557972264195e-02
5.566879321090630051e-02
5.215918927405378824e-02
5.346774943418373255e-02
5.268128453657233701e-02
5.257170467998577290e-02
5.280735079042842006e-02
5.313907846475492136e-02
5.322359963475408601e-02
5.303370148807172446e-02
5.231135877330632400e-02
5.382142568294437379e-02
5.390639568585189195e-02
5.407933774627593504e-02
5.396012998656035675e-02
5.448153294822922349e-02
5.451889018348216043e-02
5.436673148304180248e-02
5.435201075017073724e-02
5.447749306036615835e-02
5.482588389646848859e-02
5.492855787557213154e-02
5.483085472818041706e-02
5.471382938192466405e-02
5.517693228129012806e-02
5.519471082908899984e-02
5.510232833575594291e-02
5.525851176081666288e-02
5.537960497143322447e-02
5.535990180544064776e-02
5.543211450139261254e-02
5.562107711647529262e-02
5.550749624087988193e-02
5.549608302508990398e-02
5.554764969309116535e-02
5.461982919800342784e-02
5.487965079006274643e-02
5.510277722911729320e-02
5.528902062642467724e-02
5.543818760015228886e-02
5.555013888624350804e-02
5.562484789153399056e-02
5.566234010190885401e-02
5.566270748134331814e-02
5.559912013723383034e-02
5.562673789858800510e-02
5.562610508119812669e-02
5.188060293458706534e-02
5.202139809306167983e-02
5.353541861226508713e-02
5.358243450400795166e-02
5.342106770958264528e-02
5.242312047621941473e-02
5.291219085628202229e-02
5.333686461470101697e-02
5.376891183677731667e-02
5.416733087156722082e-02
5.420902326281530625e-02
5.403739688240967454e-02
5.432364168276162392e-02
5.460422379436304097e-02
5.460252414394978215e-02
5.447857186610002844e-02
5.409300204292184777e-02
5.422274091663254608e-02
5.503191787536228230e-02
5.503022078089320201e-02
5.492931760127224561e-02
5.471731295290591796e-02
5.510529266239048984e-02
5.521669055332624476e-02
5.519635572337114326e-02
5.527815498620769485e-02
5.529768290787297896e-02
5.544295988200952791e-02
5.559338901110563724e-02
5.555275682612709209e-02
5.469253845204478937e-02
5.472536026846599316e-02
5.458692445197735332e-02
5.493993971657196163e-02
5.496986064744772971e-02
5.484964569530793865e-02
5.515123273184122099e-02
5.507603984197329688e-02
5.517788849194792122e-02
5.532620508399301029e-02
5.534928454254653407e-02
5.526585092441890085e-02
5.546466933975949254e-02
5.548382640405385979e-02
5.541893880522019006e-02
5.556652642136533649e-02
5.558144661108459228e-02
5.553512438338876339e-02
5.563173745005305093e-02
5.561436824641909776e-02
5.564212168535677405e-02
5.566032657342355472e-02
5.565667987781169196e-02
5.566589054139758214e-02
5.565238330288489049e-02
5.566213130063574904e-02
5.565286239991550782e-02
5.560805847409744374e-02
5.560320313826307842e-02
5.563086245270705554e-02
5.241921059111255554e-02
5.215143551245895320e-02
5.228787408568331269e-02
5.372091500496604249e-02
5.255182821876644428e-02
5.293930187565581980e-02
5.303926296134594404e-02
5.280944267384533181e-02
5.342166490209940971e-02
5.347807104687408303e-02
5.327974222757891898e-02
5.381582894422862889e-02
5.399072141390789947e-02
5.386095709142176696e-02
5.440933128626353199e-02
5.444468409658412972e-02
5.428821507399651802e-02
5.437559937458104342e-02
5.436279383009710864e-02
5.449148832793931918e-02
5.423358195394890890e-02
5.482239038348515892e-02
5.482294961106994047e-02
5.492951102080428222e-02
5.471476475695732922e-02
5.512415201392560637e-02
5.525909869956555781e-02
5.523751446631296191e-02
5.531903609154968648e-02
5.541115849675597171e-02
5.545902308247158824e-02
5.539501765408770539e-02
5.552756477196085783e-02
5.551716150765937524e-02
5.556307177887981341e-02
5.455010666410448072e-02
5.481546631067945458e-02
5.504485999141036506e-02
5.523803398854655600e-02
5.539478417660441412e-02
5.551496868645721533e-02
5.559851928187489745e-02
5.564542796752448839e-02
5.565575144073774128e-02
5.562961010729809697e-02
5.556718610132872771e-02
5.163412391825473319e-02
5.175867592771065534e-02
5.215488576241698176e-02
5.201768863860331549e-02
5.228691506716177939e-02
5.367538348835103335e-02
5.268012064791300492e-02
5.317993023773887051e-02
5.361792472068635518e-02
5.409068866516977131e-02
5.412820666181924339e-02
5.395314588347428081e-02
5.424911974119132202e-02
5.459183905832366152e-02
5.459763323233449150e-02
5.448264113946418852e-02
5.382832265521186876e-02
5.396046768773118257e-02
5.414584933205995182e-02
5.426043516055682747e-02
5.411838332895470283e-02
5.507125786286253682e-02
5.494714039764822533e-02
5.505161026545781627e-02
5.470688061341335423e-02
5.514375266139026621e-02
5.516449966818003092e-02
5.533444616254128146e-02
5.546871812065611723e-02
5.462856591215917851e-02
5.465980852010949437e-02
5.451879728371393508e-02
5.488149282699636422e-02
5.478686686483141138e-02
5.491002044926463627e-02
5.509897250549600223e-02
5.512445109903899715e-02
5.501930628993165207e-02
5.528075131347578303e-02
5.530286840617532063e-02
5.521583723707536306e-02
5.542663635197379174e-02
5.544508020906210172e-02
5.537625748319533608e-02
5.553649837333075184e-02
5.555097358072137725e-02
5.550040881213798988e-02
5.561026964520519866e-02
5.558820771010657136e-02
5.562049465982886465e-02
5.564794471973914802e-02
5.565365267991632947e-02
5.563963217382644072e-02
5.564958024033178630e-02
5.565052052731667837e-02
5.565472271904674251e-02
5.561529398476533492e-02
5.561123250419006125e-02
5.563358312389034277e-02
5.554526277784049837e-02
5.553598396443387014e-02
5.557637754834766908e-02
5.189545742387017407e-02
5.259319220465136224e-02
5.237423061294099041e-02
5.250495751813227807e-02
5.276412025632640918e-02
5.334877293511162966e-02
5.338417554720845115e-02
5.314436089529062102e-02
5.373515713508515007e-02
5.357828412695704590e-02
5.377462638604414008e-02
5.391197729743540251e-02
5.434050687633683319e-02
5.437412560084463331e-02
5.421544049912390556e-02
5.441534287310615531e-02
5.439457123799815164e-02
5.450312959106037164e-02
5.398582823215423987e-02
5.427922776495126139e-02
5.491321878589126154e-02
5.486791923032403179e-02
5.499170939101494238e-02
5.466260847481299590e-02
5.462693153878440261e-02
5.474191253419780079e-02
5.512330540241534155e-02
5.509687012830249975e-02
5.519082249793594297e-02
5.529894625410456538e-02
5.535470743710098340e-02
5.527860339011024526e-02
5.543972034977290297e-02
5.548332836598173640e-02
5.542501890597162362e-02
5.448361837103170291e-02
5.475416705186871014e-02
5.498941934827068778e-02
5.518908999142904670e-02
5.535295572048925389e-02
5.548085532855785706e-02
5.557269042257256125e-02
5.562842425557794346e-02
5.564808239303653536e-02
5.563175209210964589e-02
5.557958085008339599e-02
5.549177410782439590e-02
5.198520445823748282e-02
5.207048666044761243e-02
5.180904162096975490e-02
5.142197993088774149e-02
5.152869679633678007e-02
5.248796619261731494e-02
5.254002857096543716e-02
5.232088566932013157e-02
5.293422956983779432e-02
5.293540772965731056e-02
5.276385143154212198e-02
5.314049984943591126e-02
5.354084065034694917e-02
5.401768994922511585e-02
5.405333695924521842e-02
5.387626771251469160e-02
5.417811507156956863e-02
5.355970477299613897e-02
5.329310456974459959e-02
5.453788657844648585e-02
5.369443747276991807e-02
5.388139560229651681e-02
5.385388755538249306e-02
5.401345367528356811e-02
5.419573035917783776e-02
5.416995068436657179e-02
5.430519061224980959e-02
5.501734364395257509e-02
5.478746497381883213e-02
5.521034653405891557e-02
5.536858821243293566e-02
5.456721309373572387e-02
5.459710478861597160e-02
5.445366926131713081e-02
5.482536911936638363e-02
5.472678231716087555e-02
5.485269199446797528e-02
5.504868463136430856e-02
5.507313236913384535e-02
5.496490535867987887e-02
5.523688709570115374e-02
5.525816257562747580e-02
5.516774463222057223e-02
5.538976275652594816e-02
5.540757901813916225e-02
5.533506644995745544e-02
5.550715818075455804e-02
5.552124022405863224e-02
5.546669778232465875e-02
5.558898022766931013e-02
5.559906565858747929e-02
5.556252746376454110e-02
5.563519611895820227e-02
5.564103606237511684e-02
5.562250532786013058e-02
5.564583328783866134e-02
5.564719335266116174e-02
5.564664246006424675e-02
5.562097877336361768e-02
5.561763985842900493e-02
5.563501081338555893e-02
5.556077792296414131e-02
5.555253663570784012e-02
5.558774207504655479e-02
5.546543271005809767e-02
5.545210148294037189e-02
5.550502575518171527e-02
5.170333552363180762e-02
5.223610867565436910e-02
5.271020503271887231e-02
5.124550968034995851e-02
5.133412406066552996e-02
5.326957911775437315e-02
5.330819993801560325e-02
5.310169837738128173e-02
5.366052988021616926e-02
5.369692888496344074e-02
5.350448621417003281e-02
5.383806123806374189e-02
5.427454640072484904e-02
5.430669324550560506e-02
5.414591847418748216e-02
5.342723503022976661e-02
5.303112397083355883e-02
5.316196239909448673e-02
5.447042049149971449e-02
5.444216999884506081e-02
5.456620049947487339e-02
5.372004344649670277e-02
5.403758908351437990e-02
5.433191480797601447e-02
5.497133690814429846e-02
5.494181337615362815e-02
5.504690069311410361e-02
5.473854520144401381e-02
5.470022090638704954e-02
5.482538465756757462e-02
5.517038443877896048e-02
5.514637431664033695e-02
5.523427884363184964e-02
5.533519929722248432e-02
5.531660164144562575e-02
5.538710711785692353e-02
5.441987821506642092e-02
5.469534663682822095e-02
5.493613240261306652e-02
5.514193418236034566e-02
5.531250865629070562e-02
5.544767205872334903e-02
5.554730104208786823e-02
5.561133260986600435e-02
5.563976404667279885e-02
5.563265259816498748e-02
5.559011452876149589e-02
5.551232355449942091e-02
5.539950869393295285e-02
5.188512123745855215e-02
5.165482512610670984e-02
5.193585228047610525e-02
5.238493390922392690e-02
5.243574959603013175e-02
5.218470870503023884e-02
5.284834533945883400e-02
5.289034335013471227e-02
5.266783620536329147e-02
5.156706664307302707e-02
5.346392561983019653e-02
5.305773789520781131e-02
5.394775494842776048e-02
5.398183741752916875e-02
5.380393007541538902e-02
5.411008532050675529e-02
5.363592096725986608e-02
5.359864989425727755e-02
5.346474341237020950e-02
5.337717765202414089e-02
5.333606819870562871e-02
5.320366402135459638e-02
5.460367446351263587e-02
5.375895225953390699e-02
5.396132059615944138e-02
5.407793209315482630e-02
5.392058569256963363e-02
5.426578033235966714e-02
5.423005892191273825e-02
5.436755479845108152e-02
5.485398364716408820e-02
5.506998490305888005e-02
5.525195176673450281e-02
5.450801085959073450e-02
5.453679175168822668e-02
5.439104964060391401e-02
5.477117154211116196e-02
5.479749399746246252e-02
5.466897176917378393e-02
5.500005018308083693e-02
5.502363205827709436e-02
5.491249389682649473e-02
5.519435768356166505e-02
5.521492492631560611e-02
5.512130657251315680e-02
5.535386127486076335e-02
5.537114914980448971e-02
5.529515717899488592e-02
5.547838584377890597e-02
5.549214027094297175e-02
5.543385133378919694e-02
5.556781474149129901e-02
5.553725405712649221e-02
5.557779326933176556e-02
5.562209002241081529e-02
5.560528987129535750e-02
5.562806266813497685e-02
5.564121237873323467e-02
5.564296242456118202e-02
5.563794281031539390e-02
5.562524071874806741e-02
5.563525613371581025e-02
5.562256542953477462e-02
5.557429126653487539e-02
5.559733157071298365e-02
5.556700241784104377e-02
5.548853616121619814e-02
5.547646043135893296e-02
5.552432796998411219e-02
5.536820150105553617e-02
5.535118054870239584e-02
5.541645947566206654e-02
5.110649259400860955e-02
5.117581228680160438e-02
5.213534151553499141e-02
5.261547435034851644e-02
5.165771568355660703e-02
5.177317073838448580e-02
5.145166894456616735e-02
5.358727770609104935e-02
5.362296690131430899e-02
5.342819988699795686e-02
5.319358097440909233e-02
5.323059173197933203e-02
5.302069372913544715e-02
5.376638059683390425e-02
5.421091189633849006e-02
5.407909236233554573e-02
5.424186241087110977e-02
5.277311876200597301e-02
5.290120231114005950e-02
5.350766884977431470e-02
5.313015948970783997e-02
5.325445503684165388e-02
5.308104826363248957e-02
5.454735783448400738e-02
5.450832077696728117e-02
5.464245085900229504e-02
5.379811625877059522e-02
5.411218349866703248e-02
5.440535579317144765e-02
5.480275126799599716e-02
5.477011950056968198e-02
5.488658472102096036e-02
5.502495523050909831e-02
5.509724649040743244e-02
5.499762271410740117e-02
5.521356528765537786e-02
5.527399329582088211e-02
5.519145535316470619e-02
5.463857150252016820e-02
5.435838370273089054e-02
5.488464231715411978e-02
5.509627947679461568e-02
5.527322187406324278e-02
5.541526541502617836e-02
5.552226411675064560e-02
5.559413062191344290e-02
5.563083626825570532e-02
5.563241085064862812e-02
5.559894197124991971e-02
5.553057389048822456e-02
5.542750586626160603e-02
5.528999008979748608e-02
5.138229806413569661e-02
5.223080194543980315e-02
5.230738089770670118e-02
5.205709742311606658e-02
5.276736134936362704e-02
5.280679835373668085e-02
5.257585419502469604e-02
5.194524830026902434e-02
5.338922430808153152e-02
5.297914690516584285e-02
5.388027019550603591e-02
5.373351715723616306e-02
5.391309703785947260e-02
5.404444894513692199e-02
5.295140795430205299e-02
5.370498409650125565e-02
5.354132144202412846e-02
5.367128870285844261e-02
5.343362049634791527e-02
5.328171711489131102e-02
5.340611597654644493e-02
5.467403065149133157e-02
5.383343274264772854e-02
5.402915126182401134e-02
5.399439251478114349e-02
5.414702549365323775e-02
5.433908639952660102e-02
5.430176413773313976e-02
5.444271672497964093e-02
5.491287765525474512e-02
5.511832934094833270e-02
5.471847821363180764e-02
5.474401689939643878e-02
5.461298986279065903e-02
5.445046709556024267e-02
5.447838901485771435e-02
5.433042352040666489e-02
5.495271767046938649e-02
5.497561515545820038e-02
5.486169763131527183e-02
5.515288137268153229e-02
5.517288696691026451e-02
5.507622290145533506e-02
5.531871911460493896e-02
5.533559066455950859e-02
5.525629604004543560e-02
5.545003611646408259e-02
5.546354113787518858e-02
5.540170330594063053e-02
5.554669408502553585e-02
5.551228804141121465e-02
5.555661077708359125e-02
5.560861178855953935e-02
5.561472988013365509e-02
5.558795136013819360e-02
5.563576520534803393e-02
5.563788668645153895e-02
5.562865234123681724e-02
5.562818729042443011e-02
5.563440788073684834e-02
5.562612705008455199e-02
5.558596733617578167e-02
5.557955367538692376e-02
5.560529216047657708e-02
5.550924989429779910e-02
5.549832488122985463e-02
5.554143565724289910e-02
5.539823326508899748e-02
5.538265286741050203e-02
5.544302368107952017e-02
5.525316765853389295e-02
5.523280174702098477e-02
5.531029447385665820e-02
5.100713234133735785e-02
5.105571527768745788e-02
5.149041138719864796e-02
5.129809813831686521e-02
5.157390305820984400e-02
5.249828963503958695e-02
5.189931814630045770e-02
5.177772111541916605e-02
5.206274804762579811e-02
5.351652947783697850e-02
5.335477922608973522e-02
5.355093716760779554e-02
5.312016251053212901e-02
5.315586272623339797e-02
5.294346742988055576e-02
5.369718716976121242e-02
5.414904013002383443e-02
5.401437430587025662e-02
5.417908153751518213e-02
5.252256706589164548e-02
5.264724682208146711e-02
5.294547228542188788e-02
5.286008565134407700e-02
5.303718482864286377e-02
5.357040025663877686e-02
5.326214810010845846e-02
5.334872445342172392e-02
5.319836425766334698e-02
5.461691554806885618e-02
5.458154528347053391e-02
5.470933889330682753e-02
5.386642988232988316e-02
5.418297461128947917e-02
5.447689379128381471e-02
5.486213805365103974e-02
5.483186766307618365e-02
5.494308992753357823e-02
5.507435319072401941e-02
5.504908542272332617e-02
5.514353717009583267e-02
5.483456235938079931e-02
5.458338484620518793e-02
5.429860693673855404e-02
5.505180926419696308e-02
5.523484820978961929e-02
5.538345654841789895e-02
5.549746762522594912e-02
5.557677159861436345e-02
5.562131579645943763e-02
5.563110467049084407e-02
5.560619936306259586e-02
5.554671685138311277e-02
5.545282865055288501e-02
5.532475912426686876e-02
5.516278354144783097e-02
5.124712221368740023e-02
5.169371043681651734e-02
5.269180903989983955e-02
5.272835711916139256e-02
5.246143682825023941e-02
5.223336121268963572e-02
5.223072745283065949e-02
5.206595111775701168e-02
5.331706311563321615e-02
5.290453698530188376e-02
5.381460184465181734e-02
5.384649479831418728e-02
5.366526642392173418e-02
5.398060913120522608e-02
5.273443080866578592e-02
5.310576966671030213e-02
5.377890521347983288e-02
5.360635854068310224e-02
5.374271924422679980e-02
5.351306710190958937e-02
5.338846013396345014e-02
5.347430087327532944e-02
5.473845741432830508e-02
5.390417176130685856e-02
5.411303495433122251e-02
5.407043991586209242e-02
5.422550295384985508e-02
5.441320675981161509e-02
5.437550111352714571e-02
5.451453653270370292e-02
5.496722618734736776e-02
5.490631224437570596e-02
5.492871846831547805e-02
5.481211830125556211e-02
5.466684489626288251e-02
5.469182762754840055e-02
5.455836852549735688e-02
5.439406825921600658e-02
5.442139360790972102e-02
5.427125263366076868e-02
5.511215248939498740e-02
5.513175497352829774e-02
5.503216513050662728e-02
5.528409935302571604e-02
5.530067872094751591e-02
5.521822383005234314e-02
5.542193988880125821e-02
5.543528569117335547e-02
5.537006284111672949e-02
5.552551577521182974e-02
5.553542744190446967e-02
5.548750564284207765e-02
5.559472414661480871e-02
5.560101181178953023e-02
5.557043169607382010e-02
5.562951798745463527e-02
5.563200319002941513e-02
5.561877692657335448e-02
5.562990611923918777e-02
5.563253379251358044e-02
5.562842239176252201e-02
5.559595279063055118e-02
5.561175096251414623e-02
5.559034613454301443e-02
5.552777686534794005e-02
5.551790609509753976e-02
5.555653258863881006e-02
5.542555061194856525e-02
5.541128754878126006e-02
5.546703715980972477e-02
5.528949813483839681e-02
5.527072765950914734e-02
5.534347595907102013e-02
5.511989352126951680e-02
5.509651354164580433e-02
5.518611121795793939e-02
5.094716208042797401e-02
5.097572451345824818e-02
5.139524111812503876e-02
5.144206010653622901e-02
5.120061488412396694e-02
5.183302891414988400e-02
5.186529242776818927e-02
5.166127046750813162e-02
5.246128396307073172e-02
5.203154797410888127e-02
5.344760248980828105e-02
5.328356064696410793e-02
5.348107504803380208e-02
5.304853653935438784e-02
5.286983118988747288e-02
5.308330762087336285e-02
5.362981865818286509e-02
5.408834936668051319e-02
5.411777803318006119e-02
5.395115643761556889e-02
5.228184505356373024e-02
5.240189198787098546e-02
5.273817701905884198e-02
5.284133766088514733e-02
5.263153073242637925e-02
5.319592678037846079e-02
5.307161271133729180e-02
5.322873366057190303e-02
5.364696833485267657e-02
5.335585126311501170e-02
5.468136089269446526e-02
5.464850831912313606e-02
5.477126235928383990e-02
5.394542925039935710e-02
5.426190348446816719e-02
5.454612542151759946e-02
5.491705875339736309e-02
5.488898028646156668e-02
5.499525408224389261e-02
5.500818336929177987e-02
5.478548306167613929e-02
5.452930779772464237e-02
5.424000024461776009e-02
5.519711646386316062e-02
5.535204256534251299e-02
5.547277591105678057e-02
5.555918581491479935e-02
5.561119727819816699e-02
5.562879117780581556e-02
5.561200405421775489e-02
5.556092750100226352e-02
5.547570715238325095e-02
5.535654128825913400e-02
5.520367911407014772e-02
5.501741878791125556e-02
5.116947532104724333e-02
5.161353241995518537e-02
5.261898264036423550e-02
5.265426849371473289e-02
5.242582160461250335e-02
5.216254616388367460e-02
5.219695328210116614e-02
5.199713084961482545e-02
5.324670847341125834e-02
5.283229840556928625e-02
5.375010182406925185e-02
5.359851183698309540e-02
5.378139009507865859e-02
5.391795094772462715e-02
5.251079389255142171e-02
5.296710190309392857e-02
5.386687084680692739e-02
5.369019475583450968e-02
5.382368495285348720e-02
5.360290840785427585e-02
5.339916929707041321e-02
5.355885349311241550e-02
5.479810507403211350e-02
5.399014296940618518e-02
5.419096643014352510e-02
5.415130070528055561e-02
5.430153357592739510e-02
5.448202118338565936e-02
5.444693114978194082e-02
5.458117663714272261e-02
5.507184337667753171e-02
5.498878209495301761e-02
5.509121226356016726e-02
5.486043781134354591e-02
5.476333582874451378e-02
5.488255648739665676e-02
5.461580726425138005e-02
5.464047181721636698e-02
5.450461890376282620e-02
5.433828256862145711e-02
5.436528274610624711e-02
5.421298027459254404e-02
5.524974260298585321e-02
5.518065810635078283e-02
5.526616516281071534e-02
5.539390553466254363e-02
5.533871574916676694e-02
5.540719358588765131e-02
5.550415510745626557e-02
5.551412971116293643e-02
5.546276003365734758e-02
5.558036819655230026e-02
5.558686043465071308e-02
5.555265026310106380e-02
5.562247623876091090e-02
5.562532787808759788e-02
5.560830075918464510e-02
5.563046544362525853e-02
5.562968116394381712e-02
5.562952948741334974e-02
5.560437660687304190e-02
5.561681633939688507e-02
5.559951773424368082e-02
5.554430453210607022e-02
5.553539942122974471e-02
5.556978587257790231e-02
5.545039706930697532e-02
5.543733459619722137e-02
5.548872318753277078e-02
5.532285378738763942e-02
5.530553510203697898e-02
5.537381427518201643e-02
5.516192431084904202e-02
5.522529607758050463e-02
5.514026281557649067e-02
5.496790633385155445e-02
5.504345457307210920e-02
5.494182761335358184e-02
5.092253293597308328e-02
5.093346202866729650e-02
5.143486265323309048e-02
5.141340843223278501e-02
5.119109051070825506e-02
5.177255182362443947e-02
5.158535723875500717e-02
5.180289908891717171e-02
5.238921820043151989e-02
5.196696199771382724e-02
5.337980900199115752e-02
5.321380776464214313e-02
5.341269619869169760e-02
5.297805629436171115e-02
5.279812434423010459e-02
5.301224269118468696e-02
5.356360801272526395e-02
5.402824181952345373e-02
5.405736197522250513e-02
5.388881580290362516e-02
5.205299009346721351e-02
5.216740138606215660e-02
5.251065899229931389e-02
5.262439446183277136e-02
5.239817316625085264e-02
5.292187292857595399e-02
5.283069637956596537e-02
5.305833112634701643e-02
5.373588381499794925e-02
5.332041430313602670e-02
5.325776167951476459e-02
5.346188587108333112e-02
5.474114322828009527e-02
5.482862253697390331e-02
5.471058480072146790e-02
5.402839588885212374e-02
5.433524853465237364e-02
5.461039538405196292e-02
5.515973318510639795e-02
5.496503996851909851e-02
5.473697422949592994e-02
5.447584226230875459e-02
5.418199872526673760e-02
5.532079805132962547e-02
5.544803092043350257e-02
5.554128159538855580e-02
5.560045416289944448e-02
5.562550740897505286e-02
5.561645483002562035e-02
5.557336424970091282e-02
5.549635704817518222e-02
5.538560701529585129e-02
5.524133885218551060e-02
5.506382634795339154e-02
5.485339020361202494e-02
5.117766355689204461e-02
5.160469561237073649e-02
5.254507762346412314e-02
5.258090312488738344e-02
5.235331000971731041e-02
5.201370394177171758e-02
5.208755366399606818e-02
5.189255650309660545e-02
5.317750893339280582e-02
5.276004194932218394e-02
5.368610806547508690e-02
5.371712811802865223e-02
5.353257849471516894e-02
5.385584443984677699e-02
5.228371171998193873e-02
5.271683387643321533e-02
5.312036143410772682e-02
5.394786212857237417e-02
5.377565379913522292e-02
5.390820355029549149e-02
5.368631319752836806e-02
5.350278926369809313e-02
5.364550038092147366e-02
5.406965220612853368e-02
5.426348485553298545e-02
5.422648969449741368e-02
5.437221468479280784e-02
5.454603548348219144e-02
5.464308756539144191e-02
5.451331197883442503e-02
5.521536859165675909e-02
5.514329497798357849e-02
5.523178014666123986e-02
5.503160612687532649e-02
5.494570186846516047e-02
5.505092102113360447e-02
5.481467901042189755e-02
5.471491044191435782e-02
5.483672342727428928e-02
5.456488308524326536e-02
5.445123405468375866e-02
5.458947611022026830e-02
5.428256187069484262e-02
5.430951639527432928e-02
5.415503353934826569e-02
5.536572025397873409e-02
5.530742600873043285e-02
5.537906261502095751e-02
5.548246626315925245e-02
5.549258234832098874e-02
5.543788256035977330e-02
5.556546430727798969e-02
5.557220652568128916e-02
5.553450495785756946e-02
5.561462544790517215e-02
5.561785631170074184e-02
5.559718719327146064e-02
5.562991452569283207e-02
5.562950716584184885e-02
5.562587743754315861e-02
5.561135019791799833e-02
5.560718876716043424e-02
5.562057816483977762e-02
5.555900457613230370e-02
5.555098454427767618e-02
5.558134587735157062e-02
5.547300248799111322e-02
5.546103082525689898e-02
5.550829044627433873e-02
5.535352037189842506e-02
5.533751562061951096e-02
5.540157407763828673e-02
5.520078481976311430e-02
5.518067706188715948e-02
5.526140991958444770e-02
5.501507077828196590e-02
5.508806033218833359e-02
5.499080150965757890e-02
5.479669939510553589e-02
5.476822128560894509e-02
5.488183481833804750e-02
5.093658117562495369e-02
5.092758573490860363e-02
5.124869876007927261e-02
5.108608469232148175e-02
5.134157280072383644e-02
5.172489249036116288e-02
5.227825958136787105e-02
5.331234660547834459e-02
5.334505680271072608e-02
5.314479316350492755e-02
5.290745121938202067e-02
5.294169436285686703e-02
5.272583104307724394e-02
5.349782436537602048e-02
5.396810434558997616e-02
5.382671493898857212e-02
5.399722799359579772e-02
5.183835490569749932e-02
5.194600181807390582e-02
5.232490718155882042e-02
5.219115881769360865e-02
5.241771778336046239e-02
5.269611672829921378e-02
5.280967200496176212e-02
5.260610408537994692e-02
5.303264044512646935e-02
5.297626156529855468e-02
5.317536154610030125e-02
5.381817949041112908e-02
5.340589284479280163e-02
5.354635839624190957e-02
5.336224445855859005e-02
5.410516024897239762e-02
5.440349460346592669e-02
5.467015887196184643e-02
5.528947653410030277e-02
5.512238432649577830e-02
5.492199744516865906e-02
5.468858705280597865e-02
5.442247301611656540e-02
5.412402179320511403e-02
5.542305342726485534e-02
5.552294631487744714e-02
5.558903949439109038e-02
5.562127086966669326e-02
5.561963217317480307e-02
5.558416880221084266e-02
5.551497926799887211e-02
5.541221427253412157e-02
5.527607542574937416e-02
5.510681361728526906e-02
5.490472704359439932e-02
5.109263720565315747e-02
5.162865272446889864e-02
5.153025652891463082e-02
5.143852105767642707e-02
5.181902449123428761e-02
5.247202904296552339e-02
5.250731978641044739e-02
5.224278724349747105e-02
5.310842308526492195e-02
5.268811620478791591e-02
5.362194216383552037e-02
5.365303857569890533e-02
5.346672675212972570e-02
5.379364400943370539e-02
5.208412266393933759e-02
5.251358538325336112e-02
5.286420049718365544e-02
5.321711350124860851e-02
5.402340818017306590e-02
5.398649578367031854e-02
5.385516391347046350e-02
5.376434828095114776e-02
5.372624588910169391e-02
5.358452169257960779e-02
5.414372724506853057e-02
5.433113325674157612e-02
5.443806239085559329e-02
5.429654359771271532e-02
5.460573353913325545e-02
5.470072901943089094e-02
5.457513942182289080e-02
5.533715136464403828e-02
5.527593720328305427e-02
5.535067002912794076e-02
5.518067766142828456e-02
5.519723368118076290e-02
5.510581072563680571e-02
5.499107424379394427e-02
5.501052400150301114e-02
5.490253358659611532e-02
5.476860296766370567e-02
5.466638465270649838e-02
5.479079511647548528e-02
5.451357381858305817e-02
5.439769070218924973e-02
5.453835007405877233e-02
5.422634281984402282e-02
5.425353879379395117e-02
5.409682426963279001e-02
5.546028336840180817e-02
5.541268394315359419e-02
5.547062951700435646e-02
5.554991295959667286e-02
5.551587316504524167e-02
5.555696053688254782e-02
5.560593169748274250e-02
5.560956432071120087e-02
5.558537950372652997e-02
5.562828402900921176e-02
5.562839545116114032e-02
5.562113073356976523e-02
5.561696751993155247e-02
5.561346199643585342e-02
5.562310808608688512e-02
5.557203270286838886e-02
5.556482525277973289e-02
5.559134619299798546e-02
5.549358254561177067e-02
5.548259910959610353e-02
5.552593263811720498e-02
5.538177155543196062e-02
5.536694904847645760e-02
5.542700713986937339e-02
5.523680452567362315e-02
5.529476037135009486e-02
5.521809078720955194e-02
5.505893493743878320e-02
5.512943243185686182e-02
5.503628858076044239e-02
5.484846302649749178e-02
5.482185317752005793e-02
5.493131097877012453e-02
5.098422490538179891e-02
5.095780865730788894e-02
5.147150638202447476e-02
5.135822996011155106e-02
5.120454033457405574e-02
5.154899185789706129e-02
5.200659032780453189e-02
5.200861369179418658e-02
5.181729818550449840e-02
5.223764894507215706e-02
5.324454606370306736e-02
5.327741593539455506e-02
5.307555086874204964e-02
5.283642631546027479e-02
5.287086019183757923e-02
5.265375258890950955e-02
5.343179092076894010e-02
5.390730957420278996e-02
5.393675573554282399e-02
5.376420102165482828e-02
5.163985094938465525e-02
5.173984894957857350e-02
5.212661285227357388e-02
5.222602186806055841e-02
5.198442145400487824e-02
5.264089229483338156e-02
5.248434217396250046e-02
5.266888073647740115e-02
5.283733833449781592e-02
5.309767635747236758e-02
5.325127926049932903e-02
5.306389030652090139e-02
5.389503303097707698e-02
5.348591730197985172e-02
5.362542345526676024e-02
5.344496215376623449e-02
5.417676943071225715e-02
5.446715399512988554e-02
5.472587438343105848e-02
5.539764420901992226e-02
5.525781188227150975e-02
5.508473683156413919e-02
5.487865611750901429e-02
5.463985582415571002e-02
5.436866914263092931e-02
5.406547410178848961e-02
5.550404734951545904e-02
5.557688664233807752e-02
5.561608003564731673e-02
5.562159850984584736e-02
5.559346611776397329e-02
5.553175964123556463e-02
5.543660787672580886e-02
5.530819055950899482e-02
5.514673693644882302e-02
5.495252399833117085e-02
5.122569522231512629e-02
5.173739481016796649e-02
5.239815886814280788e-02
5.220184707292218479e-02
5.243394673570222347e-02
5.303895139181973722e-02
5.261567087897627004e-02
5.355691438425363993e-02
5.358843698561464169e-02
5.340027651607329867e-02
5.373069084413560625e-02
5.188538836400384546e-02
5.238498917430889357e-02
5.286834095850321408e-02
5.329028564657580652e-02
5.409408258435949302e-02
5.405962492516525053e-02
5.392955451476760115e-02
5.383756017420972956e-02
5.366115662913676504e-02
5.380188568866550031e-02
5.421292897155392809e-02
5.439443765267215625e-02
5.436199542567764220e-02
5.449958215438210907e-02
5.466159398342906178e-02
5.475455726743511109e-02
5.463289473932267382e-02
5.543742152222765757e-02
5.544809582543710341e-02
5.538695543834300239e-02
5.530794750862349368e-02
5.532177378818484148e-02
5.524397387540556231e-02
5.514535212816586152e-02
5.516221706118167034e-02
5.506786331252025435e-02
5.494986412181634972e-02
5.496964610881637653e-02
5.485886906645071753e-02
5.472176079962030870e-02
5.474433062873319822e-02
5.461728481151949255e-02
5.446136616870491526e-02
5.434345059846096976e-02
5.448658774527038312e-02
5.416904867031765297e-02
5.419677983380657982e-02
5.403775049431745747e-02
5.553359554504545131e-02
5.554101341680316856e-02
5.549661268729801783e-02
5.559634224055639423e-02
5.560040860169289390e-02
5.557280159688293003e-02
5.562558636045421279e-02
5.562621592392823916e-02
5.561543033077559484e-02
5.562130516510156719e-02
5.561842275775759348e-02
5.562445975954251332e-02
5.558352846534138358e-02
5.557706925326418024e-02
5.559990359635602619e-02
5.551233829138534775e-02
5.550224790467642860e-02
5.554182815551883534e-02
5.540786819461439305e-02
5.539410275314196608e-02
5.545035173678043716e-02
5.527030219040555969e-02
5.525282823089117806e-02
5.532564364842444682e-02
5.509987335202869152e-02
5.507866765836028078e-02
5.516792287685185620e-02
5.489686206842397248e-02
5.497745641548187900e-02
5.487191140569756126e-02
5.150372976998549013e-02
5.148557092255302142e-02
5.124492665135445962e-02
5.106086310071369233e-02
5.102106438518486109e-02
5.193680557139949278e-02
5.197025829399700564e-02
5.170413767201927080e-02
5.216559378059788810e-02
5.317563621672422025e-02
5.320905692241504475e-02
5.300554369345127081e-02
5.276397419298301666e-02
5.279912588096190990e-02
5.258053873998937144e-02
5.336477886049433017e-02
5.384521857609368689e-02
5.387531198109327818e-02
5.370060983440384794e-02
5.145994082189473545e-02
5.155100501700533855e-02
5.190339836229099918e-02
5.201562625652754457e-02
5.177394733774436097e-02
5.235439247911614219e-02
5.224155076002744147e-02
5.249697187802714049e-02
5.277595231651831947e-02
5.270818378390852710e-02
5.293622007070887536e-02
5.318361688712837376e-02
5.313975458149523823e-02
5.333415526794990646e-02
5.396703749405783179e-02
5.356116751583706731e-02
5.352263217123641448e-02
5.369971059991703738e-02
5.424377311215800718e-02
5.452672938838903915e-02
5.477799548278381586e-02
5.537158516915442752e-02
5.548443299227012737e-02
5.522551959220631940e-02
5.504644006036299442e-02
5.483459974081752314e-02
5.459029945776763815e-02
5.431388562704383971e-02
5.400574781721298456e-02
5.556390999155839255e-02
5.560991481285527949e-02
5.562239842905794540e-02
5.560136437056071440e-02
5.554686858104750796e-02
5.545901890153909219e-02
5.533797419182982097e-02
5.518394309742558068e-02
5.499718247380144115e-02
5.128161680114176613e-02
5.171824450939335044e-02
5.233323260315084907e-02
5.236453721740307043e-02
5.213462120977348235e-02
5.296823057129686901e-02
5.254690291178355094e-02
5.349032448725644928e-02
5.352262896304706835e-02
5.333249242615814567e-02
5.366631583887090245e-02
5.168475545336739807e-02
5.213028762310660535e-02
5.256441162957641022e-02
5.130140696244409743e-02
5.138200121722247271e-02
5.297833122708699161e-02
5.337084067302799023e-02
5.416045971591034597e-02
5.399938265465018677e-02
5.412816518292871276e-02
5.390657919058890191e-02
5.373332252670663667e-02
5.387301200341260143e-02
5.427780761775252011e-02
5.445392491894411602e-02
5.442337131607271478e-02
5.455727632426402018e-02
5.471409171780282354e-02
5.468705478939134973e-02
5.480502361113390175e-02
5.541367773987041639e-02
5.542478731429760497e-02
5.536046991255778177e-02
5.551637511423451743e-02
5.552423738528738939e-02
5.547656263294353796e-02
5.527783979822008253e-02
5.529211373882637198e-02
5.521124278179892486e-02
5.510905758679082722e-02
5.512640419974598055e-02
5.502909377983748046e-02
5.490757647598171198e-02
5.492789584689343474e-02
5.481428427521048419e-02
5.467368921858858921e-02
5.456712268453980941e-02
5.469687381948459132e-02
5.440773390282835353e-02
5.428796231819520840e-02
5.443366928703274876e-02
5.411009156639638024e-02
5.413865712184579015e-02
5.397719888390253157e-02
5.558578603219034575e-02
5.559032727326508605e-02
5.555935867510432974e-02
5.562181598027368667e-02
5.562297204772073678e-02
5.560874711064186376e-02
5.562442243528127606e-02
5.562213904383959268e-02
5.562466905902572339e-02
5.559361509089383313e-02
5.560711801076691219e-02
5.558784799691394996e-02
5.552945571661858926e-02
5.555613977779291085e-02
5.552017080632568047e-02
5.543205765145399477e-02
5.547183207411868211e-02
5.541923093321302757e-02
5.530158493455399060e-02
5.535434373175777273e-02
5.528520243648992610e-02
5.513825108276308729e-02
5.511830865798900136e-02
5.520387356043719718e-02
5.494231752653645773e-02
5.491882056831892678e-02
5.502066886168423959e-02
5.148699374472587298e-02
5.127631805296678502e-02
5.149480720948888118e-02
5.189853242771048925e-02
5.170115937444758752e-02
5.191631950306586918e-02
5.117118177040866356e-02
5.111348715219684452e-02
5.211413766405087467e-02
5.310511370828734090e-02
5.293402411133451418e-02
5.313934106438013283e-02
5.269097841602188304e-02
5.251151465016443143e-02
5.272641938639847231e-02
5.329618552788491226e-02
5.378118357687131784e-02
5.381225322418638213e-02
5.363526736915216753e-02
5.176608565053100741e-02
5.161577635201977654e-02
5.183592604754561073e-02
5.212514823358281590e-02
5.224009915289545836e-02
5.201628144416525074e-02
5.246132873489169068e-02
5.240709402573920372e-02
5.261789968830062059e-02
5.153783493872302057e-02
5.285840752735015274e-02
5.281617347757239234e-02
5.302045521420349627e-02
5.326042929638708651e-02
5.322107882972864495e-02
5.341024045186223285e-02
5.403478888502761396e-02
5.363240446384103660e-02
5.359586302730270924e-02
5.376988069372307111e-02
5.430672170965724493e-02
5.458272151190486643e-02
5.482697017219956975e-02
5.534464038242877665e-02
5.546393329976916781e-02
5.555000558234790553e-02
5.519229801772392030e-02
5.500712715969566236e-02
5.478939701510773114e-02
5.453942317473702700e-02
5.425756539632665965e-02
5.394422505629711123e-02
5.560273696058751214e-02
5.562205887600471521e-02
5.560795490138735475e-02
5.556046078380480480e-02
5.547966411999778746e-02
5.536570366811707083e-02
5.521876830033426581e-02
5.503909560806000828e-02
5.133008316713465191e-02
5.169203762402389823e-02
5.225731457652140616e-02
5.229411761781032481e-02
5.207733922776543872e-02
5.289644551697236796e-02
5.247233175435914859e-02
5.342146801567118630e-02
5.345491183485343717e-02
5.326276901353965004e-02
5.359984252078844880e-02
5.194870772163810019e-02
5.229283207285915364e-02
5.265805741260268930e-02
5.116676446545378315e-02
5.123595225033112516e-02
5.166973287122096636e-02
5.171967398264205873e-02
5.148846768080334035e-02
5.305789628279103387e-02
5.344490290686979006e-02
5.422311531991477751e-02
5.406525131588936495e-02
5.419269184341869716e-02
5.397202751474440563e-02
5.380168867365628382e-02
5.394025211664967012e-02
5.433891420127537342e-02
5.451011792614186141e-02
5.448119642053236150e-02
5.461164380933813262e-02
5.476369541118991657e-02
5.473809147921292889e-02
5.485257286063138782e-02
5.538883184597519910e-02
5.533298286298830165e-02
5.540049237560042833e-02
5.549809708693494853e-02
5.545554424430062385e-02
5.550648666307143181e-02
5.557417422908306898e-02
5.554493786205935701e-02
5.557924039168215397e-02
5.524654287279633091e-02
5.526141271604573940e-02
5.517743407258260402e-02
5.507144414965593066e-02
5.508945289822966135e-02
5.498912757941545881e-02
5.486379779352786729e-02
5.488486675294702855e-02
5.476834085644506633e-02
5.462391219308591894e-02
5.451539718704427606e-02
5.464795495081352372e-02
5.435213985416658539e-02
5.423066339444311545e-02
5.437906289798959819e-02
5.404887490860585397e-02
5.391454727875271552e-02
5.407857829145468892e-02
5.561694968076139750e-02
5.561864946454932873e-02
5.560103396187847380e-02
5.562636139599914931e-02
5.562466156923824567e-02
5.562375425744094104e-02
5.560239930056965624e-02
5.561307245246294162e-02
5.559727650360832274e-02
5.554510533300174857e-02
5.553654612615128994e-02
5.556901437352679274e-02
5.545457312549230411e-02
5.549165773999090168e-02
5.544257394316368104e-02
5.533094731734103378e-02
5.538113156752987043e-02
5.531551433029624487e-02
5.517442250996920650e-02
5.523761521049936479e-02
5.515557139806792630e-02
5.498524187221946746e-02
5.496299751171954129e-02
5.506133705293885655e-02
5.177156586325411258e-02
5.162936068963329406e-02
5.147150845936523944e-02
5.183477093549146431e-02
5.130470753324289923e-02
5.123647309726866300e-02
5.201329059171284214e-02
5.303168084400115834e-02
5.286076404658021644e-02
5.306737525520015264e-02
5.261408568079044279e-02
5.243505077328038111e-02
5.265142643674884659e-02
5.322501400433188312e-02
5.371455057784623593e-02
5.374692845043917838e-02
5.356749441305705406e-02
5.211156360658149994e-02
5.194122299213801974e-02
5.212010645373319623e-02
5.228792546396945906e-02
5.252453633989767612e-02
5.269037009983545267e-02
5.249123104747906166e-02
5.142280416866079618e-02
5.189520580606900996e-02
5.293864571603162233e-02
5.309894283494690642e-02
5.289751965464180306e-02
5.333347689118635854e-02
5.348240816766110239e-02
5.329598793812090340e-02
5.409888705908017653e-02
5.370027971639673020e-02
5.366541027066722147e-02
5.383658207858667971e-02
5.436616454207566368e-02
5.463562626563333441e-02
5.487323912090724676e-02
5.531655707154292667e-02
5.544236089697962555e-02
5.553505171725450079e-02
5.559449048015001338e-02
5.515782951510889154e-02
5.496641640113665572e-02
5.474260313065921341e-02
5.448672031951690142e-02
5.419914146908753894e-02
5.388028036555726763e-02
5.562058931917291532e-02
5.561331215528241001e-02
5.557267492879122001e-02
5.549874546059103964e-02
5.539164294886776002e-02
5.525153710230387705e-02
5.507864691869421292e-02
5.163371737832200825e-02
5.140325721463087638e-02
5.170335072764469658e-02
5.146944416212240192e-02
5.212401966813207110e-02
5.219197465767402844e-02
5.194898064375243207e-02
5.282119163637075121e-02
5.236979750128518962e-02
5.334963756514941868e-02
5.338457800445253754e-02
5.319010682928045769e-02
5.353058878874850102e-02
5.231774007515843650e-02
5.272937983564611464e-02
5.155041606013058969e-02
5.161182218544388411e-02
5.136091010577088778e-02
5.105848373497348658e-02
5.111455939376016028e-02
5.208122386151320393e-02
5.187737027786281513e-02
5.209771891513286651e-02
5.313446855561278215e-02
5.351537715237945220e-02
5.428262108682729847e-02
5.425377836157068562e-02
5.412775710023991216e-02
5.403452806952525889e-02
5.386690302959661059e-02
5.400422841713994893e-02
5.439679585316606336e-02
5.456353394947289354e-02
5.466317754143829033e-02
5.453599090900473900e-02
5.481086591422407173e-02
5.478646966990339401e-02
5.489764163157978549e-02
5.536264735178969554e-02
5.537498263633815893e-02
5.530423338562471397e-02
5.547858990507427424e-02
5.548759815411322821e-02
5.543336166997693548e-02
5.556140065110264786e-02
5.556705043203014061e-02
5.552940878858329127e-02
5.561094683361764851e-02
5.561321625797334411e-02
5.559222615439243093e-02
5.521375599148425906e-02
5.522937761577912524e-02
5.514222245969417624e-02
5.503214774320561165e-02
5.505100611092055007e-02
5.494757595004391704e-02
5.481810179752585888e-02
5.484013885575085567e-02
5.472058769294785296e-02
5.457194263172573945e-02
5.459709237391111719e-02
5.446159623258330085e-02
5.429403769562813481e-02
5.432222674604239576e-02
5.417098241971542161e-02
5.398479472789251971e-02
5.384916681879674955e-02
5.401594305729252171e-02
5.562714690470577095e-02
5.562602381186497469e-02
5.562171618071171802e-02
5.560997111406853349e-02
5.560545317491491502e-02
5.561783296008870198e-02
5.555944174888038933e-02
5.558058259814652180e-02
5.555153646967331271e-02
5.547563299628884698e-02
5.546435763168871408e-02
5.551002316519956792e-02
5.535867043890446010e-02
5.534405181374996846e-02
5.540626428455006081e-02
5.520873018435551449e-02
5.519080442734960318e-02
5.526946635383711559e-02
5.502603763582383095e-02
5.509983940775392552e-02
5.500484982987024346e-02
5.188123381623582081e-02
5.182174638300487968e-02
5.172709456781638543e-02
5.156483519289503659e-02
5.146215337968226833e-02
5.138236081714064873e-02
5.295527565649062185e-02
5.278408259602224151e-02
5.299247584843833764e-02
5.254394472816829170e-02
5.233587841216828102e-02
5.257766870692118233e-02
5.315088229701028094e-02
5.364465836548629879e-02
5.367868050450260581e-02
5.349660690145426056e-02
5.230391132985515862e-02
5.259114568158146374e-02
5.276440407301792590e-02
5.255679390144741420e-02
5.130841355268377091e-02
5.181868594851524873e-02
5.301090875963042348e-02
5.297375592940689604e-02
5.317168018546010455e-02
5.340343467427353941e-02
5.336748414853244998e-02
5.355136025795172172e-02
5.415992868801339233e-02
5.376546724980121178e-02
5.373193768815080068e-02
5.390046279538494162e-02
5.442264605452333537e-02
5.468593280585648531e-02
5.491723409397172850e-02
5.528706659143847041e-02
5.541951174007202913e-02
5.551890951917646394e-02
5.558510197040096579e-02
5.561798188890555716e-02
5.512178163794169417e-02
5.492391256215280182e-02
5.469376134673862438e-02
5.443167412485589579e-02
5.413803870361307002e-02
5.381328158895487546e-02
5.561749359873606469e-02
5.558363336960532586e-02
5.551644946743440612e-02
5.541604183326458155e-02
5.528256139515039247e-02
5.511620901707747072e-02
5.197366230580355295e-02
5.164238186068499659e-02
5.274770518767198102e-02
5.219378675422079589e-02
5.215946807402425250e-02
5.236746006492051797e-02
5.327409760571785030e-02
5.331091240471662329e-02
5.311410864627542916e-02
5.345786237448439671e-02
5.233605615893604374e-02
5.279946547827064907e-02
5.145887989375035054e-02
5.126105800679043450e-02
5.150624289855385007e-02
5.184677333090435825e-02
5.196400109808660406e-02
5.170025234247718759e-02
5.097911652097888296e-02
5.102087377897977089e-02
5.320564843154455825e-02
5.358297956413341639e-02
5.433954428570408890e-02
5.418749497656621950e-02
5.431199408114772975e-02
5.409469843327714689e-02
5.392961003577636386e-02
5.406556120071977917e-02
5.445199464504017761e-02
5.461468311581211404e-02
5.458826857075637501e-02
5.471236292722435335e-02
5.485605467914943245e-02
5.494065686325595721e-02
5.483264560090152229e-02
5.533487230148629449e-02
5.527394514459123276e-02
5.534801382057059904e-02
5.545766568496070248e-02
5.546739209662401859e-02
5.540980273039453063e-02
5.554734219990177524e-02
5.555364272875245452e-02
5.551262412725913031e-02
5.560374960862474875e-02
5.560662318637042689e-02
5.558224167980872071e-02
5.562678661351033033e-02
5.562624202884894342e-02
5.561853833259225444e-02
5.517916407616033081e-02
5.510526838593261811e-02
5.519570046294544619e-02
5.499079133560012822e-02
5.501069320914682426e-02
5.490403726254825673e-02
5.477005089543072330e-02
5.479328013670249631e-02
5.467056247607583741e-02
5.451728394429161684e-02
5.454379416167876027e-02
5.440519840534895069e-02
5.423287361760179004e-02
5.410834054541503735e-02
5.426261066204312450e-02
5.391724202843566766e-02
5.378042236193308206e-02
5.395014471168893544e-02
5.561640363484102179e-02
5.562144850112893391e-02
5.561245958950050694e-02
5.557260323461656742e-02
5.556528830771196442e-02
5.559095857890511416e-02
5.549544016769479560e-02
5.548479268582680313e-02
5.552710708308609966e-02
5.538502106007299475e-02
5.537108887565148074e-02
5.542998442510672225e-02
5.524150371531696274e-02
5.522434389592265763e-02
5.529973231173879872e-02
5.506509605212316777e-02
5.513654277863264119e-02
5.504477448555045171e-02
5.200912542926541815e-02
5.194462057794847071e-02
5.170496578549212824e-02
5.188212408020571181e-02
5.164116697359227848e-02
5.155103158297594940e-02
5.288077150185915842e-02
5.271177023177572862e-02
5.291695327588645525e-02
5.243157377665260549e-02
5.248885894922412226e-02
5.231373688461612992e-02
5.307578778895444965e-02
5.357084681653595526e-02
5.360684747418136692e-02
5.342190723904609306e-02
5.223318531479267945e-02
5.241150949393505454e-02
5.215680471436998783e-02
5.266835215576332052e-02
5.283905430457719321e-02
5.262877151711466139e-02
5.122330714763437959e-02
5.165575688684828637e-02
5.203957123348045000e-02
5.308265871650036383e-02
5.304578428743034202e-02
5.324255736031995728e-02
5.347103121500369760e-02
5.361779194114398017e-02
5.343626058742881324e-02
5.421850606879086154e-02
5.382863380664561215e-02
5.396216505143061615e-02
5.379611623613063387e-02
5.447670488728788285e-02
5.473412195898326449e-02
5.495937648799711917e-02
5.525588537419032914e-02
5.539516586703438494e-02
5.550142346454879638e-02
5.557448094764054491e-02
5.561421148822408983e-02
5.562053961387529444e-02
5.508380827320790568e-02
5.487920826748278469e-02
5.464240450963226553e-02
5.437375932418035684e-02
5.407367557335600317e-02
5.374259327397361286e-02
5.559344180954011588e-02
5.553294675547999770e-02
5.543913519193839623e-02
5.531213941112878701e-02
5.515214237849365431e-02
5.207043902648569866e-02
5.179388001106086797e-02
5.265678029026907986e-02
5.219078537414747337e-02
5.319419304990727349e-02
5.323320598531816605e-02
5.303682402934001283e-02
5.338098176895035574e-02
5.244913329699406324e-02
5.287389373710860152e-02
5.093250215184563084e-02
5.095808628719273453e-02
5.142761368334584915e-02
5.144522524171032951e-02
5.120559977869750673e-02
5.186673459378347839e-02
5.166444966090798924e-02
5.185832252273085002e-02
5.205105568656289566e-02
5.327533824134132734e-02
5.364840086233203104e-02
5.439444503499450689e-02
5.424505367824666163e-02
5.436790265462179694e-02
5.415314865786299836e-02
5.399044854716504582e-02
5.412486422270592484e-02
5.450504556656084187e-02
5.466406638658739131e-02
5.475967612471538404e-02
5.463853503806408163e-02
5.489970219795290568e-02
5.487706532284680055e-02
5.498203437263431137e-02
5.530524010582020533e-02
5.531932658862431101e-02
5.524182731093689458e-02
5.543512084142302593e-02
5.544567270168858364e-02
5.538463965407150469e-02
5.553185928300987534e-02
5.553888589528022113e-02
5.549442013353307612e-02
5.559528316191938990e-02
5.559880388635438792e-02
5.557098155461388106e-02
5.562527094409311368e-02
5.561418699143091948e-02
5.562531524543865014e-02
5.562175281029219098e-02
5.561836027589592280e-02
5.562395085320462340e-02
5.514243875486332658e-02
5.506621916064423361e-02
5.516005945377541742e-02
5.494698620522380644e-02
5.496813122812078262e-02
5.485809837925668953e-02
5.471919761262694637e-02
5.474384796921483165e-02
5.461779320242456104e-02
5.445943168739643403e-02
5.434567462608938526e-02
5.448755970922772307e-02
5.416808817975478363e-02
5.419965792140634536e-02
5.404215364675554745e-02
5.384560624360867909e-02
5.370767853460550051e-02
5.388057301156144729e-02
5.558471126964579373e-02
5.560023958051214799e-02
5.557793153300260441e-02
5.551418140252207395e-02
5.550407397089628103e-02
5.554307197897156295e-02
5.541025072696652287e-02
5.539688471493362659e-02
5.545251917845198802e-02
5.527305868659619648e-02
5.525651245825233260e-02
5.532870421638366731e-02
5.510279576034428362e-02
5.508315648470810816e-02
5.517180124598236590e-02
5.211805012762281419e-02
5.203118447419560061e-02
5.188179917079403791e-02
5.183907052672909188e-02
5.173973128703820284e-02
5.281648815703508804e-02
5.284746743696781823e-02
5.262585188539961600e-02
5.227657275866286896e-02
5.300350498514374425e-02
5.349242780708280548e-02
5.353076918450368898e-02
5.334276065152629420e-02
5.229899825392998747e-02
5.226476943272859166e-02
5.248311151831267646e-02
5.273727551062526442e-02
5.270174311893911084e-02
5.290948645621853380e-02
5.118431760990009571e-02
5.165074398915614484e-02
5.208256571537939195e-02
5.315243427828780787e-02
5.331128221401275347e-02
5.311653568411003890e-02
5.353699029109122015e-02
5.350304379345823674e-02
5.368239673019475217e-02
5.427520409756707992e-02
5.389044006695695166e-02
5.385860909479865677e-02
5.402232384335912962e-02
5.452887154723102398e-02
5.478066450100997631e-02
5.500007591416175567e-02
5.536908812721146045e-02
5.522271586703032809e-02
5.548242191080583058e-02
5.556252014994333965e-02
5.560923587451370442e-02
5.562247336598353381e-02
5.560218895521637505e-02
5.504355079625154745e-02
5.483188534118379337e-02
5.458805659426069906e-02
5.431244390647821385e-02
5.400546662816090721e-02
5.366757785755857380e-02
5.554839145126128086e-02
5.546114219631844561e-02
5.534055474284928916e-02
5.518679415180231806e-02
5.198038235085948588e-02
5.248882376754584328e-02
5.246002531933831314e-02
5.265118912472235846e-02
5.230437243603536235e-02
5.311350724211884311e-02
5.315273596038925380e-02
5.296415149188943294e-02
5.330128356263768435e-02
5.251640676506279248e-02
5.294330154859770710e-02
5.142742246283529134e-02
5.118205915293499997e-02
5.142942950607754665e-02
5.091996673060768946e-02
5.092820424292650305e-02
5.189106442777371986e-02
5.166125192356275236e-02
5.188069101954839030e-02
5.209637945541773646e-02
5.334324766307618759e-02
5.371233049750166744e-02
5.444787437517832618e-02
5.430101362594499242e-02
5.442205956892347263e-02
5.421048020001627971e-02
5.418274307645368215e-02
5.405004952625085818e-02
5.455647448911821878e-02
5.471217397282037570e-02
5.468728597595021168e-02
5.480558243760433323e-02
5.494223658130036742e-02
5.502217748089475308e-02
5.492016320590236561e-02
5.541073668031096244e-02
5.542222876100444395e-02
5.535762978910007542e-02
5.527347037767883081e-02
5.528864737043025224e-02
5.520757550205073610e-02
5.551479618659978937e-02
5.552263222345715094e-02
5.547461714182562453e-02
5.558545580286620297e-02
5.555833011571557206e-02
5.558967504984389796e-02
5.562257303474684583e-02
5.560861127769847756e-02
5.562322521566474831e-02
5.562605716403218326e-02
5.562535445742127632e-02
5.562320245879666392e-02
5.559587006288455729e-02
5.558957899384545098e-02
5.560850564510221028e-02
5.510323944351964293e-02
5.512212001634293757e-02
5.502471013590772009e-02
5.490033321483167583e-02
5.492292613392785183e-02
5.480933600484985679e-02
5.466508614692176110e-02
5.469139059503300149e-02
5.456179976316122976e-02
5.439787564053788493e-02
5.442788145109275083e-02
5.428248997660362757e-02
5.409911815508273991e-02
5.397183390771807809e-02
5.413280676935440516e-02
5.376927542293811341e-02
5.363028443507965315e-02
5.380661428962311282e-02
5.553202663587654409e-02
5.552237985472374682e-02
5.555806351989998199e-02
5.543459488231072818e-02
5.542168285894243096e-02
5.547407960301106028e-02
5.530369557343632614e-02
5.535665803007497332e-02
5.528761818989985644e-02
5.513950154144629801e-02
5.520595494000918313e-02
5.512036759552420284e-02
5.232750912182174835e-02
5.222309171962655205e-02
5.208561864246050166e-02
5.205298345790485004e-02
5.194609659646796940e-02
5.271846801967421808e-02
5.276700060224122357e-02
5.260283590050923025e-02
5.240916582931635231e-02
5.291442006820774868e-02
5.340902372553722743e-02
5.344981291714005073e-02
5.326070950490836842e-02
5.236685430928980645e-02
5.233160921006884542e-02
5.255138473083470485e-02
5.280919783524897632e-02
5.298027410603760312e-02
5.277211997127443516e-02
5.117771292120759652e-02
5.166298637549013306e-02
5.212894534381808109e-02
5.322100508198101404e-02
5.318571018665246147e-02
5.337859910225764559e-02
5.360203227658534575e-02
5.356855453490105834e-02
5.374586198780674506e-02
5.433059875268985567e-02
5.395153833185937359e-02
5.408156598980498608e-02
5.392007292739897650e-02
5.457966662635505006e-02
5.482601963872569401e-02
5.503972884832241536e-02
5.534102889236724304e-02
5.546171757610837694e-02
5.518724748950340486e-02
5.554909580792564278e-02
5.560299571591528767e-02
5.562330064277806047e-02
5.560994614248289392e-02
5.556292060927058019e-02
5.500063924679322869e-02
5.478151620326751625e-02
5.453023437926771827e-02
5.424719086276447166e-02
5.393282384957066855e-02
5.358767653955572724e-02
5.548226553040629117e-02
5.536807535625674903e-02
5.522049698323627798e-02
5.219250383420315220e-02
5.252336198264666994e-02
5.299244791754425393e-02
5.305393341209820035e-02
5.285617723368375709e-02
5.320134750333883195e-02
5.258610375333130915e-02
5.301346336138401671e-02
5.143079954185151431e-02
5.117716370419414518e-02
5.143087206224748048e-02
5.191915633298827687e-02
5.167539232687698436e-02
5.190698942799297499e-02
5.094485519303612597e-02
5.093350084762308244e-02
5.214472554550070998e-02
5.341011740836863059e-02
5.377545213065913765e-02
5.450037288687986647e-02
5.435594570350799071e-02
5.447501051910907249e-02
5.426728440267063192e-02
5.410903456402833822e-02
5.423979403891189544e-02
5.460679665457280479e-02
5.475948386222905667e-02
5.473500555145775076e-02
5.485053484382070715e-02
5.498407212709938152e-02
5.496236051278245716e-02
5.506147566090988793e-02
5.538428002030722219e-02
5.539683425257418969e-02
5.532851633390981766e-02
5.549598145024951107e-02
5.545302005038997561e-02
5.550471805587394586e-02
5.523926976876726569e-02
5.525568920134231454e-02
5.517087274133507940e-02
5.557415913625078641e-02
5.554415527785314111e-02
5.557913657820056502e-02
5.561864866022022541e-02
5.561993635535079916e-02
5.560174319717064995e-02
5.562933749728793398e-02
5.562701577531308644e-02
5.562565624230567107e-02
5.560616604171447763e-02
5.560032599869105252e-02
5.561581920250693867e-02
5.554912825789988517e-02
5.553987150556444902e-02
5.557220995568355054e-02
5.506121437272767927e-02
5.508153586470049268e-02
5.498036585473129595e-02
5.485042418183471574e-02
5.487467414381182185e-02
5.475731815542320136e-02
5.460725358787753975e-02
5.463544854163167319e-02
5.450209560238673812e-02
5.433209718590039511e-02
5.436424492644934686e-02
5.421510360868868339e-02
5.402541838295595727e-02
5.406149751512456803e-02
5.389678698929217110e-02
5.368765431072961697e-02
5.354769700008645689e-02
5.372768065053117048e-02
5.545827194904992541e-02
5.544571026104425093e-02
5.549485982444041232e-02
5.533369863471926386e-02
5.531795349246484972e-02
5.538385354669191768e-02
5.517556303082730984e-02
5.515676507346810309e-02
5.523932885502415291e-02
5.252924475909318686e-02
5.229279922047187779e-02
5.242846614235736891e-02
5.228118291766703507e-02
5.216737350813648727e-02
5.262525572477587399e-02
5.276330673304008290e-02
5.335324704249695682e-02
5.337995266655846255e-02
5.317466375140506019e-02
5.241694716351476269e-02
5.261262558453524973e-02
5.239024241957180444e-02
5.288006055437376174e-02
5.305016086908724560e-02
5.284354153393534120e-02
5.119058594037763366e-02
5.167924827657997822e-02
5.216779977132773860e-02
5.328917952277729964e-02
5.325410373436074984e-02
5.344524908257104745e-02
5.366685015798711156e-02
5.363349872035955146e-02
5.380886442166939176e-02
5.438525572696323307e-02
5.401257119233912607e-02
5.398115501581693398e-02
5.414050813302174331e-02
5.462959935769670650e-02
5.487063353305477592e-02
5.507871726430767223e-02
5.531072478770102802e-02
5.543910803780144336e-02
5.553406790202448234e-02
5.514915756516942241e-02
5.559541462183539839e-02
5.562300966431892035e-02
5.561676693097952762e-02
5.557665359729951904e-02
5.550269057346175761e-02
5.495469351992607332e-02
5.472766518737045421e-02
5.446844705274322962e-02
5.417746561783440273e-02
5.385517141493216531e-02
5.351871711958684774e-02
5.539495257810610196e-02
5.525356781747674945e-02
5.240701823829593126e-02
5.271871757352072224e-02
5.262368929643070764e-02
5.285705003337122510e-02
5.306652724959214779e-02
5.302881425338096255e-02
5.320824498295850108e-02
5.264675953667402597e-02
5.308320766051725231e-02
5.137557076947996126e-02
5.140203362723660269e-02
5.115712549536080567e-02
5.193768514528952079e-02
5.168613372604594774e-02
5.192998683939042265e-02
5.100499185478717112e-02
5.097612190305398500e-02
5.217888422308004925e-02
5.347666683973441304e-02
5.383843698221576352e-02
5.455246894499696936e-02
5.441040964231974586e-02
5.452728989703740925e-02
5.432414016201701085e-02
5.416801456877933657e-02
5.429660217929012378e-02
5.465651508729686692e-02
5.480646013385382515e-02
5.478216485645934913e-02
5.489497244747984506e-02
5.502560780352212105e-02
5.510030314236968180e-02
5.500406392578588433e-02
5.535550378645048147e-02
5.529702905160939486e-02
5.536924894890139781e-02
5.547522823097647549e-02
5.542941881394928411e-02
5.548496415482107036e-02
5.556126818929738725e-02
5.556707171589705951e-02
5.552830878448713342e-02
5.520233283009825381e-02
5.522015257090700374e-02
5.513139040425914933e-02
5.561343612624238680e-02
5.561539564859298290e-02
5.559349765915874708e-02
5.563159655843877283e-02
5.562981196002012019e-02
5.562483541820670979e-02
5.561566730470298564e-02
5.561024978642483546e-02
5.562222464683727607e-02
5.556562035870765692e-02
5.555669215560123109e-02
5.558562148533902070e-02
5.548148237703140473e-02
5.551503619960659192e-02
5.546917636549686392e-02
5.501600170959966563e-02
5.503795007822372132e-02
5.493280130784337911e-02
5.479684256327241321e-02
5.482296278401610490e-02
5.470160512250263340e-02
5.454523058917562506e-02
5.457555557314534844e-02
5.443818689663536964e-02
5.426156038251853803e-02
5.429612733495733923e-02
5.414297784383423351e-02
5.394984153504270991e-02
5.381826757970978314e-02
5.398688207109694770e-02
5.362100872579519256e-02
5.348665315633188699e-02
5.365349842636393807e-02
5.536333477067269249e-02
5.541053336193331458e-02
5.534779396856862738e-02
5.521131339118227205e-02
5.527223163359283598e-02
5.519269035467491702e-02
5.252132526621024200e-02
5.240184562046246164e-02
5.250105422200592592e-02
5.289258776128816231e-02
5.329115038034097640e-02
5.332138885007597223e-02
5.317815804198101903e-02
5.251345783706624915e-02
5.246436772624082923e-02
5.269640370774227728e-02
5.295128165679854199e-02
5.311989099880278647e-02
5.291465760798942652e-02
5.118877457545623760e-02
5.165667596368306996e-02
5.222625429019902427e-02
5.335767022784505820e-02
5.351195471750379296e-02
5.332245637791985238e-02
5.373214370919383864e-02
5.387207312969088946e-02
5.369857458398463040e-02
5.443972843391962912e-02
5.407416804592582449e-02
5.419975419336171829e-02
5.404249170449035994e-02
5.467916590820523504e-02
5.491493769967665389e-02
5.511740721733985465e-02
5.527789941852439409e-02
5.541437621118319029e-02
5.551728040758966559e-02
5.558639915282082011e-02
5.510811231895720863e-02
5.562157086418342833e-02
5.562268666430910530e-02
5.558969144417710145e-02
5.552258454479967742e-02
5.542142004774926189e-02
5.490532430713296330e-02
5.466988918404703385e-02
5.440219550520199177e-02
5.410442479299233665e-02
5.378410220281587550e-02
5.345476814908763086e-02
5.528630666463249521e-02
5.262146851700581773e-02
5.294635545776725516e-02
5.300622747005207663e-02
5.283183617055688119e-02
5.311769918324074635e-02
5.273098811906248851e-02
5.315311252046271695e-02
5.162766937973959497e-02
5.131941528702717997e-02
5.150106495268053780e-02
5.178200489956773928e-02
5.110569874912913174e-02
5.105571191733129788e-02
5.214854383653373671e-02
5.204339145909150227e-02
5.233036956673880330e-02
5.354362992057781073e-02
5.390194861214431948e-02
5.460467659690675102e-02
5.446495181884142972e-02
5.457941888065560854e-02
5.438161117046999560e-02
5.422758573076150168e-02
5.435373881809696384e-02
5.470611872650303631e-02
5.485355117562468880e-02
5.482922017796405117e-02
5.493931885341728216e-02
5.506722571828062684e-02
5.504566402427608224e-02
5.513901748423297167e-02
5.532414766484215762e-02
5.533921903896794892e-02
5.526288502949943532e-02
5.545233467699389046e-02
5.546317606974753706e-02
5.540358892804615742e-02
5.554664152813114375e-02
5.555334717127040356e-02
5.551062644798013951e-02
5.560685614185816722e-02
5.560953253019298992e-02
5.558377247588722897e-02
5.516234299179989531e-02
5.508878927066205439e-02
5.518172633758725715e-02
5.563281868094108185e-02
5.563158449767090230e-02
5.562285324308489931e-02
5.562442303539932159e-02
5.561940895889987829e-02
5.562774787769560192e-02
5.558161792906352733e-02
5.557296632312943435e-02
5.559838958323563146e-02
5.550440764281769357e-02
5.549227213019236604e-02
5.553476643816283170e-02
5.539285233633216288e-02
5.543692180191536062e-02
5.537739725703906546e-02
5.496723082296210705e-02
5.499099628846125520e-02
5.488162290144112110e-02
5.473916496678582488e-02
5.476737210944936790e-02
5.464175061187222932e-02
5.447853688126274435e-02
5.451123672692281819e-02
5.436956499670775322e-02
5.418571419741596840e-02
5.422298146521428719e-02
5.406723546420427046e-02
5.386340387126919982e-02
5.390599974361009322e-02
5.374156411129844130e-02
5.352548575174420620e-02
5.357267045522091931e-02
5.340753282132462004e-02
5.524706795515027524e-02
5.522846771383952552e-02
5.530495431456128319e-02
5.277151944284469431e-02
5.264711930770132886e-02
5.273442479002986988e-02
5.317359116647578376e-02
5.323205806410389457e-02
5.305914749053852048e-02
5.258789223342719837e-02
5.276915937842314303e-02
5.254952638923239550e-02
5.302377937056496071e-02
5.319045676536458822e-02
5.298654696219662341e-02
5.146045998136682120e-02
5.154222319910791578e-02
5.123206848052422324e-02
5.188798494382096393e-02
5.128262407083995084e-02
5.236656591899355173e-02
5.342723244020865236e-02
5.339150947479807952e-02
5.357944130580300640e-02
5.379859135238559964e-02
5.376447098914216571e-02
5.393614127357676535e-02
5.449455563821833937e-02
5.413694069389884261e-02
5.410470362862923599e-02
5.425989230088022752e-02
5.472884744258325884e-02
5.495934737738251280e-02
5.515614740347980077e-02
5.524226418460732868e-02
5.538729086252267009e-02
5.549856153878656578e-02
5.557583881373492213e-02
5.561893664324747688e-02
5.506376801789271414e-02
5.562772199458891620e-02
5.560211614578738221e-02
5.554209560255994604e-02
5.544769262183235625e-02
5.531899532650440959e-02
5.485213467315867841e-02
5.460773670630442861e-02
5.433095801574146233e-02
5.402334137574109352e-02
5.369314147975133567e-02
5.334832174835308499e-02
5.285998214247613486e-02
5.297258094180937182e-02
5.280438275684859462e-02
5.322424390818460832e-02
5.183352220862702531e-02
5.173169754314171226e-02
5.164763454764835504e-02
5.199186310080534945e-02
5.165085655258802588e-02
5.137737120555625758e-02
5.155385049632711658e-02
5.124524379080248881e-02
5.117540492686011022e-02
5.218445833283543583e-02
5.238635428448747133e-02
5.216528643584965319e-02
5.361172082149544271e-02
5.396663073924160697e-02
5.465749378763323091e-02
5.452010293193764595e-02
5.463190340396349015e-02
5.444024501415400258e-02
5.428832803503591542e-02
5.441175941760199863e-02
5.475608060778601460e-02
5.490118805847649802e-02
5.487661129367532586e-02
5.498398056898282787e-02
5.510928957670052641e-02
5.508753374765794353e-02
5.517795811553544150e-02
5.528993877049228484e-02
5.522578948087140255e-02
5.530647777409004179e-02
5.542708431208733660e-02
5.543914451319283815e-02
5.537529194539730221e-02
5.553012137150375310e-02
5.553781322970355316e-02
5.549092839223938173e-02
5.559881167444544192e-02
5.560225874800293899e-02
5.557244834790109334e-02
5.563296939048984618e-02
5.563230824448972545e-02
5.561965276181780882e-02
5.511897330336706230e-02
5.504272033290194543e-02
5.514008857675474495e-02
5.563246287443256166e-02
5.562784287276640455e-02
5.563239580445557275e-02
5.559721601227168852e-02
5.558879898801472735e-02
5.561058628135131382e-02
5.552720919423671103e-02
5.555418867477128486e-02
5.551516899811988204e-02
5.542247989328241697e-02
5.540700181458263485e-02
5.546322379811810532e-02
5.528312280848744764e-02
5.526440287606133872e-02
5.533776902850261192e-02
5.491452546300134435e-02
5.482642969889447299e-02
5.494030057702990744e-02
5.467696441642500710e-02
5.470747910383060020e-02
5.457729807628493995e-02
5.440674098787486035e-02
5.444203746305070063e-02
5.429574097813992528e-02
5.410401916131046818e-02
5.414425963719866203e-02
5.398317709327232761e-02
5.376987856570656504e-02
5.381608099981502469e-02
5.364699547418973202e-02
5.341240364221003234e-02
5.346849098126567335e-02
5.329207668226711853e-02
5.303106069203477463e-02
5.290135280511824162e-02
5.310224926872813417e-02
5.266319202685580680e-02
5.284342309545158461e-02
5.262473751364732388e-02
5.309946171782799207e-02
5.306073292754022452e-02
5.326315407375160904e-02
5.174136905368777878e-02
5.201028173631495888e-02
5.144713722193378774e-02
5.242300892989605610e-02
5.349863982809631435e-02
5.346201636761162973e-02
5.364840691361541514e-02
5.386685106077383073e-02
5.383185443148927329e-02
5.400170591247826363e-02
5.455025982725228428e-02
5.420148753647306000e-02
5.416839591216233984e-02
5.432149484878856516e-02
5.477910840729556530e-02
5.500425993398957991e-02
5.519526767167499959e-02
5.520351901453630916e-02
5.535760712006900647e-02
5.547772399480274674e-02
5.556360603621718353e-02
5.561504109883269598e-02
5.563187037031343263e-02
5.501577291287769456e-02
5.561398992559239696e-02
5.556135189061969099e-02
5.547396522059722113e-02
5.535189606024809583e-02
5.479472708341760756e-02
5.454078228338765655e-02
5.425424865300549487e-02
5.393580106971322674e-02
5.358987843033592713e-02
5.322056844352929944e-02
5.288041190869628011e-02
5.329789781495287981e-02
5.191757960091940294e-02
5.177256357826180017e-02
5.171063455924435753e-02
5.150721313670281187e-02
5.142310210437001788e-02
5.133311023749732166e-02
5.230295728378050318e-02
5.248310637429995373e-02
5.224442308139602004e-02
5.368161840833917536e-02
5.403311416969338449e-02
5.471140077516142147e-02
5.457637676732257637e-02
5.468523248228804312e-02
5.450057128049560357e-02
5.435080533845726425e-02
5.447120248925313435e-02
5.480685623073752732e-02
5.494978282541024966e-02
5.492475980136926617e-02
5.502934535941585853e-02
5.515214301786261486e-02
5.513002679047540600e-02
5.521744479415489903e-02
5.525259232119623248e-02
5.527074619826197188e-02
5.518543637168511068e-02
5.539924645801597852e-02
5.534427602894764070e-02
5.541264576692467997e-02
5.551153370526948350e-02
5.546901930114071094e-02
5.552030386544282853e-02
5.558918778954032025e-02
5.555938884040610010e-02
5.559346820949278428e-02
5.563199498546077953e-02
5.561515852371416713e-02
5.563193902034083843e-02
5.563979624751943381e-02
5.563615581276732530e-02
5.563557098774757348e-02
5.507190507038532690e-02
5.499283579126490462e-02
5.509491562241349005e-02
5.561248880169339381e-02
5.560427471536760063e-02
5.562226340288274617e-02
5.555002733610198140e-02
5.553801781184104780e-02
5.557342048757546449e-02
5.545242489242005468e-02
5.543682563216683484e-02
5.548962370119560339e-02
5.531975328239731315e-02
5.530078155331056428e-02
5.537092762038013649e-02
5.485762181513174213e-02
5.476687387160113912e-02
5.488553790590659093e-02
5.461068392693566032e-02
5.450827144019630699e-02
5.464328648285243784e-02
5.432907907537247449e-02
5.436736806052414051e-02
5.421603946317156419e-02
5.401544689794078591e-02
5.405919674347684639e-02
5.389215918981394432e-02
5.367141766723838858e-02
5.372010352072975614e-02
5.354130815600093019e-02
5.329514159558353115e-02
5.335311651278677736e-02
5.316211713741104961e-02
5.275553059272147793e-02
5.270907266080285258e-02
5.292752319353806467e-02
5.317361421052781145e-02
5.313563869744257484e-02
5.333604117024724062e-02
5.197736797428599564e-02
5.159526925704056854e-02
5.203762012870233322e-02
5.252913364754817349e-02
5.357255127535830164e-02
5.353471412919630357e-02
5.371954196102035617e-02
5.393757568031794236e-02
5.390138194570116142e-02
5.406939122992997226e-02
5.460734567159047925e-02
5.426838781924144678e-02
5.438511590028306808e-02
5.423415739118070400e-02
5.483039487013478125e-02
5.505005315604642041e-02
5.523507743338810366e-02
5.516136093605669005e-02
5.532506708029925890e-02
5.545456523062117227e-02
5.554955615429618687e-02
5.560979973296512058e-02
5.563510948748695562e-02
5.562535444545839425e-02
5.496382949289076864e-02
5.558046052879956483e-02
5.550041161092121589e-02
5.538525016477914564e-02
5.473318486526289328e-02
5.446889917691333238e-02
5.417118148197788002e-02
5.384234509489399523e-02
5.348191713119783419e-02
5.296376572165149149e-02
5.337207167983384903e-02
5.195855039917263163e-02
5.168981458039309529e-02
5.186455891292576087e-02
5.163717148071644836e-02
5.152840104111246211e-02
5.212976716317969245e-02
5.243731389920953945e-02
5.259655233931275625e-02
5.237092823236778882e-02
5.375401871229728429e-02
5.410201370534280241e-02
5.476685798763554491e-02
5.473987641909472401e-02
5.463426820833879038e-02
5.456309869558870207e-02
5.453258715647193999e-02
5.441556111236027504e-02
5.485888167387221320e-02
5.499972649389767848e-02
5.507578043476715757e-02
5.497406726204712851e-02
5.519610782234109225e-02
5.525777596309889433e-02
5.517347587368415934e-02
5.521181236812504334e-02
5.523173411861451165e-02
5.514151865705554934e-02
5.536857666655476545e-02
5.538344214977313634e-02
5.531027658953623777e-02
5.549068839728307778e-02
5.544468867865247341e-02
5.550063684545899351e-02
5.557785146898873430e-02
5.558303680807616387e-02
5.554444034451883061e-02
5.562982210436445696e-02
5.563041317949395798e-02
5.560927628503232328e-02
5.564641164994434119e-02
5.564259217055891188e-02
5.563899519790188597e-02
5.562748866942342219e-02
5.561945671655074697e-02
5.563345173753245221e-02
5.502074383344736364e-02
5.504585199921689653e-02
5.493880267727869332e-02
5.557298005127787183e-02
5.556094766679964964e-02
5.559255785629173968e-02
5.548287229345729571e-02
5.546706488551153558e-02
5.551628403412082330e-02
5.535721236676283824e-02
5.533786789571115000e-02
5.540466019779095169e-02
5.479572069685544750e-02
5.482620747215450480e-02
5.470270553757052012e-02
5.454308634619928903e-02
5.457635462272568405e-02
5.443573282461555696e-02
5.424699681930669759e-02
5.413071198925184513e-02
5.428754210440035755e-02
5.391679205142117792e-02
5.379348760771263810e-02
5.396566850940739957e-02
5.356160973992388913e-02
5.361590056553472428e-02
5.342765517677743048e-02
5.283806093891860872e-02
5.279641902437459677e-02
5.300604298553111826e-02
5.325352392681020897e-02
5.341290493442738679e-02
5.321264979923161914e-02
5.179527442596332243e-02
5.219798541225422611e-02
5.263783692520108276e-02
5.364968990547602096e-02
5.379352232668985212e-02
5.361026946798906623e-02
5.401139587645570339e-02
5.413979958088291355e-02
5.397369508095319762e-02
5.466629754215206888e-02
5.433819792914840879e-02
5.430255544668304013e-02
5.445128802359790188e-02
5.488313246301858989e-02
5.509708336216893182e-02
5.527586397805082929e-02
5.528940044127519937e-02
5.511544584370516725e-02
5.542886777813588878e-02
5.553352735980588567e-02
5.560310914832107543e-02
5.563739670589290531e-02
5.563622995980387065e-02
5.559950653643219026e-02
5.490738564861986221e-02
5.552718312582759913e-02
5.541927649566988356e-02
5.466838609881407435e-02
5.439421638826908573e-02
5.408092029353536723e-02
5.373787783440674148e-02
5.304512135845906168e-02
5.345055273680753005e-02
5.216908354514812607e-02
5.206185992156064229e-02
5.190164345707293236e-02
5.188553941742925224e-02
5.175897933416693381e-02
5.230141025738030414e-02
5.256347304240763241e-02
5.270164452342491340e-02
5.250253167586139968e-02
5.382958353920311301e-02
5.417391938751590225e-02
5.482430360250364898e-02
5.469425061728973303e-02
5.479628452525403537e-02
5.462831188632990415e-02
5.448311640228147706e-02
5.459641026492172144e-02
5.491257141334835584e-02
5.505138698015403509e-02
5.502491316872142046e-02
5.512363053291417098e-02
5.524148206155487378e-02
5.529922702250016087e-02
5.521819091880753733e-02
5.533481860116763740e-02
5.535128269232453962e-02
5.527301763463895318e-02
5.516728000957298039e-02
5.518913883747224997e-02
5.509368687998727337e-02
5.546737971946257006e-02
5.547861381914087620e-02
5.541771106665271951e-02
5.556465123000638856e-02
5.557082220771795283e-02
5.552743200991226008e-02
5.562635715243629403e-02
5.562764715065234705e-02
5.560189266668902341e-02
5.565227595035580899e-02
5.564888398260584707e-02
5.564086061854808807e-02
5.564224508485009907e-02
5.563438582025970885e-02
5.564416014098527707e-02
5.559616172656866445e-02
5.561167403264830750e-02
5.558406468513632515e-02
5.496516618254155412e-02
5.499253762007327850e-02
5.488002549492429494e-02
5.551398313247774691e-02
5.554334418580237492e-02
5.549789252831805603e-02
5.539572906099358984e-02
5.543917361841802643e-02
5.537590287181768517e-02
5.473655537977384355e-02
5.463950380868433376e-02
5.476567536525535351e-02
5.446827078553197893e-02
5.435729864932549449e-02
5.450528462129099194e-02
5.417222696010950272e-02
5.404433510894950804e-02
5.420900444883122726e-02
5.382844948746768471e-02
5.387202755236830676e-02
5.369466815194257059e-02
5.291304063069659364e-02
5.308281346145937718e-02
5.287429649764791018e-02
5.333715332215162308e-02
5.349323750929194099e-02
5.329438189701835027e-02
5.202359157815299867e-02
5.236742528843739419e-02
5.273864252852795975e-02
5.373084174736688506e-02
5.368941359894863208e-02
5.387099391260928571e-02
5.408892137867869071e-02
5.421350882648412473e-02
5.404940293399641826e-02
5.472757686660172788e-02
5.441146181706410512e-02
5.437413915376321238e-02
5.452051872448066688e-02
5.493772414112117752e-02
5.514568346809398114e-02
5.531789071144222608e-02
5.540040027378374116e-02
5.525032658922108403e-02
5.506547650211970207e-02
5.551534046853976584e-02
5.559484670398653211e-02
5.563866840147264903e-02
5.564661442127276370e-02
5.561855165581840177e-02
5.555440730977724562e-02
5.484995549298363887e-02
5.545416992364648329e-02
5.460179449969423948e-02
5.431937686482637972e-02
5.399957420467264846e-02
5.312355659803326413e-02
5.353287057599048077e-02
5.247924863767864517e-02
5.218302913549024979e-02
5.232241998962451623e-02
5.216133878663122697e-02
5.202179057062301937e-02
5.252204972055676130e-02
5.269798248221792270e-02
5.390892347473338203e-02
5.424939998444783251e-02
5.488415190150071343e-02
5.485488285644379153e-02
5.475677315639437825e-02
5.469667293078026710e-02
5.466314427394092235e-02
5.455396329156063373e-02
5.496831627604439885e-02
5.510510704576131180e-02
5.517321589646455304e-02
5.507765286281641332e-02
5.528853808818553345e-02
5.534204854116818451e-02
5.526445714218086031e-02
5.544138398662169787e-02
5.545401904672057902e-02
5.538784638089502832e-02
5.529768401381803672e-02
5.523218148040329178e-02
5.531587721681838904e-02
5.511818025232456675e-02
5.504140238508794386e-02
5.514244753564447044e-02
5.554941578963049076e-02
5.555666334423165625e-02
5.550817677090581076e-02
5.562148631548602395e-02
5.562353627816299384e-02
5.559287452131091156e-02
5.565733588521478564e-02
5.565440211844123464e-02
5.564167787886295513e-02
5.565676328163220166e-02
5.565437460342821663e-02
5.564907933834996323e-02
5.561964163692525998e-02
5.563081822956874450e-02
5.560745062757161544e-02
5.554589302017137742e-02
5.552945682665667848e-02
5.557091901336402157e-02
5.490549162783436854e-02
5.493483855550914535e-02
5.482047256615742159e-02
5.543550668538557713e-02
5.541510260704770457e-02
5.547464994091819840e-02
5.466209841794236052e-02
5.469935057605504469e-02
5.456492942678597968e-02
5.439451649816761519e-02
5.443114158112110496e-02
5.428316084284463827e-02
5.409312754200523710e-02
5.413208900209715013e-02
5.396070103202751933e-02
5.298567936342289675e-02
5.316176289703257452e-02
5.294832943196199626e-02
5.341417917193816423e-02
5.337433892614292658e-02
5.357225765288157332e-02
5.231917298710574843e-02
5.273364307582067978e-02
5.381650539516507487e-02
5.395258636099453664e-02
5.377284945421249851e-02
5.416956597081829666e-02
5.429051804051185370e-02
5.412851245003354878e-02
5.479162090635585763e-02
5.448867211778770508e-02
5.459329572393636920e-02
5.444942774193879675e-02
5.499454828499254766e-02
5.519616086156658302e-02
5.536139534939597123e-02
5.549479436672920263e-02
5.536888210788581954e-02
5.520734707391979079e-02
5.501107587343200683e-02
5.558487137198567241e-02
5.563884035409469991e-02
5.565648256053017107e-02
5.563763298538854790e-02
5.558218641173481162e-02
5.549009974159255232e-02
5.478313575101091681e-02
5.452818535198368510e-02
5.424323926233493021e-02
5.319880786304273523e-02
5.361412220206645401e-02
5.260791588761917770e-02
5.254470564520119513e-02
5.238603172435786492e-02
5.246735539449305652e-02
5.231067884732668039e-02
5.279942920056140965e-02
5.399208566340552018e-02
5.432843252915295351e-02
5.494678964444038582e-02
5.482225992446485702e-02
5.491607195375693140e-02
5.476863875783674618e-02
5.473323778574759602e-02
5.462859341244065414e-02
5.502648083187907518e-02
5.516120209418479137e-02
5.522483030289240119e-02
5.513261529599457894e-02
5.533752079871200741e-02
5.531253300324363853e-02
5.538646447867028033e-02
5.553199129296863823e-02
5.548648388819770599e-02
5.554038557770561019e-02
5.541260974958029523e-02
5.542655872611758350e-02
5.535497177919311562e-02
5.525617466117491855e-02
5.518723609467897362e-02
5.527691088665624003e-02
5.506300936246844718e-02
5.498409588711803547e-02
5.509059482296359972e-02
5.561505897414301125e-02
5.558206561486525588e-02
5.561795282026626985e-02
5.566151448932575574e-02
5.564135326327315778e-02
5.565907915719845583e-02
5.567102552630878026e-02
5.566406133246783877e-02
5.566352977538408658e-02
5.564346084756131849e-02
5.563116097779951391e-02
5.565001397177495035e-02
5.557871053413963175e-02
5.556187975212608515e-02
5.559909712480624877e-02
5.547672171554619142e-02
5.545565669779470991e-02
5.551124486046914858e-02
5.481996208755840483e-02
5.486451132922767066e-02
5.474158276477219393e-02
5.456981588800678684e-02
5.448306724407352836e-02
5.461829818137457770e-02
5.435211088196176960e-02
5.437244009313504239e-02
5.422283171953815040e-02
5.301079094724892027e-02
5.299754675128201531e-02
5.321487089941821097e-02
5.350538024107912016e-02
5.366115153969823470e-02
5.345910674888681297e-02
5.253571341268403055e-02
5.281272600450552523e-02
5.389969478678969389e-02
5.385712054462864218e-02
5.403462328651192220e-02
5.425728580959842534e-02
5.421285194765961685e-02
5.437305351654924540e-02
5.485884026952708020e-02
5.457044857257790232e-02
5.467007250804778451e-02
5.452890779526679832e-02
5.505395574778336465e-02
5.524879577380442663e-02
5.540658844388397786e-02
5.557301596748455419e-02
5.547160573590366461e-02
5.533420313034755067e-02
5.516016939501382221e-02
5.494341308611920549e-02
5.563780096126096780e-02
5.566577399018619865e-02
5.565675992863933219e-02
5.561059549446556449e-02
5.552720796325778807e-02
5.469880998325331312e-02
5.446122670282620842e-02
5.326005771731539412e-02
5.370153262238692299e-02
5.274020205440940745e-02
5.278778338907533230e-02
5.262505349840469054e-02
5.407786841007342776e-02
5.441314114933117063e-02
5.501257820378349650e-02
5.498022330772359828e-02
5.489111367999467000e-02
5.484461250596341098e-02
5.480708304118400015e-02
5.470734438811705735e-02
5.508740209889557982e-02
5.521994308763799458e-02
5.519010139043509233e-02
5.527873927069290594e-02
5.538863082952671241e-02
5.536264914642015367e-02
5.543266954604099406e-02
5.560714535112048357e-02
5.561071925633958440e-02
5.556942185548111035e-02
5.551164809264583916e-02
5.552175539488889838e-02
5.546237310155638367e-02
5.535734644488136263e-02
5.538712320832609587e-02
5.530743113683860707e-02
5.519287182444462120e-02
5.512915258747914243e-02
5.522702725563857773e-02
5.504294734557382135e-02
5.505208496526459161e-02
5.493425626441707232e-02
5.566461349051918250e-02
5.566282242786962930e-02
5.563973210722013285e-02
5.568515647752557418e-02
5.567774107990714622e-02
5.567319922516205527e-02
5.566761080547065477e-02
5.566926159107370153e-02
5.565522449282450657e-02
5.561250104542157097e-02
5.559525515851911071e-02
5.562793711990986906e-02
5.551952266687811000e-02
5.549772755228438159e-02
5.554908608760046607e-02
5.460109018401190784e-02
5.471228511716932225e-02
5.458595270296546370e-02
5.447758826422122863e-02
5.320192393709346351e-02
5.335541416738995291e-02
5.310941172315778586e-02
5.357974775964128439e-02
5.354361082347704193e-02
5.374237831059040793e-02
5.289742568692352986e-02
5.400322102428455756e-02
5.395131138964695539e-02
5.413051303394144503e-02
5.435158702294032307e-02
5.446083461341974519e-02
5.430378902190912543e-02
5.492960105405612914e-02
5.465504972452930182e-02
5.475045832107452992e-02
5.461216603899902988e-02
5.511626536295229778e-02
5.530383658569096306e-02
5.545364782739155285e-02
5.563536892602438666e-02
5.555904117689352412e-02
5.543758087269523571e-02
5.527939787428692853e-02
5.511898976322262417e-02
5.483560333150074018e-02
5.494082897288379841e-02
5.482906768611453541e-02
5.567449324068927258e-02
5.567594986207578811e-02
5.563967165225538331e-02
5.556560525977880666e-02
5.472083105147390603e-02
5.299692876720414614e-02
5.339517601575959060e-02
5.379431110107794206e-02
5.311827249702751053e-02
5.295327543662714520e-02
5.417716531860147094e-02
5.450205268408380571e-02
5.508209130094669087e-02
5.504769989980280026e-02
5.496364853378760129e-02
5.492589921045402945e-02
5.488508097974596767e-02
5.479004539680759622e-02
5.515141146349664125e-02
5.528149991356491599e-02
5.525034475445608773e-02
5.533518546023998702e-02
5.544204362596927976e-02
5.541499002043646233e-02
5.548082692626184892e-02
5.566648279297091439e-02
5.566553756133153785e-02
5.563698384238699446e-02
5.558739377474187365e-02
5.559928533970608100e-02
5.555042576137102922e-02
5.547874306211274253e-02
5.542138030886793743e-02
5.549700759704467162e-02
5.522045394465997098e-02
5.529247332153192085e-02
5.520819778222335605e-02
5.513441531091783920e-02
5.505714648715240300e-02
5.504904358778571483e-02
5.494932173151743232e-02
5.569880759026060724e-02
5.569171961471348908e-02
5.568169415648546033e-02
5.569233802397147853e-02
5.567961647236568945e-02
5.568873387634908079e-02
5.564724479188086492e-02
5.565746636551981152e-02
5.562963358770103839e-02
5.556399044913164220e-02
5.554144091290753177e-02
5.558825932030616451e-02
5.316253470284669491e-02
5.335529451502315362e-02
5.379234879717965240e-02
5.389889579391678176e-02
5.368962648500942569e-02
5.409726532191396625e-02
5.422449090793850929e-02
5.404906530229156014e-02
5.443000734900774878e-02
5.439225427339085261e-02
5.454542289151110418e-02
5.500426539681504273e-02
5.477117020893446098e-02
5.484839842097841839e-02
5.471428284211123094e-02
5.518184529097720781e-02
5.536159501495811069e-02
5.550272671047504908e-02
5.568290924970927674e-02
5.562989472909395106e-02
5.553707861940448270e-02
5.538332867545568694e-02
5.543365062898056306e-02
5.537112025434989815e-02
5.530602052525517009e-02
5.514090324505033225e-02
5.569492686574410018e-02
5.566942908131190804e-02
5.560542228176591772e-02
5.346068766152537594e-02
5.329389520654372048e-02
5.352153904770413917e-02
5.363175853643834673e-02
5.394551812550589520e-02
5.426568565037693387e-02
5.460514952013594686e-02
5.516024936961878844e-02
5.504291820273519292e-02
5.512117363000074155e-02
5.503770981546772523e-02
5.498155134369137054e-02
5.490531291430383182e-02
5.522101569960782830e-02
5.534706907457871694e-02
5.539482637283311972e-02
5.531408271352214467e-02
5.549700457338152537e-02
5.553069670765127530e-02
5.546920841637305311e-02
5.570764460927769834e-02
5.568693942154831489e-02
5.570454940899687707e-02
5.566596770886516471e-02
5.563004348143220368e-02
5.566664040812585590e-02
5.551590130463946587e-02
5.555487492553221746e-02
5.549832018577081916e-02
5.545342705697739460e-02
5.525303589826476014e-02
5.532143088191363023e-02
5.523782825534082064e-02
5.515807266288257071e-02
5.572021805259041310e-02
5.570701138356255050e-02
5.571010390654854150e-02
5.568331391153932830e-02
5.568780856281538294e-02
5.566493727260258401e-02
5.560943610171599494e-02
5.562852350544596203e-02
5.558652492164080361e-02
5.380287703967468610e-02
5.363635428741017619e-02
5.379984402745720262e-02
5.395308398580529741e-02
5.414169280849723265e-02
5.411738708409419979e-02
5.428939853745425037e-02
5.467084884386329280e-02
5.472138804559086023e-02
5.455327758700696805e-02
5.509864903934996727e-02
5.490861559042981010e-02
5.497286926681076158e-02
5.484025755861884899e-02
5.525361410885937241e-02
5.542206740603566884e-02
5.555331871592456006e-02
5.571645682214799999e-02
5.568798157785475461e-02
5.562242499111923894e-02
5.560508988773901068e-02
5.564667000647546824e-02
5.557228997959152983e-02
5.542515986740054190e-02
5.547370625689388574e-02
5.540501708731569719e-02
5.534303426147142019e-02
5.570328592240003651e-02
5.564647390646473846e-02
5.397377500294799069e-02
5.445543081756908793e-02
5.429969620909390338e-02
5.444406078810369587e-02
5.456655435242366292e-02
5.479012442080581635e-02
5.525036440458167691e-02
5.520505062403000679e-02
5.514377258879425703e-02
5.514983737029642563e-02
5.502952977759847930e-02
5.509376699942604427e-02
5.529848093251002461e-02
5.541730767699351579e-02
5.545765972647110492e-02
5.538223948258712281e-02
5.555613882330769082e-02
5.558325864053354631e-02
5.552668058172158250e-02
5.573919938674735258e-02
5.573172569943839194e-02
5.572358137049306104e-02
5.570596457769819154e-02
5.568661681787333284e-02
5.570876183971419648e-02
5.566783586452210553e-02
5.556640509980114578e-02
5.559783518959139637e-02
5.554194476100584449e-02
5.549969731247442195e-02
5.571047768001610029e-02
5.571725418106406036e-02
5.569600492210095150e-02
5.565670757984030048e-02
5.567004675503917782e-02
5.563317688091878876e-02
5.475107313571448558e-02
5.460631908486422714e-02
5.471252917306146379e-02
5.483148495072577566e-02
5.519974253566846401e-02
5.502059329037612551e-02
5.496414713270954960e-02
5.508506842228939188e-02
5.533375451380814769e-02
5.548738214662383289e-02
5.560720167368889827e-02
5.574488796824718373e-02
5.574428048718271106e-02
5.573143702849212705e-02
5.572499751867600326e-02
5.567504925471424004e-02
5.569327495761496050e-02
5.564869454094401729e-02
5.562484059692617000e-02
5.568299075615591731e-02
5.572933528086490562e-02
5.488679934621805423e-02
5.534465024943435729e-02
5.529704259069221500e-02
5.524689105239144471e-02
5.525056115937217183e-02
5.513539548168771426e-02
5.520049057477653676e-02
5.538057364063912053e-02
5.550486047644481724e-02
5.553057582696357963e-02
5.546165763674893584e-02
5.562690730421345625e-02
5.559234993183301970e-02
5.564173407140558109e-02
5.577311892375576979e-02
5.576095180383599387e-02
5.575604576076494817e-02
5.574443543584643723e-02
5.574426612477921539e-02
5.572549586267980942e-02
5.571267201930332064e-02
5.570140386920709175e-02
5.570677325720180956e-02
5.567956287073286270e-02
5.572591597273843927e-02
5.529742233558210263e-02
5.542481777520737868e-02
5.556676525113894011e-02
5.566488856714887912e-02
5.576124804869658086e-02
5.575789103256475338e-02
5.575128584357574163e-02
5.576746993489033882e-02
5.573159175462626125e-02
5.544381187881875644e-02
5.534736117413045775e-02
5.539389449869561166e-02
5.547398550858808480e-02
5.559305750418751246e-02
5.554968723170024270e-02
5.560984795079648713e-02
5.569811725087654708e-02
5.566361450760871910e-02
5.569974523127577820e-02
5.572958356868261409e-02
5.551859266254031977e-02
5.564641180264275760e-02
