3.464024993961303117e-02
3.473736496544978236e-02
3.480737118415318243e-02
3.451770915195091077e-02
3.457886355086289137e-02
3.468889248589082652e-02
3.477261141232865921e-02
3.484959045750020412e-02
3.482879430896706346e-02
3.436896414974489194e-02
3.444470239042490833e-02
3.460336965305862988e-02
3.456067906435139614e-02
3.462148139742703828e-02
3.470245967032204587e-02
3.467148273975741157e-02
3.471982863455046198e-02
3.477801527479632698e-02
3.475761351124105614e-02
3.479286513207412862e-02
3.483061834624852360e-02
3.481888603149563971e-02
3.484029391505706619e-02
3.486336901168732294e-02
3.449522653124822980e-02
3.443442454616404969e-02
3.450562180854445382e-02
3.485695069283036018e-02
3.454858094958837555e-02
3.465283587760725065e-02
3.474018636033956303e-02
3.480438242198776594e-02
3.485689252583265563e-02
3.484374106744089761e-02
3.485305421342953930e-02
3.420683054017205349e-02
3.428847303582449602e-02
3.484869220225355474e-02
3.485745030191554628e-02
3.438885336866695508e-02
3.444281037390522354e-02
3.437866608640320620e-02
3.486026350793853396e-02
3.456972970969707237e-02
3.453324844255757642e-02
3.458645303927834758e-02
3.467031425588575771e-02
3.463696389751716453e-02
3.468616986806998675e-02
3.475119408294508050e-02
3.476456363342631667e-02
3.472680297430219554e-02
3.481178907881146006e-02
3.479490344864902968e-02
3.482115769559920165e-02
3.484676453321833289e-02
3.485167645536353664e-02
3.483856338375592582e-02
3.402066674327970663e-02
3.411372078663463259e-02
3.429856821010561496e-02
3.481002889797817079e-02
3.474646037074515664e-02
3.483152829109434356e-02
3.485786977681838705e-02
3.486018670016380328e-02
3.485400312833657199e-02
3.448077562735255702e-02
3.485682572963809400e-02
3.461997183548841395e-02
3.471051449927154559e-02
3.478142963512205477e-02
3.482907473438244528e-02
3.485712846082546224e-02
3.485686839025525785e-02
3.485188295884999315e-02
3.420219361823938209e-02
3.411339391774143026e-02
3.420339654652188727e-02
3.429496668001208448e-02
3.466021398334643427e-02
3.478006730687832615e-02
3.470465864792431077e-02
3.483972277319646871e-02
3.484375247201412090e-02
3.482614979729559829e-02
3.484972848324303929e-02
3.450776273993252929e-02
3.453895441965819380e-02
3.444824340441900168e-02
3.485698067719800869e-02
3.463315965405282248e-02
3.465172725808698256e-02
3.460144610430936074e-02
3.472484626371088318e-02
3.473787944454903576e-02
3.469757103365052331e-02
3.479212268379545947e-02
3.480186149213797264e-02
3.477157722097424380e-02
3.483637044152642498e-02
3.484138128533031953e-02
3.482411545953618959e-02
3.485468763427637673e-02
3.485550961054097174e-02
3.485089410549648686e-02
3.382777475410475576e-02
3.392494666854853347e-02
3.401358923093546205e-02
3.401807026425696101e-02
3.410824203964787915e-02
3.435668685460486343e-02
3.437217718494340463e-02
3.428007675209251981e-02
3.455559723906547615e-02
3.460954281109551028e-02
3.479483563230702931e-02
3.480201892293790372e-02
3.477223044899772214e-02
3.470851802174772932e-02
3.472817557760224383e-02
3.468586755068516631e-02
3.481754871939684443e-02
3.484845492348409568e-02
3.443187226197334111e-02
3.457061755303159067e-02
3.467892803094847765e-02
3.475827728212194101e-02
3.481416591146563322e-02
3.484547961830142954e-02
3.484703113438834127e-02
3.485216988312497821e-02
3.485072503499501984e-02
3.362436255481122960e-02
3.341773508208237264e-02
3.372599838991928445e-02
3.392236084479813285e-02
3.417798617878220480e-02
3.418929411280374753e-02
3.409717957416633083e-02
3.426722170281619462e-02
3.463510369819682022e-02
3.464758035204303782e-02
3.459647924701107768e-02
3.475369741533487072e-02
3.467343292609627314e-02
3.481448885111485675e-02
3.480500204605056075e-02
3.482693314459842093e-02
3.484339857225923764e-02
3.446579296176734142e-02
3.441128188725346704e-02
3.448648688042409843e-02
3.459317466747002107e-02
3.461309249667191695e-02
3.455036396534713616e-02
3.469606391267113926e-02
3.471033315104554706e-02
3.466450964129007273e-02
3.477288735177958001e-02
3.478233191644646699e-02
3.474884298707337643e-02
3.482437075067902621e-02
3.480822776141046654e-02
3.483019462171094149e-02
3.485091571334306831e-02
3.485265173909066205e-02
3.484362467526592316e-02
3.485215815521375965e-02
3.484956590254586345e-02
3.485335250697989967e-02
3.352133486769846848e-02
3.321103625577268709e-02
3.331589741232151430e-02
3.383200520372192655e-02
3.372925422974699938e-02
3.382875465061686848e-02
3.392313210467186313e-02
3.399510111666768919e-02
3.408647276441247737e-02
3.400487088399390539e-02
3.431450788389554113e-02
3.433515205846443541e-02
3.424644761277840371e-02
3.443320467902764165e-02
3.449619489708454639e-02
3.453824260960169229e-02
3.458798456646344777e-02
3.454670575351613537e-02
3.476466225180908920e-02
3.473756463014693319e-02
3.477917859228538827e-02
3.470316447106765179e-02
3.466982467685495589e-02
3.470555428528718234e-02
3.483072192232470471e-02
3.478905349150450410e-02
3.438981106186142500e-02
3.452914795762649508e-02
3.464441074306304214e-02
3.473432244727710921e-02
3.479844230225140334e-02
3.483747408867211154e-02
3.485135539834372659e-02
3.482834819930998721e-02
3.483777568869414476e-02
3.484017575087981766e-02
3.365487632775388677e-02
3.353795137066492571e-02
3.363889230698737659e-02
3.347682869830948676e-02
3.334576934738298082e-02
3.344614008530089749e-02
3.374361923151728004e-02
3.391441715266117068e-02
3.413720432645447195e-02
3.415711669935402039e-02
3.406663674636319084e-02
3.422560046696904862e-02
3.429763220161395620e-02
3.436756754845188971e-02
3.448717285372024377e-02
3.461812183545371485e-02
3.462622116105602832e-02
3.457828386420393196e-02
3.473487030399668302e-02
3.466024444734853299e-02
3.482140840472781190e-02
3.478008747009792012e-02
3.477195101008864753e-02
3.479731570147646946e-02
3.442641432391235767e-02
3.444577528380745463e-02
3.437046300187291542e-02
3.455961128408403804e-02
3.457612264232635957e-02
3.451269278576842015e-02
3.466845656230637535e-02
3.468204662091742968e-02
3.463077478644927681e-02
3.475237978748361295e-02
3.476242387181666116e-02
3.472418174466895130e-02
3.481147645651094802e-02
3.481772863970136050e-02
3.479213615084676692e-02
3.484580259138061326e-02
3.484818272098136327e-02
3.483503004576980755e-02
3.485539630792103966e-02
3.485307640208405028e-02
3.485362785448197637e-02
3.484040822915081964e-02
3.483432904949884668e-02
3.484618309004265668e-02
3.356620570214757793e-02
3.329514433782221339e-02
3.338628109464451821e-02
3.325370460542709239e-02
3.301178987674579374e-02
3.311322335534517408e-02
3.384288882932051656e-02
3.375012063718081656e-02
3.383662427233002229e-02
3.391861625475089959e-02
3.394747163784726796e-02
3.397121080358866951e-02
3.404197743502065943e-02
3.426846942415194552e-02
3.429114431866985002e-02
3.420282763671471382e-02
3.415223472731494098e-02
3.422637937293415006e-02
3.442503777780596408e-02
3.442926848769405079e-02
3.436260849171168114e-02
3.448324335183698686e-02
3.453388088443450771e-02
3.453525863894880976e-02
3.457664942729344465e-02
3.474173267869125337e-02
3.465034983376607397e-02
3.463400460689670252e-02
3.467650240920865795e-02
3.480417065665220022e-02
3.434712838479670599e-02
3.449272035947401061e-02
3.461378565049186284e-02
3.471018045899251780e-02
3.478169417703404209e-02
3.482840896340827497e-02
3.485037311608592259e-02
3.484767297414674558e-02
3.480074300349652455e-02
3.481463153203143146e-02
3.482045562743783795e-02
3.371929352178355821e-02
3.368578352000195508e-02
3.359902704692374620e-02
3.315569855041750058e-02
3.352352315630348356e-02
3.341048940966017539e-02
3.349949180720614150e-02
3.378138550660533118e-02
3.389505915670739528e-02
3.408843702831534234e-02
3.401789247897322316e-02
3.411245444472318228e-02
3.417808539151759306e-02
3.399648881427632524e-02
3.429863965332491382e-02
3.429863484520731531e-02
3.422608780475168422e-02
3.407569800489043677e-02
3.436349654537278892e-02
3.448033467744651692e-02
3.459214706384590443e-02
3.473731430408874554e-02
3.472020622118512923e-02
3.475854708491177975e-02
3.469363808361165119e-02
3.479040131179452627e-02
3.438657808694167706e-02
3.440615992067435486e-02
3.432748545356163056e-02
3.452576951471954952e-02
3.454238304589480474e-02
3.447605378049224678e-02
3.464070169366726543e-02
3.460010722725001542e-02
3.465431221522327632e-02
3.473134409512287218e-02
3.469984284131296531e-02
3.474161266946142190e-02
3.479757561327867510e-02
3.480430012557689939e-02
3.477491162332979613e-02
3.483941238101309623e-02
3.484240009250887116e-02
3.482536577743655659e-02
3.485689767724226007e-02
3.485595826479916115e-02
3.485125651793744006e-02
3.485011512566456998e-02
3.484508595613224763e-02
3.485264481014831162e-02
3.481919933631241748e-02
3.480992454084878840e-02
3.482967457763280067e-02
3.282285229655344111e-02
3.362077578565333957e-02
3.314035310075513774e-02
3.307668333121662613e-02
3.321918966944456542e-02
3.341816296263454278e-02
3.347106845349639981e-02
3.335650487704033829e-02
3.291849159336235342e-02
3.383331119425075223e-02
3.388215982413692040e-02
3.398536590072982755e-02
3.391517439172206383e-02
3.422328531601674662e-02
3.424551608258522006e-02
3.415580606643772721e-02
3.383765774384457636e-02
3.391813735002455893e-02
3.416643526267158087e-02
3.423371748867396619e-02
3.415875431440484888e-02
3.408224296911081114e-02
3.441494535901488960e-02
3.441973356622323593e-02
3.435695348968626633e-02
3.447425017666547187e-02
3.458382024791023523e-02
3.455879953515691994e-02
3.461688559380718400e-02
3.476888772353285695e-02
3.468570991662039277e-02
3.466789004306922856e-02
3.471134489637656140e-02
3.430455187309523063e-02
3.445582230527623191e-02
3.458290679069862122e-02
3.468571704751610002e-02
3.476416831771213245e-02
3.481821235612408277e-02
3.484787737968323557e-02
3.485322748847530933e-02
3.483437215336600973e-02
3.476432057396532105e-02
3.478251388828683399e-02
3.479146386832532994e-02
3.264517718070265861e-02
3.273501100198040331e-02
3.365832006250057268e-02
3.368854436785939654e-02
3.359073009059999199e-02
3.298335463763295283e-02
3.328043092472066089e-02
3.353799503786303315e-02
3.380095184905469036e-02
3.403610586369820723e-02
3.406189816493802869e-02
3.395941515480303818e-02
3.412927677817753636e-02
3.402185457013466585e-02
3.400953100567823129e-02
3.393000168488306822e-02
3.367435920310364594e-02
3.375615768158404112e-02
3.432177728921222831e-02
3.431055608119826933e-02
3.424438316654098563e-02
3.409547010296606895e-02
3.436884711042217239e-02
3.446008861686153391e-02
3.443726475614386495e-02
3.449670648973805764e-02
3.452167790768183309e-02
3.463441644865790370e-02
3.475065900529105550e-02
3.472469985715577467e-02
3.434708544470908148e-02
3.436646395263578957e-02
3.428512143948078683e-02
3.449180766335092907e-02
3.450845073321925222e-02
3.443912805582381026e-02
3.461272602716346930e-02
3.456917956871420616e-02
3.462640474526763879e-02
3.470973289095047321e-02
3.472025531347142091e-02
3.467514212895146664e-02
3.478274269860746892e-02
3.478989784836147847e-02
3.475696032136849078e-02
3.483172902936353121e-02
3.483532916323097556e-02
3.481455864433447012e-02
3.485670780294157500e-02
3.484795364152985103e-02
3.485657792061706839e-02
3.485773827622046933e-02
3.485719660561868022e-02
3.485371556019650069e-02
3.483492434796760240e-02
3.484238154626867479e-02
3.482686124914268627e-02
3.478841149162777840e-02
3.477617281189201298e-02
3.480364850381022918e-02
3.297446542110649137e-02
3.281075396145026468e-02
3.289791489256325974e-02
3.377026083529255374e-02
3.305843545864919908e-02
3.329008739076511070e-02
3.335426489925867599e-02
3.321466796475912309e-02
3.358479353877669854e-02
3.362133864675626721e-02
3.350109074483048621e-02
3.382435583497261228e-02
3.392977044203578096e-02
3.385316726560901740e-02
3.417872732404816927e-02
3.420060592349000173e-02
3.410735036857269475e-02
3.387554026732547685e-02
3.385602163719567126e-02
3.394956850658689684e-02
3.377455736890641602e-02
3.418725490521672128e-02
3.417614821989797130e-02
3.425587919978974327e-02
3.410539216377204280e-02
3.439082125150175195e-02
3.450869997828351354e-02
3.448418679991125529e-02
3.454605244419010901e-02
3.462509919222653276e-02
3.465520550562856128e-02
3.460427201227372906e-02
3.471838662605086084e-02
3.470186135470594568e-02
3.474117683081055785e-02
3.426246212187322726e-02
3.441903518557411917e-02
3.455188230238843972e-02
3.466086783812351302e-02
3.474589293445627669e-02
3.480690215802448306e-02
3.484389091879087907e-02
3.485689644413662858e-02
3.484600025725294314e-02
3.481132725469296418e-02
3.475304382252918795e-02
3.248465783181488098e-02
3.256573188961733867e-02
3.280547534414283983e-02
3.272526052606766767e-02
3.288996733554336305e-02
3.374119414051794663e-02
3.313282282130473183e-02
3.343720296980259854e-02
3.370414548142522393e-02
3.398695064738070648e-02
3.401109263242392544e-02
3.390558922599287706e-02
3.408235684712708491e-02
3.402986816018055416e-02
3.402559313770407712e-02
3.395206225126930211e-02
3.351019514254931914e-02
3.359214670004958408e-02
3.373116003880138186e-02
3.380317140191152481e-02
3.370214197893872665e-02
3.436938127899417939e-02
3.427852789241427750e-02
3.434558401139791578e-02
3.410833546837633429e-02
3.441458531329853743e-02
3.443863588067139908e-02
3.456649833862661392e-02
3.467137073844413914e-02
3.430772603433868140e-02
3.432700793924077509e-02
3.424313783358159252e-02
3.445773297089784609e-02
3.440232130188314308e-02
3.447440255887820881e-02
3.458435426723632106e-02
3.459819972500993712e-02
3.453799159641927213e-02
3.468745092776961275e-02
3.469827672756140013e-02
3.464999505433694060e-02
3.476692700057907454e-02
3.477454157675941016e-02
3.473823018441320187e-02
3.482273118921319632e-02
3.482695620169323075e-02
3.480262864685978313e-02
3.485485519934979765e-02
3.484317302796861165e-02
3.485552409106578570e-02
3.486333389381926495e-02
3.486029225521904140e-02
3.485988883485572482e-02
3.484824483644261700e-02
3.484135132362936593e-02
3.485284456972813361e-02
3.480970734294245444e-02
3.479883371928380043e-02
3.482215194538029052e-02
3.474788073599154037e-02
3.473291293219677583e-02
3.476796357704537571e-02
3.264562576490280532e-02
3.307408476110133139e-02
3.293990360858351646e-02
3.302358691233565208e-02
3.318092119524034683e-02
3.353416298321836714e-02
3.355888815211758441e-02
3.341232237283985052e-02
3.377088386384079211e-02
3.367776506589698765e-02
3.379714453795041457e-02
3.387840179346988945e-02
3.413451636463002425e-02
3.415619225910946494e-02
3.406064148949378839e-02
3.392109008224083316e-02
3.389778635120790917e-02
3.397518790745793216e-02
3.361991316616400050e-02
3.382530690852082050e-02
3.427220378364063263e-02
3.422982883748135197e-02
3.432045377419622179e-02
3.409475950810955669e-02
3.406213840190730480e-02
3.414062327214864578e-02
3.442482164129963967e-02
3.439687748047835086e-02
3.446651432233500956e-02
3.455518944670644965e-02
3.458992022049858783e-02
3.453172233195767049e-02
3.466296761759722622e-02
3.469047372483107655e-02
3.464381441006067486e-02
3.422062091678209489e-02
3.438226297835326323e-02
3.452060608263275016e-02
3.463548876976799834e-02
3.472679361683649740e-02
3.479444693730811278e-02
3.483841903027714432e-02
3.485872312685615176e-02
3.485541545786013246e-02
3.482859453620689577e-02
3.477839984793507783e-02
3.470501245257827383e-02
3.269168942854257243e-02
3.274887084652266384e-02
3.258776078564928902e-02
3.234300790758772026e-02
3.241425516436520493e-02
3.300189940889887430e-02
3.303769111499439692e-02
3.290333565077659811e-02
3.327827241442097433e-02
3.328340003802045255e-02
3.317628258123351409e-02
3.340567048241135234e-02
3.365189311181897985e-02
3.393832954891177339e-02
3.396217246331902084e-02
3.385451549788184855e-02
3.403588224413669344e-02
3.334620760435672016e-02
3.318592067866384804e-02
3.400725366165030517e-02
3.342841928005559071e-02
3.356850424914839537e-02
3.353876091344022009e-02
3.364971111932203024e-02
3.378593364361461709e-02
3.375804755489263814e-02
3.385328696612163735e-02
3.434795778156557455e-02
3.418320166824991013e-02
3.448954496386198720e-02
3.460864441044806533e-02
3.426825838229079907e-02
3.428756824626128658e-02
3.420127384728697401e-02
3.442334979470728501e-02
3.436542738876600250e-02
3.444014653021640338e-02
3.455544429037026716e-02
3.456953120271739899e-02
3.450647865004931314e-02
3.466438488420499342e-02
3.467557412334999062e-02
3.462425773265163237e-02
3.475005646299554607e-02
3.475816960623606677e-02
3.471863760667077969e-02
3.481238651632120179e-02
3.481725567390762249e-02
3.478953413734985067e-02
3.485134485590250797e-02
3.485281304022082305e-02
3.483690661708908898e-02
3.486694338553338740e-02
3.486486501590850551e-02
3.486075691881532906e-02
3.485923570838410368e-02
3.485347712913160895e-02
3.486112934829431464e-02
3.482831643219091305e-02
3.481875631486391898e-02
3.483811007674004340e-02
3.477432000259749606e-02
3.476084946734121772e-02
3.479182607854387071e-02
3.469741928391719549e-02
3.467994428672478008e-02
3.472244352158204705e-02
3.251718635087854498e-02
3.284649815293010783e-02
3.313959487881187882e-02
3.222129984396388674e-02
3.228241004963543215e-02
3.347814190560832737e-02
3.350560159261528614e-02
3.337808633463761054e-02
3.371942152305082430e-02
3.374464462810027043e-02
3.362669566710614621e-02
3.382829395158015728e-02
3.409036820338646329e-02
3.411198688913708726e-02
3.401423002376889604e-02
3.326651532437632786e-02
3.303093835193325611e-02
3.310828855666778786e-02
3.397736712301627215e-02
3.394879925229475626e-02
3.403585462155763602e-02
3.345701680300669500e-02
3.367662240396714080e-02
3.388093363848388578e-02
3.433155080238669415e-02
3.430162295940723111e-02
3.437791380129513741e-02
3.416550443179326713e-02
3.412993206152557107e-02
3.421853283652816907e-02
3.447577691717937376e-02
3.445004465515792702e-02
3.451523369815925196e-02
3.459782373014336915e-02
3.457625588112842041e-02
3.463016865344006184e-02
3.417876051293665396e-02
3.434528650052941917e-02
3.448890968354625941e-02
3.460945242437100250e-02
3.470677859636224494e-02
3.478079431169844860e-02
3.483144821224119086e-02
3.485873116636242081e-02
3.486267593662528003e-02
3.484335667225457039e-02
3.480088798569746372e-02
3.473542360396165291e-02
3.464715468969829792e-02
3.261889456763039652e-02
3.248169535633378679e-02
3.265567687719222317e-02
3.292799938588463621e-02
3.296455548749537001e-02
3.280958948228036159e-02
3.321664920773619023e-02
3.324692898651789713e-02
3.310907952092438655e-02
3.242115988824978423e-02
3.359814864049762845e-02
3.334670362528360799e-02
3.388991789232880664e-02
3.391363454338518213e-02
3.380454306962624167e-02
3.398955029442166098e-02
3.341966195204102569e-02
3.338341599795393438e-02
3.330288039012144902e-02
3.326363923744277834e-02
3.322531722796248643e-02
3.314692819687716646e-02
3.407094011399373207e-02
3.349422607742556096e-02
3.364322287195019995e-02
3.371419919905287166e-02
3.360540557995073813e-02
3.385305612384156837e-02
3.381908133958436147e-02
3.391486479403339749e-02
3.424795145158841120e-02
3.440314395341537851e-02
3.453630797292419480e-02
3.422842266018252810e-02
3.424789362454645769e-02
3.415925773487107908e-02
3.438844213741530653e-02
3.440547737990963528e-02
3.432821759185861188e-02
3.452582703773091760e-02
3.454024310623636518e-02
3.447445834709162577e-02
3.464040413742050517e-02
3.465202558051518056e-02
3.459779433834688639e-02
3.473204050342960925e-02
3.474070066845539456e-02
3.469808063931261594e-02
3.480064414097532727e-02
3.480618601147969504e-02
3.477521374038512053e-02
3.484616428841060681e-02
3.482913205684234903e-02
3.484844106821874399e-02
3.486859133174676634e-02
3.485981574110984249e-02
3.486746692651236657e-02
3.486795650993195633e-02
3.486330595886714956e-02
3.486728642541859352e-02
3.484433137639147970e-02
3.485160675674071201e-02
3.483604121385631275e-02
3.479782693759848888e-02
3.481287961634151051e-02
3.478579540814895343e-02
3.472859246243008985e-02
3.471272962252504313e-02
3.475124693841959156e-02
3.463681395052897044e-02
3.461704157457980852e-02
3.466688823494695065e-02
3.212077162963974941e-02
3.217095249394778811e-02
3.277359142560740818e-02
3.307165068471702718e-02
3.246670138613887147e-02
3.254387183450384996e-02
3.234400087928059053e-02
3.366718484404367107e-02
3.369277948010879209e-02
3.357252664077200327e-02
3.342246930120813114e-02
3.344974768452731173e-02
3.331939658358180900e-02
3.377791386889994474e-02
3.404598121718357268e-02
3.396780440119603200e-02
3.406769739833520605e-02
3.288079478246619392e-02
3.295523585863773669e-02
3.334227655226251752e-02
3.311720071933101778e-02
3.319084339197964084e-02
3.307427980781365434e-02
3.404917119905358919e-02
3.401294198980953087e-02
3.410701580201499356e-02
3.353110859830407686e-02
3.374729788629415861e-02
3.395037653347848100e-02
3.422859395981849712e-02
3.419675400643131663e-02
3.427977632041306899e-02
3.438654273788519650e-02
3.443088788869740069e-02
3.435875928690447501e-02
3.452271254821124430e-02
3.456001889897892393e-02
3.449896378043727091e-02
3.430786757694816169e-02
3.413660078812506826e-02
3.445660129502967767e-02
3.458260889210688915e-02
3.468573720071455035e-02
3.476587368578214210e-02
3.482294693211773068e-02
3.485692674269021130e-02
3.486782393832323773e-02
3.485568994468486032e-02
3.482061609896925508e-02
3.476273262303565537e-02
3.468220727184362362e-02
3.457924374082747832e-02
3.229385204745927052e-02
3.282069574819350410e-02
3.287413052856512363e-02
3.271924384396814045e-02
3.315622614375186850e-02
3.318583419320771805e-02
3.304193293773675238e-02
3.264426760301721714e-02
3.354414543417469363e-02
3.328858587835222677e-02
3.384136813257646731e-02
3.375412142205273802e-02
3.386513336837062432e-02
3.394303260409240602e-02
3.299877000603827770e-02
3.348764701725703147e-02
3.337573620489251575e-02
3.345412876420351955e-02
3.332338181145409056e-02
3.322011525109253016e-02
3.329389747088577073e-02
3.413826710687015847e-02
3.356556447757593625e-02
3.370940744084131857e-02
3.367580805855251852e-02
3.378094572375722054e-02
3.392285943275749616e-02
3.388757016730103988e-02
3.398569067068655386e-02
3.430698759483330473e-02
3.445407985735340906e-02
3.435277664341961773e-02
3.437017037584182144e-02
3.429044541791358841e-02
3.418794300213669202e-02
3.420771635777077740e-02
3.411680086731788686e-02
3.449531157298098283e-02
3.451015556321077038e-02
3.444172722928951630e-02
3.461535955445482760e-02
3.462749105345085121e-02
3.457044588767944210e-02
3.471277103254882812e-02
3.472203549164741554e-02
3.467644002507353634e-02
3.478743596141489064e-02
3.479368776116346929e-02
3.475958818270769024e-02
3.483928430543706961e-02
3.481980938440119855e-02
3.484238738560001963e-02
3.486828620935662065e-02
3.486811457101621908e-02
3.485706336638923902e-02
3.487445187931950685e-02
3.487088999412004536e-02
3.487135047511340930e-02
3.485783120471405011e-02
3.486271133130301736e-02
3.485077434428679455e-02
3.481851310536498989e-02
3.480786756987122588e-02
3.483122623397258422e-02
3.475662458649410314e-02
3.474230781212016284e-02
3.477701425570482036e-02
3.467232951261612489e-02
3.465427002555950681e-02
3.470023203084791202e-02
3.456582716945763578e-02
3.454396445491524081e-02
3.460107226838751715e-02
3.204309611883866815e-02
3.208128743499202851e-02
3.235106598342354922e-02
3.223567902112689509e-02
3.240876369231753679e-02
3.298807046412390032e-02
3.260701112512258415e-02
3.253637821046585776e-02
3.271255638490300210e-02
3.361486939552646436e-02
3.351850202297433634e-02
3.364048345413432617e-02
3.336679430428939053e-02
3.339405897513596927e-02
3.326133185057052882e-02
3.372743141167251074e-02
3.400103632083012473e-02
3.392103158305649624e-02
3.402301280466400735e-02
3.273740343124532937e-02
3.280866352104216954e-02
3.301621981333656419e-02
3.294892626520040668e-02
3.306623795630506818e-02
3.340611784877457052e-02
3.322479164025278486e-02
3.327457422165423090e-02
3.317236679405023009e-02
3.411556794619785560e-02
3.408203527360147145e-02
3.417176385532261218e-02
3.359810500929023142e-02
3.381543934779780020e-02
3.401854772894886275e-02
3.428716569592453467e-02
3.425755881675811992e-02
3.433656190859429858e-02
3.443735070300582568e-02
3.441163493851288890e-02
3.447976217074788519e-02
3.442346876261249272e-02
3.426975172257896995e-02
3.409384413342124442e-02
3.455478815233395395e-02
3.466354088575487880e-02
3.474959708371003902e-02
3.481286665280975551e-02
3.485329962185642477e-02
3.487088616371166599e-02
3.486565634468627439e-02
3.483767961082989695e-02
3.478706399029032198e-02
3.471395500536612194e-02
3.461853433171599437e-02
3.450101828575471291e-02
3.219609577231065389e-02
3.247830781356571273e-02
3.309756587881601542e-02
3.312617836155718615e-02
3.295920651588576944e-02
3.280805711774399669e-02
3.281359457753006692e-02
3.270730604729348012e-02
3.349009891824893115e-02
3.323133786317237354e-02
3.379231791560412951e-02
3.381631573951739828e-02
3.370341126902050288e-02
3.389598969098893411e-02
3.287695241837256671e-02
3.312165413910948819e-02
3.355854438006899282e-02
3.344096734916222891e-02
3.352353248522198931e-02
3.339819105544973576e-02
3.331196650451003632e-02
3.336133542724452339e-02
3.420072901599401777e-02
3.363401859420045437e-02
3.378614235632077661e-02
3.374739627110191764e-02
3.385414400210604025e-02
3.399209251824179823e-02
3.395710784338502181e-02
3.405349494981024794e-02
3.436165635054752587e-02
3.446369073498779800e-02
3.447906951364008987e-02
3.440806511146841246e-02
3.431610437044400191e-02
3.433398435999641951e-02
3.425184853924795325e-02
3.414652856029836564e-02
3.416675300467242327e-02
3.407359836267407488e-02
3.458908543622297299e-02
3.460181310943613586e-02
3.454203413015320689e-02
3.469212335832469463e-02
3.470205769971113768e-02
3.465357892804728224e-02
3.477267751988843969e-02
3.477968467624854149e-02
3.474256125558391334e-02
3.483065976435784084e-02
3.483461486440088406e-02
3.480888203872718051e-02
3.486602113514791074e-02
3.486680879623590967e-02
3.485248181557518143e-02
3.487875195348981439e-02
3.487626668876242508e-02
3.487334085935545058e-02
3.486888161975739558e-02
3.487147901935370997e-02
3.486302815448635850e-02
3.483647814628058892e-02
3.484695529796496410e-02
3.482717164205134663e-02
3.478164741988609698e-02
3.476881359595217214e-02
3.479986715463799507e-02
3.470453220003990452e-02
3.468810734220290071e-02
3.473034953079030124e-02
3.460531088101753694e-02
3.458524174647471111e-02
3.463857361597838525e-02
3.448419606701241813e-02
3.446043971535524969e-02
3.452474541617502057e-02
3.198829174918936535e-02
3.201483502363379474e-02
3.227264872473280255e-02
3.231147977306152858e-02
3.215751312608873536e-02
3.255357752189093345e-02
3.257977976230812950e-02
3.245204258267088415e-02
3.295207498025039955e-02
3.267985182823079232e-02
3.356208276764884035e-02
3.346424165147453972e-02
3.358791521066402386e-02
3.331065818155663077e-02
3.320390198828485073e-02
3.333813065386180552e-02
3.367646646265168298e-02
3.395520123020728809e-02
3.397760738053454826e-02
3.387356421904992587e-02
3.260208703753403325e-02
3.266947651983016093e-02
3.290069928740908811e-02
3.295809595456830610e-02
3.281972714126658169e-02
3.320176452852007659e-02
3.310951954946753789e-02
3.321302026452627870e-02
3.347889698304950395e-02
3.330075436085037921e-02
3.417729755856505069e-02
3.414607866763458288e-02
3.423192080436571888e-02
3.367198910874386053e-02
3.388838385903114592e-02
3.408400299890617519e-02
3.434143300202095045e-02
3.431395668663068943e-02
3.438910419585169270e-02
3.452580384541793779e-02
3.438928409587410640e-02
3.423066907307775047e-02
3.405017899628030864e-02
3.464004453386115151e-02
3.473186002123372640e-02
3.480114267424216229e-02
3.484782389717940021e-02
3.487187435704955374e-02
3.487330392147903330e-02
3.485216132530303407e-02
3.480853356827046108e-02
3.474254504421966233e-02
3.465435641759408159e-02
3.454416328636126382e-02
3.441219468242646268e-02
3.212940866104191384e-02
3.241282848665826000e-02
3.303909225581219689e-02
3.306767349747929963e-02
3.292335751256456056e-02
3.274982136195338234e-02
3.277834897330873798e-02
3.265128086959785680e-02
3.343558598531968379e-02
3.317402358962543568e-02
3.374239433845642455e-02
3.365202954787622353e-02
3.376681421433518071e-02
3.384806895272318705e-02
3.275177651386416283e-02
3.305117553570513511e-02
3.363765069491250759e-02
3.351800747608381370e-02
3.359854707515151639e-02
3.347866660498950708e-02
3.334005882312398444e-02
3.343892237212933716e-02
3.425871134301529397e-02
3.371196572381397055e-02
3.385776149393043832e-02
3.382154964571682659e-02
3.392457430455702444e-02
3.405656791764789804e-02
3.402394300950920686e-02
3.411660531596877322e-02
3.456140083965452553e-02
3.451236507708191348e-02
3.457481841953129187e-02
3.443074257208578876e-02
3.437323661093511645e-02
3.444677037925979179e-02
3.427816231814356102e-02
3.429666331284051545e-02
3.421215009273600310e-02
3.410387558872415154e-02
3.412470619724506521e-02
3.402933225077117013e-02
3.466995727734001331e-02
3.462934445884051360e-02
3.468063484788652673e-02
3.475626887140789018e-02
3.472402069921995404e-02
3.476408457414056213e-02
3.482023029516533030e-02
3.482507077892982306e-02
3.479627766044917497e-02
3.486177446353209974e-02
3.486353537876408365e-02
3.484603774531019882e-02
3.488087279626445741e-02
3.487945919641581571e-02
3.487326221545187371e-02
3.487753520127535867e-02
3.487795122145034843e-02
3.487286185281544826e-02
3.485180978815758529e-02
3.486014355978264700e-02
3.484380138993616732e-02
3.480378231728772920e-02
3.479237362683897106e-02
3.481991616316931770e-02
3.473357539177569092e-02
3.471871125458006468e-02
3.475738332697120292e-02
3.464134740611662239e-02
3.462298269019788155e-02
3.467269568164287052e-02
3.452729127357273553e-02
3.456603893761199531e-02
3.450539072586125688e-02
3.439163294494525930e-02
3.443763243512271838e-02
3.436617100400888442e-02
3.195416088227820417e-02
3.197038745282278910e-02
3.228215278655664766e-02
3.227645227273947398e-02
3.213531525514794207e-02
3.250229796688285794e-02
3.238835467100917298e-02
3.252796295878662008e-02
3.289354055681675132e-02
3.262568186206553367e-02
3.350842916120366777e-02
3.340931857358172413e-02
3.353468134393101235e-02
3.325369862937188614e-02
3.314615065648684328e-02
3.328157269651592365e-02
3.362463528886820013e-02
3.390813217697841164e-02
3.393114298713310883e-02
3.382504396392661122e-02
3.247592476039552062e-02
3.253890891744908725e-02
3.277266725709408052e-02
3.283661150914384680e-02
3.268853754207177303e-02
3.304271875970554717e-02
3.297212366521058702e-02
3.312185520910628650e-02
3.355868755066533649e-02
3.330873452833552073e-02
3.325503130141081037e-02
3.339378634453196715e-02
3.423462966617586006e-02
3.428772748972160056e-02
3.420559015960836224e-02
3.374736651567745993e-02
3.395641960015817473e-02
3.414489474602385582e-02
3.461508763012968726e-02
3.449545457098723844e-02
3.435380484518225225e-02
3.419033625039754470e-02
3.400528156084478559e-02
3.471254249481886545e-02
3.478769492037571409e-02
3.484045865058349456e-02
3.487078582561370377e-02
3.487866710447308505e-02
3.486413151250301184e-02
3.482724602204670394e-02
3.476811487221688479e-02
3.468687863743265959e-02
3.458371306323192174e-02
3.445882768984892541e-02
3.431246424851789462e-02
3.211758917350907017e-02
3.239284064853336503e-02
3.297836612261494105e-02
3.300807320963641822e-02
3.286377950617468818e-02
3.264072262662304907e-02
3.269498825865647246e-02
3.257114074301088735e-02
3.338023687093127911e-02
3.311513652433875632e-02
3.369121468199080816e-02
3.371625114960586506e-02
3.359958703073017555e-02
3.379890713269657204e-02
3.262536149256584778e-02
3.290798471536632297e-02
3.317523691448765605e-02
3.371120840471741875e-02
3.359504918937068069e-02
3.367490164502964789e-02
3.355376587509109609e-02
3.343087357600293269e-02
3.351672061551988491e-02
3.378458237216454274e-02
3.392458346231452121e-02
3.389075198165819591e-02
3.399023371609968813e-02
3.411658740536927664e-02
3.417529049609406566e-02
3.408617340986783845e-02
3.464611812617886949e-02
3.460356886741029064e-02
3.465761949682075183e-02
3.453211074915889939e-02
3.448123029924873850e-02
3.454631898535630297e-02
3.439623168577387452e-02
3.433699258183975367e-02
3.441302945014928366e-02
3.423867492243101718e-02
3.417106047253177376e-02
3.425793790281250056e-02
3.405966881701939092e-02
3.408126637907034351e-02
3.398367306036591956e-02
3.473809546179383589e-02
3.470383918587305327e-02
3.474678021225002106e-02
3.480792100773121706e-02
3.481368751856887128e-02
3.478190887984850682e-02
3.485551033902527240e-02
3.485826559895801452e-02
3.483768308679744546e-02
3.488081679183957506e-02
3.488047678329674051e-02
3.487110495265768884e-02
3.488383161077621836e-02
3.488032161407533804e-02
3.488215583576853573e-02
3.486458384302243418e-02
3.485783864966322809e-02
3.487085524553718702e-02
3.482313996245222504e-02
3.481310400098803354e-02
3.483726051070379359e-02
3.475960323992582229e-02
3.474623061238091976e-02
3.478146618848498156e-02
3.467411286726939518e-02
3.465736729732087767e-02
3.470360322198862146e-02
3.456684284705148491e-02
3.454669754608030025e-02
3.460383785915676497e-02
3.443800065735807409e-02
3.448237034933788331e-02
3.441443811738906927e-02
3.428782568444013051e-02
3.426083738648497828e-02
3.433943341945114303e-02
3.194297876925615565e-02
3.194740932898673669e-02
3.214920042081528123e-02
3.205199278968700466e-02
3.221564647170475221e-02
3.246181842335532641e-02
3.280892679002762186e-02
3.345343685284413171e-02
3.348034904926050492e-02
3.335331449436274714e-02
3.319513517362444183e-02
3.322380570692170382e-02
3.308648149396073435e-02
3.357151164264508825e-02
3.385947469004128851e-02
3.377510232020398268e-02
3.388327055256067782e-02
3.236012220414313106e-02
3.241813756183314910e-02
3.267265106913180145e-02
3.257558253029557011e-02
3.272252252255636318e-02
3.291081050268430258e-02
3.297716240285088196e-02
3.284342262157199932e-02
3.313642939883430782e-02
3.308901360464299585e-02
3.322186245937248927e-02
3.363307415465408706e-02
3.338516061424887105e-02
3.346957371632564709e-02
3.334641766453173839e-02
3.381756494577748545e-02
3.401983328723489491e-02
3.420149426283975586e-02
3.469150994760338003e-02
3.458849537491032189e-02
3.446352514700281450e-02
3.431677553551840121e-02
3.414845782893771720e-02
3.395881699839806145e-02
3.477242873183989530e-02
3.483114858112857509e-02
3.486760391399450904e-02
3.488176700492871124e-02
3.487364800534985959e-02
3.484329470170325488e-02
3.479079201209177297e-02
3.471626123232215977e-02
3.461985904154656762e-02
3.450177627915565481e-02
3.436223649523259538e-02
3.204612361370440948e-02
3.238965715013545493e-02
3.233502945844814874e-02
3.226935187511552339e-02
3.251396339567150934e-02
3.291672404271538122e-02
3.294681715514716919e-02
3.277866478454883464e-02
3.332342336636376356e-02
3.305496811108088462e-02
3.363838507146738738e-02
3.366423819654297545e-02
3.354565140842441506e-02
3.374813016172202584e-02
3.251778498092686154e-02
3.279355678192323598e-02
3.302350922820185969e-02
3.325949547354101893e-02
3.377997392346070160e-02
3.374607605386764630e-02
3.366700280292515834e-02
3.362414277889343162e-02
3.358947315757340041e-02
3.350426798804399808e-02
3.385240143705775528e-02
3.398693000787846724e-02
3.405142842220879040e-02
3.395532162233017709e-02
3.417243846795626344e-02
3.422982439752548373e-02
3.414409430027261216e-02
3.471802898672465137e-02
3.468187527546751081e-02
3.472765015808174094e-02
3.462043779494068663e-02
3.463285024475570850e-02
3.457607063721836876e-02
3.450100721637024137e-02
3.451611329841068609e-02
3.444840817068697825e-02
3.435991045875512462e-02
3.429907148184031807e-02
3.437760518320197300e-02
3.419735523157211438e-02
3.412827861923752037e-02
3.421752683863870520e-02
3.401358240702679475e-02
3.403611298191620838e-02
3.393628069944500808e-02
3.479364318192502276e-02
3.476567410022884247e-02
3.480038328703935480e-02
3.484717922846596733e-02
3.482735566554488738e-02
3.485095678274283820e-02
3.487857301488297979e-02
3.487931521029296461e-02
3.486684571383738551e-02
3.488779778939035681e-02
3.488544078215092409e-02
3.488410755405399466e-02
3.487486421628861744e-02
3.486935333366245754e-02
3.487914216293658276e-02
3.483982017123991165e-02
3.483111003242288228e-02
3.485198802983646704e-02
3.478275027958762505e-02
3.477080483254860188e-02
3.480272073720268311e-02
3.470377520858528020e-02
3.468856768235221294e-02
3.473145229145217089e-02
3.460305071933857807e-02
3.463833021056113293e-02
3.458456349462415980e-02
3.448076648837891667e-02
3.452353637930137553e-02
3.445899088929101767e-02
3.433714470626595544e-02
3.431208070879269295e-02
3.438728567973681899e-02
3.195198820699694797e-02
3.194597149213872223e-02
3.227374810012731410e-02
3.221036313455314520e-02
3.210869329540756018e-02
3.233108916626226126e-02
3.261855359713081159e-02
3.262871866049258524e-02
3.250391737299501010e-02
3.276664754924180079e-02
3.339672140824573310e-02
3.342448680589943377e-02
3.329564911059330196e-02
3.313483397800089797e-02
3.316435853391608984e-02
3.302548177775267713e-02
3.351670436330552588e-02
3.380886443522768819e-02
3.383363061653599235e-02
3.372336023739718608e-02
3.225560870309922279e-02
3.230824913095956680e-02
3.256581896165888779e-02
3.261932598934759453e-02
3.246413003933653479e-02
3.289619091781444127e-02
3.278526716120853945e-02
3.290366104306213790e-02
3.301663314452196046e-02
3.319947809514394582e-02
3.329199956560603690e-02
3.316720760790327349e-02
3.370268025194461670e-02
3.345683914013257432e-02
3.354062111914395822e-02
3.342045214328343006e-02
3.388313096025286075e-02
3.407892865095842050e-02
3.425407462784425122e-02
3.475523564065247095e-02
3.466861420698884311e-02
3.456007976299275281e-02
3.442978780391169058e-02
3.427792889187060432e-02
3.410472743778437260e-02
3.391044024333512291e-02
3.481982461617058600e-02
3.486229845538844213e-02
3.488261170121836896e-02
3.488075630484847173e-02
3.485676155185993969e-02
3.481069372784403870e-02
3.474265553312073235e-02
3.465278525383896219e-02
3.454125569772362875e-02
3.440827290290666973e-02
3.211165546904662382e-02
3.244521212451768888e-02
3.285311652048683584e-02
3.273550727974365582e-02
3.288424733783065768e-02
3.326487437560854410e-02
3.299301471612597209e-02
3.358350346893598792e-02
3.361037716842314726e-02
3.348982905608505894e-02
3.369535473843238843e-02
3.241193073210188458e-02
3.273166423933732833e-02
3.304726625396356421e-02
3.332725846522220647e-02
3.384428351677025437e-02
3.381262343043264784e-02
3.373436815020620927e-02
3.369011189854262400e-02
3.357310374151978999e-02
3.365765451967313304e-02
3.391575339193207694e-02
3.404511195384413158e-02
3.401557400328415748e-02
3.410845785011319686e-02
3.422440520671316683e-02
3.428047867911399038e-02
3.419799149217291750e-02
3.477729494951398159e-02
3.478506278893687964e-02
3.474745826967683832e-02
3.469592820876236244e-02
3.470655962897905428e-02
3.465797433122995430e-02
3.459273566470776745e-02
3.460615270550556483e-02
3.454665552415882995e-02
3.446787039899643079e-02
3.448398743360227281e-02
3.441366500389015509e-02
3.432152013778843463e-02
3.434024436006175712e-02
3.425920050466517430e-02
3.415390603782093859e-02
3.408349306349934410e-02
3.417513800816806419e-02
3.396528120855795557e-02
3.398891547060974017e-02
3.388680548929820513e-02
3.483671843767233156e-02
3.484155282637371037e-02
3.481497980526969405e-02
3.487411758648685522e-02
3.487595709606775007e-02
3.486044782007504533e-02
3.488944814652478882e-02
3.488824006403465350e-02
3.488380814109032918e-02
3.488270292052520621e-02
3.487840344324076580e-02
3.488504380713231684e-02
3.485391172025254641e-02
3.484648606994959763e-02
3.486417507495905010e-02
3.480314106897918619e-02
3.479256352383801321e-02
3.482125916814857863e-02
3.473049365503065589e-02
3.471674750064253356e-02
3.475638977253605461e-02
3.463610754245178419e-02
3.461918494296869347e-02
3.466969628735673548e-02
3.452015514649255795e-02
3.450005693826562608e-02
3.456134283848899535e-02
3.438284198339238568e-02
3.443152706358760390e-02
3.435957739237960329e-02
3.227104850904533029e-02
3.227119340094545402e-02
3.211213413519822812e-02
3.197852459501179800e-02
3.196439751679639590e-02
3.255582938282274713e-02
3.258633274473573399e-02
3.241478871108353227e-02
3.270334428971190255e-02
3.333782988433947603e-02
3.336667829885353598e-02
3.323602644812235357e-02
3.307218946538371951e-02
3.310288616528071770e-02
3.296232154281690530e-02
3.345978714406645793e-02
3.375592899723365431e-02
3.378185475476205846e-02
3.366943056357694919e-02
3.216371155406699822e-02
3.221026167494885073e-02
3.244167270882800103e-02
3.250406404285486467e-02
3.235004923089989520e-02
3.273132480315669307e-02
3.264921555802195036e-02
3.281330267009186646e-02
3.300709205412265257e-02
3.295151811481943083e-02
3.310290227354836801e-02
3.327543094519758160e-02
3.323693546447636926e-02
3.336574853442299260e-02
3.376785399894006306e-02
3.352415590222199149e-02
3.348997083787907253e-02
3.360729739997020404e-02
3.394438796857841140e-02
3.413400335667792634e-02
3.430290567352976133e-02
3.473599412278977755e-02
3.480640451167245353e-02
3.464369436449637324e-02
3.452964057583714913e-02
3.439400325239782424e-02
3.423698694447104007e-02
3.405882891244906702e-02
3.385979752754406796e-02
3.485482620875875182e-02
3.488119651150593803e-02
3.488548968230600206e-02
3.486771703385737470e-02
3.482792675900010793e-02
3.476620350780195573e-02
3.468266771898073642e-02
3.457747471196099404e-02
3.445081354835211052e-02
3.212446444602536089e-02
3.241227320837778564e-02
3.279368911991273339e-02
3.282271938076550960e-02
3.267451033362668567e-02
3.320407843848917351e-02
3.293192544239019470e-02
3.352616065741365753e-02
3.355426279122506600e-02
3.343168910779059644e-02
3.364019035221964271e-02
3.230448553716293303e-02
3.258728388853907032e-02
3.286871588075405276e-02
3.208585632699056250e-02
3.212550930326815019e-02
3.314038183912332292e-02
3.339886585534768831e-02
3.390447549211880740e-02
3.379746948271213081e-02
3.387488148674967087e-02
3.375204412421312777e-02
3.363774962568771842e-02
3.372161028303195807e-02
3.397496284940314942e-02
3.409944042301516626e-02
3.407181993812642695e-02
3.416161938859257202e-02
3.427276904547521541e-02
3.424814781262931068e-02
3.432752160811147063e-02
3.475876193438080797e-02
3.476761789204830394e-02
3.472713360937674382e-02
3.482405260710174505e-02
3.482998470329356361e-02
3.480046691632970868e-02
3.467163974731685139e-02
3.468336129615640084e-02
3.463196938505315459e-02
3.456281951904200539e-02
3.457734043320468548e-02
3.451511753368548263e-02
3.443246957294230498e-02
3.444971607306047956e-02
3.437675609871464200e-02
3.428079196921538646e-02
3.421709671298155814e-02
3.430068318686233658e-02
3.410802114825131626e-02
3.403638318195437856e-02
3.413046966200104088e-02
3.391442233992367217e-02
3.393933476614394151e-02
3.383488983007922751e-02
3.486741401316581501e-02
3.487037226532782586e-02
3.485186169803589779e-02
3.488878473951056991e-02
3.488872771429356312e-02
3.488124670295798119e-02
3.488814008795069338e-02
3.488503508238174899e-02
3.488858746147681378e-02
3.486549218723894450e-02
3.487388644916013247e-02
3.485931533242625502e-02
3.482088985382951474e-02
3.483718299549661696e-02
3.481162613948071693e-02
3.475441820369565282e-02
3.477855294068701864e-02
3.474206142342766562e-02
3.466619801742225337e-02
3.469810804476352456e-02
3.465075063630199126e-02
3.455638486575673268e-02
3.453785781234180313e-02
3.459599515537627873e-02
3.442516800399329779e-02
3.440358038931481954e-02
3.447239514220029610e-02
3.224363849655447617e-02
3.211261817319573109e-02
3.225700579245475985e-02
3.251131984691098958e-02
3.239120591843010211e-02
3.253276320538874000e-02
3.202583977555563399e-02
3.200069051313614993e-02
3.265145969428107087e-02
3.327647837861719832e-02
3.317400648978174188e-02
3.330655397676989676e-02
3.300779048246533370e-02
3.290036782760723949e-02
3.303937261117170787e-02
3.340041273850386655e-02
3.370028979903798294e-02
3.372756736792861115e-02
3.361291941166358321e-02
3.237531144665455052e-02
3.227118353168803577e-02
3.240914800670228330e-02
3.259823379162533896e-02
3.266496523105173050e-02
3.252120937580582627e-02
3.281966806851414203e-02
3.277505191876527169e-02
3.291291256129630360e-02
3.223299708029839922e-02
3.308041190927791392e-02
3.304315504026232586e-02
3.317756672362924542e-02
3.334380364857115336e-02
3.330906779088227410e-02
3.343362759505742049e-02
3.382894579626549714e-02
3.358756046149470598e-02
3.355532676237398676e-02
3.366999094899651712e-02
3.400166057715357099e-02
3.418535359807434865e-02
3.434825339109823239e-02
3.471457031340486471e-02
3.479079342067986635e-02
3.484513127629542545e-02
3.461657762880403916e-02
3.449696634527768535e-02
3.435592175259639947e-02
3.419366221686663543e-02
3.401043770678317812e-02
3.380652808814856719e-02
3.487750425439354457e-02
3.488786927604136529e-02
3.487622005280163057e-02
3.484258707324283666e-02
3.478703733857690245e-02
3.470967385076736272e-02
3.461063485683801150e-02
3.449009285775742756e-02
3.213543614739888810e-02
3.237707474044149158e-02
3.272605823321318719e-02
3.275917571703888115e-02
3.261831367020626843e-02
3.314118305504693690e-02
3.286582161000893565e-02
3.346594435507619508e-02
3.349548411776259033e-02
3.337088254356476019e-02
3.358224135147589579e-02
3.248862178359403219e-02
3.270869474109532049e-02
3.294893877379312386e-02
3.202325991531984606e-02
3.205563737609518071e-02
3.233606178242511703e-02
3.235666583797838086e-02
3.221267748874762082e-02
3.321119596757871051e-02
3.346478219713135138e-02
3.396088866815749618e-02
3.385666159678159259e-02
3.393318885254423961e-02
3.381030480227435742e-02
3.369859913426118819e-02
3.378170917221837849e-02
3.403035458269430824e-02
3.415022386486485373e-02
3.412436938359084126e-02
3.421120797511850026e-02
3.431780716605784681e-02
3.429484264617672223e-02
3.437121699509190775e-02
3.473791786885523092e-02
3.470456031705196343e-02
3.474792825614035630e-02
3.480909419226199675e-02
3.478371605695494695e-02
3.481617095240745891e-02
3.485841351446752889e-02
3.484102529235702517e-02
3.486251808205882013e-02
3.464499881742481163e-02
3.465789604954828962e-02
3.460368196155045456e-02
3.453048641663150620e-02
3.454621581363585131e-02
3.448123986240182737e-02
3.439456415251510024e-02
3.441306351857505164e-02
3.433742681913098949e-02
3.423744836229085375e-02
3.417246825174238833e-02
3.425864843859804942e-02
3.405938677653387592e-02
3.398662067638089784e-02
3.408321174258577280e-02
3.386065683059064080e-02
3.378016997337938976e-02
3.388702485017525134e-02
3.488579744320294274e-02
3.488689971029561993e-02
3.487639994091383533e-02
3.489120397985354116e-02
3.488928246924324211e-02
3.488978829179086028e-02
3.487462779541445484e-02
3.488117533245641694e-02
3.486966975163448279e-02
3.483610024437476527e-02
3.482810164834443389e-02
3.485058281107282496e-02
3.477568913245177723e-02
3.479806905072614642e-02
3.476465463810567147e-02
3.469349823390915910e-02
3.472372851399245508e-02
3.467944102831591047e-02
3.458966656455448457e-02
3.462769112171100450e-02
3.457260815377002222e-02
3.446436741662847053e-02
3.444433734069346498e-02
3.451012133295947720e-02
3.241122924067364741e-02
3.232750268603593047e-02
3.221867002579754946e-02
3.246112335204479754e-02
3.208771660942146692e-02
3.205591259369514057e-02
3.256795446269093730e-02
3.321188470921407343e-02
3.310948031870191571e-02
3.324358593646768029e-02
3.293957772661142147e-02
3.283241298336916913e-02
3.297303068699208861e-02
3.333798692447077772e-02
3.364156392476405633e-02
3.367038762308054156e-02
3.355342920455589573e-02
3.260806671991300226e-02
3.249313069163776296e-02
3.260416581508274875e-02
3.271473379334653014e-02
3.288086529198131630e-02
3.297996067075791710e-02
3.284928032939565812e-02
3.218233650345612290e-02
3.247476700019713558e-02
3.315103319642315194e-02
3.324704413083082871e-02
3.311513327407444862e-02
3.340842837629902362e-02
3.349765989194887494e-02
3.337555709725471137e-02
3.388630830662399396e-02
3.364743505234658177e-02
3.361696380961888553e-02
3.372908230088145914e-02
3.405527241407921291e-02
3.423327226695592473e-02
3.439037875398198024e-02
3.469081868564939664e-02
3.477288444354131869e-02
3.483314550850604568e-02
3.487150549710896913e-02
3.458708013025860173e-02
3.446183529641036469e-02
3.431528419972573740e-02
3.414765899300042928e-02
3.395922238899130863e-02
3.375026589250738202e-02
3.488790418129836257e-02
3.488231788487459323e-02
3.485475962735181538e-02
3.480527901494867571e-02
3.473396188279104235e-02
3.464092968937702161e-02
3.452633866951534958e-02
3.230733905795803163e-02
3.216710476448759320e-02
3.235972397934378658e-02
3.219771320288708494e-02
3.261922949186887161e-02
3.267345159346377037e-02
3.251588654360342695e-02
3.307471494688726810e-02
3.277986415792916164e-02
3.340244026370631919e-02
3.343362675779625731e-02
3.330681304133799314e-02
3.352110820975082173e-02
3.274428268391572222e-02
3.301462100321164717e-02
3.228043539975826437e-02
3.230926120373316113e-02
3.215324942467456815e-02
3.197719698546375861e-02
3.200134048085461619e-02
3.261240189668256073e-02
3.247534983693789457e-02
3.261098365673244237e-02
3.327878169853873414e-02
3.352704462919756101e-02
3.401385930391067486e-02
3.398788291384760574e-02
3.391229507946511013e-02
3.386525956945753146e-02
3.375603237693924202e-02
3.383831662927651307e-02
3.408225084173668873e-02
3.419776693187304845e-02
3.425751449236933560e-02
3.417352895680605268e-02
3.435979139071725780e-02
3.433835056353472248e-02
3.441182304148147214e-02
3.471462520539042584e-02
3.472586194609491445e-02
3.467958724300295587e-02
3.479174391620526441e-02
3.480001814505826602e-02
3.476461446719002202e-02
3.484705533527270027e-02
3.485233976987663074e-02
3.482786446200156205e-02
3.488046410763040450e-02
3.488273991588904804e-02
3.486923239429256388e-02
3.461582999558038970e-02
3.462999374886949894e-02
3.457292289912242134e-02
3.449552360111205612e-02
3.451257095376675244e-02
3.444479586444169905e-02
3.435390472102362036e-02
3.437378471697224297e-02
3.429541369040876170e-02
3.419120407369893172e-02
3.421385863834677799e-02
3.412501563895407181e-02
3.400768280767532681e-02
3.403304723864677972e-02
3.393387104422505157e-02
3.380363067310775127e-02
3.372227753811728873e-02
3.383163422101215234e-02
3.489191098774240690e-02
3.489116794162535479e-02
3.488864943192703655e-02
3.488137325627426594e-02
3.487760981623782425e-02
3.488608320785460681e-02
3.484886489761997164e-02
3.486153804741164153e-02
3.484208821497516290e-02
3.479443652033720191e-02
3.478466236324189581e-02
3.481505493540390517e-02
3.471817502696561419e-02
3.470542763000220715e-02
3.474671123498717512e-02
3.462020303383438191e-02
3.460451487363869899e-02
3.465662015616845226e-02
3.450067804548297146e-02
3.454492997950135702e-02
3.448208954606302862e-02
3.246468699309224687e-02
3.241149962767409659e-02
3.235908827211163991e-02
3.225063809907462858e-02
3.216492482800079045e-02
3.212574788184478086e-02
3.314402838722549371e-02
3.304142603693482894e-02
3.317737121052999338e-02
3.287398241754455053e-02
3.274767523332301755e-02
3.290596554825509640e-02
3.327229488612827579e-02
3.357936376604368778e-02
3.360993051385303271e-02
3.349055914002516121e-02
3.274723621633066767e-02
3.294283092060126122e-02
3.304661991806823185e-02
3.291123344549021223e-02
3.213114417725573130e-02
3.244805642968583148e-02
3.321521552721556220e-02
3.318252808551755417e-02
3.331149947896227398e-02
3.346970207291954935e-02
3.343850561945037325e-02
3.355825749556540227e-02
3.394029209408551406e-02
3.370417471502087231e-02
3.367527122957231916e-02
3.378495155103793807e-02
3.410554390188325763e-02
3.427804765093292461e-02
3.442953662811382848e-02
3.466458273910962701e-02
3.475255915868269430e-02
3.481878888711373993e-02
3.486315879106564181e-02
3.488559152998785967e-02
3.455500775899765509e-02
3.442401631826662312e-02
3.427182323383962115e-02
3.409867456218438481e-02
3.390484590322637160e-02
3.369064039337728300e-02
3.488604609950573393e-02
3.486451813001358729e-02
3.482103993526979024e-02
3.475568030750561532e-02
3.466854406183422777e-02
3.455977133267438411e-02
3.251587527295611568e-02
3.228859740117047405e-02
3.300784934777138691e-02
3.264249879437978313e-02
3.263115839926258172e-02
3.275736951841864975e-02
3.333521583726120618e-02
3.336827157119889864e-02
3.323925521851086445e-02
3.345638513570372424e-02
3.277754110609615995e-02
3.307809198412220431e-02
3.224271817022809905e-02
3.211140037637947448e-02
3.226250512581974733e-02
3.247943262823946298e-02
3.254590526007152679e-02
3.238097864561086114e-02
3.194893682484387099e-02
3.196426872371968542e-02
3.334155748843251749e-02
3.358607397635803710e-02
3.406372053252555709e-02
3.396471921993746146e-02
3.403929828864393076e-02
3.391727044456175483e-02
3.381042707710174566e-02
3.389179649184234644e-02
3.413097038845376574e-02
3.424236933317011816e-02
3.421960090014066619e-02
3.430082465155336047e-02
3.439898707483192430e-02
3.444959129966811140e-02
3.437894021379399312e-02
3.468873571384831905e-02
3.465205257161329405e-02
3.470127603673162781e-02
3.477189122610038069e-02
3.478142133875513492e-02
3.474303810358492922e-02
3.483326703743166303e-02
3.483977071440578360e-02
3.481229335159083393e-02
3.487275070532457749e-02
3.487622023402858762e-02
3.485969667053018251e-02
3.489026562582254326e-02
3.489070195397811491e-02
3.488516205871491915e-02
3.458394795678370465e-02
3.453949317291522131e-02
3.459947397531414059e-02
3.445770936987407884e-02
3.447618857224135636e-02
3.440555000073642483e-02
3.431023405429776962e-02
3.433162628996053178e-02
3.425044550487483380e-02
3.414176731948562887e-02
3.416602521180627655e-02
3.407443295744289058e-02
3.395258399808665645e-02
3.387779469307495434e-02
3.397965340089408731e-02
3.374298640030805319e-02
3.366083997970264335e-02
3.377280700624586685e-02
3.488577160665638777e-02
3.488863978029673601e-02
3.488318441194948605e-02
3.485926519866255902e-02
3.485367288167055821e-02
3.487011673964402619e-02
3.481077977360515219e-02
3.480220937209673598e-02
3.482961660920836505e-02
3.474038534752828256e-02
3.472887237380234415e-02
3.476719970157975126e-02
3.464818814989339968e-02
3.463377635308706459e-02
3.468296258908745017e-02
3.453432994003296369e-02
3.457703747197982819e-02
3.451707099688521713e-02
3.252783248940752797e-02
3.246853521836412515e-02
3.231775310220748321e-02
3.243942362660946072e-02
3.225626986807336727e-02
3.221028941340825513e-02
3.307600140674513828e-02
3.297462293939468214e-02
3.310938197337414540e-02
3.277879545375061293e-02
3.282704417684775833e-02
3.271120036199227227e-02
3.320461769914462291e-02
3.351330178486576494e-02
3.354580781331664013e-02
3.342389938357842594e-02
3.272926210659093949e-02
3.283563108513594397e-02
3.267062049628677994e-02
3.301031300397912899e-02
3.311240210152747304e-02
3.297600115759011935e-02
3.209839486386260876e-02
3.236283819393270117e-02
3.260409255759812858e-02
3.327769954477103470e-02
3.324587844898341249e-02
3.337339458231559225e-02
3.352805145289441957e-02
3.361582790785919844e-02
3.349831948137231563e-02
3.399124462793417373e-02
3.375817000317633820e-02
3.383797495590005339e-02
3.373064215241307340e-02
3.415279141851702144e-02
3.431996230300737166e-02
3.446597474565044061e-02
3.463569566731189431e-02
3.472968815054451597e-02
3.480196989793791357e-02
3.485241089221507993e-02
3.488091656062258794e-02
3.488742847427266786e-02
3.452015696837350267e-02
3.438326991168100949e-02
3.422526431535753005e-02
3.404640037217090964e-02
3.384696683075398560e-02
3.362727864951364082e-02
3.487192480101997116e-02
3.483442051048502713e-02
3.477496732466225232e-02
3.469365341400499486e-02
3.459060283979596695e-02
3.255628489864983988e-02
3.236312415438087620e-02
3.292775088187907540e-02
3.262525899213638420e-02
3.326389059516307589e-02
3.329900327657303594e-02
3.316952887799377164e-02
3.338767298981904635e-02
3.286880273482667425e-02
3.314304722796405922e-02
3.194059582595731861e-02
3.194611026129626913e-02
3.224266918853115060e-02
3.224385237191940839e-02
3.209714961535566069e-02
3.250923282316253021e-02
3.237695967878798098e-02
3.249525606673665801e-02
3.261988519274235110e-02
3.340198909075708239e-02
3.364227482674542885e-02
3.411080058997011805e-02
3.401427906010390939e-02
3.408776563009179722e-02
3.396669434858393122e-02
3.386215721008411367e-02
3.394250819147362486e-02
3.417682710021188036e-02
3.428432448198679566e-02
3.434141779982414350e-02
3.426288183532899545e-02
3.443565202207550524e-02
3.441687323014930300e-02
3.448476566102721269e-02
3.466009107502304731e-02
3.467401720783166996e-02
3.462178448698625954e-02
3.474941473872985437e-02
3.476026452850566884e-02
3.471885216123282714e-02
3.481696480156561135e-02
3.482473275891599662e-02
3.479421477247608696e-02
3.486261146618780532e-02
3.486730074791263845e-02
3.484773365830121095e-02
3.488626051298410191e-02
3.487930545659161108e-02
3.488788306471726081e-02
3.488785403695323500e-02
3.488643065417340594e-02
3.488886288686847414e-02
3.454915821534190051e-02
3.450318469980251379e-02
3.456614677005032804e-02
3.441681397044472207e-02
3.443684288133547905e-02
3.436325879965272667e-02
3.426328813275289487e-02
3.428632755129702031e-02
3.420224438371020914e-02
3.408884093382403419e-02
3.402040903582738418e-02
3.411485362108970104e-02
3.389376127371243608e-02
3.392270299291032243e-02
3.381804840282875285e-02
3.367836556461666075e-02
3.359548421968711063e-02
3.371018487374716904e-02
3.486737093644939889e-02
3.487637528164858752e-02
3.486293124716937503e-02
3.482482715028338560e-02
3.481740951813332846e-02
3.484184887095571892e-02
3.476027563849753282e-02
3.474992698714367972e-02
3.478532681195609794e-02
3.467380610454041945e-02
3.466058166524170481e-02
3.470688896193276085e-02
3.456554445834252032e-02
3.454950744373454230e-02
3.460665139456443884e-02
3.255910258877996177e-02
3.251381575577311916e-02
3.240908546641133037e-02
3.236039000296752483e-02
3.230816914323574041e-02
3.301322601318292665e-02
3.304391064884439760e-02
3.289702049337732415e-02
3.267007126786786175e-02
3.313744145905703903e-02
3.344297373880843194e-02
3.347763240656059097e-02
3.335308142332669978e-02
3.278927437856838517e-02
3.275850121539516241e-02
3.289944319945202478e-02
3.307097294989116976e-02
3.304001732500209260e-02
3.317403548673341501e-02
3.209416220272632431e-02
3.237807023306131515e-02
3.264907698725028062e-02
3.333750609163787376e-02
3.343249801636849483e-02
3.330702060108554213e-02
3.358390016584195809e-02
3.355542438870272315e-02
3.367077717789919433e-02
3.403950835263175323e-02
3.380980707932931817e-02
3.378346462940610972e-02
3.388852383254902650e-02
3.419732575899409738e-02
3.435929185756515097e-02
3.449993271079402485e-02
3.470413152955867386e-02
3.460398102467316522e-02
3.478258590666773176e-02
3.483919697825289125e-02
3.487385267687190260e-02
3.488647689991743184e-02
3.487703012314481710e-02
3.448231559301631610e-02
3.433934914438484254e-02
3.417532681195936672e-02
3.399052325650792766e-02
3.378524104760635693e-02
3.355980692957268724e-02
3.484550976409239720e-02
3.479195029132344658e-02
3.471642307598823279e-02
3.461903598419206057e-02
3.246097218077500374e-02
3.279475047445415403e-02
3.278662442007691108e-02
3.290307912302306570e-02
3.267750424465883791e-02
3.319011895033897874e-02
3.322633487359723248e-02
3.310112341382552559e-02
3.331552246650798521e-02
3.292909328025289684e-02
3.320332383004435950e-02
3.226112813143997698e-02
3.210211631904669183e-02
3.225300867335503807e-02
3.195267044393526601e-02
3.194778122582592195e-02
3.254337540035856513e-02
3.239417936390071723e-02
3.252736302636857757e-02
3.266711950977158746e-02
3.345984689594702632e-02
3.369605040293500303e-02
3.415542148451137378e-02
3.406131397318334225e-02
3.413361000058501293e-02
3.401388225465730442e-02
3.399080557362105237e-02
3.391159125328872814e-02
3.422012859566955778e-02
3.432391837420333686e-02
3.430366152068746455e-02
3.437956579953036634e-02
3.447003547418713704e-02
3.451758138510034601e-02
3.445240318195303547e-02
3.472418267089068949e-02
3.473642108460266165e-02
3.469191158489593613e-02
3.462852347805382702e-02
3.464392233906517932e-02
3.458860184213807809e-02
3.479805370262263609e-02
3.480713649377165791e-02
3.477352056186770735e-02
3.484998900589687809e-02
3.483327274273340102e-02
3.485592985237735697e-02
3.487987634426430172e-02
3.487104707074226151e-02
3.488269791276578380e-02
3.488763970847180013e-02
3.488675839638625403e-02
3.488737371083917155e-02
3.487323996892582878e-02
3.486992713704218511e-02
3.488035817250794562e-02
3.451125789076285588e-02
3.452981338659241034e-02
3.446378117038850775e-02
3.437260049427293823e-02
3.439430048017068364e-02
3.431767180856693661e-02
3.421279721615102382e-02
3.423762154076930020e-02
3.415052688817502013e-02
3.403212377238808845e-02
3.406004455336803655e-02
3.396262871216746554e-02
3.383088300896312794e-02
3.375428646905213881e-02
3.386186534971905027e-02
3.360940872548496411e-02
3.352582771444095194e-02
3.364340729429887711e-02
3.483667527657492713e-02
3.483036525554535773e-02
3.485183489956170805e-02
3.477798120623106642e-02
3.476873236631775749e-02
3.480121431620523953e-02
3.469723063752826880e-02
3.472855933060605554e-02
3.468510980658678911e-02
3.459453337039021525e-02
3.463396968961274247e-02
3.457961548969618049e-02
3.267352320464115417e-02
3.261655481338021634e-02
3.251844048798298997e-02
3.247574709518304126e-02
3.241819226250816643e-02
3.292832852036554209e-02
3.297045922807104873e-02
3.286099300042404775e-02
3.273476780960119653e-02
3.305822901896619814e-02
3.336816769678990768e-02
3.340503493424253068e-02
3.327879976332887707e-02
3.284918421090710083e-02
3.281848237574749860e-02
3.295966438306074942e-02
3.313219440376970193e-02
3.323451682943328461e-02
3.310094282878184302e-02
3.210927877441809020e-02
3.240447155654666705e-02
3.269629461947723414e-02
3.339508540799505237e-02
3.336571707144608823e-02
3.348924565983057988e-02
3.363766939247798265e-02
3.361024195877114484e-02
3.372350697121378332e-02
3.408541957704103176e-02
3.385946629770659327e-02
3.393696380597086004e-02
3.383412203411921559e-02
3.423945089423382354e-02
3.439630395503485982e-02
3.453164104132985801e-02
3.467573944458565011e-02
3.476052351026440168e-02
3.456925340758568166e-02
3.482344085136247769e-02
3.486436149720865962e-02
3.488319127462025798e-02
3.487987258316915806e-02
3.485438492259284454e-02
3.444126367826873952e-02
3.429200062575388230e-02
3.412172514604672885e-02
3.393072663718532667e-02
3.371932274308009347e-02
3.348789832359461843e-02
3.480674516539258856e-02
3.473700756932864009e-02
3.464526352570643924e-02
3.257613583429102427e-02
3.280115003725153633e-02
3.308657722784981436e-02
3.313891237714149118e-02
3.300778268642727553e-02
3.322772347922767905e-02
3.298955628400053464e-02
3.326268015921089033e-02
3.228062846705691269e-02
3.211767050945249502e-02
3.227185902611200835e-02
3.257808802190231140e-02
3.242086671191059255e-02
3.256182407607682849e-02
3.198692786898071905e-02
3.197043353999463877e-02
3.271464787405804764e-02
3.351556420304653561e-02
3.374779974717677378e-02
3.419789797081172755e-02
3.410615672422682293e-02
3.417714970807733676e-02
3.405917809192622603e-02
3.395909123597937868e-02
3.403703600923143474e-02
3.426117514304474754e-02
3.436142852279554238e-02
3.434222175646316905e-02
3.441553197576091572e-02
3.450237709184358903e-02
3.448577455961039651e-02
3.454826413880403985e-02
3.469605329301238966e-02
3.470975419388295374e-02
3.466206159589690222e-02
3.477642799302074067e-02
3.475009194050653061e-02
3.478688153503539660e-02
3.459385622308898400e-02
3.461081911005797068e-02
3.455231484374347850e-02
3.483481444574581393e-02
3.481623200312032596e-02
3.484204437785215491e-02
3.487108185268320004e-02
3.487512118401851768e-02
3.486034255218749961e-02
3.488513555886673528e-02
3.488602661349829437e-02
3.488232009770871750e-02
3.487691787537992860e-02
3.487471226236871225e-02
3.488209775122027428e-02
3.484640864994430903e-02
3.484116714890857919e-02
3.485964583787425075e-02
3.447003643513719268e-02
3.449026703803415028e-02
3.442105885851202279e-02
3.432482583330834225e-02
3.434832127895429826e-02
3.426853261403369627e-02
3.415848667859573001e-02
3.418523599843981825e-02
3.409500514470442667e-02
3.397130881697628391e-02
3.400129389551087566e-02
3.390077269691219725e-02
3.376362759382137146e-02
3.379681098349419932e-02
3.368615914604483619e-02
3.353575627872236453e-02
3.345155559879086499e-02
3.357213052249936186e-02
3.479362557941420575e-02
3.478541794166042228e-02
3.481497225365431936e-02
3.471862425691888548e-02
3.470752892345431440e-02
3.474812256112254361e-02
3.462149794812857673e-02
3.460760168705299955e-02
3.465917981857177116e-02
3.278444274910392170e-02
3.263109416564508730e-02
3.272902288370399537e-02
3.260152773614702348e-02
3.253889091965392333e-02
3.285718951140995797e-02
3.293687397927641536e-02
3.330961289543719894e-02
3.333818381673075287e-02
3.319909154450946531e-02
3.289652008255200544e-02
3.301409188752290474e-02
3.287188902514319444e-02
3.319130251935262926e-02
3.329296375132659996e-02
3.316112520658295176e-02
3.213535190432190852e-02
3.243188257291514803e-02
3.273716263885011885e-02
3.345091098066151070e-02
3.342243442550463239e-02
3.354407003687287503e-02
3.368976308949669235e-02
3.366318443350753420e-02
3.377441198621717461e-02
3.412930745766105251e-02
3.390752130104869588e-02
3.388299127821355755e-02
3.398365342711446441e-02
3.427946291493496472e-02
3.443125718490402942e-02
3.456132020014321404e-02
3.464435261242464204e-02
3.473565890571170267e-02
3.480505513916636734e-02
3.453131912019029304e-02
3.485239289560735504e-02
3.487755938725948385e-02
3.488047840041870462e-02
3.486111099287061282e-02
3.481945593621484786e-02
3.439677431807035973e-02
3.424096541842122643e-02
3.406416848277290382e-02
3.386669499040860509e-02
3.364887367002831337e-02
3.342163618434713934e-02
3.475554989626540581e-02
3.466946734516689749e-02
3.269412476440528709e-02
3.288648682184268368e-02
3.283523098870202994e-02
3.298742263873841868e-02
3.311311300250643908e-02
3.309939617439863757e-02
3.321037891698941369e-02
3.304290520179069268e-02
3.332028736786622758e-02
3.225910848218720844e-02
3.226913490889368741e-02
3.212109042960149818e-02
3.260749211494246708e-02
3.244519154005297973e-02
3.259370389093334264e-02
3.204189679839773708e-02
3.201509688967701939e-02
3.275296389696515792e-02
3.356956000120939893e-02
3.379791386979656698e-02
3.423853629603777066e-02
3.414913230784610843e-02
3.421869520042633561e-02
3.410291706582058852e-02
3.400501163346552475e-02
3.408153903873901297e-02
3.430025851472182780e-02
3.439712276660766149e-02
3.437883525798743345e-02
3.444957001837346822e-02
3.453290588890354368e-02
3.457702901255117756e-02
3.451722173285848294e-02
3.466487537119836149e-02
3.462913821412010040e-02
3.468011730802506021e-02
3.475197138603867281e-02
3.472379988108131865e-02
3.476385680756717556e-02
3.481700753083840499e-02
3.482556970893388448e-02
3.479651841374308691e-02
3.455590434358395829e-02
3.457452661306668895e-02
3.451272572849405085e-02
3.485983376341177109e-02
3.486511556897935876e-02
3.484713579480907403e-02
3.488033609579525851e-02
3.488239005662958914e-02
3.487552957740205906e-02
3.487843759394700788e-02
3.487732586431381565e-02
3.488161391792876653e-02
3.485409912564230162e-02
3.484989336775057983e-02
3.486534036184738700e-02
3.480731985047848254e-02
3.482669837473540558e-02
3.480010102748526402e-02
3.442527643232411172e-02
3.444729366301810258e-02
3.437478750548565720e-02
3.427324115555696604e-02
3.429865923456133781e-02
3.421557950315571445e-02
3.410007747026294611e-02
3.412889401404435585e-02
3.403538622733046776e-02
3.390607739375967045e-02
3.393829184654206105e-02
3.383452286868775249e-02
3.369385572359065439e-02
3.361449321779878818e-02
3.372830632580408466e-02
3.347045646480071440e-02
3.338972355913596979e-02
3.350261092423391374e-02
3.473813744197404990e-02
3.476571561017904183e-02
3.472799552355377434e-02
3.464662803455099971e-02
3.468245790734580253e-02
3.463366161703976265e-02
3.273649419580702824e-02
3.266944003097008165e-02
3.274466821299142766e-02
3.299973381930774302e-02
3.324682584743841179e-02
3.327772257705318565e-02
3.317952384042583552e-02
3.297208512390562701e-02
3.293383690478106363e-02
3.308146798521448967e-02
3.324911759271381023e-02
3.334980542603388498e-02
3.321962986390500361e-02
3.214947024117552343e-02
3.243325720587310335e-02
3.279025710644314223e-02
3.350539759186708239e-02
3.359739324236895447e-02
3.347760537306574552e-02
3.374058823682213326e-02
3.382388122989389567e-02
3.371465830764927563e-02
3.417149257396778078e-02
3.395433634385046362e-02
3.402894229319498171e-02
3.393044151706059441e-02
3.431764881507624876e-02
3.446439995972803982e-02
3.458917959989239732e-02
3.460980285000907208e-02
3.470785825296245075e-02
3.478394149545826347e-02
3.483788503734882441e-02
3.448997688886613899e-02
3.486955679098687616e-02
3.487886124187688369e-02
3.486574032361599434e-02
3.483017403793692290e-02
3.477218081148346351e-02
3.434861431708299134e-02
3.418597947991965785e-02
3.400236042452499385e-02
3.379919742940302313e-02
3.358135258807560392e-02
3.335783030913068437e-02
3.469181758095433304e-02
3.281241027256465159e-02
3.301644356091850557e-02
3.306461374454973401e-02
3.295097806705210575e-02
3.313094048359580684e-02
3.310979611253187654e-02
3.337647148669359298e-02
3.242566343717819682e-02
3.223556790532177557e-02
3.234205010201562230e-02
3.251615027367748406e-02
3.212034369627264629e-02
3.208131510050006574e-02
3.275421460423554726e-02
3.268107134155263938e-02
3.286274649278225768e-02
3.362226298782293454e-02
3.384677769318475415e-02
3.427763273958899654e-02
3.419055638960845356e-02
3.425854771701657142e-02
3.414542385948064057e-02
3.404969669591192266e-02
3.412464461122846626e-02
3.433766068068268285e-02
3.443125803133306045e-02
3.441376444255793421e-02
3.448192284209312258e-02
3.456183915799231066e-02
3.454696788104764937e-02
3.460407951774930463e-02
3.463048865825534006e-02
3.464735460859983546e-02
3.459296881576416627e-02
3.472455735411265204e-02
3.473794083509718772e-02
3.469450547894027681e-02
3.479647675054141354e-02
3.480641990322486806e-02
3.477402804586329083e-02
3.484607674336242383e-02
3.485263171414498817e-02
3.483135896919581365e-02
3.451447532382454636e-02
3.446962952093055033e-02
3.453485601815776962e-02
3.487322318020887046e-02
3.487645218557040849e-02
3.486635608831495370e-02
3.487781904389002791e-02
3.487779434363797587e-02
3.487891384171614567e-02
3.485980538413262914e-02
3.485660916316982855e-02
3.486896423277229679e-02
3.481916199513478138e-02
3.481288615223082639e-02
3.483647754366531873e-02
3.475590782339772755e-02
3.478146278527591284e-02
3.474665366725415011e-02
3.437675450889648293e-02
3.440067277459445128e-02
3.432473100487594408e-02
3.421759299845868879e-02
3.424506321458142127e-02
3.415854626748308226e-02
3.403728284490736833e-02
3.406831264726931097e-02
3.397136709382354847e-02
3.383609775778533696e-02
3.387071070103624126e-02
3.376462635106274035e-02
3.361581136427641697e-02
3.365447327595703225e-02
3.354272139541424058e-02
3.338545618423657130e-02
3.342761512240725180e-02
3.331563136268844011e-02
3.467010109504287119e-02
3.465797894991889255e-02
3.470396787219656026e-02
3.287969069724785282e-02
3.280857444877854912e-02
3.287681622805539022e-02
3.314803044639452051e-02
3.319722318565172803e-02
3.308168753438590209e-02
3.303196953251008594e-02
3.314028050804830594e-02
3.300136042747506271e-02
3.330618878179701647e-02
3.340562980112243840e-02
3.327709332711247664e-02
3.233356528453741607e-02
3.237849834283638290e-02
3.218733693271595697e-02
3.258987890579437968e-02
3.222662135929576371e-02
3.289210052488818203e-02
3.355898550580309336e-02
3.353166066635204778e-02
3.364963693963485269e-02
3.379053757046972251e-02
3.376506328413945296e-02
3.387229267676395567e-02
3.421228531833214737e-02
3.400026376957904911e-02
3.397683108438160487e-02
3.407316911902470019e-02
3.435428515100531766e-02
3.449596937148970838e-02
3.461541659255816528e-02
3.457191367585037145e-02
3.467697806886980288e-02
3.475999080908832167e-02
3.482076441355444474e-02
3.485914666900666314e-02
3.444501868532506839e-02
3.487502192431958525e-02
3.486831214956780806e-02
3.483897774223284477e-02
3.478701807095196247e-02
3.471247174358660370e-02
3.429654531485860913e-02
3.412677296375512398e-02
3.393598769069857551e-02
3.372521711495454072e-02
3.349983627201809366e-02
3.326596725642712304e-02
3.294873641151370436e-02
3.301387268563709537e-02
3.316823738499508067e-02
3.343186684773031409e-02
3.256592926466082838e-02
3.249644940312933217e-02
3.245011078412117500e-02
3.266055903117709436e-02
3.246229778554971662e-02
3.229075437714245406e-02
3.239683853355239396e-02
3.222117735127456861e-02
3.217069788368360356e-02
3.279078398557724872e-02
3.291145145956888424e-02
3.277176279640426487e-02
3.367408725037046580e-02
3.389476286061862687e-02
3.431547235575137245e-02
3.423073374868960267e-02
3.429699788375067254e-02
3.418701183414112749e-02
3.409347944483171605e-02
3.416667164237895127e-02
3.437365253673430043e-02
3.446407916833378604e-02
3.444726022846701652e-02
3.451282145665092449e-02
3.458938138388121392e-02
3.457522391202735856e-02
3.462960656425671802e-02
3.459272438789717102e-02
3.455337272614177752e-02
3.461130149089128999e-02
3.469404943897103771e-02
3.470900204304590286e-02
3.466206035115776407e-02
3.477311946669243981e-02
3.478449781475512204e-02
3.474864628052523607e-02
3.482974335075546268e-02
3.483760817092389217e-02
3.481293255765086081e-02
3.486376580136346659e-02
3.486818837502775326e-02
3.485475641177477463e-02
3.446936958837195503e-02
3.442281461972450385e-02
3.449161118271344695e-02
3.487506873260777518e-02
3.487613087470099044e-02
3.487399165538571100e-02
3.486357237844019130e-02
3.486136632475491520e-02
3.487054983179445344e-02
3.482923616732910843e-02
3.484438111947137096e-02
3.482386436530746088e-02
3.477205933385890679e-02
3.476363413239644262e-02
3.479547497940923412e-02
3.469208123669686311e-02
3.468072447970114991e-02
3.472386051826896469e-02
3.432424337086267818e-02
3.427064830683457936e-02
3.435017879800144475e-02
3.415762452389411313e-02
3.418727998544734969e-02
3.409715953480206563e-02
3.396984979186136455e-02
3.400322360568439756e-02
3.390265726582411543e-02
3.376106521215770095e-02
3.379823060697188103e-02
3.368809077507546601e-02
3.353194000844287453e-02
3.357355164626211336e-02
3.345825500859627571e-02
3.328824623451286796e-02
3.333658327151584055e-02
3.321754187962013688e-02
3.303090340897018445e-02
3.295534922745157330e-02
3.308941501027488907e-02
3.309089471911862146e-02
3.319849496380477410e-02
3.306095594951588557e-02
3.336365876716855527e-02
3.333442253502866270e-02
3.346120434696164131e-02
3.251357138103069810e-02
3.267908609896783001e-02
3.234113234477131033e-02
3.294033385563623767e-02
3.361212241119677924e-02
3.358503913593143680e-02
3.370120492197870715e-02
3.383998998883371023e-02
3.381478422399020883e-02
3.392001332676604364e-02
3.425198471488925117e-02
3.404564607725668601e-02
3.402250740932342282e-02
3.411666145831034752e-02
3.438963682225234381e-02
3.452619006021231257e-02
3.464021543113812718e-02
3.453050083261322706e-02
3.464286562093606137e-02
3.473308342196281678e-02
3.480094587925470356e-02
3.484627969598631109e-02
3.486894810444557402e-02
3.439623103259592529e-02
3.486885211790688444e-02
3.484593152876993422e-02
3.480016565374243614e-02
3.473157379879154849e-02
3.424032831476657435e-02
3.406309382188001111e-02
3.386477154198257178e-02
3.364580358871590432e-02
3.340931390659213074e-02
3.315883310942838863e-02
3.322675912852220831e-02
3.348723851695924875e-02
3.262640361957550028e-02
3.255019934522717512e-02
3.250560579581188159e-02
3.238463063078239612e-02
3.234374171486216476e-02
3.228179334565264846e-02
3.287762044949261303e-02
3.298424159628221553e-02
3.283464200634832880e-02
3.372542421730006373e-02
3.394223171266397970e-02
3.435232778284155741e-02
3.426995728621435450e-02
3.433432449699311967e-02
3.422798159519046396e-02
3.413668132148723472e-02
3.420792707463607418e-02
3.440849271637159285e-02
3.449581773330897411e-02
3.447956084272410515e-02
3.454248380453221745e-02
3.461572309203729547e-02
3.460218734210171454e-02
3.465378739434576277e-02
3.455140579594626060e-02
3.457178510816379113e-02
3.451016166558788095e-02
3.466030159708317904e-02
3.462630706156971661e-02
3.467689908848691632e-02
3.474682205387522038e-02
3.472024803338406851e-02
3.475969522715642579e-02
3.481075398829677758e-02
3.479176539470531238e-02
3.481997134655115400e-02
3.485191984829331263e-02
3.484067471824274509e-02
3.485756100143336950e-02
3.487017934754546578e-02
3.486682813851656182e-02
3.487233500396703934e-02
3.442039563986681872e-02
3.437207132322472880e-02
3.444459592031244577e-02
3.486543075953834475e-02
3.486420261630631540e-02
3.487011567542759594e-02
3.483761196914930691e-02
3.483311251912704631e-02
3.485046631445183618e-02
3.478670132727147007e-02
3.477905354875535787e-02
3.480784887832725355e-02
3.471271818364241035e-02
3.470205512074917703e-02
3.474227260290208008e-02
3.426760652869871582e-02
3.421234046244932270e-02
3.429562596676397762e-02
3.409375475398689764e-02
3.403151437969845899e-02
3.412538657906629552e-02
3.389731319057946723e-02
3.393327665028308959e-02
3.382885844258179397e-02
3.368043466463847141e-02
3.372044018576447061e-02
3.360585750145218126e-02
3.344393594035229011e-02
3.348761627153123976e-02
3.336569449134364762e-02
3.318720261455700843e-02
3.323730779211619274e-02
3.310839386973987025e-02
3.315866551705155124e-02
3.312461260852980066e-02
3.326116859620302513e-02
3.341861535047176146e-02
3.339062973425210856e-02
3.351531951058915604e-02
3.266973716405421890e-02
3.244534851164570383e-02
3.271378056326718076e-02
3.301805879299320873e-02
3.366518805193563502e-02
3.363816591880183782e-02
3.375249527704579644e-02
3.388931949122099552e-02
3.386419854184271466e-02
3.396740050261114197e-02
3.429087722464428667e-02
3.409081213469652982e-02
3.415973382388597795e-02
3.406780619320785852e-02
3.442395585928561402e-02
3.455527301651289962e-02
3.466374617956850118e-02
3.448537931637717796e-02
3.460535939893662205e-02
3.470308937399509130e-02
3.477833269960656920e-02
3.483089389954383691e-02
3.486061395900227206e-02
3.486737179591627156e-02
3.434344546222058148e-02
3.485108543206407589e-02
3.481171295602628057e-02
3.474925321429388203e-02
3.418009933384949517e-02
3.399494346081811946e-02
3.378821558899532118e-02
3.356151601924525080e-02
3.331470307347951521e-02
3.328818559323031695e-02
3.354134058494774584e-02
3.267476222165405925e-02
3.250858344175665271e-02
3.261184761214432765e-02
3.248654393590277856e-02
3.241407855330268734e-02
3.277553748601204353e-02
3.297078174782670790e-02
3.306476989815897854e-02
3.292469460291854583e-02
3.377667468027679976e-02
3.398953487950673313e-02
3.438845775087875228e-02
3.437079321808753779e-02
3.430850657747457760e-02
3.426861909996681971e-02
3.424870416526715200e-02
3.417960940253923080e-02
3.444242625612882469e-02
3.452669061961967378e-02
3.457111351154078249e-02
3.451089052574710797e-02
3.464103963622321841e-02
3.467678446738122616e-02
3.462804111366656751e-02
3.450634860942889542e-02
3.452862507132692382e-02
3.446314799555975916e-02
3.462315853434487500e-02
3.464148123832210685e-02
3.458707961741550735e-02
3.471746005422098741e-02
3.468869800022587879e-02
3.473189299517564360e-02
3.478901685897209384e-02
3.479963545674009950e-02
3.476775471190411693e-02
3.483762788999944515e-02
3.484451921645351224e-02
3.482404243320960657e-02
3.486312933576016238e-02
3.486639223491178746e-02
3.485739039428813191e-02
3.486539627305330208e-02
3.486514118567908549e-02
3.486766590816484102e-02
3.436730161239404113e-02
3.439358934479862934e-02
3.431720303469194128e-02
3.484434369374086321e-02
3.484069252531550587e-02
3.485477552752706820e-02
3.479992767120988761e-02
3.479301350344772559e-02
3.481866614196449383e-02
3.473214621650219658e-02
3.472211286431012983e-02
3.475932586511376599e-02
3.420627871101013240e-02
3.423668824659512749e-02
3.414969241857988835e-02
3.402816177133408115e-02
3.406065196790018096e-02
3.396250494951696952e-02
3.382111020673626844e-02
3.375044280034932009e-02
3.385893632825642818e-02
3.359244876306086841e-02
3.351779760732720437e-02
3.363619084253627323e-02
3.334734893499057690e-02
3.339527998550943094e-02
3.326681021731033028e-02
3.321882307915319243e-02
3.318853254068382386e-02
3.331884208781429879e-02
3.347548883677806814e-02
3.357026243549117439e-02
3.344653877290127558e-02
3.257902398899081842e-02
3.282277736512358851e-02
3.309488300044715475e-02
3.371859753719534669e-02
3.380389549421294881e-02
3.369142437204747376e-02
3.393888443399581401e-02
3.401479615339288165e-02
3.391367229093712743e-02
3.432923505044394030e-02
3.413607493938885379e-02
3.411304808924019855e-02
3.420268564799829047e-02
3.445748000166983654e-02
3.458341429677738027e-02
3.468616357891846774e-02
3.456428958525799289e-02
3.443633194913585382e-02
3.466986868738808347e-02
3.475281659875599505e-02
3.481291453002816061e-02
3.484997985900988027e-02
3.486386815824513152e-02
3.485447436035907232e-02
3.428628629023104668e-02
3.482173395814240624e-02
3.476562397495804729e-02
3.411659781651823348e-02
3.392414254087675052e-02
3.370619074855488173e-02
3.346908753575342926e-02
3.334679121292124376e-02
3.359645892053630956e-02
3.281381613374628053e-02
3.274307006227412942e-02
3.264922751019702640e-02
3.264820612399756822e-02
3.256592372501544708e-02
3.289114678539923481e-02
3.305614200708354572e-02
3.313800633110371846e-02
3.301480155626413532e-02
3.382821624251231007e-02
3.403700582341859238e-02
3.442410544535309813e-02
3.434664612371227110e-02
3.440665501170189072e-02
3.430919345304675461e-02
3.422255501655552257e-02
3.428928055622137983e-02
3.447568311183520778e-02
3.455689866002176897e-02
3.454145815148689652e-02
3.459889859065424372e-02
3.466548996116940173e-02
3.469874430559111156e-02
3.465295236772380355e-02
3.458245681801505600e-02
3.460258887410493089e-02
3.454420440256989605e-02
3.445735335532006116e-02
3.448163273862412531e-02
3.441211058506660897e-02
3.468489863710660231e-02
3.470096119323264061e-02
3.465385088800940205e-02
3.476442779430510832e-02
3.477650246844579685e-02
3.474078618587760764e-02
3.482081888277158838e-02
3.482899871643181655e-02
3.480477809278711976e-02
3.485388250872931137e-02
3.485827361974181554e-02
3.484563155861480910e-02
3.486346910514178526e-02
3.486418993516816195e-02
3.486318976445096363e-02
3.484946952588486441e-02
3.485733563853102984e-02
3.484665057614940581e-02
3.430989774600753245e-02
3.433837038850912071e-02
3.425780930269718694e-02
3.481181581967646155e-02
3.482799256169757246e-02
3.480559962299282356e-02
3.475048308436365363e-02
3.477512602914335782e-02
3.474102370335902662e-02
3.414618653612028210e-02
3.408695410090633454e-02
3.417596125607133550e-02
3.395697358701399438e-02
3.388881464730365140e-02
3.399234133650246709e-02
3.374984088252371006e-02
3.367102128307979808e-02
3.378511770526001351e-02
3.351026956527959622e-02
3.355102486530512490e-02
3.342857775515305219e-02
3.327271760705553805e-02
3.337383214906430862e-02
3.324507438808635418e-02
3.353299637347469109e-02
3.362569334299849583e-02
3.350372224109196551e-02
3.272870928145645703e-02
3.293567559034168285e-02
3.316468705756666496e-02
3.377279740515135714e-02
3.374523405817469318e-02
3.385577141821201341e-02
3.398902825565749269e-02
3.406252536100817102e-02
3.396354981779068499e-02
3.436731435074096702e-02
3.418173680430338507e-02
3.415854035719776555e-02
3.424579878278016104e-02
3.449043118545407072e-02
3.461079372085453659e-02
3.470760587820430343e-02
3.463327208172405081e-02
3.451947950585436409e-02
3.438317945559955791e-02
3.472427770821449877e-02
3.479225391881918261e-02
3.483699202181945315e-02
3.485832306198746733e-02
3.485611736976949870e-02
3.483028635947812285e-02
3.422748358126709300e-02
3.478078357486540095e-02
3.405119373022648388e-02
3.385286793489265117e-02
3.362960035453699259e-02
3.340198709627496126e-02
3.365227470124070031e-02
3.301186713613858681e-02
3.283035188865895265e-02
3.291177166566239265e-02
3.282425219147771384e-02
3.273523150637656920e-02
3.303431304339454061e-02
3.314337964090773719e-02
3.388039264629109232e-02
3.408496257202981577e-02
3.445949735419109872e-02
3.444214460990904780e-02
3.438462353164979668e-02
3.434995774301389387e-02
3.432991680053450873e-02
3.426578953981053444e-02
3.450847676680438708e-02
3.458662524217066131e-02
3.462601009289077020e-02
3.457145582515994131e-02
3.468921527860659160e-02
3.471979631415039735e-02
3.467707117979623721e-02
3.464899154857797869e-02
3.466675830913368284e-02
3.461555192469645964e-02
3.453803131998960801e-02
3.449748931525939422e-02
3.456004459131490486e-02
3.440401934305396814e-02
3.435677178256633935e-02
3.443053961019894998e-02
3.473686924921106506e-02
3.475046186638576506e-02
3.471073476763228416e-02
3.480140841918493572e-02
3.481092109094341414e-02
3.478278703177856146e-02
3.484238913949896238e-02
3.484793545622886374e-02
3.483149073307608562e-02
3.485963309498400081e-02
3.485666103442204566e-02
3.486134084849207282e-02
3.485301061591339344e-02
3.485815721274061751e-02
3.485101628631397108e-02
3.482242586083703073e-02
3.481688063299405445e-02
3.483587717860361921e-02
3.424851204915529967e-02
3.427891081472614343e-02
3.419696944338689037e-02
3.476782889795154707e-02
3.475889654000451079e-02
3.478976179423098891e-02
3.407509529686975069e-02
3.411064836051381360e-02
3.401583854103977511e-02
3.388653078975381594e-02
3.392161170184227609e-02
3.381803833372599294e-02
3.367444763189208351e-02
3.371181632659515232e-02
3.359230630875571777e-02
3.332346452441753426e-02
3.342845593734974918e-02
3.329755908614134841e-02
3.358490065664004182e-02
3.355821031901061458e-02
3.367871146267758381e-02
3.291728992146972232e-02
3.316845181082841293e-02
3.382806734436173690e-02
3.390847783297122608e-02
3.379999315334286658e-02
3.403938295401345848e-02
3.411056872844179383e-02
3.401381561864476322e-02
3.440535436154170540e-02
3.422807001182365250e-02
3.428934069688674424e-02
3.420456954657488668e-02
3.452301424247734146e-02
3.463757346594515535e-02
3.472819365006215436e-02
3.469258158273946097e-02
3.459312759320472969e-02
3.447067777279479855e-02
3.432579134406562454e-02
3.476881206371002647e-02
3.482158286382690260e-02
3.485070273424559217e-02
3.485601684388787980e-02
3.483741064023192224e-02
3.479481198646297568e-02
3.416136460365497285e-02
3.398071147668503544e-02
3.378013913544680724e-02
3.345357845637097344e-02
3.370582157559757347e-02
3.309646454317981268e-02
3.305472295621260381e-02
3.296114461981598798e-02
3.301633350782084975e-02
3.291807545694608317e-02
3.321153747376725390e-02
3.393321137517399388e-02
3.413337277090798538e-02
3.449484092561268256e-02
3.442266881293390424e-02
3.447747897012628376e-02
3.439116040590743661e-02
3.437085655421354830e-02
3.430958151049836452e-02
3.454100249899578340e-02
3.461603490879198997e-02
3.465260082078085169e-02
3.460105741292059806e-02
3.471233789955954080e-02
3.470052920249142026e-02
3.474005159629023343e-02
3.470623159417200732e-02
3.467747114332494357e-02
3.472139202163294913e-02
3.460972074571879581e-02
3.462909265782052742e-02
3.457373297223168690e-02
3.448923692602544333e-02
3.444662422064938972e-02
3.451362982066984858e-02
3.434575366827399834e-02
3.429703093260030172e-02
3.437492050003206762e-02
3.477928972571586730e-02
3.475795982965762532e-02
3.479019252939475476e-02
3.482858520423066234e-02
3.481489427618637833e-02
3.483531830358206627e-02
3.485385706075245366e-02
3.484804031433369476e-02
3.485656922451375178e-02
3.485496921664320985e-02
3.485380155184931300e-02
3.485723351682905313e-02
3.483179958559624867e-02
3.482690735599982407e-02
3.484235122540250973e-02
3.478426534157795513e-02
3.477582208498548877e-02
3.480330383400866839e-02
3.416593415409169970e-02
3.420830378491641899e-02
3.412072340002561543e-02
3.399441006497068429e-02
3.394100611024497560e-02
3.403618509170069223e-02
3.383771846424164786e-02
3.386162292263735635e-02
3.375622591666700006e-02
3.334460744512007802e-02
3.333365841340369534e-02
3.346620724401835889e-02
3.364378264344745212e-02
3.373605121078906977e-02
3.361398831079913385e-02
3.305517191387810638e-02
3.322257702461944157e-02
3.388026230154572022e-02
3.385362154750361230e-02
3.395982519738002803e-02
3.409227384647144088e-02
3.406553143745577605e-02
3.416021973884835611e-02
3.444357565867624260e-02
3.427542596961618421e-02
3.433355891261850867e-02
3.425139924714058759e-02
3.455541498763807506e-02
3.466389701672862450e-02
3.474802878874948264e-02
3.474247117601627494e-02
3.465754352237086083e-02
3.454935175951707321e-02
3.441783818235195913e-02
3.425699247107288209e-02
3.480366711915416911e-02
3.484095075535492692e-02
3.485415657660326932e-02
3.484312894967638019e-02
3.480777058943368418e-02
3.408245654932848256e-02
3.391621231480525245e-02
3.349544338976806479e-02
3.376146903148175005e-02
3.318107949414629554e-02
3.321446724266352568e-02
3.311391469708147017e-02
3.398595548138619998e-02
3.418346119695765684e-02
3.453032657836833941e-02
3.451285506774145334e-02
3.446099645306333059e-02
3.443302198310560502e-02
3.441230621933464434e-02
3.435410528319787771e-02
3.457343678765268519e-02
3.464526205370087319e-02
3.463041724995048060e-02
3.467880416036897562e-02
3.473495048659646506e-02
3.472343885647068834e-02
3.475960128023189433e-02
3.475451292828916905e-02
3.476667865434548282e-02
3.473025014968772473e-02
3.467209884972107664e-02
3.468913431643037837e-02
3.464103473664918720e-02
3.454782563934702400e-02
3.458006991762698629e-02
3.451880368461188869e-02
3.442820477446260213e-02
3.438769912194253320e-02
3.446024491385029503e-02
3.431097919889532222e-02
3.432788895111150984e-02
3.424009565674977079e-02
3.481222336504426196e-02
3.482029493942549736e-02
3.479567689950354564e-02
3.484611923288786356e-02
3.484981714768297517e-02
3.483725518410257099e-02
3.485531612326127349e-02
3.485454292033812740e-02
3.485500052029598395e-02
3.483994953890986318e-02
3.483571155134285169e-02
3.484742587986320445e-02
3.479985466265028693e-02
3.479187242792614043e-02
3.481580384276281720e-02
3.399741540821222402e-02
3.408278920413282398e-02
3.399622633042182623e-02
3.391819337534279083e-02
3.346348011498070235e-02
3.355467719960815443e-02
3.340590735771789554e-02
3.369123489357542245e-02
3.366820075332593865e-02
3.378734058454362782e-02
3.327835475484972050e-02
3.394284735438510281e-02
3.391150575268925965e-02
3.401771276162524754e-02
3.414731262869525469e-02
3.421125950182679620e-02
3.411947542458417665e-02
3.448217121652137618e-02
3.432265663522941074e-02
3.437814956979433345e-02
3.429871643780548623e-02
3.458779750420126753e-02
3.468988625812656490e-02
3.476719097717142354e-02
3.478305356095007933e-02
3.471307685015870975e-02
3.461180787567637307e-02
3.449050247268660441e-02
3.437026008898577678e-02
3.415095560118035223e-02
3.423195323459892608e-02
3.415914166845411548e-02
3.482895891091369184e-02
3.485048491134136450e-02
3.484743873495060179e-02
3.481969953093507625e-02
3.407565125681753099e-02
3.334019917388199306e-02
3.357999626686181821e-02
3.381875418620636231e-02
3.341614568683329289e-02
3.331546544902041357e-02
3.404499992822007659e-02
3.423425156187580309e-02
3.456627500230059075e-02
3.454846282011187625e-02
3.449976803558965632e-02
3.447626195984641873e-02
3.445446422320738028e-02
3.439917207407288541e-02
3.460595019965938962e-02
3.467438096265133829e-02
3.465964571080756146e-02
3.470473632964757998e-02
3.475712700906181257e-02
3.474588306819903494e-02
3.477851476331504654e-02
3.479351289527935626e-02
3.480288510585640566e-02
3.477410410903327559e-02
3.471648644199670786e-02
3.473673359020808260e-02
3.469471283237089698e-02
3.463019106870413727e-02
3.459089608003263622e-02
3.465221148185731320e-02
3.443108387608932730e-02
3.449159692270435673e-02
3.443050034547275040e-02
3.437263420315534584e-02
3.429859566280135663e-02
3.430428374108946549e-02
3.422653268829593809e-02
3.483593281277692910e-02
3.484087183136577726e-02
3.482402970545195320e-02
3.485421935004741345e-02
3.485457508328541204e-02
3.485013951571707541e-02
3.484682991201274588e-02
3.485108863151431535e-02
3.484329733621568947e-02
3.481461029089002318e-02
3.480709520695343673e-02
3.482728439224751227e-02
3.344121008021600644e-02
3.355739484980140019e-02
3.381849128276263883e-02
3.388133907591066307e-02
3.375711940786727677e-02
3.399815518486224569e-02
3.407279862641134083e-02
3.396986355543620689e-02
3.419106597768989397e-02
3.417012561386895825e-02
3.425853767701928648e-02
3.452131338190449900e-02
3.438619664998281839e-02
3.443106120481529558e-02
3.435515761830350290e-02
3.462035575325711489e-02
3.471569877816890748e-02
3.478574248001452263e-02
3.481487439890591784e-02
3.475679164532079896e-02
3.467562411731449357e-02
3.454543563428151554e-02
3.458931166858234679e-02
3.454698382117717126e-02
3.449062465935520683e-02
3.436615848268038953e-02
3.484468056885633991e-02
3.485031986138622390e-02
3.483064914615655039e-02
3.362209519704076333e-02
3.352181267596959779e-02
3.365737676971136683e-02
3.372343942427349223e-02
3.390879110931865198e-02
3.409591402794232701e-02
3.429130866815151973e-02
3.460545145093611719e-02
3.454069047624452882e-02
3.458579713667096073e-02
3.453477735962397210e-02
3.450532339476995725e-02
3.446097726804175226e-02
3.463994090663105596e-02
3.470416980757780323e-02
3.473080571085380291e-02
3.468918966929179087e-02
3.477851858153395426e-02
3.479667948213339967e-02
3.476768171698397386e-02
3.481913793520696743e-02
3.480617775862977076e-02
3.482832254381452997e-02
3.477459780025909941e-02
3.474744144745987168e-02
3.478425214206942728e-02
3.464185434114116363e-02
3.468109360879115949e-02
3.463653722886102237e-02
3.459579996128842733e-02
3.443318477274721207e-02
3.449122879764069532e-02
3.443269169563244192e-02
3.436765248652444427e-02
3.484940020383380660e-02
3.485242229008946035e-02
3.484305420141160792e-02
3.485282411150027876e-02
3.485352264919331505e-02
3.484968054269425158e-02
3.482845151576093728e-02
3.483774626325529533e-02
3.482146014426809599e-02
3.382507670568409702e-02
3.372637338384717326e-02
3.382306307923102495e-02
3.391341243553593066e-02
3.402298663664502648e-02
3.400941417308393083e-02
3.410911982632741646e-02
3.432687923467390989e-02
3.435677233549295356e-02
3.426079069595658333e-02
3.456980854624797789e-02
3.446004618176835149e-02
3.449719941886068147e-02
3.442340973649621327e-02
3.465476398472919217e-02
3.474140758853516697e-02
3.480358477306661619e-02
3.483581541507815849e-02
3.479747075396739941e-02
3.472231398562167226e-02
3.471940036396835988e-02
3.474988481026411447e-02
3.468384069126629471e-02
3.455510637091693815e-02
3.460034832650377146e-02
3.455062689810046300e-02
3.449638097951804316e-02
3.485220210013430936e-02
3.484074911395372565e-02
3.392500489161194566e-02
3.420318473144195320e-02
3.411383776813577823e-02
3.419786080353215407e-02
3.426703336860279642e-02
3.439372024514614212e-02
3.464913808991224031e-02
3.462709295438337609e-02
3.459174270437614940e-02
3.459136321366344108e-02
3.452590745778370135e-02
3.456303502958543022e-02
3.467645268988400059e-02
3.473468295685483431e-02
3.475688845432089308e-02
3.471947149434760627e-02
3.480068829129145253e-02
3.481483096035094954e-02
3.478968311878362363e-02
3.483390319823516379e-02
3.484300717434434674e-02
3.482654778380935012e-02
3.479383577988579695e-02
3.478451715504909253e-02
3.480763549459081618e-02
3.476014551428874277e-02
3.465997837802235054e-02
3.469315438922411510e-02
3.465127340443507897e-02
3.460974220914186938e-02
3.485574262101367310e-02
3.485372421751446043e-02
3.485369933254946900e-02
3.484186361025314038e-02
3.484734249337365780e-02
3.483524150690243959e-02
3.436957532475130167e-02
3.428823946808763623e-02
3.434913777530763240e-02
3.441576755739468585e-02
3.461993815924147011e-02
3.451758091268575246e-02
3.448865122084469187e-02
3.455435313902494032e-02
3.469182099668322028e-02
3.476808993957600930e-02
3.482174902448292170e-02
3.485611818295946546e-02
3.484635012618941818e-02
3.485214631831548560e-02
3.481522784233431755e-02
3.474650944209679154e-02
3.477175814611260102e-02
3.473423775987367901e-02
3.470557027505668385e-02
3.484839817090137903e-02
3.485696188902955711e-02
3.444421647756913674e-02
3.469325640374342629e-02
3.467087026163299252e-02
3.464203353357613729e-02
3.463970259050588169e-02
3.457856424325830152e-02
3.461567707190124632e-02
3.471366234820671970e-02
3.477195443282349308e-02
3.478633965001663025e-02
3.475369870943237349e-02
3.482633737327008733e-02
3.481402268147452961e-02
3.483401391925686208e-02
3.484980313968039090e-02
3.485418599714065063e-02
3.484169227898546717e-02
3.481012922191990128e-02
3.482346487922821643e-02
3.480206767626406461e-02
3.477992776125659463e-02
3.485231827058302839e-02
3.485447587685898407e-02
3.484736680039346446e-02
3.485590168033139008e-02
3.466626487222758402e-02
3.473261465614755489e-02
3.479966509198761937e-02
3.483972158329379926e-02
3.483135060005971423e-02
3.486296625470477334e-02
3.485954241508714552e-02
3.485755336728670051e-02
3.485887766586750341e-02
3.473758939773197163e-02
3.468870649863876193e-02
3.471519339124107956e-02
3.475449845700701729e-02
3.480725921358803626e-02
3.479009298038748116e-02
3.481669108561046000e-02
3.484921081706369994e-02
3.483845552000611190e-02
3.485071186758212369e-02
3.485706743487011761e-02
3.477250027430558998e-02
3.482872807494478973e-02
