5.815726504299900679e-02
5.803301812892569522e-02
5.789325349354601524e-02
5.826289818101026974e-02
5.821084054578951061e-02
5.809531491096420197e-02
5.796292303025207815e-02
5.774005609216592561e-02
5.781677701798659808e-02
5.834882493035631335e-02
5.830680490219475320e-02
5.818302317647816579e-02
5.822328493758821555e-02
5.817021866150462461e-02
5.808040870794572985e-02
5.811904525400113375e-02
5.805669360060405904e-02
5.796240687927978197e-02
5.799766796569216787e-02
5.792792845136074398e-02
5.782597996997751455e-02
5.785940784626764088e-02
5.778364184407347448e-02
5.758014457003446385e-02
5.826341164883319657e-02
5.830560516003935323e-02
5.826275911763423299e-02
5.766016306817234316e-02
5.822270172713617242e-02
5.813208371579980938e-02
5.802145639711686620e-02
5.789414557485761392e-02
5.767666642623325846e-02
5.775119179283061399e-02
5.770853171667200687e-02
5.840841667356311273e-02
5.838090527379402594e-02
5.741343482470584458e-02
5.749660760523034320e-02
5.830503821678334475e-02
5.828595491711408005e-02
5.832564363071568447e-02
5.762863280059460358e-02
5.819984046276727163e-02
5.823101888600146214e-02
5.819126837762467197e-02
5.811477408900245223e-02
5.814895059264157950e-02
5.809753496762981584e-02
5.801377222418957480e-02
5.798809195731757793e-02
5.804721881873187161e-02
5.789311850039779994e-02
5.792776147506040196e-02
5.785957266428476409e-02
5.775980982049233603e-02
5.771846593238150191e-02
5.779292940269031842e-02
5.844754518054740000e-02
5.843044554942533608e-02
5.835826261740351129e-02
5.724519927202498248e-02
5.707642659203082669e-02
5.732900727887468850e-02
5.752997620108357690e-02
5.755485024987938569e-02
5.747242661226203975e-02
5.825291046810743278e-02
5.760338348425375621e-02
5.815699642554272852e-02
5.806434816417260780e-02
5.795346452134808590e-02
5.782654935446152056e-02
5.760606814516744389e-02
5.764093973011408245e-02
5.768281267182751026e-02
5.836613535469714620e-02
5.840782315369552613e-02
5.838770721210473358e-02
5.833745886638308509e-02
5.691067605705790733e-02
5.716002709108802815e-02
5.699275224505762072e-02
5.742607329414939343e-02
5.741844429322084942e-02
5.733645200823112020e-02
5.747828912941832513e-02
5.822501483842401626e-02
5.821256382248041206e-02
5.826526704924150923e-02
5.756764399203861959e-02
5.814426760768687252e-02
5.812953549417454457e-02
5.817194275551129667e-02
5.805430825080382107e-02
5.803404084288532605e-02
5.808459335904303522e-02
5.795016291449484047e-02
5.792171825804748320e-02
5.798207923694531640e-02
5.782729837788913585e-02
5.779355288669185686e-02
5.786033538740176230e-02
5.768753382419800069e-02
5.764623349873354563e-02
5.772382789261221170e-02
5.845738661493382615e-02
5.845458570163053480e-02
5.839542701709665717e-02
5.842096398481377850e-02
5.838238734043343925e-02
5.828607889920578433e-02
5.829550001213090749e-02
5.832701389474803655e-02
5.674956495802219170e-02
5.683086263881464983e-02
5.725479856253978816e-02
5.724905938649726966e-02
5.716658942948249500e-02
5.705893009445928143e-02
5.706678812985122029e-02
5.698545591344728045e-02
5.733996189765422358e-02
5.751605327414877067e-02
5.825597557044814856e-02
5.818465085684465521e-02
5.809928276371645328e-02
5.800236042006279291e-02
5.788893077722301328e-02
5.775757604399922585e-02
5.753753419410034819e-02
5.757174070455362003e-02
5.761253168602420427e-02
5.844218117219968089e-02
5.840090485211157922e-02
5.845284527289484888e-02
5.842766681001865248e-02
5.832955421542984631e-02
5.834794362833262138e-02
5.836311940607386006e-02
5.830866597705064436e-02
5.694175583158089804e-02
5.692519554977204521e-02
5.684701160292959798e-02
5.715693508705643744e-02
5.700019243502496558e-02
5.737507152623710915e-02
5.731505767676292606e-02
5.740051891560271624e-02
5.748174680519402280e-02
5.822406584413031272e-02
5.825547834021138627e-02
5.822456419217258983e-02
5.816423932906944483e-02
5.815429390275139721e-02
5.819482373928219765e-02
5.808704842692058445e-02
5.807075415398943452e-02
5.811574640384176149e-02
5.799526441046054526e-02
5.797272061076041982e-02
5.802494438229877094e-02
5.788870591362804685e-02
5.791959876846086708e-02
5.785801205480389786e-02
5.776616538764678399e-02
5.772682870630829743e-02
5.779687472774008850e-02
5.762999621654374405e-02
5.758377590052499162e-02
5.765886007747877962e-02
5.842503656999564754e-02
5.833776050351890952e-02
5.837155145539540957e-02
5.839798399686302321e-02
5.842194577813120127e-02
5.842839694239865267e-02
5.839835890455968848e-02
5.834846102382051924e-02
5.833990044160330957e-02
5.837174081096829781e-02
5.826676597265056934e-02
5.827638478177077364e-02
5.829866448866083406e-02
5.659956092465889821e-02
5.667538476617572929e-02
5.680539994972155782e-02
5.687378199668668977e-02
5.677832553699335705e-02
5.722439555567337965e-02
5.714287639887105641e-02
5.723934367791994049e-02
5.712174194582597675e-02
5.703213506211335382e-02
5.708924764682754560e-02
5.745629459363221780e-02
5.729972597356158825e-02
5.824579158333387241e-02
5.819448484711109426e-02
5.812578975923921032e-02
5.804138461888685985e-02
5.794216401870855293e-02
5.782760695640631887e-02
5.769818435642504184e-02
5.747988524649561004e-02
5.750858868526476098e-02
5.755494205218880666e-02
5.837142282404172988e-02
5.838821884336986567e-02
5.840777812854014428e-02
5.832345901168634050e-02
5.833136991868503873e-02
5.836328314228300673e-02
5.838732613030239715e-02
5.837401182656865029e-02
5.829328566967884040e-02
5.831145331505593887e-02
5.832131933505668719e-02
5.828051201613959620e-02
5.645749651179854389e-02
5.652865606999324388e-02
5.670405973143477496e-02
5.697340188369126590e-02
5.695728285427881232e-02
5.689101867995960404e-02
5.717342741938158390e-02
5.704702623770396830e-02
5.742736193138564538e-02
5.731557907117124095e-02
5.727001215294935665e-02
5.734545040457250664e-02
5.821250060448324160e-02
5.821830222225388152e-02
5.823997852574835932e-02
5.816840909826859196e-02
5.816634170556056471e-02
5.819654942252838747e-02
5.810773647339140258e-02
5.809742540855633575e-02
5.813621321949125065e-02
5.803144329388143507e-02
5.801336915134280847e-02
5.805946285003782403e-02
5.793968856182174498e-02
5.791420610087738563e-02
5.796767243417266791e-02
5.783287034542505811e-02
5.779952097974427883e-02
5.786096295417186841e-02
5.771131755769554061e-02
5.773888678967853405e-02
5.767066225647099476e-02
5.757550137896150222e-02
5.752758911112487716e-02
5.760288246379963173e-02
5.835049953915072418e-02
5.825646708544618413e-02
5.829204018664935205e-02
5.829589913129795686e-02
5.824861009293325065e-02
5.829409644848571048e-02
5.834827484941595976e-02
5.836023748322249904e-02
5.837297937408569837e-02
5.834832682137036652e-02
5.830048794550679592e-02
5.832458332805323664e-02
5.829732267063958417e-02
5.824017975702389105e-02
5.825350376241722472e-02
5.826713017424545171e-02
5.632559969822159562e-02
5.639228374378668640e-02
5.667378820972357456e-02
5.663586732931258361e-02
5.656630309433785531e-02
5.674027377207280232e-02
5.688411338149756968e-02
5.684473424820335463e-02
5.692905714863416566e-02
5.721901410169738522e-02
5.708779712100264803e-02
5.703076804996287663e-02
5.710486261820491016e-02
5.739772411028587484e-02
5.822673159780633600e-02
5.819081544554960406e-02
5.813837469971561145e-02
5.806986229559862878e-02
5.798579661816882780e-02
5.788648130007900683e-02
5.777226789104539240e-02
5.764356674865012131e-02
5.742593899269743396e-02
5.745277904774992450e-02
5.750073385043652507e-02
5.829953266878029616e-02
5.833598955169150280e-02
5.831260291890516534e-02
5.825184648997616677e-02
5.826343860601512770e-02
5.825938286133647281e-02
5.829370509268450018e-02
5.832491260667205246e-02
5.832428880621620682e-02
5.825049331326881408e-02
5.827582531869979210e-02
5.827191808924314653e-02
5.824575143691690382e-02
5.620820946282789610e-02
5.654788318209402753e-02
5.650229098057957255e-02
5.643831281768496577e-02
5.626775257875460401e-02
5.661077991387886144e-02
5.677960214660993099e-02
5.698632802940051256e-02
5.726225052818589845e-02
5.719201565722131786e-02
5.728903985402655774e-02
5.717515709684584113e-02
5.737063047229251644e-02
5.819205911447178359e-02
5.820230500629142156e-02
5.821649293661967928e-02
5.816329198053893368e-02
5.816587223343205881e-02
5.818823462741318231e-02
5.811824643986263084e-02
5.814362957152829914e-02
5.811301277247948871e-02
5.805719393419639385e-02
5.808273016828469082e-02
5.804433721383994715e-02
5.798056352083569287e-02
5.796014104584634730e-02
5.800624149451283351e-02
5.788867364097283197e-02
5.786078477724654334e-02
5.791439503643647235e-02
5.778187132854151198e-02
5.774660506366280366e-02
5.780756380433049735e-02
5.766049583654808686e-02
5.761800773245540075e-02
5.768608358865068286e-02
5.752488035070846273e-02
5.747528839695392744e-02
5.755035605739999838e-02
5.813569948977748147e-02
5.828210851894699562e-02
5.816603887195714861e-02
5.820601467778652172e-02
5.821182428411053600e-02
5.819162903459862424e-02
5.822771220563260908e-02
5.822307508763657768e-02
5.819424601652456452e-02
5.830030218405390929e-02
5.824393361659185864e-02
5.824762728654941935e-02
5.827231670611365821e-02
5.820417565655855441e-02
5.822221333147603595e-02
5.822773888754395610e-02
5.610252289472783538e-02
5.615605623115405010e-02
5.644123044578264192e-02
5.649552663502699357e-02
5.638389515007680153e-02
5.632600732122572396e-02
5.672777829768804736e-02
5.670049202449800596e-02
5.663871117104724018e-02
5.680558340573049758e-02
5.703680827420332111e-02
5.696046592814196785e-02
5.706245982333135736e-02
5.734409520029104534e-02
5.721221241330975982e-02
5.714999631619965825e-02
5.723738472864026150e-02
5.819854898815535194e-02
5.817806164534489177e-02
5.814111861806625647e-02
5.808802756788711275e-02
5.801915696906490005e-02
5.793486814797554896e-02
5.783549845926483357e-02
5.772138935270476612e-02
5.759287908447907611e-02
5.737534731063564930e-02
5.740064056162552664e-02
5.745029376756416450e-02
5.800940983504732085e-02
5.807434498948182977e-02
5.821918562478389791e-02
5.825953039923004173e-02
5.824125607664332183e-02
5.815153445029797030e-02
5.817790462865835011e-02
5.820500955416252342e-02
5.827201493485911765e-02
5.819930216095392517e-02
5.822494706758885030e-02
5.822201880502875238e-02
5.820220978022538905e-02
5.633343911013888317e-02
5.627023738397729513e-02
5.621875434616474543e-02
5.601186284313730557e-02
5.605802911093404894e-02
5.665981413273923906e-02
5.660365850827464573e-02
5.655184226025644634e-02
5.638806979404753505e-02
5.669427060423193332e-02
5.685296868072942100e-02
5.679050663517093422e-02
5.686868299590075448e-02
5.694504367223818253e-02
5.712465847253012097e-02
5.731880385654020138e-02
5.729395491116473504e-02
5.816219980776160536e-02
5.817715773283516079e-02
5.818360115050713599e-02
5.814867437120940785e-02
5.815600859423908364e-02
5.817074125377241778e-02
5.811878304721440625e-02
5.814137785140138792e-02
5.811853749966511273e-02
5.807282804320246239e-02
5.806503216510916499e-02
5.809584380570043116e-02
5.801114449917921245e-02
5.799587245365378507e-02
5.803444858991047006e-02
5.793404455284145715e-02
5.791137543224933459e-02
5.795755917294453941e-02
5.784184486931442937e-02
5.786549422899789352e-02
5.781187251718822306e-02
5.773485825850510622e-02
5.775858330097716209e-02
5.769768968960486966e-02
5.761339234991336156e-02
5.763715052082629686e-02
5.756914738763407868e-02
5.747774660790916368e-02
5.742655648770955690e-02
5.750151167582595590e-02
5.805756601242484383e-02
5.803428344107297576e-02
5.809794994656980460e-02
5.823199926770594725e-02
5.811381763255663024e-02
5.808043434265408589e-02
5.813752010478212551e-02
5.812277889346861848e-02
5.813738903104215261e-02
5.817857394770409307e-02
5.816464921034625313e-02
5.817719354670625176e-02
5.818876090853652983e-02
5.821061945193395371e-02
5.815903857786486331e-02
5.818163840016088439e-02
5.817962320175551483e-02
5.623955249123280264e-02
5.617130145012805276e-02
5.628668424960736605e-02
5.612674151170893300e-02
5.656767850529198505e-02
5.650424138034826349e-02
5.661401877707550323e-02
5.645106224700180420e-02
5.675676224333858766e-02
5.698871023197948915e-02
5.692082464006986697e-02
5.701296050858961628e-02
5.716523920400007341e-02
5.718891629730316062e-02
5.710103140843048042e-02
5.732821158826317820e-02
5.727021911885199490e-02
5.735197399479752267e-02
5.816108928137420087e-02
5.815586426038543699e-02
5.813411734262197150e-02
5.809615814644275567e-02
5.804230786792252683e-02
5.797288817083068313e-02
5.788821467707327972e-02
5.778860190892598503e-02
5.767436028679506776e-02
5.754579322997532831e-02
5.740319597818754893e-02
5.786461279200127983e-02
5.793745338262179523e-02
5.794018135876277675e-02
5.797397702752282722e-02
5.800094174000525182e-02
5.819860743695182137e-02
5.807091084862425756e-02
5.811034366052425515e-02
5.815795898835118827e-02
5.813889271278305237e-02
5.816912756385173022e-02
5.815854096248296301e-02
5.814947795656078000e-02
5.641678797568838721e-02
5.637478313435029253e-02
5.632880326460421028e-02
5.593578539129406835e-02
5.597461144848381309e-02
5.616215337553720488e-02
5.620156180775237598e-02
5.608706217835868202e-02
5.679979484357100539e-02
5.668417084376842219e-02
5.672977063782036478e-02
5.649168339855792365e-02
5.682665710859680086e-02
5.689445757900635225e-02
5.707719323518278820e-02
5.724693624921184387e-02
5.812320748444277374e-02
5.814273422435245475e-02
5.814157194461411216e-02
5.812465925439169734e-02
5.814384035858088939e-02
5.813669492040074438e-02
5.810970220148781173e-02
5.811426838178557208e-02
5.812956446374861752e-02
5.807862267104368925e-02
5.807574897751710541e-02
5.809904769358820165e-02
5.803170909635757546e-02
5.802144831151967441e-02
5.805258575099625507e-02
5.796925070930902812e-02
5.795166716765676185e-02
5.799049085897567402e-02
5.789153532494450971e-02
5.791306302441279197e-02
5.786670782094804899e-02
5.779884840994675699e-02
5.776686938771669055e-02
5.782060340148309496e-02
5.769147135379537605e-02
5.765244639191946519e-02
5.771340919172063266e-02
5.756967968362347587e-02
5.752372631696356375e-02
5.759177194846210046e-02
5.743374136324008727e-02
5.738098824471915549e-02
5.745597538458180331e-02
5.790193755421835231e-02
5.799016651682242784e-02
5.796477778531816671e-02
5.802434473993078878e-02
5.803701801152572060e-02
5.804635435343175054e-02
5.809190517965345801e-02
5.806429775393728843e-02
5.810145065370686535e-02
5.812000749908330377e-02
5.813937376120315026e-02
5.812075387960102812e-02
5.810506588911290571e-02
5.813208514679946148e-02
5.812246924223762878e-02
5.636839942875260245e-02
5.630404584268933199e-02
5.639296678531746654e-02
5.604983016279951880e-02
5.626601227953420548e-02
5.675360932931861058e-02
5.666069855370170494e-02
5.677691426302400313e-02
5.655512177522836748e-02
5.648605491677838319e-02
5.656149583348157872e-02
5.694358553756728725e-02
5.687169395180535769e-02
5.696638631004236064e-02
5.712049090992754596e-02
5.714310031729719075e-02
5.705461035673242698e-02
5.728394224799215895e-02
5.730630710317896614e-02
5.722460188702904738e-02
5.811464251162390404e-02
5.812439799785118488e-02
5.811760721407566166e-02
5.809455437827659718e-02
5.805552676486680497e-02
5.800081362780762362e-02
5.793070340648820427e-02
5.784548286464608058e-02
5.774543550294664040e-02
5.763083983343031402e-02
5.750196758735515168e-02
5.735909516478365777e-02
5.780684354753617971e-02
5.787376751570572075e-02
5.783536430119384786e-02
5.770757726170971935e-02
5.778652239272674684e-02
5.788644315469937407e-02
5.793848042372096163e-02
5.791315422462606222e-02
5.797180737144147500e-02
5.802610514970996114e-02
5.798161930078371551e-02
5.800988952612873284e-02
5.807454352988594692e-02
5.806995726629760046e-02
5.810445886643456070e-02
5.808624509929405377e-02
5.808806146702349960e-02
5.587520185713712451e-02
5.583002300805839369e-02
5.646205236358026180e-02
5.590604551505107267e-02
5.609503732839860035e-02
5.601541358307737806e-02
5.612919054670195695e-02
5.631127140828595667e-02
5.623672030564730306e-02
5.634030124549704865e-02
5.684885001729733656e-02
5.665453901379147172e-02
5.703229703600098954e-02
5.720247099543029901e-02
5.807534057712460118e-02
5.809930671855312312e-02
5.809068365450964500e-02
5.809150491189241095e-02
5.810779951167965862e-02
5.810811249626290920e-02
5.809125088903011047e-02
5.810050477453942985e-02
5.810836436362620816e-02
5.807483370499855191e-02
5.807675435127412911e-02
5.809264659429091981e-02
5.804251159065298982e-02
5.803713456047709940e-02
5.806091852772277129e-02
5.799454429668970956e-02
5.798191989491097154e-02
5.801345449739336857e-02
5.793119132833413065e-02
5.791138402598594581e-02
5.795052887337270864e-02
5.785271061586150232e-02
5.782579865557113674e-02
5.787241461139613907e-02
5.775935715567481754e-02
5.772543198209834081e-02
5.777938200103005517e-02
5.765138153892179762e-02
5.761054706768231615e-02
5.767169706626040782e-02
5.752902847982621637e-02
5.748140024557979455e-02
5.754961991205753691e-02
5.739253552788103896e-02
5.733825319235053009e-02
5.741340325869803696e-02
5.775715185424523668e-02
5.784658618481053338e-02
5.792967490982192658e-02
5.754169776879103360e-02
5.762486699124957923e-02
5.794779126588023299e-02
5.799710825741088982e-02
5.796044924324483816e-02
5.801761027306606699e-02
5.805956600462147676e-02
5.803257781090043199e-02
5.804438559093749728e-02
5.804250714116154786e-02
5.807382150583273450e-02
5.805675290173062386e-02
5.585291148115978377e-02
5.580063773105592428e-02
5.581551684961749693e-02
5.650887434919360519e-02
5.643856200758279318e-02
5.653228496541073955e-02
5.598560847606270929e-02
5.620370004942421005e-02
5.641040356609228201e-02
5.690046195207243418e-02
5.682704815682138033e-02
5.692230799025865817e-02
5.670962494431064371e-02
5.663237667509879447e-02
5.673188906082227145e-02
5.707803768409192013e-02
5.701082413211921995e-02
5.709953791255062416e-02
5.724213200036476490e-02
5.718132471516534920e-02
5.726330470212481760e-02
5.805946177415366449e-02
5.808392038619958342e-02
5.809183843457577101e-02
5.808346905088668244e-02
5.805906911274183457e-02
5.801889778312363521e-02
5.796321476237487058e-02
5.789227884707481842e-02
5.780634656897321033e-02
5.770567076957455743e-02
5.759049910915614578e-02
5.746107269370392956e-02
5.731762481780455776e-02
5.767195031663163718e-02
5.768956141090242351e-02
5.773903056512064147e-02
5.775769725208224070e-02
5.782212544515885622e-02
5.778203264213266355e-02
5.786060294198513976e-02
5.791626317304954252e-02
5.787402555030829454e-02
5.760708994544561090e-02
5.798334160774076818e-02
5.790487465249927190e-02
5.799276051380786168e-02
5.803139633504328376e-02
5.800575008533093158e-02
5.801821487930824972e-02
5.604625184081091227e-02
5.596058732607178676e-02
5.593853455493014160e-02
5.600073522174275897e-02
5.591523021376909597e-02
5.590093841394216945e-02
5.660950960525779063e-02
5.607109771868568071e-02
5.626069861942184502e-02
5.628650231690612848e-02
5.617791762098767183e-02
5.646549652863841473e-02
5.638836567823546364e-02
5.648757800999970602e-02
5.680535797664099107e-02
5.698955271743300077e-02
5.716037996068412674e-02
5.801882762693855167e-02
5.804711858702937821e-02
5.803117554851977555e-02
5.804944332855199729e-02
5.807050648544476168e-02
5.806286385964509744e-02
5.806365740004415521e-02
5.807748448328720059e-02
5.807801983892546538e-02
5.806169496852453538e-02
5.806829275201186302e-02
5.807688158805157652e-02
5.804378450833413972e-02
5.804317465207642357e-02
5.805969108568154180e-02
5.801015648782381628e-02
5.800237530216845183e-02
5.802669281492078834e-02
5.796104197700890914e-02
5.797813227141701553e-02
5.794613999401143634e-02
5.789667130720765886e-02
5.791425443979636434e-02
5.787471286334300302e-02
5.781727281742587987e-02
5.778833558224605316e-02
5.783530250857082944e-02
5.772307159839185076e-02
5.774151655510073589e-02
5.768724599512553564e-02
5.761428822967940011e-02
5.763313216864029975e-02
5.757167675036711785e-02
5.749113757260104762e-02
5.744185405517276966e-02
5.751037911623457788e-02
5.735382766864649540e-02
5.729799658305767540e-02
5.737348012714182932e-02
5.736995038857406470e-02
5.745608357291454027e-02
5.771408973182579061e-02
5.780966556630795505e-02
5.751580532123434786e-02
5.759392962328468979e-02
5.752850460478942107e-02
5.792586471079796961e-02
5.797177671928865905e-02
5.793743434246556578e-02
5.784159270468181013e-02
5.789473957565949291e-02
5.785174424214090116e-02
5.795993910052243958e-02
5.797159000305696086e-02
5.798272249253988431e-02
5.800708524441611225e-02
5.578781564427326423e-02
5.579411982431137229e-02
5.602388115029455218e-02
5.597314915543660785e-02
5.598698455779493877e-02
5.588660601384787263e-02
5.666686741634718860e-02
5.658787243037510795e-02
5.668857971127061468e-02
5.615401292422328439e-02
5.636359291152159834e-02
5.656657243343310437e-02
5.685890236516366603e-02
5.678427970807742309e-02
5.688001073261017559e-02
5.703752302396691842e-02
5.705809425448049588e-02
5.696900805537885581e-02
5.720255883246372353e-02
5.722264995914816410e-02
5.714031436290112342e-02
5.803466194737771922e-02
5.799577439156289316e-02
5.805704072847261976e-02
5.806313365808468685e-02
5.805316769642798747e-02
5.802737245511924158e-02
5.798597881762135309e-02
5.792921756470237327e-02
5.785731809473448894e-02
5.777050716790688156e-02
5.766900763872406799e-02
5.755303721804982953e-02
5.742280731701709939e-02
5.727852206833661253e-02
5.744330253270635289e-02
5.760910676937147645e-02
5.768452732421980311e-02
5.764062209361231481e-02
5.773985752126209459e-02
5.780020763117410532e-02
5.774934830105871164e-02
5.756312617690029221e-02
5.788440617598755722e-02
5.779138721839593984e-02
5.790751637241842165e-02
5.791727925730849602e-02
5.795017737718388684e-02
5.794016066319074287e-02
5.588015972034388046e-02
5.621004899111037290e-02
5.610588747690636868e-02
5.612800158782882409e-02
5.616010709507412990e-02
5.606665467779858858e-02
5.608007492480993061e-02
5.676324708892088733e-02
5.623586704092509159e-02
5.641805365888319379e-02
5.633932390625229214e-02
5.644223613283128049e-02
5.662505319489485878e-02
5.654528253176394070e-02
5.664635505051240916e-02
5.694856088719735254e-02
5.712037747710074775e-02
5.799867985226092593e-02
5.802409555986065559e-02
5.800925044979710066e-02
5.795387076940061721e-02
5.798638512426734781e-02
5.796326243802474298e-02
5.802712955693534180e-02
5.804542557563763250e-02
5.803875072656061729e-02
5.803941565414516557e-02
5.805058563214293699e-02
5.805197147883223163e-02
5.803573742732570651e-02
5.803978961696321104e-02
5.804912505793080602e-02
5.801629647130646106e-02
5.801325356917630405e-02
5.803042662192747780e-02
5.798129550620534367e-02
5.799609286477236392e-02
5.797119438996645169e-02
5.793093720028208438e-02
5.791382858389604316e-02
5.794634072867355101e-02
5.786542303160979728e-02
5.784137106355879965e-02
5.788138617195781599e-02
5.778495217915113891e-02
5.780144298844291928e-02
5.775403396707268211e-02
5.768972042824482838e-02
5.765202547893144569e-02
5.770672162861156806e-02
5.757991910565229965e-02
5.753554869371713121e-02
5.759742803366030284e-02
5.745573407942861088e-02
5.740480056470376180e-02
5.747376253070035634e-02
5.731734485356754227e-02
5.725997099949864388e-02
5.733591884210109679e-02
5.719646999183991554e-02
5.728328475527522112e-02
5.736790146481496322e-02
5.736950688501674112e-02
5.744182276023979128e-02
5.767608803128454475e-02
5.746950657612726054e-02
5.749240856518877951e-02
5.754081642616692971e-02
5.782640090718449422e-02
5.783462916374548790e-02
5.787617401641387271e-02
5.772804704113532193e-02
5.778486150066208804e-02
5.773463516854748789e-02
5.786761027755482623e-02
5.789251122748528822e-02
5.790058390995500570e-02
5.793208856899589865e-02
5.579105484117086178e-02
5.578913513623728893e-02
5.600357762553787033e-02
5.589543344556369142e-02
5.598788845215663112e-02
5.618550946982836525e-02
5.616093800537202974e-02
5.616069495311548643e-02
5.606704117709260249e-02
5.681863330453462702e-02
5.674276866690852739e-02
5.683913843864618620e-02
5.631447201573391848e-02
5.652200215771319147e-02
5.672225639138661624e-02
5.699863494404255881e-02
5.692878713383475731e-02
5.701843376383208817e-02
5.716492374635961937e-02
5.710124214096234940e-02
5.718408321611645473e-02
5.801342071477932905e-02
5.797682639833090512e-02
5.792378007181986366e-02
5.803375663981602539e-02
5.803803186696554484e-02
5.802644697387782102e-02
5.799920423319882001e-02
5.795650642826821741e-02
5.789855569821489301e-02
5.782555241728071227e-02
5.773769409170959044e-02
5.763517427740350030e-02
5.751818154649368520e-02
5.738689853902922966e-02
5.724150110695991334e-02
5.728281624947662021e-02
5.741861688621774373e-02
5.761220746236983548e-02
5.767606110225675931e-02
5.761171407436660452e-02
5.747626053691212711e-02
5.754280291785174306e-02
5.747358111053668672e-02
5.777792168634099390e-02
5.767087034789419864e-02
5.781441589088465172e-02
5.786100615684364179e-02
5.782101915817194904e-02
5.785409331402302513e-02
5.589672221439268007e-02
5.608203543603629271e-02
5.637568219570887607e-02
5.626836147047853398e-02
5.629275193642846453e-02
5.633170139220278205e-02
5.624698363724645045e-02
5.624580568753245746e-02
5.690902711632228606e-02
5.639731615901055761e-02
5.658395858004894308e-02
5.650102240176679835e-02
5.660494484990918895e-02
5.677941400706376651e-02
5.670225421822783218e-02
5.679943791820019072e-02
5.708215748711320536e-02
5.798184921799676150e-02
5.800452289787039195e-02
5.799075066255410249e-02
5.793939313296980753e-02
5.796907172087950588e-02
5.794714970415504318e-02
5.788064429698780433e-02
5.791729455885308298e-02
5.788712998117029329e-02
5.800817989056761270e-02
5.802382965474472964e-02
5.801811222932495848e-02
5.801855590155513553e-02
5.802717701752224677e-02
5.802941781116843778e-02
5.801315043762544921e-02
5.801475238439135484e-02
5.802485376626465019e-02
5.799213811857339973e-02
5.798674443156925928e-02
5.800460830322728967e-02
5.795569399448663450e-02
5.794334202332263040e-02
5.796887038572873241e-02
5.790399255617673102e-02
5.788473314817532689e-02
5.791782865040973061e-02
5.783720676700743191e-02
5.785167035522309487e-02
5.781110388050236804e-02
5.775550711490762268e-02
5.777058035063797892e-02
5.772263735915283966e-02
5.765906068820669805e-02
5.761951279275567828e-02
5.767474006910511264e-02
5.754803028945587595e-02
5.750190451656733703e-02
5.756432654958665296e-02
5.742257360247560172e-02
5.736998112372160286e-02
5.743951152420756490e-02
5.728284240860004317e-02
5.722390466376869878e-02
5.730046058064175440e-02
5.702347242726457655e-02
5.711005569622629174e-02
5.717108456276176476e-02
5.727008930075272453e-02
5.718464432552194943e-02
5.734241054082112043e-02
5.740604529639203868e-02
5.735575293650518880e-02
5.754527578484680550e-02
5.740992846463333077e-02
5.771940473971137742e-02
5.772437954929710013e-02
5.777294504780616791e-02
5.760729687071597382e-02
5.761045961833421991e-02
5.766771691748828754e-02
5.776758353146393965e-02
5.780543965959283881e-02
5.784901433670097681e-02
5.781051714042084733e-02
5.581055280823876696e-02
5.580036889395423305e-02
5.602645252120486141e-02
5.601460022022974883e-02
5.590890592488861888e-02
5.625022360204967597e-02
5.612723388239082567e-02
5.620461748030414206e-02
5.635420122433931756e-02
5.629150191171583550e-02
5.696112922589069427e-02
5.688990259392145976e-02
5.698027765750057760e-02
5.648026767537839277e-02
5.668214553922201748e-02
5.687070953050665789e-02
5.712898179444658719e-02
5.706382977584767424e-02
5.714733237258096121e-02
5.799552100769977958e-02
5.796115868065609966e-02
5.791059028875700232e-02
5.784365046721151593e-02
5.801384647425433805e-02
5.801630718722883273e-02
5.800307716505193056e-02
5.797433133502138958e-02
5.793024453728723433e-02
5.787099054719513358e-02
5.779674111776422762e-02
5.770766504288560306e-02
5.760392725179330764e-02
5.748568795144148869e-02
5.735310182329467210e-02
5.720631724515423677e-02
5.709861109735325790e-02
5.725821431889688284e-02
5.747850283324373866e-02
5.754538986649082588e-02
5.747812201782209751e-02
5.733508783470053771e-02
5.740569751568791457e-02
5.733897696866441240e-02
5.766407310486620919e-02
5.754365148072926317e-02
5.771362089079823399e-02
5.771714192557586554e-02
5.776405928895578246e-02
5.776017845077874302e-02
5.591826276192346512e-02
5.613817486109373700e-02
5.654341188804812290e-02
5.643802269923969828e-02
5.645950695835266764e-02
5.650307672130805425e-02
5.637739950409592637e-02
5.641744268128712214e-02
5.704547541937410315e-02
5.656413376444402452e-02
5.674103196294155715e-02
5.666251984256864827e-02
5.676068158097302696e-02
5.692479135134398405e-02
5.685212685693807888e-02
5.694339673032977611e-02
5.796814624795298965e-02
5.797547407323155877e-02
5.798819617147732419e-02
5.792797191636533949e-02
5.793418677652317772e-02
5.795494514944821152e-02
5.787173475193752026e-02
5.790560009051237689e-02
5.787672462483561819e-02
5.779929487277524203e-02
5.784000737682215565e-02
5.780293600592023573e-02
5.799240072678935043e-02
5.800074181261571926e-02
5.800551003022413887e-02
5.800088068447828427e-02
5.801014815739657937e-02
5.800704599202644030e-02
5.799373299472909693e-02
5.799296480984417190e-02
5.800385323919676761e-02
5.797110524775483942e-02
5.796342780898500191e-02
5.798201824389992431e-02
5.793314492042556108e-02
5.791859597752024857e-02
5.794480449535832634e-02
5.787999855701231322e-02
5.789237255135482041e-02
5.785862907251948517e-02
5.781181096337306702e-02
5.782488131709440093e-02
5.778368474320139114e-02
5.772872442092935596e-02
5.769391767580955843e-02
5.774248717809560283e-02
5.763087792500865003e-02
5.758947876971398649e-02
5.764534315744684889e-02
5.751840645561490106e-02
5.747051435642058781e-02
5.753359810960601006e-02
5.739144028069265158e-02
5.740739595888966207e-02
5.733716545973832623e-02
5.725010427560606185e-02
5.726687497093907453e-02
5.718956705935862583e-02
5.685492639659384118e-02
5.693932059953787927e-02
5.704737444316243522e-02
5.710977376553705298e-02
5.703714695708794746e-02
5.720928648368583946e-02
5.719093665240237989e-02
5.727541075421482830e-02
5.740744423897292670e-02
5.727163688547909359e-02
5.760504783088871150e-02
5.760684322482589881e-02
5.766226929143813962e-02
5.747962816867691060e-02
5.747977785010371932e-02
5.754350746307046460e-02
5.766002463192421157e-02
5.771051612113220486e-02
5.775801740434249876e-02
5.771267352440112575e-02
5.584664352745183358e-02
5.582801119664659861e-02
5.604687567747879129e-02
5.603635005272933345e-02
5.592894272342507911e-02
5.624549722308946897e-02
5.613619314001283556e-02
5.624812291211911397e-02
5.652371861052352120e-02
5.646288148520528516e-02
5.635660614438720017e-02
5.648347719333435268e-02
5.709451724244984927e-02
5.711216700347154784e-02
5.702784728265231085e-02
5.664269139905930839e-02
5.683339468701809061e-02
5.701011613053885707e-02
5.798077121432654302e-02
5.794858384485745972e-02
5.790040823882935950e-02
5.783610281830142696e-02
5.775552941708939070e-02
5.799711463647183596e-02
5.799776032786074786e-02
5.798285561353355710e-02
5.795254809900807214e-02
5.790698484579381855e-02
5.784631155923658508e-02
5.777067179278982945e-02
5.768020617428992747e-02
5.757505166144039066e-02
5.745534083109593571e-02
5.732120119326977736e-02
5.717275450558068073e-02
5.695319413804633690e-02
5.713017573279710604e-02
5.733709331050851343e-02
5.740779925527417227e-02
5.733673927621052435e-02
5.716199346752959265e-02
5.724954854529051840e-02
5.718541660891163225e-02
5.754307044835915708e-02
5.740909977614461202e-02
5.760526667680065938e-02
5.765948517884667002e-02
5.760580081999511215e-02
5.765855392332419616e-02
5.594656395907027235e-02
5.614630740048731639e-02
5.635470555575106122e-02
5.670337840101513649e-02
5.660370639975242923e-02
5.662334852513073447e-02
5.666614204063191718e-02
5.656506062025679071e-02
5.658455863736477909e-02
5.672266901351386004e-02
5.688943531345846960e-02
5.681526064196651404e-02
5.690759086813812484e-02
5.706134339314861137e-02
5.707838589397440376e-02
5.699309406551966717e-02
5.795740741872479340e-02
5.796324412070941179e-02
5.797493681310761371e-02
5.791944735658605126e-02
5.792420112452545400e-02
5.794383078588916103e-02
5.786562664296046599e-02
5.786919940471912938e-02
5.789683459679484390e-02
5.779582926010740085e-02
5.779811088083086634e-02
5.783381873947468499e-02
5.770994184052435916e-02
5.775465658245515499e-02
5.771081064945993155e-02
5.797962493545893992e-02
5.798645905354427033e-02
5.799028440391573724e-02
5.798621947839321944e-02
5.799000678707866285e-02
5.799397847490506130e-02
5.797731143614592852e-02
5.797423795727585372e-02
5.798593609762636714e-02
5.795302134618052214e-02
5.794311192573109448e-02
5.796246604773758193e-02
5.791346923028861671e-02
5.789676197886028941e-02
5.792370211748709696e-02
5.785877393426208659e-02
5.783531994488255723e-02
5.786977702549278568e-02
5.778905248026966479e-02
5.775891547714029350e-02
5.780082169041722562e-02
5.770441943621507086e-02
5.766767535789907306e-02
5.771696452286456669e-02
5.760498630554289345e-02
5.756172282870219981e-02
5.761833074028277490e-02
5.749086093944344444e-02
5.744117694819117492e-02
5.750504170988446351e-02
5.736214696898278564e-02
5.737721431744102762e-02
5.730615196778676701e-02
5.721894325639298451e-02
5.715675671607545194e-02
5.723496034946840005e-02
5.669210113542522134e-02
5.677385308181870371e-02
5.686355009162391561e-02
5.686022423108560986e-02
5.695706519197196727e-02
5.710641789657522338e-02
5.725107221417546910e-02
5.748342100246595088e-02
5.754427794043326383e-02
5.748220758098065986e-02
5.734486473365596471e-02
5.741229001514680519e-02
5.734171062022697107e-02
5.754504724824516249e-02
5.760785422892023000e-02
5.760717755466138179e-02
5.765922496402520192e-02
5.589907182689080045e-02
5.587214192772993471e-02
5.609351131601747475e-02
5.597018897153260841e-02
5.606939675554190039e-02
5.623855853802850469e-02
5.624238058914143856e-02
5.614301202058413764e-02
5.642813286715153698e-02
5.633698895739958079e-02
5.644620584538884156e-02
5.668522708289758238e-02
5.662917165609360204e-02
5.664821394516417197e-02
5.654606728440769725e-02
5.679689672140886270e-02
5.697589335935671073e-02
5.714062593831004122e-02
5.796900594994103262e-02
5.793894018651035704e-02
5.789307600627102701e-02
5.783129622046467855e-02
5.775348599806129357e-02
5.765953342267482462e-02
5.798339224604098785e-02
5.798221914749812633e-02
5.796560719013954532e-02
5.793367670623061905e-02
5.788654716223573526e-02
5.782433650494112065e-02
5.774716052266548605e-02
5.765513222535101345e-02
5.754836124671258712e-02
5.742695326748170626e-02
5.729100945599219230e-02
5.677983875709535777e-02
5.698275676426223235e-02
5.701545658486761869e-02
5.692313581909369535e-02
5.707390000886614079e-02
5.718944349296084528e-02
5.726329987517420061e-02
5.717679305202272300e-02
5.741488774838432452e-02
5.726793771555305224e-02
5.748946016821909755e-02
5.754740483702136533e-02
5.748709545643448937e-02
5.754933008358797952e-02
5.599570454672531117e-02
5.616593330548802498e-02
5.633437559620380064e-02
5.652943367397511576e-02
5.685498197977734147e-02
5.677913234859244263e-02
5.676105487421045925e-02
5.682114999990262039e-02
5.674359577076959482e-02
5.672573895924315490e-02
5.687268817515978014e-02
5.702930200696254559e-02
5.704581664355601323e-02
5.695939802987648459e-02
5.718920090486578900e-02
5.720454390596274585e-02
5.712530106665392182e-02
5.794949586021302945e-02
5.795391055870280361e-02
5.796459281848942435e-02
5.791368588265743966e-02
5.793558007918497843e-02
5.791704602988023698e-02
5.786218973584278391e-02
5.789085307606800512e-02
5.786441117971830028e-02
5.779491585236928852e-02
5.779590210227736335e-02
5.783030696613500332e-02
5.771177434993202127e-02
5.771141704584514809e-02
5.775383879233053630e-02
5.761267746181808480e-02
5.766134797955058122e-02
5.761085690582123942e-02
5.796971245557891450e-02
5.797511031078095289e-02
5.797799747933674031e-02
5.797442920089723728e-02
5.798075191935081474e-02
5.797590102701866144e-02
5.796373986401570644e-02
5.795841061841644493e-02
5.797094252584189533e-02
5.793773793795153892e-02
5.792563301414810351e-02
5.794578919012127738e-02
5.789651613029389576e-02
5.787767399354004638e-02
5.790539830296426160e-02
5.784016585635221031e-02
5.781463777687967376e-02
5.784987500242022573e-02
5.776877674388369854e-02
5.773662646278954202e-02
5.777932260279161625e-02
5.768243615063084473e-02
5.764373948184153829e-02
5.769384203856320337e-02
5.758122869608350847e-02
5.759353132605227188e-02
5.753607306855479386e-02
5.746523580867024528e-02
5.747848504385866253e-02
5.741371975104569980e-02
5.733453528981580227e-02
5.727676785857727104e-02
5.734879383072899461e-02
5.653898166175319595e-02
5.661625990162755251e-02
5.679976175308742992e-02
5.683250642063597535e-02
5.674798482876242112e-02
5.689216681313280510e-02
5.701721264401771183e-02
5.708947837027533723e-02
5.700095306360664082e-02
5.710417307336179693e-02
5.735465758033408967e-02
5.741908234377701703e-02
5.735045555496542935e-02
5.720334684416072957e-02
5.727414892115800793e-02
5.719714153340593743e-02
5.742277159868736103e-02
5.749753996456419269e-02
5.755273682858974560e-02
5.749412577514734224e-02
5.596769596191408791e-02
5.593265673925029713e-02
5.614555974378854231e-02
5.611882408244539544e-02
5.602290018504285651e-02
5.634786436621608274e-02
5.622135083317403303e-02
5.629227824405003133e-02
5.638871243180321180e-02
5.658807922111552813e-02
5.660929976611261960e-02
5.650815862365510256e-02
5.683854460208115356e-02
5.678781914783925799e-02
5.680504611036185647e-02
5.670854495725163869e-02
5.694264892189526694e-02
5.710977324074895112e-02
5.726236820368024727e-02
5.796008670217123182e-02
5.793209243582808643e-02
5.788846163934258104e-02
5.782910202832403090e-02
5.775392275547630572e-02
5.766283485882250925e-02
5.755575168689852639e-02
5.797253768904531146e-02
5.796953911895008638e-02
5.795118467593851630e-02
5.791756749459586739e-02
5.786877965151215886e-02
5.780491166408729953e-02
5.772605200236424761e-02
5.763228661432551192e-02
5.752369846617666482e-02
5.740036709841389584e-02
5.667215012121107343e-02
5.691015495453499717e-02
5.703537381393708472e-02
5.702716552129172278e-02
5.711248055075668351e-02
5.727975760875780864e-02
5.712019388306865952e-02
5.736627950865336167e-02
5.742791102681732429e-02
5.736113140086296358e-02
5.743258929635608467e-02
5.605646063637248488e-02
5.624653004410173907e-02
5.646872431680582949e-02
5.668864027606568268e-02
5.699834388374158678e-02
5.692661520972275291e-02
5.691025291753448734e-02
5.696821203703927861e-02
5.687860489056117963e-02
5.689463018597329391e-02
5.701431509306476020e-02
5.716074725999042982e-02
5.709505600970710137e-02
5.717548146050188684e-02
5.730847552767415198e-02
5.732199045864394549e-02
5.724886905089587863e-02
5.794430192500099608e-02
5.795703933051477019e-02
5.794735008914386754e-02
5.791058078355149075e-02
5.793007123556814797e-02
5.791260131050424143e-02
5.786132026647050619e-02
5.788753685819292283e-02
5.786224290992880714e-02
5.779645378026643243e-02
5.782935650256293414e-02
5.779619571067162731e-02
5.771591556784116950e-02
5.775545150022132201e-02
5.771438178207854985e-02
5.761964102022532064e-02
5.761672481053525807e-02
5.766574459838769151e-02
5.750756696849612659e-02
5.756016032095545576e-02
5.750315045956699844e-02
5.796255078596423971e-02
5.796852146164954700e-02
5.796656926742094207e-02
5.796539462056593539e-02
5.796459814413912337e-02
5.797033930213890685e-02
5.795290048042234243e-02
5.794534965355946365e-02
5.795874064883110854e-02
5.792513485058969902e-02
5.791085558864439431e-02
5.793185332431938228e-02
5.788216328965622992e-02
5.786119443811232887e-02
5.788975647150385040e-02
5.782405007188906598e-02
5.779644315380805253e-02
5.783252792703674761e-02
5.775085783809275064e-02
5.771667673507496765e-02
5.776024379958411004e-02
5.766264725442427075e-02
5.762196782403694595e-02
5.767297805866633542e-02
5.755947667994687489e-02
5.751238631297816983e-02
5.757080213505649802e-02
5.744140184314272535e-02
5.745378453343219505e-02
5.738799896467072781e-02
5.663242343205598939e-02
5.671634021210103516e-02
5.658725881369452981e-02
5.639701857695256226e-02
5.646880369402340616e-02
5.685078282404698591e-02
5.693408307963865322e-02
5.682660746492340653e-02
5.694408276763940346e-02
5.721881458434996404e-02
5.728677966275108613e-02
5.721178385359537710e-02
5.705504367739178129e-02
5.712925745978314485e-02
5.704596230235159382e-02
5.729326670891132789e-02
5.737963193390915873e-02
5.743862530973142810e-02
5.737358665469705077e-02
5.605284328692994311e-02
5.600941328903541461e-02
5.618310041787721865e-02
5.616393593940349760e-02
5.607602907177511309e-02
5.636000299719245987e-02
5.625320986689752445e-02
5.635403613815770374e-02
5.655627086532410974e-02
5.645210635248010256e-02
5.657277252942305434e-02
5.675510017242380023e-02
5.667162643040690728e-02
5.677209776924474482e-02
5.698376559889728465e-02
5.693881590254368241e-02
5.686335480011539545e-02
5.695408143526126121e-02
5.708006636374196585e-02
5.723514760515568955e-02
5.737545285695222486e-02
5.792793237530236006e-02
5.795390236120345762e-02
5.788645986226093054e-02
5.782941788875073374e-02
5.775674017439180741e-02
5.766836141570164109e-02
5.756421758767227281e-02
5.744424622105892553e-02
5.796443706688347852e-02
5.795960369925412525e-02
5.793946906191127511e-02
5.790409919321937160e-02
5.785355900755873026e-02
5.778791194184251800e-02
5.770721961112867948e-02
5.761154147251212887e-02
5.750093449802529122e-02
5.651670990922719184e-02
5.674306593410427535e-02
5.687772459486772902e-02
5.695659448294310145e-02
5.686509187230126550e-02
5.713770638219228815e-02
5.696718353093266352e-02
5.723577561151049764e-02
5.730106862380157651e-02
5.722796265370910795e-02
5.730838659135883972e-02
5.611790601849242499e-02
5.627172707006289354e-02
5.645853534305167454e-02
5.615385993985844149e-02
5.610224481867098767e-02
5.665636952240504787e-02
5.684763185262453611e-02
5.713356315651429984e-02
5.705140421842513909e-02
5.706590606429551293e-02
5.710741642461614198e-02
5.702371352918556013e-02
5.703776389399095592e-02
5.714765733404192360e-02
5.728386653358474856e-02
5.722233998661563348e-02
5.729668876808668987e-02
5.741925844064199591e-02
5.736389942849595691e-02
5.743082526917442365e-02
5.791005275895388937e-02
5.792720977824805662e-02
5.791077392829313553e-02
5.794174366463389347e-02
5.795217912140460115e-02
5.794346688381490917e-02
5.786294158282179190e-02
5.788679425872467199e-02
5.786260435454271267e-02
5.780036897603779700e-02
5.783087843030554343e-02
5.779890420582189936e-02
5.772229389429528457e-02
5.775940846867411160e-02
5.771961998633812208e-02
5.762867559658535477e-02
5.762469891129340382e-02
5.767233111857228423e-02
5.751947381421729233e-02
5.751408913859967775e-02
5.756959393432725669e-02
5.739464888742940030e-02
5.745114549577645668e-02
5.738773997030910401e-02
5.795805537673315300e-02
5.796175645761281192e-02
5.796073737076379295e-02
5.795902867700819527e-02
5.795599570689091706e-02
5.796263945398261175e-02
5.794470383644512168e-02
5.793495024971184737e-02
5.794922682384806567e-02
5.791512039864177286e-02
5.792055250619099205e-02
5.789867263891945726e-02
5.787031696423539096e-02
5.787666857447892887e-02
5.784721431280881454e-02
5.781033097910948104e-02
5.781762586523953029e-02
5.778062531486605202e-02
5.773519852589981127e-02
5.774347369977572697e-02
5.769895401884927999e-02
5.764495411881087605e-02
5.760224686002812788e-02
5.765425961179981851e-02
5.753963050056365436e-02
5.749054807195363992e-02
5.755002908052331279e-02
5.650331810380770925e-02
5.645080366208510281e-02
5.656755947881686453e-02
5.668730256607268370e-02
5.666054023933453365e-02
5.676891932580796496e-02
5.626692564229485161e-02
5.633308838369488480e-02
5.678317984211722624e-02
5.707600686259173273e-02
5.706623186574089068e-02
5.714745417321032139e-02
5.690050273879243559e-02
5.688982449083868076e-02
5.697783322635541214e-02
5.715661256019499703e-02
5.725416179935605143e-02
5.731693557180528309e-02
5.724560158253044762e-02
5.627578306497094118e-02
5.616505731131726797e-02
5.622882887492863802e-02
5.636474265375068793e-02
5.636264090636722290e-02
5.627453727106590531e-02
5.653170958050679484e-02
5.644598458353489168e-02
5.654466809016323037e-02
5.621479494913006469e-02
5.672291062568168840e-02
5.663957393182517119e-02
5.673966464189283965e-02
5.691029707885342237e-02
5.683273433797741969e-02
5.692520364580477832e-02
5.712098439122792470e-02
5.708224646390425150e-02
5.701056971160667342e-02
5.709540342485175390e-02
5.720924640977853581e-02
5.735210966681691946e-02
5.747996916322350991e-02
5.788699266830921175e-02
5.792637935111044634e-02
5.795036965082189795e-02
5.783216841236782368e-02
5.776186539304584144e-02
5.767604261407455191e-02
5.757465945193585011e-02
5.745767581178917727e-02
5.732505223244344084e-02
5.795900455102565019e-02
5.795232461416588432e-02
5.793036976517718095e-02
5.789317907550717290e-02
5.784079054925272967e-02
5.777324091376978554e-02
5.769056541339634414e-02
5.759279760631130785e-02
5.638717362483558482e-02
5.659528451721451692e-02
5.671199758717282435e-02
5.679477552993306144e-02
5.670012568849913670e-02
5.698902546560324911e-02
5.680686730392092709e-02
5.709797357310697485e-02
5.716691513232363686e-02
5.708765818184635688e-02
5.717675000008026753e-02
5.632070563158630971e-02
5.644892752462848939e-02
5.662800701137071790e-02
5.626875200230108121e-02
5.621044521870377508e-02
5.639476035583979030e-02
5.633432752162959023e-02
5.627510628823118033e-02
5.681729635019938662e-02
5.699695163555840161e-02
5.726071853137637557e-02
5.718459173955503516e-02
5.719709386627225278e-02
5.723882577605199362e-02
5.716113875189499094e-02
5.717307139991611997e-02
5.727280181664629044e-02
5.739873346794577280e-02
5.734133449961553719e-02
5.740952088594919456e-02
5.752161893390628222e-02
5.747047243064495881e-02
5.753112667518911483e-02
5.786700463723648546e-02
5.786543263794396985e-02
5.788856110153284273e-02
5.791205035018420766e-02
5.791149847915144644e-02
5.792692900159224223e-02
5.794176718923171876e-02
5.794219300122638305e-02
5.794994296912725495e-02
5.780661473358206237e-02
5.783481106813059824e-02
5.780396717504487913e-02
5.773086484468881174e-02
5.776565041932990585e-02
5.772707359142703609e-02
5.763973875902583810e-02
5.768105052173777558e-02
5.763472331644914348e-02
5.753321988899928741e-02
5.752688781411763319e-02
5.758098270524558693e-02
5.741129130270550274e-02
5.740353866863501242e-02
5.746541836331475750e-02
5.727393571325134491e-02
5.726464760333682680e-02
5.733432901897128620e-02
5.795616992460939088e-02
5.795763078308058258e-02
5.795754417504495049e-02
5.795527270604983183e-02
5.795001965659163368e-02
5.795757949696433986e-02
5.793908899419542013e-02
5.794232584567193811e-02
5.792713609335564673e-02
5.790763148551891781e-02
5.788900574280353428e-02
5.791180933661954633e-02
5.786091204161325496e-02
5.786605517895004880e-02
5.783565325883399666e-02
5.779894161863474711e-02
5.780508753475011030e-02
5.776710216022440392e-02
5.772173019609128097e-02
5.772892937987617046e-02
5.768337469249451566e-02
5.762928670228939509e-02
5.758449168915480421e-02
5.763760236503412404e-02
5.650398069459439121e-02
5.650361705961026715e-02
5.638701275755597653e-02
5.659558700659494956e-02
5.615155194955623319e-02
5.620982122124007496e-02
5.660827827446346383e-02
5.692611090994981193e-02
5.691401712819799119e-02
5.700110520241929990e-02
5.673905415022595378e-02
5.672635490449040585e-02
5.681979306845641453e-02
5.701276386165055055e-02
5.712113544705255119e-02
5.718768635702853320e-02
5.711018610588436406e-02
5.648516740818221304e-02
5.638146368379992612e-02
5.642461521411656911e-02
5.650931438016848496e-02
5.669631493224192020e-02
5.671037577211690550e-02
5.661417556712788901e-02
5.633183014266185396e-02
5.644043978897628211e-02
5.688336847129005225e-02
5.689751496526762597e-02
5.680317900632014805e-02
5.705821968149193957e-02
5.707088417879691011e-02
5.698429559689988100e-02
5.725027093451962035e-02
5.721815755718051566e-02
5.715024180443573076e-02
5.722906557504481295e-02
5.733026509349525845e-02
5.746073078560187675e-02
5.757598438588429346e-02
5.783730569940070954e-02
5.789000978194180913e-02
5.792738066830327437e-02
5.794943345623926323e-02
5.776925279361155852e-02
5.768583497416623906e-02
5.758703573960610722e-02
5.747283821514770352e-02
5.734322516644840828e-02
5.719817898564860670e-02
5.795618264245028239e-02
5.794764205101377019e-02
5.792382476065760510e-02
5.788474303237778340e-02
5.783040823908602857e-02
5.776083079529614750e-02
5.767602008509176148e-02
5.634027162057020366e-02
5.630531870334620770e-02
5.642275325775836237e-02
5.624847585170023034e-02
5.651198143289770659e-02
5.661206163340182229e-02
5.650786745093461239e-02
5.683332709600585897e-02
5.662647414430499460e-02
5.695287173110297196e-02
5.702546228492877400e-02
5.694015824839093742e-02
5.703768196554925840e-02
5.659197182062991605e-02
5.679065799322302599e-02
5.649799851150094643e-02
5.644579549210626546e-02
5.638478543426017620e-02
5.639816235048766835e-02
5.633268699802640445e-02
5.664055166422821141e-02
5.651863074454532843e-02
5.656193593268099562e-02
5.697151404917244477e-02
5.713887218231727960e-02
5.737986632977498669e-02
5.732024608052110892e-02
5.730987488605066016e-02
5.736247896022095283e-02
5.729092291277160243e-02
5.730060350541921199e-02
5.738981337823145790e-02
5.750539908954133139e-02
5.751403786704678556e-02
5.745210187533922319e-02
5.761560338011550986e-02
5.756864588542820460e-02
5.762295049123788981e-02
5.781517215771525553e-02
5.784112044259104302e-02
5.781135179763252641e-02
5.787348838484818181e-02
5.789280113282713192e-02
5.787069269465783261e-02
5.791655027940711964e-02
5.792919031956444975e-02
5.791473757745291273e-02
5.794434693784278334e-02
5.795028993943640572e-02
5.794348870110033189e-02
5.774161154723600475e-02
5.777414556116444722e-02
5.773671189905060785e-02
5.765281547899592240e-02
5.769187304950817996e-02
5.764676927620138169e-02
5.754879178250349447e-02
5.759429871133692203e-02
5.754151945659724543e-02
5.742954710738601420e-02
5.748141757174296540e-02
5.742095719323991876e-02
5.729508680958550482e-02
5.735322383652918798e-02
5.728507639918645200e-02
5.714541486185631403e-02
5.713387007039427701e-02
5.720971084221126990e-02
5.795686657262644204e-02
5.795610117578153808e-02
5.795694758845915118e-02
5.795409657806527282e-02
5.794662445786191718e-02
5.795511502605787957e-02
5.793602360308602872e-02
5.793799106545827193e-02
5.792185945923256085e-02
5.790263362160119609e-02
5.788180509777196558e-02
5.790557502119320077e-02
5.785391200403811052e-02
5.782645953615972445e-02
5.785786547144622372e-02
5.778984358597616389e-02
5.775582018058733613e-02
5.779486025761415569e-02
5.771041273062738064e-02
5.771655648077023137e-02
5.766988367477998700e-02
5.642690143635287203e-02
5.629963921503544633e-02
5.632089560846009757e-02
5.622727830580176445e-02
5.605113275968598430e-02
5.610223055897711752e-02
5.676918465027791516e-02
5.675485769563481941e-02
5.684771704912561230e-02
5.657190347284424270e-02
5.654205577685655904e-02
5.665553649439492023e-02
5.686177230944777783e-02
5.698053368863265078e-02
5.705087108581485822e-02
5.696732951790184352e-02
5.666909624684723923e-02
5.685657556013723468e-02
5.687069317078119468e-02
5.677651057781996080e-02
5.644870537181578829e-02
5.656937409608220335e-02
5.703526847011641809e-02
5.695934608935415699e-02
5.704742738051460371e-02
5.719890525253346070e-02
5.712860394283214571e-02
5.720918298125232671e-02
5.737167285902811109e-02
5.734656990699560364e-02
5.728240438407639079e-02
5.735509725420873117e-02
5.744317597996517755e-02
5.756105955970136634e-02
5.766354276180407634e-02
5.777888447527379512e-02
5.784480976299555266e-02
5.789548902632002392e-02
5.793091189390542350e-02
5.795106705775088241e-02
5.769772252901905762e-02
5.760133221493801692e-02
5.748972067220869953e-02
5.736289379129078103e-02
5.722085610322735771e-02
5.706361070139542857e-02
5.795594234077927620e-02
5.794552476598602286e-02
5.791980062762147607e-02
5.787875556254873377e-02
5.782237462074357737e-02
5.775064233157689575e-02
5.640713532444130429e-02
5.617784128736169613e-02
5.667134248824856613e-02
5.639292429819386943e-02
5.645157287449809047e-02
5.648237856613513852e-02
5.680043209962959416e-02
5.687669781566573324e-02
5.678548364172564256e-02
5.689115889176266094e-02
5.674931329526600177e-02
5.694665290452072259e-02
5.661896779183417383e-02
5.650978370518366933e-02
5.655795159232912539e-02
5.667768445229581786e-02
5.665921262793294222e-02
5.658889252685717075e-02
5.654034801616070194e-02
5.646851982519163204e-02
5.711780662309728918e-02
5.727342076664165837e-02
5.749103927445775586e-02
5.742728940052621578e-02
5.743540724822981947e-02
5.747839003566579397e-02
5.741308334669181779e-02
5.742038664342807852e-02
5.749873380248105015e-02
5.760389069076932156e-02
5.755468127129370615e-02
5.761027645678051812e-02
5.770123428731888104e-02
5.770632903275030312e-02
5.765845423090298905e-02
5.775454512255262518e-02
5.774853201856089413e-02
5.778489000546782606e-02
5.782605050549038950e-02
5.784980065819245176e-02
5.782105324008113278e-02
5.788240007388190111e-02
5.789950633616613995e-02
5.787837761352987442e-02
5.792355767503010178e-02
5.793398351447753836e-02
5.792048213793188349e-02
5.794948584659453950e-02
5.795320757059430061e-02
5.794734266342627116e-02
5.766791856387265547e-02
5.766083566552604456e-02
5.770479666815642172e-02
5.756620375430043790e-02
5.760954156693542938e-02
5.755798447783577743e-02
5.744943170784277964e-02
5.749914411836942740e-02
5.743999719431835960e-02
5.731763132856682041e-02
5.737362209322949269e-02
5.730689084260276456e-02
5.717082917161564470e-02
5.715868057296769056e-02
5.723299144011906314e-02
5.700904907484505291e-02
5.699537934895204661e-02
5.707726607428342813e-02
5.796014602342769440e-02
5.795893402952223550e-02
5.795715292072389779e-02
5.795549874921412936e-02
5.794579316205727970e-02
5.795523020356463384e-02
5.793550389154833447e-02
5.791910121545507106e-02
5.793620442444824548e-02
5.790012085748730275e-02
5.787704946900507075e-02
5.790182934576271201e-02
5.784930880697281008e-02
5.781960991907297842e-02
5.785207717871687638e-02
5.778302685934466609e-02
5.778691983035988411e-02
5.774675430483144911e-02
5.634666274636446204e-02
5.620099690382795998e-02
5.612758361587089073e-02
5.625091380652580408e-02
5.596626629476975090e-02
5.600950873908161487e-02
5.660687849852963360e-02
5.659025823455698934e-02
5.668807348442750360e-02
5.637638644121045761e-02
5.647416901524604516e-02
5.638414861617224716e-02
5.670438159827406732e-02
5.683231197680982394e-02
5.690645771154445587e-02
5.681698956720404592e-02
5.683817709537708485e-02
5.684805679093696273e-02
5.673948256349981012e-02
5.701547781158278205e-02
5.702608594913705087e-02
5.693607040211201564e-02
5.658036912005814933e-02
5.664905167305311906e-02
5.675851685997201912e-02
5.718101783675344496e-02
5.710817864253214804e-02
5.719064653247019070e-02
5.733235661668834027e-02
5.734011150974771542e-02
5.726567364471013555e-02
5.748521349939006431e-02
5.746747926025830289e-02
5.747350333630019126e-02
5.740706579533760845e-02
5.754800899252610069e-02
5.765312080353801605e-02
5.774266460288746128e-02
5.771171723129542297e-02
5.779077061562487572e-02
5.785468884549838098e-02
5.790343658139540661e-02
5.793697705461775538e-02
5.795527227219898769e-02
5.761756240199344958e-02
5.750833801000332368e-02
5.738407391490729648e-02
5.724479774108837127e-02
5.709053458301460715e-02
5.692130651521298823e-02
5.795828322583618242e-02
5.794597010502133827e-02
5.791829251236002563e-02
5.787520967843073905e-02
5.781668067234246866e-02
5.629816892569561304e-02
5.608593128524308469e-02
5.649250025233254480e-02
5.628942599902042598e-02
5.664055866886397173e-02
5.672057748331438276e-02
5.662439336875835227e-02
5.673713474402453105e-02
5.692760310460953654e-02
5.709900211733986986e-02
5.669316152590653246e-02
5.661634583664865161e-02
5.676090590665106017e-02
5.668950752659651648e-02
5.665191046944417774e-02
5.681204284185137343e-02
5.671654144737803271e-02
5.674469356566957945e-02
5.682590067369586162e-02
5.725740532317669107e-02
5.740059666337093969e-02
5.759424546178226745e-02
5.753684629349420376e-02
5.754259778963510819e-02
5.758654795794415637e-02
5.752761223424063264e-02
5.753242232955702029e-02
5.759958071829551773e-02
5.769421098771987388e-02
5.769824919156785192e-02
5.764908768982157650e-02
5.777850953671270773e-02
5.773990765980696604e-02
5.778127030676671883e-02
5.768508899885727015e-02
5.771984742940639013e-02
5.767694937074629991e-02
5.776970499453715213e-02
5.779790809126761353e-02
5.776255921215023292e-02
5.783928744026933799e-02
5.786087416927521154e-02
5.783309495373789577e-02
5.789377544358875749e-02
5.790869714397883783e-02
5.788850888163932229e-02
5.793310622025060752e-02
5.792875156253496360e-02
5.794132689453657115e-02
5.795721543717602398e-02
5.795871197347512993e-02
5.795377211647234628e-02
5.758549812068525231e-02
5.757631115798589327e-02
5.762673883299163080e-02
5.747098848798881665e-02
5.751862682354702550e-02
5.746068806275361762e-02
5.734161335946652560e-02
5.739555353280989536e-02
5.733012107311985517e-02
5.719742288445572864e-02
5.718464844430781735e-02
5.725755848177638274e-02
5.703846369255904936e-02
5.710467824974219120e-02
5.702430536397518068e-02
5.686477826406044489e-02
5.684912279365106347e-02
5.693694590286446644e-02
5.796603756283091879e-02
5.796351849516334642e-02
5.796079988774571756e-02
5.795950622463919011e-02
5.794753738492952611e-02
5.795793776626101401e-02
5.793755457036264822e-02
5.791887074174517647e-02
5.793697640160433426e-02
5.790011562940711176e-02
5.787474605140430217e-02
5.790058056590208224e-02
5.784712266873881514e-02
5.781510950487100953e-02
5.784869640197531915e-02
5.613429368938394060e-02
5.616840786253696205e-02
5.605131902572890734e-02
5.589747487344787213e-02
5.593263586664343201e-02
5.644313536378220419e-02
5.652499178652603540e-02
5.640981919070731099e-02
5.625652627309685183e-02
5.654245979821626022e-02
5.667640515471583651e-02
5.675439130362491813e-02
5.665910399184770352e-02
5.699637639598909011e-02
5.691739152505037591e-02
5.700672441493259690e-02
5.716454395104342279e-02
5.709004864724565032e-02
5.717350841636748005e-02
5.672804593748015378e-02
5.678736870556955196e-02
5.690520676196886285e-02
5.731981199616265066e-02
5.732676619657794959e-02
5.725046152276469513e-02
5.745855176531178277e-02
5.739549732473980814e-02
5.746365647324258585e-02
5.759089130382044619e-02
5.758085593085271459e-02
5.752420900773702606e-02
5.758426329672350352e-02
5.764476946177465866e-02
5.773691473760866888e-02
5.781334557005690655e-02
5.772785927896495473e-02
5.763576794642100154e-02
5.780494975218475329e-02
5.786697964399178939e-02
5.791388715665979348e-02
5.794560875407839262e-02
5.796207950789955543e-02
5.752873307737393915e-02
5.740680927638164288e-02
5.727004814741343264e-02
5.711849797401158391e-02
5.695220341169870970e-02
5.677120351243625240e-02
5.796323345112963654e-02
5.794900393742674627e-02
5.791932400262755909e-02
5.787412672382752366e-02
5.601764245095863792e-02
5.626436816866320356e-02
5.631973547090640686e-02
5.635397378193640616e-02
5.619943732768228895e-02
5.647057100123686890e-02
5.655564570798388146e-02
5.645733652413542636e-02
5.657417006627940559e-02
5.708128506638099342e-02
5.724293591318352359e-02
5.690966202913483318e-02
5.680273070262042978e-02
5.683489666539653928e-02
5.685520426756807133e-02
5.677377717337950269e-02
5.696494465508183946e-02
5.686419777450724133e-02
5.688829768917758045e-02
5.698165681010503025e-02
5.738989283378703732e-02
5.752037429959588888e-02
5.768946782358719272e-02
5.763853142674790764e-02
5.764181322578687539e-02
5.768691601485587128e-02
5.763668669327648431e-02
5.763447630564755286e-02
5.769234687518798310e-02
5.777633747639288053e-02
5.773531123464448189e-02
5.777794368701538730e-02
5.784740176679803447e-02
5.784775736008906932e-02
5.781299143054940970e-02
5.770439619951195365e-02
5.773707975190001118e-02
5.769516558548337670e-02
5.760674555036371380e-02
5.764594633517405864e-02
5.759655598334489923e-02
5.778715909160792030e-02
5.781325261338243759e-02
5.777884715053360765e-02
5.785494919093181476e-02
5.784752888149791161e-02
5.787439195882249088e-02
5.790767883464609245e-02
5.790113653842621222e-02
5.792042256713725301e-02
5.794525820405715955e-02
5.793959384006464042e-02
5.795126736412214985e-02
5.796759581089916402e-02
5.796684784074945807e-02
5.796282287799392474e-02
5.749428909837495105e-02
5.753992266988838811e-02
5.748308731445295194e-02
5.736710524995491944e-02
5.741907601950013706e-02
5.735482532566438252e-02
5.722526854555642917e-02
5.728347027706892636e-02
5.721183226863801874e-02
5.706884926440358718e-02
5.713316565593362650e-02
5.705416652659212051e-02
5.689791142636579924e-02
5.688188179759834373e-02
5.696821791115325162e-02
5.671251807949839741e-02
5.669504458164253968e-02
5.678867986919600153e-02
5.797459899538637274e-02
5.796708448091270061e-02
5.797074454049633285e-02
5.796617443315765783e-02
5.795189719556825825e-02
5.796327894457775631e-02
5.794222864639886339e-02
5.794034587237073541e-02
5.792120575898351831e-02
5.790266851314618268e-02
5.790186520680140614e-02
5.787493024135625941e-02
5.608924421312000419e-02
5.611216799951834755e-02
5.599434095534505662e-02
5.584544170144722930e-02
5.587206880322448388e-02
5.626654055063406989e-02
5.635455741706763000e-02
5.626518102272581867e-02
5.617725024155073577e-02
5.636855988265832007e-02
5.651264092034802289e-02
5.659455478758201874e-02
5.649250897817381656e-02
5.714925169909934599e-02
5.707305617586699853e-02
5.715783459297352209e-02
5.730895744028585703e-02
5.731512821489315179e-02
5.723684387014038588e-02
5.688342691661596451e-02
5.693837334083950985e-02
5.705843451995373794e-02
5.745161405077470196e-02
5.738576080550827907e-02
5.745575378151590584e-02
5.757743967169326460e-02
5.751803893237428245e-02
5.757977827500482260e-02
5.768867929968446440e-02
5.768664326432171308e-02
5.768733043308060804e-02
5.763379087973519166e-02
5.773343752429005438e-02
5.781241635671485746e-02
5.787555609934158518e-02
5.765601888665661257e-02
5.774621734168305931e-02
5.755097703199940629e-02
5.782148896325389753e-02
5.788174744534779759e-02
5.792690407209677428e-02
5.795686819609702223e-02
5.797154773010138040e-02
5.743117188094659653e-02
5.729667981114261455e-02
5.714757314398988264e-02
5.698391922510448460e-02
5.680578292660543038e-02
5.661323297629095030e-02
5.797084964928822526e-02
5.795468050031016283e-02
5.792294691178356825e-02
5.596884974208626851e-02
5.617790375536690917e-02
5.626431246904695094e-02
5.636742832765107014e-02
5.626518033040617262e-02
5.638937227606066749e-02
5.723014178936891572e-02
5.738104272133071060e-02
5.705575446584587596e-02
5.695634475420663367e-02
5.698202681818509419e-02
5.710999160871421676e-02
5.701125716795385490e-02
5.703725684994487288e-02
5.702354495849670801e-02
5.693929698574029530e-02
5.713084319729555549e-02
5.751522616872006832e-02
5.763270002401599257e-02
5.777666348706578248e-02
5.773230492861036733e-02
5.773302359607002110e-02
5.777943095104209892e-02
5.773361553440392591e-02
5.773312976315581047e-02
5.777699950986392441e-02
5.785022183706811649e-02
5.781331649264842554e-02
5.784932203733472722e-02
5.790785788219710017e-02
5.787766531394944458e-02
5.790574776964718673e-02
5.763004524039738730e-02
5.766724837912928781e-02
5.761880388203477477e-02
5.772593817720372833e-02
5.771556802031307942e-02
5.775657660449251551e-02
5.751943364908584932e-02
5.756311704653915839e-02
5.750728082421108223e-02
5.780700397548732550e-02
5.779747807828561346e-02
5.783100496613824415e-02
5.787313063063193042e-02
5.789043363288826072e-02
5.786443557683818018e-02
5.792420321385094439e-02
5.793476023278587572e-02
5.791633924350370055e-02
5.796010449108546236e-02
5.796388040557887145e-02
5.795308555698641673e-02
5.798071555819384049e-02
5.797768836938188564e-02
5.797456930744349091e-02
5.739420778812698298e-02
5.744427577169608501e-02
5.738109016650927430e-02
5.725446740575679261e-02
5.731081362505829890e-02
5.724031895761083621e-02
5.710030693057588369e-02
5.716281509322673759e-02
5.708504944896086730e-02
5.693181367290356398e-02
5.700035910379841475e-02
5.691535884855236649e-02
5.674905079365355487e-02
5.682352027204173872e-02
5.673132798282887190e-02
5.655196055867017790e-02
5.653298298008990752e-02
5.663236597103060710e-02
5.798591649198103770e-02
5.797607749965405510e-02
5.798068417071811087e-02
5.797558701148119997e-02
5.795894091540731985e-02
5.797132329240362036e-02
5.794960714319896677e-02
5.792617206649730566e-02
5.794637987621764630e-02
5.605306123996556256e-02
5.594948429834456505e-02
5.607101780207734976e-02
5.580960936549328455e-02
5.582800118261599387e-02
5.615976670541966698e-02
5.615851563522922252e-02
5.635270382369939046e-02
5.643273071686083497e-02
5.630852398467156572e-02
5.729166215086900493e-02
5.730114925787976876e-02
5.722051136899741763e-02
5.744677095541506073e-02
5.744990115955217469e-02
5.737796147802054492e-02
5.703983237209575563e-02
5.708391016195135670e-02
5.720204695944031137e-02
5.757633293001984676e-02
5.751401876071537966e-02
5.757754339604670424e-02
5.768894474206298639e-02
5.763323493279115528e-02
5.768841040057526293e-02
5.777852435167107892e-02
5.778475770011648471e-02
5.773574133815184695e-02
5.778263123419136171e-02
5.781396751355749597e-02
5.787957489132522504e-02
5.792924096863893979e-02
5.757516952594232684e-02
5.767841382726190957e-02
5.776688870832902278e-02
5.745726217352331577e-02
5.784048397151209109e-02
5.789908617814443215e-02
5.794257925578127910e-02
5.797084512454819816e-02
5.798376433983454259e-02
5.732479374955412599e-02
5.717786123784662777e-02
5.701655540776573439e-02
5.684096579208852695e-02
5.665118554500236936e-02
5.645309508230278439e-02
5.798121674834977313e-02
5.796308215145273834e-02
5.593199430474882217e-02
5.600836445881463010e-02
5.603020528499103037e-02
5.613695934918394581e-02
5.616569320505415686e-02
5.621460668403011063e-02
5.625981866685592081e-02
5.737003871880941297e-02
5.751228268086316930e-02
5.715715867933035543e-02
5.710492125974342414e-02
5.708958997234769850e-02
5.726621994075598021e-02
5.716209688956186419e-02
5.718722287138855442e-02
5.719635848067605721e-02
5.711007600306550192e-02
5.727952231123611959e-02
5.763332412160926399e-02
5.773749394107752231e-02
5.785576311056872534e-02
5.781810043791335563e-02
5.781617280347650656e-02
5.786400225624233062e-02
5.782494281372418943e-02
5.782167467115251203e-02
5.785347973133436739e-02
5.791578946333086897e-02
5.788304200046756609e-02
5.791232033901771992e-02
5.795979872322798432e-02
5.795517328870003482e-02
5.793386318229831744e-02
5.754655088452964584e-02
5.753338301516741637e-02
5.758832392303359082e-02
5.765552505338733535e-02
5.764316838272753873e-02
5.769075790105793189e-02
5.774984162348362204e-02
5.777844961319034134e-02
5.773826902845879960e-02
5.742305025920990680e-02
5.747126748846898003e-02
5.740903062646107724e-02
5.782936488486623006e-02
5.785127520480626284e-02
5.781856290058562386e-02
5.789395527351182125e-02
5.790910743140220696e-02
5.788392424196364683e-02
5.794347011774947376e-02
5.795181634110058155e-02
5.793422426111227708e-02
5.797776440641577711e-02
5.797926997638147562e-02
5.796933182502850279e-02
5.799669158125764223e-02
5.798911417238683530e-02
5.799133509576148704e-02
5.728514899135184191e-02
5.733970369166785375e-02
5.727022391214997565e-02
5.713296676315671174e-02
5.719374223654238865e-02
5.711706979963904196e-02
5.696661676410830211e-02
5.703348684716569306e-02
5.694966811342538904e-02
5.678618925178013921e-02
5.685903030875338882e-02
5.676809903323276618e-02
5.659317899777849270e-02
5.657309142815569736e-02
5.667114155724906066e-02
5.639168284635165396e-02
5.637268850537213716e-02
5.647184340336952602e-02
5.800010434736324605e-02
5.799343764413655844e-02
5.798787790965487243e-02
5.798785549463525424e-02
5.798216842496617396e-02
5.796876482375468154e-02
5.579037356480986976e-02
5.580028875480069761e-02
5.590908993725451914e-02
5.608693102612283266e-02
5.619160341286799643e-02
5.627207893663666027e-02
5.617881904300459084e-02
5.744424398196146253e-02
5.736812896058340883e-02
5.744622462044313149e-02
5.757768162613785545e-02
5.757768926301709556e-02
5.751227018415927539e-02
5.717530457246433606e-02
5.721061474368693833e-02
5.735608668609115668e-02
5.769388432805633293e-02
5.769205465594706705e-02
5.763515216438896971e-02
5.779296277933476667e-02
5.778945887271824677e-02
5.774099579169844620e-02
5.786034648942606218e-02
5.787508710268129963e-02
5.787006438985908829e-02
5.782996252215144573e-02
5.788628739904844167e-02
5.793831340728960999e-02
5.797431902643079837e-02
5.748520916854171769e-02
5.760143886406532410e-02
5.770308005026658638e-02
5.778999935221229567e-02
5.735451937171776038e-02
5.786205916492270784e-02
5.791911838325458639e-02
5.796103315844447490e-02
5.798765767756119960e-02
5.799884496455343097e-02
5.720949211986481320e-02
5.705024363303390356e-02
5.687687897071369569e-02
5.669017471474613323e-02
5.649291617721197145e-02
5.629196068356179250e-02
5.799444769636752373e-02
5.589971790366743409e-02
5.600156445337689526e-02
5.608355059133207643e-02
5.600477687057181519e-02
5.609648063698069453e-02
5.751171322652837148e-02
5.763649259735081909e-02
5.729862890420367449e-02
5.724737483731723309e-02
5.722721350857862266e-02
5.728178356814994654e-02
5.737030102791074171e-02
5.728322589104539730e-02
5.744839114876731934e-02
5.735771936206446320e-02
5.744698611910781239e-02
5.774408971841649141e-02
5.783464787809722285e-02
5.792667047624311394e-02
5.789582454286246183e-02
5.789117807541133143e-02
5.794051203273464790e-02
5.790834310206838254e-02
5.790221721371424657e-02
5.792170208154079347e-02
5.797293920351487273e-02
5.794439987873112319e-02
5.796684839166577063e-02
5.800311890777498647e-02
5.798149276485042858e-02
5.799593966082483565e-02
5.745379063307087808e-02
5.750019452461285763e-02
5.743879032478171887e-02
5.757579824583847206e-02
5.761568595034427531e-02
5.756153697988997120e-02
5.768334157243626414e-02
5.771661653755610910e-02
5.766979171180530717e-02
5.777626193372054075e-02
5.780283909441674695e-02
5.776340966034732016e-02
5.731747168068479503e-02
5.730169106454219285e-02
5.737028429966228860e-02
5.785439570696371270e-02
5.787420202968907024e-02
5.784224119108016815e-02
5.791757519402507270e-02
5.793055015961556808e-02
5.790613268607935904e-02
5.796562951490624727e-02
5.797172553883611634e-02
5.795492736349250329e-02
5.799838553603076097e-02
5.799756832072466839e-02
5.798846612440333725e-02
5.801566882846775908e-02
5.800658842765915590e-02
5.800791764170476483e-02
5.716698729585245609e-02
5.722609114580756717e-02
5.715037192126448673e-02
5.700247480320430604e-02
5.706774360861877060e-02
5.698495807440040473e-02
5.682405942963364431e-02
5.689536099875858177e-02
5.680555676581222624e-02
5.663180758773556089e-02
5.670902683442879955e-02
5.661293277001799851e-02
5.642668165464925778e-02
5.650997997155593477e-02
5.640958669645301793e-02
5.621457366772542041e-02
5.630319038713682556e-02
5.620332257848581481e-02
5.801730464490495454e-02
5.800261252048122262e-02
5.800913318399503193e-02
5.578767623361158279e-02
5.578909899188244648e-02
5.589599234595621358e-02
5.600736315850407543e-02
5.609946817074862313e-02
5.600446334911846069e-02
5.758166600932201895e-02
5.758036643623065665e-02
5.751295116610533054e-02
5.770170150422804234e-02
5.769844375153609928e-02
5.763972701208874838e-02
5.737291571302349791e-02
5.733489063015684284e-02
5.728548885520978740e-02
5.737382436700455557e-02
5.737176526173359825e-02
5.751588228209858489e-02
5.780414575782344411e-02
5.774905461617763081e-02
5.779917158918213005e-02
5.788935893963886858e-02
5.784120188692354336e-02
5.788280054661532059e-02
5.793403861610435523e-02
5.795749225838020546e-02
5.791632873586638475e-02
5.794950124308884121e-02
5.795029844574750566e-02
5.798852859355907441e-02
5.801068309060120054e-02
5.738601483295480143e-02
5.751517057322741433e-02
5.762994206536919961e-02
5.773017355501108838e-02
5.781570392845036821e-02
5.724262423395587440e-02
5.788636754234022241e-02
5.794199510497066719e-02
5.798241458544184379e-02
5.800745215563707369e-02
5.801693315842615384e-02
5.708514036055334362e-02
5.691369461715534150e-02
5.672838579499772660e-02
5.652971947943608022e-02
5.632104391081405037e-02
5.611110123952689488e-02
5.589468690855792232e-02
5.589750324209408205e-02
5.764241014621451775e-02
5.775359903881349677e-02
5.745461429028375644e-02
5.737644589060886258e-02
5.741299559646495521e-02
5.745189291236507678e-02
5.751226097114037206e-02
5.744147574912839005e-02
5.744282495020591739e-02
5.754178709150115090e-02
5.745608192033457851e-02
5.758957715943235911e-02
5.758606550165368265e-02
5.751851003720520605e-02
5.784739512697534281e-02
5.792402483299152749e-02
5.798926237697632491e-02
5.796535663512158987e-02
5.795792970606850059e-02
5.800881509556055082e-02
5.798367408471727380e-02
5.797462586083368397e-02
5.798155433241736212e-02
5.802154325375485922e-02
5.799727564955992065e-02
5.801278956271771481e-02
5.803768682500620724e-02
5.802043556576930161e-02
5.802792659595468194e-02
5.735162190366893675e-02
5.733489280859960235e-02
5.740272765599385707e-02
5.748661558138701277e-02
5.753122893629636359e-02
5.747054158728814865e-02
5.760736190234061471e-02
5.764537450462881019e-02
5.759191452915668474e-02
5.771368008825694673e-02
5.774499463127280574e-02
5.769884481447862257e-02
5.780538314632566177e-02
5.782991401072568038e-02
5.779115964518644066e-02
5.720255429043641371e-02
5.718512795751173883e-02
5.726003393765521920e-02
5.788227887360108959e-02
5.789995269381476017e-02
5.786868112582588264e-02
5.794417086952741158e-02
5.795492704060689615e-02
5.793122720672361226e-02
5.799085958809735430e-02
5.797861265382031615e-02
5.799465071070264433e-02
5.802214344223455278e-02
5.801893569448168808e-02
5.801065006245587075e-02
5.803781993845225085e-02
5.802759336892815423e-02
5.802715090533228093e-02
5.703957772007650640e-02
5.702139883073753523e-02
5.710330362719828745e-02
5.686283663123803400e-02
5.693268013564667385e-02
5.684384084983984398e-02
5.667251639071402280e-02
5.674831228383059312e-02
5.665257366941356398e-02
5.646860909899109604e-02
5.655023013274373955e-02
5.644806277553848783e-02
5.625104466412689241e-02
5.633892802295525915e-02
5.623317598653976290e-02
5.602610237967353690e-02
5.612045414940902699e-02
5.601694202061557881e-02
5.580088990181819586e-02
5.579431825400271716e-02
5.590413974039043499e-02
5.771269013922730728e-02
5.770774341040874056e-02
5.764703632742429473e-02
5.781874526528518743e-02
5.776025749299484868e-02
5.781207256412435047e-02
5.748259031136604413e-02
5.752289409046873470e-02
5.752699324686438853e-02
5.765141645485538646e-02
5.790694494402004455e-02
5.785558228368725686e-02
5.789874634150704580e-02
5.797797455397935007e-02
5.793370663479135985e-02
5.796828610035342777e-02
5.799946646562825769e-02
5.803180613829550527e-02
5.799468689489095663e-02
5.802078558308665368e-02
5.800587509878496473e-02
5.803009070670561709e-02
5.803820000950621338e-02
5.727744368824938537e-02
5.741946670631647986e-02
5.754733281913493315e-02
5.766086487177024544e-02
5.775987902182577738e-02
5.784418569196281279e-02
5.712143365539046336e-02
5.791359058290412865e-02
5.796789570423199756e-02
5.800690044654310817e-02
5.803040270218617902e-02
5.695159512882619346e-02
5.676808897143348354e-02
5.657098275372318685e-02
5.636029120061269992e-02
5.613900922251358061e-02
5.591364201777138110e-02
5.776632602181841492e-02
5.786350718359090095e-02
5.755005132817547775e-02
5.766246365993832335e-02
5.758716004116315457e-02
5.760171620105303258e-02
5.770822312227374962e-02
5.762479887584992522e-02
5.774683908497846296e-02
5.772980986987297225e-02
5.766812947654187393e-02
5.794307729082603942e-02
5.800546162494968350e-02
5.804338848560208763e-02
5.802654889822456141e-02
5.801629093681648364e-02
5.806873844755144898e-02
5.805076568897737932e-02
5.803874153253574253e-02
5.803289737168604301e-02
5.806144715280114887e-02
5.804152818094154842e-02
5.805000078729749546e-02
5.806334479103825164e-02
5.805054693882960581e-02
5.805098791307017336e-02
5.723988343127950351e-02
5.729577147490538813e-02
5.722153806054808278e-02
5.738781554609573288e-02
5.737003028780596203e-02
5.743723502361319788e-02
5.752174056583037043e-02
5.750448548550546324e-02
5.756457153818361761e-02
5.764145674332410429e-02
5.762471619940912060e-02
5.767758967504965639e-02
5.774675452004662812e-02
5.773052730919669973e-02
5.777609116062931705e-02
5.783741781755136202e-02
5.782171729794116644e-02
5.785987185611052297e-02
5.707816046671898569e-02
5.705919952054427924e-02
5.714037547042571941e-02
5.791322518691599530e-02
5.792872283717453996e-02
5.789807934393031985e-02
5.797395094964219453e-02
5.798243149106718786e-02
5.795940239673280647e-02
5.801936643575067443e-02
5.802078268782573378e-02
5.800547230927122211e-02
5.804924129194977134e-02
5.804356000147048444e-02
5.803607304629809782e-02
5.690290904232953029e-02
5.688322089267927595e-02
5.697126152306630775e-02
5.671491306184872627e-02
5.669410352025838762e-02
5.678889165237865910e-02
5.651170304567854075e-02
5.659216661728794229e-02
5.649055539419256533e-02
5.629673103986387872e-02
5.638269230284198574e-02
5.627427789359995547e-02
5.606882976439464539e-02
5.615998537702215909e-02
5.604783591473239124e-02
5.583025089098980764e-02
5.592816859077787139e-02
5.581561436562598733e-02
5.783793842634810112e-02
5.777516154286332917e-02
5.782884297448587230e-02
5.792811753499704785e-02
5.787342131045447591e-02
5.791812300114240752e-02
5.762525273502605572e-02
5.768441187404305115e-02
5.770414694762504570e-02
5.779238265976993638e-02
5.800211352766282413e-02
5.795456854774005961e-02
5.799061296026009060e-02
5.805862001991968224e-02
5.801833588119242879e-02
5.804573705349524992e-02
5.805646832780853028e-02
5.809783253120792690e-02
5.808373284797563318e-02
5.806485538097994059e-02
5.805286492335370863e-02
5.806284365048142160e-02
5.805671089384278893e-02
5.715934582963377864e-02
5.731416607510364525e-02
5.745509066267184828e-02
5.758191108884269660e-02
5.769442170349159404e-02
5.779240971001409211e-02
5.787565634659419533e-02
5.699086954812748740e-02
5.794393804438724427e-02
5.799702759583580391e-02
5.803469542166972417e-02
5.680927071150132512e-02
5.661376166091713902e-02
5.640462622120556713e-02
5.618318731580818071e-02
5.594981161847345508e-02
5.788358698880713415e-02
5.796574612536986582e-02
5.779773002835097984e-02
5.775192435050735540e-02
5.772977031450088337e-02
5.786543501688690139e-02
5.778647082811028124e-02
5.777165144153217913e-02
5.788002527237745554e-02
5.785891362325945586e-02
5.781337074758041705e-02
5.803095425488891124e-02
5.807876552913759927e-02
5.808887129062667576e-02
5.806609785508642929e-02
5.807922603314541465e-02
5.812008128284973374e-02
5.809437734765454664e-02
5.810941937038416327e-02
5.807556518232404041e-02
5.809246996133610175e-02
5.807831273841757014e-02
5.807698977353192848e-02
5.807990939669260833e-02
5.806495186707583134e-02
5.807165633899868951e-02
5.711839746038238630e-02
5.717915633337267156e-02
5.709856841330596122e-02
5.727921891225074003e-02
5.733353382439532187e-02
5.725983293704417498e-02
5.742629682573707761e-02
5.740733358956418009e-02
5.747403625415370421e-02
5.755940968113593126e-02
5.760045182161299682e-02
5.754085179659973459e-02
5.767832624144442200e-02
5.771256015676640150e-02
5.766017118511257422e-02
5.778280725751738789e-02
5.781013359837128274e-02
5.776506737056397167e-02
5.787260682930672751e-02
5.789293847301069107e-02
5.785530935835736521e-02
5.694404163066313362e-02
5.701111839362338340e-02
5.692378243330242782e-02
5.794747358495944134e-02
5.796073625422715203e-02
5.793066074382124953e-02
5.800715195166761262e-02
5.801328481972489737e-02
5.799088087957371407e-02
5.805138368889062317e-02
5.805033987048180411e-02
5.803572624100239441e-02
5.675622063112273352e-02
5.682963190644219065e-02
5.673591145296441596e-02
5.656203747095822632e-02
5.663843969945359103e-02
5.653725881756199723e-02
5.634496213670747711e-02
5.632129415814257634e-02
5.642842341289577845e-02
5.611624847763729829e-02
5.609301923858711625e-02
5.620661239548840893e-02
5.587517386098672656e-02
5.597212032582676855e-02
5.585329187128973416e-02
5.795429374036620285e-02
5.789596120199647089e-02
5.794172223778892850e-02
5.803015522966281647e-02
5.801672291359682987e-02
5.797915704784328828e-02
5.783023465675807273e-02
5.783840024909214783e-02
5.791726729709012478e-02
5.808943608889238774e-02
5.807456975492297779e-02
5.804581917875784036e-02
5.813107216382007447e-02
5.811494511743808822e-02
5.809488425376341247e-02
5.810485501903506211e-02
5.815534750223239069e-02
5.812662426207981792e-02
5.813813052087302147e-02
5.809108866835965834e-02
5.808660523859221492e-02
5.806603153880773860e-02
5.719909005503898136e-02
5.703150978405580052e-02
5.735303575513917007e-02
5.749313085792839839e-02
5.761914918269528396e-02
5.773085551575729557e-02
5.782800728020964787e-02
5.791035582978953933e-02
5.685049336973990730e-02
5.797764769854807376e-02
5.802962590629812123e-02
5.665944557333890685e-02
5.645399198299472232e-02
5.623120511230572660e-02
5.599632147188815523e-02
5.799287157212340560e-02
5.806041599653843921e-02
5.793822126219427826e-02
5.786718801800638801e-02
5.790004740551035756e-02
5.801061277526742277e-02
5.793744747665319217e-02
5.790792592971694130e-02
5.799001460455277535e-02
5.797257742917860668e-02
5.793496199718284334e-02
5.811080911178878594e-02
5.814371372143800620e-02
5.812550634719571008e-02
5.812318539486516222e-02
5.810715948469924452e-02
5.816261534057043381e-02
5.815940911242201139e-02
5.814131878066097769e-02
5.810936505487585002e-02
5.811440466951478534e-02
5.810346645357566953e-02
5.809753019876850999e-02
5.808717204286251157e-02
5.806962166586882024e-02
5.808356776399370425e-02
5.716063170205920585e-02
5.721993826768911884e-02
5.713976229333350698e-02
5.698697386685147581e-02
5.705269733215800887e-02
5.696576141965392637e-02
5.732083292225509386e-02
5.737357940513232446e-02
5.730027045662788865e-02
5.746733863452380131e-02
5.751338980947007240e-02
5.744706121665144050e-02
5.759989560070610803e-02
5.763912784158042868e-02
5.757989891214809752e-02
5.771824230709321490e-02
5.775054309050819956e-02
5.769853719092676858e-02
5.782210893115469208e-02
5.784737770247794231e-02
5.780272153246235334e-02
5.791121916451058560e-02
5.789219077535701086e-02
5.792936782313851118e-02
5.680003015987211690e-02
5.687207618062994907e-02
5.677839865369205263e-02
5.798529085030590391e-02
5.796667822974066464e-02
5.799624459539132193e-02
5.804403786865675041e-02
5.802591296311265801e-02
5.804773583977140827e-02
5.660827905843512919e-02
5.658540376678700135e-02
5.668219036787713883e-02
5.640110555694621830e-02
5.637342690081470487e-02
5.648155767204432465e-02
5.618306735237943439e-02
5.615022308981221233e-02
5.626399722597952291e-02
5.593582232877614135e-02
5.602622351785369048e-02
5.590622737207928683e-02
5.806118964133832883e-02
5.804643995194969097e-02
5.800776833613352501e-02
5.812422503266756468e-02
5.810749153123517807e-02
5.807733971236073156e-02
5.797228605127280332e-02
5.796350247257697763e-02
5.802670182884950290e-02
5.816862632091801544e-02
5.812910334451115713e-02
5.815037691884450410e-02
5.819507942122581490e-02
5.817567764610920289e-02
5.816311848438959764e-02
5.814441020645966240e-02
5.820409480797295032e-02
5.817975475125769513e-02
5.818373798818454734e-02
5.812034057809545295e-02
5.810116766805195621e-02
5.806595303801953545e-02
5.724097197393340775e-02
5.707404269724747348e-02
5.689377628544445287e-02
5.739432514286191278e-02
5.753386006186322899e-02
5.765931932655299352e-02
5.777043763138678401e-02
5.786694154223648301e-02
5.794855206957572058e-02
5.670431738269055000e-02
5.801498499678103826e-02
5.650494566729780122e-02
5.629249921583445726e-02
5.606023097563661572e-02
5.809368425915295564e-02
5.814713491395784306e-02
5.807287936770755277e-02
5.804091291142765563e-02
5.800542691200027967e-02
5.813969507421723470e-02
5.807437488106836909e-02
5.803011633052534979e-02
5.806783204077459182e-02
5.818238806353537296e-02
5.820005814030781988e-02
5.815306281175480763e-02
5.813925819146004148e-02
5.815819734688787435e-02
5.819608628514605364e-02
5.817932452603580273e-02
5.820047943850770178e-02
5.813407802160530657e-02
5.812701873296133304e-02
5.810743260614481542e-02
5.812073843757359359e-02
5.808489968794749991e-02
5.806477618736471946e-02
5.808606039103336727e-02
5.720514108567587019e-02
5.726299574084969812e-02
5.718309203518623374e-02
5.703192003015000733e-02
5.700964278382258943e-02
5.709627850002818583e-02
5.684584214147392345e-02
5.682313566707641872e-02
5.691640220503535463e-02
5.736502900757745049e-02
5.741619548263265926e-02
5.734313708707539092e-02
5.751124288183717681e-02
5.755558272955640930e-02
5.748950020938248251e-02
5.764349967748017001e-02
5.768088617109745631e-02
5.762191346101019906e-02
5.776150482036113143e-02
5.774010022997388969e-02
5.779182374910218911e-02
5.786495820877901597e-02
5.784377440709609353e-02
5.788810729604965122e-02
5.795355169790139538e-02
5.796944173435214509e-02
5.793264452137214526e-02
5.664676055670558874e-02
5.672344120853234362e-02
5.662764391736008207e-02
5.802697121071798136e-02
5.803552696938552025e-02
5.800641237850601151e-02
5.644759116996300730e-02
5.652773516068887449e-02
5.642438942937189061e-02
5.624106375669934987e-02
5.632116711082757465e-02
5.621266046437944919e-02
5.601178683235807920e-02
5.609759269037006835e-02
5.597472982467432967e-02
5.815739309746692509e-02
5.814196671103455394e-02
5.810976958366331768e-02
5.821001927623570271e-02
5.816723203933438224e-02
5.818999001727698239e-02
5.810486793553903961e-02
5.811681199194640435e-02
5.823942050539177018e-02
5.821779260744208706e-02
5.820416030624619985e-02
5.825053792004264430e-02
5.822773485271437455e-02
5.822284013735146146e-02
5.817489109104190259e-02
5.824380745850821217e-02
5.822028880942653473e-02
5.822398361589908866e-02
5.814038896820805657e-02
5.810629813420409295e-02
5.805624259539610144e-02
5.728527771749947206e-02
5.711870664794327368e-02
5.693904797312376864e-02
5.674651577012046477e-02
5.743833718572211033e-02
5.757757912051508775e-02
5.770272236130691290e-02
5.781346719639068876e-02
5.790951029750568413e-02
5.799054071536702271e-02
5.654704944075905626e-02
5.634465819133827047e-02
5.612734256356954887e-02
5.818504407021973801e-02
5.822547998307947559e-02
5.817178730971661604e-02
5.812158610078799192e-02
5.815426328308548332e-02
5.825064895145604105e-02
5.819425996681792945e-02
5.816571899619771280e-02
5.824550291171448624e-02
5.824759224702458216e-02
5.817128355690781571e-02
5.818400555782721195e-02
5.816214995282831257e-02
5.822021552721345916e-02
5.820812655326779161e-02
5.823235852101915633e-02
5.814945932579795862e-02
5.813005510330171433e-02
5.810777477909778721e-02
5.812856087383910797e-02
5.807283590100820181e-02
5.807888942357786188e-02
5.805017088626218680e-02
5.725224668780382054e-02
5.722882582486366054e-02
5.730863755838200291e-02
5.707927357241104893e-02
5.714209243715762110e-02
5.705561971661843312e-02
5.689295575151298578e-02
5.686938106347250166e-02
5.696226910703150459e-02
5.669590973974047987e-02
5.667197657074185546e-02
5.677100653471311986e-02
5.741214305493069769e-02
5.738875249585173588e-02
5.746169503521592059e-02
5.755834984548735545e-02
5.753496719001238713e-02
5.760092968217700449e-02
5.769055446520054975e-02
5.766721218648263036e-02
5.772604127256608653e-02
5.780844175108945660e-02
5.783671539322687849e-02
5.778517367068314314e-02
5.791168171856719837e-02
5.793263419115779467e-02
5.788853865700627210e-02
5.799992882134330507e-02
5.801346949990471291e-02
5.797698136342055442e-02
5.645754895555799013e-02
5.655229738667066908e-02
5.645216595807622806e-02
5.629006460280761015e-02
5.626591311599282719e-02
5.636868729646105081e-02
5.610240776148978092e-02
5.617186745669755510e-02
5.605823892409134146e-02
5.825533739060817506e-02
5.820567246837082820e-02
5.823292975837779384e-02
5.828783144950810957e-02
5.826434020149029447e-02
5.824912168278373326e-02
5.820883650959662869e-02
5.821457277873764991e-02
5.830280952466004862e-02
5.827112108872900542e-02
5.827707090667355594e-02
5.829669526749969855e-02
5.827365432135400702e-02
5.827063186519276794e-02
5.819602626450548488e-02
5.827418619451441018e-02
5.824751134066485925e-02
5.825900026543262555e-02
5.815097656669809822e-02
5.810173981455857284e-02
5.803664480750891919e-02
5.733233503047585611e-02
5.716572250608786820e-02
5.698591941944441963e-02
5.679479931220055011e-02
5.657757738487712018e-02
5.748539544519337685e-02
5.762461336690061220e-02
5.774968691616344518e-02
5.786027163190177180e-02
5.795603930466874942e-02
5.637396555786211572e-02
5.619710726068949391e-02
5.827258457417083815e-02
5.829597796876506699e-02
5.825136393223306897e-02
5.833980643771718988e-02
5.829417450178298044e-02
5.830015886814532422e-02
5.828578702692721603e-02
5.817989390342281908e-02
5.817556571883775174e-02
5.820033339747121559e-02
5.823472792402939469e-02
5.822741694327127071e-02
5.825468537908906619e-02
5.815524024168594597e-02
5.812323571608668527e-02
5.812666425852541785e-02
5.809828851449638787e-02
5.805070117849775446e-02
5.806178659932126340e-02
5.802553930522946768e-02
5.730242378061567443e-02
5.735719677052253385e-02
5.727736845380182462e-02
5.712926285094244161e-02
5.719046647771131031e-02
5.710432863645997781e-02
5.690981814041407016e-02
5.699474555139638632e-02
5.690089416369492614e-02
5.675325543294684749e-02
5.672489257657176154e-02
5.682278878934587940e-02
5.656681475659397496e-02
5.663164700801415208e-02
5.651296197936350740e-02
5.746198756905596117e-02
5.751015443292362139e-02
5.743715419106365516e-02
5.760859563926212790e-02
5.764958597990721412e-02
5.758359788258782253e-02
5.774140346809375490e-02
5.771614034144412209e-02
5.777493291492052929e-02
5.785940787134569163e-02
5.788555876379863907e-02
5.783410067980754299e-02
5.796263391804989951e-02
5.798129795051476520e-02
5.793735563765523011e-02
5.620726011842158698e-02
5.633383168984940070e-02
5.624858063084281490e-02
5.615603726327056400e-02
5.833202956105332238e-02
5.831065316918770947e-02
5.829340520365089429e-02
5.836635892108321677e-02
5.832651629379137503e-02
5.833448307984201442e-02
5.829541872802124214e-02
5.835525595801560605e-02
5.832895169420115877e-02
5.832636296322546432e-02
5.833508837412382242e-02
5.830513766225731143e-02
5.831615245667709502e-02
5.820753038450132699e-02
5.829733357688438034e-02
5.826599018938760643e-02
5.828561002984011807e-02
5.815181899361909768e-02
5.808720937101874426e-02
5.800688204702153516e-02
5.738219633770069716e-02
5.721554497845138254e-02
5.701987839845701345e-02
5.683154757040398408e-02
5.666108354062804331e-02
5.632673787003994459e-02
5.644831252512161335e-02
5.639161184143182126e-02
5.753536080972121436e-02
5.767514410197893682e-02
5.780056226061680569e-02
5.791120461153209664e-02
5.626790846390883338e-02
5.833455005211807265e-02
5.835005415329230782e-02
5.836128490523406764e-02
5.840319842184393817e-02
5.837171414875563791e-02
5.834600979743520544e-02
5.831634981466904399e-02
5.817864030860675495e-02
5.817922135775910331e-02
5.820684521559638114e-02
5.824001322168770312e-02
5.823709607358718010e-02
5.826835576138422734e-02
5.815111429674324484e-02
5.810630683467365998e-02
5.811476540951054925e-02
5.807867450219694749e-02
5.801818046725326639e-02
5.803446470099660193e-02
5.799058801383816242e-02
5.735600923318029398e-02
5.740878110258185174e-02
5.732944114060467555e-02
5.715557834122875214e-02
5.722916711174763638e-02
5.714194560453422778e-02
5.700041080051543307e-02
5.695478086645233695e-02
5.706422999947602381e-02
5.668564045071955437e-02
5.679859017358857010e-02
5.671870797965172795e-02
5.662698195031323767e-02
5.645610809629642013e-02
5.651217708748368374e-02
5.639253884237038772e-02
5.751421925127020440e-02
5.756120241180728847e-02
5.748795438372344968e-02
5.766368467935145681e-02
5.770249455274500949e-02
5.763623803611994667e-02
5.779642306576038280e-02
5.776903606118277690e-02
5.782794563465698534e-02
5.791478248687598196e-02
5.793872912787023655e-02
5.788724060202699029e-02
5.836646266394962534e-02
5.838454013245542029e-02
5.840823738800560161e-02
5.838200628705469963e-02
5.838774617982966930e-02
5.839935695397979742e-02
5.836856610656449007e-02
5.837754075945467136e-02
5.837354524182425397e-02
5.835456387282833557e-02
5.833529062821929401e-02
5.820921609413942654e-02
5.830159431389625446e-02
5.827027915374394240e-02
5.829919747536216335e-02
5.814262275667136937e-02
5.806243931992616236e-02
5.796665015692936684e-02
5.743485814135607104e-02
5.725623719796957278e-02
5.707772418458045838e-02
5.682120450802830014e-02
5.691124343951392550e-02
5.686469146073036551e-02
5.675355771556667150e-02
5.657249993427582169e-02
5.758868720748711034e-02
5.773014318081659546e-02
5.785575363300565765e-02
5.844456826050403730e-02
5.842512074810335410e-02
5.840428958407861693e-02
5.842689638954556841e-02
5.840492059807189662e-02
5.838820151588786089e-02
5.833790079234324466e-02
5.816512153405695162e-02
5.820232750310250225e-02
5.817174276462777627e-02
5.822373338564146295e-02
5.823185455081525408e-02
5.826233766527577629e-02
5.813570172240012379e-02
5.807832323893025173e-02
5.804832711366825215e-02
5.809218366270063605e-02
5.797578393085089932e-02
5.794531472322617116e-02
5.799695338778509957e-02
5.739470544237135208e-02
5.737477640010435476e-02
5.745416796746372068e-02
5.725540290921338205e-02
5.720510826022484618e-02
5.730506445906302648e-02
5.695673593116634681e-02
5.705686997435710506e-02
5.697764305953412212e-02
5.688871795768046802e-02
5.659985695967439945e-02
5.671131260978456989e-02
5.664188745904785716e-02
5.652880137217686229e-02
5.755546158775126653e-02
5.761092603863582351e-02
5.753562257817124159e-02
5.772257966135951879e-02
5.769370673830331864e-02
5.775954612738121163e-02
5.785719040162751181e-02
5.782689986212519173e-02
5.788593850473644498e-02
5.845929231571500573e-02
5.845316520758381262e-02
5.843298007266795047e-02
5.843035669151974698e-02
5.844625238056011529e-02
5.842342527447985656e-02
5.841113175681578173e-02
5.834703149145092915e-02
5.832396987521260012e-02
5.836163658762949513e-02
5.819414194822869479e-02
5.828345076304819461e-02
5.825338400888457890e-02
5.829270457183444165e-02
5.812158147169688149e-02
5.802709969518704547e-02
5.791643843210003695e-02
5.747599829888994094e-02
5.732414076223046884e-02
5.709029122135078627e-02
5.712189537781908744e-02
5.717331558948401948e-02
5.702309619833922927e-02
5.675161751825430478e-02
5.685484841509225173e-02
5.678544436921273419e-02
5.667558053443921828e-02
5.764091655539349546e-02
5.779010160614184155e-02
5.845478462297160061e-02
5.841048778620139270e-02
5.843035882219849153e-02
5.839158255576171186e-02
5.837980657469488133e-02
5.831534325416498632e-02
5.813602271319873172e-02
5.815054564550548033e-02
5.817961090451873041e-02
5.819350903565445599e-02
5.823857114183383921e-02
5.820884436014084340e-02
5.810695344346594737e-02
5.803828878644912148e-02
5.800682181571692464e-02
5.805804201280928556e-02
5.792076058496153923e-02
5.788872328633087871e-02
5.794805093955468500e-02
5.740243675401923706e-02
5.748079222656132803e-02
5.739758908069181320e-02
5.725541053351579368e-02
5.725437547241063463e-02
5.732526290337613961e-02
5.717236987607576815e-02
5.691111139992788281e-02
5.700125018212243155e-02
5.693282481358274971e-02
5.683101307651750034e-02
5.766222834305223532e-02
5.760930778783956985e-02
5.769208971295258781e-02
5.778747816388973835e-02
5.775500415204959381e-02
5.782223018313015217e-02
5.834854015700052798e-02
5.838052979744079440e-02
5.834779011467894350e-02
5.831647753412405599e-02
5.816457404992458891e-02
5.826300077047963377e-02
5.827361210689796511e-02
5.822866863557984995e-02
5.808667477102802401e-02
5.797905340945652686e-02
5.785386153428662137e-02
5.754411154860672450e-02
5.747353990462600315e-02
5.755076113739943100e-02
5.732837092046028094e-02
5.707690222905947852e-02
5.716655387253000153e-02
5.708226842973040949e-02
5.699357838420049394e-02
5.772436484126053369e-02
5.760471792458532470e-02
5.830669029754020904e-02
5.809259316083548175e-02
5.811434567975370946e-02
5.814281282939615103e-02
5.815723094731817255e-02
5.821073395938625161e-02
5.817565816323899686e-02
5.806507987466080767e-02
5.797386420884609315e-02
5.794677363333222697e-02
5.800612766598556291e-02
5.784062487627816829e-02
5.788064652438451585e-02
5.781355570066448735e-02
5.741396782976304625e-02
5.748043526859869523e-02
5.740705507752053016e-02
5.724492786609280959e-02
5.732408805031075083e-02
5.724898140766365717e-02
5.715989510143471009e-02
5.771059519783539038e-02
5.768567306830574282e-02
5.774887587708832370e-02
5.762791578619297361e-02
5.812485674197920282e-02
5.803279637620739617e-02
5.790657994005976583e-02
5.777489483627806788e-02
5.732862106765701515e-02
5.757866856515359011e-02
5.756236846809426044e-02
5.749634402978587300e-02
5.764598826296574163e-02
5.803293921074903494e-02
5.809512929607918430e-02
5.806303428369752329e-02
5.800303701050102401e-02
5.789325240658427241e-02
5.793380733998210186e-02
5.786627224682394655e-02
5.774127445390830893e-02
5.779123861673485241e-02
5.772507176385544003e-02
5.766010442870850294e-02
5.796276205650463531e-02
5.781665712481398600e-02
