8.931829173703065283e-02
8.913075702288675295e-02
8.891818875391777066e-02
8.947613862122116846e-02
8.939843804119940174e-02
8.922485137264879462e-02
8.902420450885850656e-02
8.868384383985050690e-02
8.880119991181978367e-02
8.960270135404846403e-02
8.954093834272891517e-02
8.934893246006203604e-02
8.941308221202459716e-02
8.933373510863196199e-02
8.919474184042763820e-02
8.925688553263266822e-02
8.916272642105815827e-02
8.901607389065235854e-02
8.907339714880169179e-02
8.896728504921702640e-02
8.880829593562722390e-02
8.886297744857918346e-02
8.874697141815701684e-02
8.843767870084418004e-02
8.946939052850388929e-02
8.953524354703745747e-02
8.947212556603811873e-02
8.856084808323327895e-02
8.940840127062410492e-02
8.927245426317809152e-02
8.910553637714757613e-02
8.891216611349961330e-02
8.857986679350404735e-02
8.869388313865711471e-02
8.863206682762936328e-02
8.968806244188742838e-02
8.964890468137409751e-02
8.817991663333246688e-02
8.830855991469199751e-02
8.952535882904211206e-02
8.950001657657302712e-02
8.956207339774491238e-02
8.850906345585030088e-02
8.936676787891573159e-02
8.941719561696370722e-02
8.935756462938315714e-02
8.923920119748574020e-02
8.929419535591165413e-02
8.921688681786266173e-02
8.908702491660736023e-02
8.905156210035958253e-02
8.914113131442413795e-02
8.890362389993744507e-02
8.895989658048764070e-02
8.885599655010589792e-02
8.870040669404721800e-02
8.864044250873581721e-02
8.875445661240988215e-02
8.974130708878835794e-02
8.971845378547393945e-02
8.960911198005361289e-02
8.791865660033126861e-02
8.765544601954433634e-02
8.804882439566596997e-02
8.835506456017716559e-02
8.839611377606138021e-02
8.826859576351553383e-02
8.944683519805518568e-02
8.846755854491217264e-02
8.930252993718978960e-02
8.916327542965984954e-02
8.899540525978921757e-02
8.880219558609070418e-02
8.846561069040270731e-02
8.852203692881488450e-02
8.858282353654367558e-02
8.961389777298578441e-02
8.967912929155497093e-02
8.965164564817973414e-02
8.957253553416055780e-02
8.739591410210578726e-02
8.778585319157472533e-02
8.752445285158649835e-02
8.819065785711555083e-02
8.818330465686530228e-02
8.805591862885764343e-02
8.827335056887530840e-02
8.939725878886073396e-02
8.938222621468272511e-02
8.946172761025228404e-02
8.840971669942321309e-02
8.927652292250332078e-02
8.925788079167773503e-02
8.932152026699113900e-02
8.914119472428216895e-02
8.911411346748709938e-02
8.919032595118692175e-02
8.898354492330695642e-02
8.894370763606240793e-02
8.903550359593981334e-02
8.879665691435834063e-02
8.874853368876978177e-02
8.885038534427958101e-02
8.858340804723507933e-02
8.852359910750140504e-02
8.864220102928499490e-02
8.974911160160425894e-02
8.974845282730170570e-02
8.965286271251171613e-02
8.969627557345782876e-02
8.963585921020678082e-02
8.948702486303317105e-02
8.950610542478598664e-02
8.955188018543958073e-02
8.714265767149331765e-02
8.727042568515408494e-02
8.792557983249704723e-02
8.792070613222169317e-02
8.779200805143549946e-02
8.762001193900037510e-02
8.763638341976576207e-02
8.750894319873203653e-02
8.805741783656717558e-02
8.832810726015938307e-02
8.944285571244059430e-02
8.933696521996481454e-02
8.920889582265223439e-02
8.906260967498369485e-02
8.889045890705526975e-02
8.869032723204528512e-02
8.835382971011984665e-02
8.840958423108236097e-02
8.846861184576049197e-02
8.971818601290637574e-02
8.964713825176495732e-02
8.973832632933853581e-02
8.970291857566514704e-02
8.954929365495689630e-02
8.958175185850514310e-02
8.960206155297933961e-02
8.951950300324296173e-02
8.743506623550190149e-02
8.741391101670170638e-02
8.729094398548242761e-02
8.777292044411921790e-02
8.752728522145014622e-02
8.810404781615732706e-02
8.801500045512455905e-02
8.814730277581284135e-02
8.827211607847995634e-02
8.938790463588197621e-02
8.943813042519810352e-02
8.939262258153002350e-02
8.929961328853164293e-02
8.928813827391324232e-02
8.934879240328896799e-02
8.918381827546795204e-02
8.916262485801340620e-02
8.923035295251890986e-02
8.904535282274894659e-02
8.901446379927979713e-02
8.909356400051393621e-02
8.888362173278918643e-02
8.893388301263649431e-02
8.884015828082980626e-02
8.869688556950650060e-02
8.864011852626729748e-02
8.874703840794850862e-02
8.848861124130380507e-02
8.842119358581901345e-02
8.853619957652103523e-02
8.968797256580596233e-02
8.954249484490228728e-02
8.959818576791711564e-02
8.965074333771372306e-02
8.968730709568761839e-02
8.970099773721540437e-02
8.965433283808976750e-02
8.957343957170382787e-02
8.956275673600044840e-02
8.961283491472671336e-02
8.944950243020466374e-02
8.946820995570037294e-02
8.950020675009096038e-02
8.690584827602021445e-02
8.702551359395982455e-02
8.722030966535709862e-02
8.732801971212689196e-02
8.718279368578607524e-02
8.787141064130332690e-02
8.774756748712364551e-02
8.789814830874576046e-02
8.770794423918248928e-02
8.757210986270580477e-02
8.766231556645975864e-02
8.822892280806937659e-02
8.798775260521851660e-02
8.941932818205233779e-02
8.934432100638400875e-02
8.924199252372788660e-02
8.911498541874884882e-02
8.896481076456452808e-02
8.879056515732675070e-02
8.859295300133440687e-02
8.825840729682299379e-02
8.830589270261512969e-02
8.837351346270405639e-02
8.960307859595928459e-02
8.962823423800059253e-02
8.966211238143184659e-02
8.952257917389905284e-02
8.953369380627385077e-02
8.958652011868473153e-02
8.963092543649775479e-02
8.961331297758523551e-02
8.948598404431107323e-02
8.951769394959596671e-02
8.953042406336619852e-02
8.946853100405893766e-02
8.668069044437565207e-02
8.679345587395248529e-02
8.706551593197453531e-02
8.747686931525944232e-02
8.745551956687358519e-02
8.735107481302029075e-02
8.779029189044906811e-02
8.759157556630448038e-02
8.818101099699449108e-02
8.800567056479435823e-02
8.793858107821650449e-02
8.805509305019620925e-02
8.936282260347971906e-02
8.937539626654966707e-02
8.940673393204112696e-02
8.929859373478787887e-02
8.929913464478145269e-02
8.934377199546839066e-02
8.920840014689523922e-02
8.919616361103277491e-02
8.925439783099120561e-02
8.909378975209614193e-02
8.906959887995591352e-02
8.913918333769221825e-02
8.895493932691078687e-02
8.891929821417732249e-02
8.900049288827360794e-02
8.879243579415196930e-02
8.874466920672685610e-02
8.883834301523751975e-02
8.860676385916244069e-02
8.865209204959223488e-02
8.854769930674477596e-02
8.839863873505493519e-02
8.832832523493505672e-02
8.844387256701247146e-02
8.956747932189346173e-02
8.941280233447235215e-02
8.947082375370996044e-02
8.947580606472127496e-02
8.939818833439994172e-02
8.947171328630154630e-02
8.956886194047364302e-02
8.958654388831166493e-02
8.960953112216973881e-02
8.957107606042091774e-02
8.949251103188926582e-02
8.953312832554705114e-02
8.948994526067222122e-02
8.940149567516197937e-02
8.942555002563101763e-02
8.944438780260322019e-02
8.647078499421878561e-02
8.657687346920717175e-02
8.701248230747959944e-02
8.695790382873580526e-02
8.684758671894632354e-02
8.711744001277843541e-02
8.733347029906857184e-02
8.727685874331869709e-02
8.740567862991377446e-02
8.785737972729756873e-02
8.764756357473368897e-02
8.756247362889879593e-02
8.767791568277383263e-02
8.813202430384892150e-02
8.938280543142707035e-02
8.933130903186259353e-02
8.925400984002951343e-02
8.915156240479382710e-02
8.902476748506271687e-02
8.887404506514196001e-02
8.869991267529298007e-02
8.850298606259721090e-02
8.816891846578300829e-02
8.821342131281817434e-02
8.828380142876068870e-02
8.948681301024119517e-02
8.954572137629579487e-02
8.950642717278489702e-02
8.940443591291646896e-02
8.942607840155869514e-02
8.941855362228245951e-02
8.947467767973238395e-02
8.952935911863990626e-02
8.953057686975518514e-02
8.941316458586456850e-02
8.945338598750318670e-02
8.944961927158789905e-02
8.940800768957579692e-02
8.628303071685128334e-02
8.681274575723785247e-02
8.674609759913765039e-02
8.664418086607550418e-02
8.637821750022101064e-02
8.691252345536792934e-02
8.717398647858487504e-02
8.749111259638142624e-02
8.791679038771715859e-02
8.781239977268628927e-02
8.796145636170671356e-02
8.778241369489947488e-02
8.808706156164947121e-02
8.932475242534976267e-02
8.934382963232101460e-02
8.936373747319537042e-02
8.928400185615459339e-02
8.929133491373941744e-02
8.932397347475606875e-02
8.921786090404237868e-02
8.925873426233321695e-02
8.921316750265639861e-02
8.912669338864753765e-02
8.916799820810805688e-02
8.911027408954108608e-02
8.901114367340023925e-02
8.898306856495952211e-02
8.905287717694210237e-02
8.887166975711813244e-02
8.883207617392296918e-02
8.891367751474910097e-02
8.870878459471998045e-02
8.865779401847295738e-02
8.875095010484723712e-02
8.852299472315527940e-02
8.846083371202595469e-02
8.856519302504683999e-02
8.831480291872328969e-02
8.824163864797274215e-02
8.835701455471756116e-02
8.921779891437164878e-02
8.945738148758719532e-02
8.926727212205276540e-02
8.933075835319614910e-02
8.934089152916213639e-02
8.930976070609886186e-02
8.936816807557323994e-02
8.935981744731846810e-02
8.931113666123113859e-02
8.949013817807482951e-02
8.939863310471507507e-02
8.940657204084756504e-02
8.944573114370035771e-02
8.933957674791348502e-02
8.937059374026534719e-02
8.937702863291552280e-02
8.611318077736751508e-02
8.619916933911564438e-02
8.664195188974188611e-02
8.672885145283948383e-02
8.655711344589678280e-02
8.646447824792335979e-02
8.708949995316705994e-02
8.705054230454933872e-02
8.695245640485516070e-02
8.721092530161289602e-02
8.756223331946733079e-02
8.744786136289073308e-02
8.760516858649869398e-02
8.804285198244155008e-02
8.783317761376063793e-02
8.774035966132720521e-02
8.787525439129229010e-02
8.933286985914778988e-02
8.930501497385889831e-02
8.925151463540748065e-02
8.917279685850498794e-02
8.906939342125042014e-02
8.894183693290347303e-02
8.879061974540636282e-02
8.861624911681165173e-02
8.841923276878560500e-02
8.808470147438429709e-02
8.812680641818337879e-02
8.820006559588200457e-02
8.901711761426589486e-02
8.912015338196466185e-02
8.935595863284950813e-02
8.942163563137461857e-02
8.939095642683758669e-02
8.924353414256502859e-02
8.928710291628172424e-02
8.933226539757321838e-02
8.944318451597244035e-02
8.932800008232000266e-02
8.937066001538473969e-02
8.936396625702125451e-02
8.933455088178032799e-02
8.646992343843040718e-02
8.637555717090528162e-02
8.629273507833834511e-02
8.596653595091330313e-02
8.604114985444732966e-02
8.697903551760699514e-02
8.689559270174607164e-02
8.681252983525622469e-02
8.655707246195443183e-02
8.703501578755257206e-02
8.727764556637507276e-02
8.718377143376487837e-02
8.730578744407424541e-02
8.742020038501718826e-02
8.769796063717949508e-02
8.800075518689565168e-02
8.795924153450729310e-02
8.927275715261318023e-02
8.929880129599576666e-02
8.930683913208103952e-02
8.925538162294832656e-02
8.926973427184925480e-02
8.929068193007927423e-02
8.921250517455447948e-02
8.924881777127713356e-02
8.921522176706864204e-02
8.914455306244151167e-02
8.913565963783032231e-02
8.918172065090501643e-02
8.905201111224458899e-02
8.903160961415079733e-02
8.908982476651372551e-02
8.893533160238176194e-02
8.890352954718483414e-02
8.897367293363844798e-02
8.879498001990360212e-02
8.883372862069016662e-02
8.875190796433374274e-02
8.863142129250678458e-02
8.867048024184964738e-02
8.857723054356270165e-02
8.844511775869534631e-02
8.848441325745737274e-02
8.837997987624224283e-02
8.823652474441279203e-02
8.816062968375970588e-02
8.827600593931317352e-02
8.909446960993339104e-02
8.905701253026354625e-02
8.915812548972423812e-02
8.937799936446289006e-02
8.918390685378607685e-02
8.913181636936251540e-02
8.922303491037131273e-02
8.919886708468383052e-02
8.922400097898863791e-02
8.929040927118347959e-02
8.926712679902626402e-02
8.928969738093761599e-02
8.930967150616686556e-02
8.934424823153153117e-02
8.926417968416600068e-02
8.930192878619414021e-02
8.929681966906966029e-02
8.631902528374257866e-02
8.621650175222950185e-02
8.639476045643201818e-02
8.614436554031768001e-02
8.682998336530611816e-02
8.673563411186091532e-02
8.690495733787284571e-02
8.665074197190880678e-02
8.712891778283005095e-02
8.748160359118395402e-02
8.737960229516816835e-02
8.752225668443891493e-02
8.775450100967085998e-02
8.779416334302792002e-02
8.765837923382779895e-02
8.800608924180808312e-02
8.791964552338793482e-02
8.804572916494468604e-02
8.926922998935460374e-02
8.926476790069293177e-02
8.923458475730994266e-02
8.917911647023124555e-02
8.909882233227006676e-02
8.899416844785634773e-02
8.886561558247807469e-02
8.871362863498633011e-02
8.853867155144445888e-02
8.834120299914194341e-02
8.812167455745600897e-02
8.878863333530373492e-02
8.890353479494894628e-02
8.890826724843459150e-02
8.896147532138942715e-02
8.900447584748871765e-02
8.932350249060727609e-02
8.911607469567861539e-02
8.918012639644223860e-02
8.925790152881152295e-02
8.922923751364209011e-02
8.927866682045926261e-02
8.926026280467813656e-02
8.924753144085628698e-02
8.659357109094489857e-02
8.653122929156964460e-02
8.645725037769114163e-02
8.584250979320495745e-02
8.590572819067576749e-02
8.619377213592849252e-02
8.625749556219342029e-02
8.608023625835459214e-02
8.718913696205055075e-02
8.701023835186838529e-02
8.708402809018456203e-02
8.671091721711410294e-02
8.723383620715630116e-02
8.733570380719479775e-02
8.761841340378262455e-02
8.788064914300908193e-02
8.920727366574843220e-02
8.924006502805392760e-02
8.923645084232378899e-02
8.921285739966333672e-02
8.924347571595780959e-02
8.923416581263465819e-02
8.919289935600527297e-02
8.920274529023242138e-02
8.922475783798877735e-02
8.914780294650059833e-02
8.914621796571731149e-02
8.918072480785588230e-02
8.907797962249108803e-02
8.906503216677597035e-02
8.911179554657777668e-02
8.898384697647276909e-02
8.895962300489435037e-02
8.901842182202179821e-02
8.886582553594291056e-02
8.890104010216082209e-02
8.883043352894492983e-02
8.872433739820884124e-02
8.867790722063684239e-02
8.876009433580300811e-02
8.855980361311122095e-02
8.850248579357400391e-02
8.859602767615559760e-02
8.837264147708301376e-02
8.830460554551045060e-02
8.840927992833980120e-02
8.816326190176348998e-02
8.808469516474681793e-02
8.820028424481185514e-02
8.884776282608186637e-02
8.898794411210098065e-02
8.894750141065610460e-02
8.904191512099912664e-02
8.906247917634990685e-02
8.907847799704526892e-02
8.915128878659051015e-02
8.910654433277676034e-02
8.916749751044383832e-02
8.919667681423559813e-02
8.922867759030039814e-02
8.919929374233914743e-02
8.917575747699935107e-02
8.922002123692085451e-02
8.920328133818011818e-02
8.651343316278103934e-02
8.641633191616049370e-02
8.655408213772497472e-02
8.601945004087629965e-02
8.635472465785754004e-02
8.711154204431004189e-02
8.697084926930964688e-02
8.715068806105952248e-02
8.680334684088142350e-02
8.669860365162540550e-02
8.681681226161752640e-02
8.740578710886426350e-02
8.729746683797545703e-02
8.744408707545359150e-02
8.767950750226283230e-02
8.771739489917251831e-02
8.758057023131160523e-02
8.793210673789653153e-02
8.796948413887073492e-02
8.784332172674114148e-02
8.919232912936092550e-02
8.921081899275784544e-02
8.920357570126036251e-02
8.917099710892639752e-02
8.911349048597538847e-02
8.903147099522068508e-02
8.892535759117203842e-02
8.879557179004293754e-02
8.864253529561860745e-02
8.846666738489450399e-02
8.826838217646559848e-02
8.804810530670170721e-02
8.869812810013411042e-02
8.880357999192589613e-02
8.874285244065083234e-02
8.854188437434240555e-02
8.866589410324665632e-02
8.882396219937671589e-02
8.890620964714857077e-02
8.886588850513188476e-02
8.895940764142573620e-02
8.904558152112163061e-02
8.897465684068139868e-02
8.902019764087454323e-02
8.912399889054489766e-02
8.911792833331677599e-02
8.917363629412988768e-02
8.914357136923789504e-02
8.914772021773731403e-02
8.574260997494131953e-02
8.566677879952333541e-02
8.665883556969533608e-02
8.579340335930885075e-02
8.608361798057140302e-02
8.596305690197103555e-02
8.613960683469601420e-02
8.641930977756273613e-02
8.630654814089311344e-02
8.646709293585785883e-02
8.725906979892350535e-02
8.695772334461271402e-02
8.754306734377281796e-02
8.780622536698046154e-02
8.912869601471118397e-02
8.916803726667643648e-02
8.915299682371113921e-02
8.915682620985310169e-02
8.918276601724728359e-02
8.918489126037376646e-02
8.915942302195978275e-02
8.917620769600653752e-02
8.918680644633281140e-02
8.913684228907692297e-02
8.914236623103499735e-02
8.916549179121979751e-02
8.908944905922844271e-02
8.908375511856614359e-02
8.911920634672387820e-02
8.901761544341146859e-02
8.900076921030186661e-02
8.904834226042268597e-02
8.892171805132598195e-02
8.889380709284722126e-02
8.895329664930107239e-02
8.880213605108611130e-02
8.876326940326317860e-02
8.883446950110429619e-02
8.865924914079881258e-02
8.860955652407875860e-02
8.869226181728928626e-02
8.849343531592068768e-02
8.843306610674095403e-02
8.852707319023100929e-02
8.830506859854025947e-02
8.823419061229043070e-02
8.833929928154560240e-02
8.809451697396786241e-02
8.801333492265739356e-02
8.812932951791041525e-02
8.861992840746812927e-02
8.876096804243804872e-02
8.889253441058042604e-02
8.828210988425400085e-02
8.841234952577325945e-02
8.892192283145627929e-02
8.900025475576112122e-02
8.894167904436744987e-02
8.903341857516589020e-02
8.910051322640422100e-02
8.905688494983809989e-02
8.907662575386177117e-02
8.907468773644855453e-02
8.912527792704694196e-02
8.909713639196459312e-02
8.570514413993346459e-02
8.561570835763077092e-02
8.564151945419062884e-02
8.672598921831697893e-02
8.661959054268864033e-02
8.676512139901382259e-02
8.591384915231914388e-02
8.625229287946134527e-02
8.657315348784511144e-02
8.733330346548129341e-02
8.722243998117329422e-02
8.737000462979893634e-02
8.703754052058609858e-02
8.692044800534559634e-02
8.707497969308974906e-02
8.760828979978652065e-02
8.750705694255012101e-02
8.764434571822887765e-02
8.786214062510988576e-02
8.777084466611861924e-02
8.789756496462453050e-02
8.910255179024639816e-02
8.914356268739231925e-02
8.915887199289718179e-02
8.914883021670816365e-02
8.911379805262054088e-02
8.905414434747871422e-02
8.897024358221250484e-02
8.886247378030309729e-02
8.873121449638854408e-02
8.857684467054049993e-02
8.839974034990549789e-02
8.820027253181073057e-02
8.797880511406697135e-02
8.848633560438012857e-02
8.851381562708804385e-02
8.859166915541816234e-02
8.862130669715906350e-02
8.872269985347380761e-02
8.865935848126327290e-02
8.878367363400341272e-02
8.887162662317271700e-02
8.880460574662474293e-02
8.838464357055630938e-02
8.897867748443033520e-02
8.885385347674290557e-02
8.899447089728573790e-02
8.905625793939897505e-02
8.901483638528706610e-02
8.903550126312276269e-02
8.600258170654984102e-02
8.587237891633414666e-02
8.583527490056142017e-02
8.592682762997827517e-02
8.579657407362450972e-02
8.577163977716784071e-02
8.688217146956578318e-02
8.604379528230587937e-02
8.633538088985359682e-02
8.637814170819846371e-02
8.620957059681311208e-02
8.665334905640387220e-02
8.653629918562200096e-02
8.669028381067811484e-02
8.718591970084343945e-02
8.747128156673988908e-02
8.773569322018037742e-02
8.903737059805361120e-02
8.908308802861908404e-02
8.905683941597442033e-02
8.908764255099421714e-02
8.912228643084807445e-02
8.910892706547834941e-02
8.911242710675759682e-02
8.913597446841492467e-02
8.913533606441048640e-02
8.911203427567282453e-02
8.912448507798886865e-02
8.913639401583428601e-02
8.908678353100807357e-02
8.908816053015389258e-02
8.911243879250874134e-02
8.903700192946817360e-02
8.902735042066400872e-02
8.906381665243279233e-02
8.896302212811357801e-02
8.899088011635525319e-02
8.894240938864916846e-02
8.886518044015045970e-02
8.889398575700224736e-02
8.883369518202888226e-02
8.874381498280614622e-02
8.870156671516749025e-02
8.877349231216924430e-02
8.859926378459670460e-02
8.862975871273426343e-02
8.854638200594966424e-02
8.843186284389126239e-02
8.846314198212146263e-02
8.836849606837993143e-02
8.824194422661524317e-02
8.816825893232693723e-02
8.827399515661915608e-02
8.802983428123023479e-02
8.794601385560585349e-02
8.806266532546092041e-02
8.801396402685479625e-02
8.814842567903502513e-02
8.855270809570015000e-02
8.870328720117914845e-02
8.824185583554056134e-02
8.836418253424538349e-02
8.826163312975454645e-02
8.888773152472795314e-02
8.896063530211051340e-02
8.890577829578105717e-02
8.875417173204802612e-02
8.883811900733384892e-02
8.876993036637714773e-02
8.894208797001035283e-02
8.896131275018315243e-02
8.897875829675561121e-02
8.901805762816583645e-02
8.559062076155665721e-02
8.560298677041677795e-02
8.596529638715288968e-02
8.587919239743824207e-02
8.590307425463306057e-02
8.574701423973052350e-02
8.696572340065711337e-02
8.684585538345301892e-02
8.700216060986187827e-02
8.616979636221144823e-02
8.649512052680785601e-02
8.681013948080851250e-02
8.726350342174304942e-02
8.715054415774980967e-02
8.729892843349551512e-02
8.754030856199701560e-02
8.757480561659336527e-02
8.743682873608982220e-02
8.779585213046159353e-02
8.782949207182721985e-02
8.770209549468210852e-02
8.906334981855423827e-02
8.900024116288518528e-02
8.910082574404687428e-02
8.911297351034741521e-02
8.910010809865265280e-02
8.906255298926779584e-02
8.900063821909265371e-02
8.891469840562493676e-02
8.880507087435929314e-02
8.867209378472007408e-02
8.851610420139333080e-02
8.833743616784628383e-02
8.813641885709122548e-02
8.791337496223339265e-02
8.812857644303950799e-02
8.838832719947908867e-02
8.850651483628069194e-02
8.843747807301571839e-02
8.859371547588701379e-02
8.868865520070035036e-02
8.860840341601006198e-02
8.831614674225374273e-02
8.882201110560006274e-02
8.867497213700281655e-02
8.885918390610114681e-02
8.887438357732335703e-02
8.892688745014909468e-02
8.891120766032023504e-02
8.573440488100636525e-02
8.625158194343418572e-02
8.608995156986720687e-02
8.612684856646346532e-02
8.616922318044795137e-02
8.602423939909620287e-02
8.604748933416839218e-02
8.711518094913239807e-02
8.629423981769768215e-02
8.657443428052935541e-02
8.645482209233756876e-02
8.661460721723035494e-02
8.689566165808326748e-02
8.677451324241602926e-02
8.693131171832035875e-02
8.740245763249909761e-02
8.766861927752445105e-02
8.900561802668593980e-02
8.904668437752261134e-02
8.902228801192690888e-02
8.893360138550010507e-02
8.898554244596990070e-02
8.894830162033051657e-02
8.905222980605409511e-02
8.908238019556458109e-02
8.907068295401909808e-02
8.907370205541065289e-02
8.909291758577631004e-02
8.909376862595819180e-02
8.907030963230178067e-02
8.907859372456072844e-02
8.909183767969797163e-02
8.904233527530269754e-02
8.903971351912853827e-02
8.906519140874513685e-02
8.899006794601671544e-02
8.901413797736101863e-02
8.897658778691286408e-02
8.891380114622171593e-02
8.888953144213074253e-02
8.893899058315801742e-02
8.881383125514996646e-02
8.877886173908222656e-02
8.884006566418045647e-02
8.869045587380675055e-02
8.871768114583933329e-02
8.864489649789197845e-02
8.854397215387088682e-02
8.848795229767358883e-02
8.857215465383594388e-02
8.837467513256047624e-02
8.830834269232246125e-02
8.840380170751227507e-02
8.818285612657561501e-02
8.810637651425456962e-02
8.821293396268925502e-02
8.796880123652883743e-02
8.788235637494767882e-02
8.799985759033390753e-02
8.774372417939380053e-02
8.787894717956379331e-02
8.801097812878255766e-02
8.801337798450381555e-02
8.812637508872089853e-02
8.849348664339617976e-02
8.816985647012376415e-02
8.820549650341324988e-02
8.828137499390531495e-02
8.873071498872220353e-02
8.874343136911366781e-02
8.880928587118286366e-02
8.857565372839093509e-02
8.866497556412711312e-02
8.858574506123750858e-02
8.879597146998108315e-02
8.883592565191200663e-02
8.884845382137973591e-02
8.889867801971507166e-02
8.559078647437379228e-02
8.559023545716126780e-02
8.592150620643013159e-02
8.575565495172909891e-02
8.589960510458127807e-02
8.621106257843580423e-02
8.616667936695954211e-02
8.616822459497275322e-02
8.602295917026892003e-02
8.719597277936785851e-02
8.708087342302972544e-02
8.723032501715111131e-02
8.641364523527106378e-02
8.673573804082901351e-02
8.704645973250646485e-02
8.747509348266135909e-02
8.736932516057294151e-02
8.750826773948205961e-02
8.773278994404032360e-02
8.763657741824038006e-02
8.776487182012437938e-02
8.902975191065232163e-02
8.897048813907082465e-02
8.888569618772712566e-02
8.906374756722923447e-02
8.907274545044951974e-02
8.905702456719832849e-02
8.901687094516608223e-02
8.895257595828109931e-02
8.886443465789606311e-02
8.875274411783684592e-02
8.861780176893141459e-02
8.845990372688217196e-02
8.827934315452934388e-02
8.807640871718080966e-02
8.785138314683760274e-02
8.787830655446726702e-02
8.809029371763743566e-02
8.839367842517253937e-02
8.849373476393807003e-02
8.839262161997651912e-02
8.818076358763304867e-02
8.828472272690079947e-02
8.817638120688031655e-02
8.865427167672834674e-02
8.848581605665761796e-02
8.871234900802771328e-02
8.878582761009234936e-02
8.872248901104617946e-02
8.877512773375317856e-02
8.575523209806557023e-02
8.604376844425898341e-02
8.650368900486948842e-02
8.633716240733046998e-02
8.637745464577561982e-02
8.643090107590389870e-02
8.629980143974769202e-02
8.629990373760310085e-02
8.733615067750166716e-02
8.653975257964074963e-02
8.682701764487399387e-02
8.670074691289653135e-02
8.686202392835973285e-02
8.713034755591375635e-02
8.701303310138175373e-02
8.716381136934592266e-02
8.760454180771504173e-02
8.897910736037684121e-02
8.901572210386732298e-02
8.899314108927380840e-02
8.891102126616312606e-02
8.895837522154981247e-02
8.892313520230732404e-02
8.881764771453626306e-02
8.887568219208874520e-02
8.882765987598184587e-02
8.902212810839460477e-02
8.904796657283420291e-02
8.903791594523080555e-02
8.904031482065477565e-02
8.905536172330197342e-02
8.905770830631287716e-02
8.903390671170918758e-02
8.903816854116364254e-02
8.905277539264078168e-02
8.900314952974286431e-02
8.899665438937454098e-02
8.902338160201928030e-02
8.894829414957927671e-02
8.893109146310196333e-02
8.896979697603624171e-02
8.886959514880676814e-02
8.884175524663173729e-02
8.889229564843215137e-02
8.876730937939425470e-02
8.879115430179118640e-02
8.872892297148304852e-02
8.864169453319825642e-02
8.866665062189482693e-02
8.859287206347088439e-02
8.849300770685664119e-02
8.843387859236140347e-02
8.851906174273360683e-02
8.832150398745031161e-02
8.825221576167041615e-02
8.834866270648544795e-02
8.812743508356146727e-02
8.804815247694863789e-02
8.815572498062229645e-02
8.791104799753912680e-02
8.782195198227327193e-02
8.794051505717959127e-02
8.747482237280346240e-02
8.760940052092947017e-02
8.770463643496595463e-02
8.785869489216557859e-02
8.772547932377694480e-02
8.797163786208561653e-02
8.807087787388523381e-02
8.799222027415221081e-02
8.828881647053643533e-02
8.807710919456512855e-02
8.856264110867240191e-02
8.857016539573592251e-02
8.864674164323860239e-02
8.838657376916025932e-02
8.839122049052383634e-02
8.848118047708031231e-02
8.863854684847671805e-02
8.869877489432331785e-02
8.876740998517806958e-02
8.870648806985459434e-02
8.561654423918951817e-02
8.560299414278627061e-02
8.595252899812666492e-02
8.593637896930761411e-02
8.577187952165576945e-02
8.630082462832466828e-02
8.611167632901106650e-02
8.623228459639242782e-02
8.646807763923447521e-02
8.636672021580671377e-02
8.741227530986173111e-02
8.730415467222674142e-02
8.744431123925289207e-02
8.666603804735140137e-02
8.697939298274948161e-02
8.727199505210714303e-02
8.767258365452090807e-02
8.757387036302310968e-02
8.770329308947699687e-02
8.900143177990316179e-02
8.894592298034298405e-02
8.886524175323173846e-02
8.875917089412854732e-02
8.903199509594084127e-02
8.903784839579031996e-02
8.901923433494596249e-02
8.897640136834017444e-02
8.890960233508260480e-02
8.881909303398660693e-02
8.870513079283826041e-02
8.856797303240493413e-02
8.840787584089171425e-02
8.822509258484778627e-02
8.801987256852428221e-02
8.779245969811155792e-02
8.759174336015074225e-02
8.784037402091537938e-02
8.818484541199200777e-02
8.828931110031557061e-02
8.818394362792836283e-02
8.796071842628572224e-02
8.807077007039765260e-02
8.796653427116241097e-02
8.847572853742791121e-02
8.828686831365817334e-02
8.855420170521688394e-02
8.855940395128703013e-02
8.863333724570254812e-02
8.862750385113515872e-02
8.578415547350948245e-02
8.612641806700294111e-02
8.675953650194601074e-02
8.659592838998209086e-02
8.663154462267441680e-02
8.669270516608784671e-02
8.649790694833103810e-02
8.656187419328564836e-02
8.754309097889823033e-02
8.679397239769703898e-02
8.706630677147286779e-02
8.694669619658113024e-02
8.709904371431742565e-02
8.735153005945028859e-02
8.724097335135594378e-02
8.738258973607959668e-02
8.895755352711742781e-02
8.896909467213731659e-02
8.898989382901467682e-02
8.889329353623320884e-02
8.890296172705469679e-02
8.893625520241821292e-02
8.880407738291606901e-02
8.885760584326340972e-02
8.881171096157192135e-02
8.868972466689362122e-02
8.875374448769213220e-02
8.869514606156470027e-02
8.899704632174609831e-02
8.901031553621174819e-02
8.901873187085829198e-02
8.901196851272819011e-02
8.902683844951031489e-02
8.902298724024670928e-02
8.900252325034552214e-02
8.900288439416903508e-02
8.901888474616370672e-02
8.896891911474413828e-02
8.895865306679584528e-02
8.898668171420365258e-02
8.891136894604734220e-02
8.889052697281951687e-02
8.893046130710469122e-02
8.883008865462371784e-02
8.885045883742836992e-02
8.879874249827224286e-02
8.872529601580891878e-02
8.874691166062687042e-02
8.868353738068102121e-02
8.859720945885285470e-02
8.854514938599578056e-02
8.862005785200233188e-02
8.844604685726287219e-02
8.838381499653857887e-02
8.847013488440291784e-02
8.827202433366143630e-02
8.819976812910634845e-02
8.829737832548467669e-02
8.807535508072350527e-02
8.810202056852611818e-02
8.799323888211230127e-02
8.785624817669712705e-02
8.788428958090943599e-02
8.776445225749651691e-02
8.721335559192022746e-02
8.734426548450047179e-02
8.751259205841499522e-02
8.760943951165411914e-02
8.749632097530513075e-02
8.776446629812340028e-02
8.773567786215152875e-02
8.786737951724832296e-02
8.807377356468759633e-02
8.786176347525875840e-02
8.838375864136582827e-02
8.838620773279926013e-02
8.847326395648791308e-02
8.818735331867033622e-02
8.818719918441364491e-02
8.828702949078703899e-02
8.847005474144076231e-02
8.855006428746026170e-02
8.862447968205744431e-02
8.855308071045975282e-02
8.566841830657057066e-02
8.564157802006311382e-02
8.598011126156035466e-02
8.596584092836612179e-02
8.579867727473367012e-02
8.628896556478471425e-02
8.612107604189056520e-02
8.629529295145699219e-02
8.672685104155708480e-02
8.662641243257063195e-02
8.646369506317186371e-02
8.666032377888732707e-02
8.761490737570465370e-02
8.764440759392089220e-02
8.751362675301133098e-02
8.691364414306512742e-02
8.720966838375188157e-02
8.748394182390495377e-02
8.897810121817784079e-02
8.892626362839173293e-02
8.884956847916003486e-02
8.874783087686766159e-02
8.862087486410119563e-02
8.900527422213266870e-02
8.900798268044496364e-02
8.898643259936578342e-02
8.894083480186787405e-02
8.887140374780488905e-02
8.877835633683517358e-02
8.866191070043694111e-02
8.852228499156311603e-02
8.835969618333838760e-02
8.817435888507807462e-02
8.796648416398555881e-02
8.773627834009667392e-02
8.736606380868083832e-02
8.764132741190300280e-02
8.796461957279166910e-02
8.807472813889405394e-02
8.796367063282273246e-02
8.769151599082369852e-02
8.782763668532689305e-02
8.772765828266593235e-02
8.828668911721659907e-02
8.807712193750616425e-02
8.838493516241563430e-02
8.846963045402977954e-02
8.838534905318551349e-02
8.846853417401556730e-02
8.582396406283498980e-02
8.613472112326692187e-02
8.645847753253788071e-02
8.700369013030617715e-02
8.684893072096999678e-02
8.688153631664186083e-02
8.694202242298842975e-02
8.678505592294194493e-02
8.681728037977998191e-02
8.703571972321366701e-02
8.729257733022821597e-02
8.717948046120349570e-02
8.732280124176849956e-02
8.755947949100573169e-02
8.758791157371337288e-02
8.745554380317743792e-02
8.894071035893269528e-02
8.894988305292184094e-02
8.896893089543411737e-02
8.888017746488308113e-02
8.888752131660726530e-02
8.891891948207486518e-02
8.879497932926261328e-02
8.880035299801025683e-02
8.884419187823677788e-02
8.868496808396109099e-02
8.868821377622437829e-02
8.874457965833648654e-02
8.855000361630327443e-02
8.861992255853068379e-02
8.855094784459405233e-02
8.897673297516384139e-02
8.898761034141011717e-02
8.899440190414942276e-02
8.898840659323592472e-02
8.899551473058242568e-02
8.900088226534064173e-02
8.897589795857763217e-02
8.897245704415401857e-02
8.898988389476159000e-02
8.893937836811516284e-02
8.892542091870769827e-02
8.895480526403154453e-02
8.887902272714542917e-02
8.885460176689408129e-02
8.889584031557995480e-02
8.879500857723343632e-02
8.876019725096473412e-02
8.881318581879860119e-02
8.868751510844319341e-02
8.864240618357521750e-02
8.870704027401454805e-02
8.855672216254717455e-02
8.850142742449018662e-02
8.857760280878645975e-02
8.840280923321286455e-02
8.833745878310961253e-02
8.842507207420691184e-02
8.822595446733760838e-02
8.815069592975344204e-02
8.824964514992539311e-02
8.802633366609657894e-02
8.805151645639563984e-02
8.794133130363157580e-02
8.780411928722020587e-02
8.770955300773375374e-02
8.783087665877176153e-02
8.696128599654318059e-02
8.708783396768371432e-02
8.722726485302256805e-02
8.722179156940712552e-02
8.737235032498702481e-02
8.760469987691754667e-02
8.783040238500905428e-02
8.819418890952135381e-02
8.828903800509302346e-02
8.819182857511043139e-02
8.797769624631912588e-02
8.808258836584970108e-02
8.797228451600169752e-02
8.829065347551734444e-02
8.838995421141615516e-02
8.838840856306839910e-02
8.847006916550603783e-02
8.574603443374073652e-02
8.570612878613403929e-02
8.604883583458733387e-02
8.585879633954418555e-02
8.601325090479738922e-02
8.627510966793838776e-02
8.628258894966311932e-02
8.612808126795723496e-02
8.656900381558618740e-02
8.642924840028809452e-02
8.659878039195068045e-02
8.697357902924129913e-02
8.688107954099955066e-02
8.691240925708465515e-02
8.675380208470606647e-02
8.714889057295127639e-02
8.742681345075364874e-02
8.768255700341254233e-02
8.895951132312973630e-02
8.891126654783743088e-02
8.883843825547577122e-02
8.874087484877790644e-02
8.861843214164799587e-02
8.847097400105952136e-02
8.898333086356757793e-02
8.898288931862019524e-02
8.895835582012268095e-02
8.890990355291683578e-02
8.883770879746577531e-02
8.874194994992179453e-02
8.862280653023368870e-02
8.848045818442051846e-02
8.831508368676255216e-02
8.812685994232560827e-02
8.791596098668275072e-02
8.709731832313660771e-02
8.741273803836580036e-02
8.746324226772672628e-02
8.731997178871664378e-02
8.755441981017531017e-02
8.773527324882257616e-02
8.784998672431576505e-02
8.771503147611003914e-02
8.808709169095663150e-02
8.785768602177446152e-02
8.820469734571445564e-02
8.829487767213695104e-02
8.820046013763405135e-02
8.829837301976894981e-02
8.589654381401434780e-02
8.616184223396905484e-02
8.642362727623009722e-02
8.672623154681191604e-02
8.723530232720067001e-02
8.711941780582821426e-02
8.708942020909660187e-02
8.717927460976659937e-02
8.706056619102775507e-02
8.703106310974362270e-02
8.726468696939282399e-02
8.750606183873010924e-02
8.753354522774303703e-02
8.739936227568889660e-02
8.775442262966381968e-02
8.778001570390170372e-02
8.765699408070581899e-02
8.892837170603040686e-02
8.893528000240336073e-02
8.895260448774700013e-02
8.887147167489706234e-02
8.890614428370491318e-02
8.887659284556193029e-02
8.879015690661840043e-02
8.883522160546875046e-02
8.879336993124031796e-02
8.868431301114054754e-02
8.868547996894238228e-02
8.873970176909851126e-02
8.855383196903754417e-02
8.855279871339516440e-02
8.861945682292948767e-02
8.839861258914305520e-02
8.847436610599768159e-02
8.839520950910972896e-02
8.896097722367080074e-02
8.896956913654474608e-02
8.897474297634710982e-02
8.896941370633848489e-02
8.897960374604851896e-02
8.897270586740657627e-02
8.895381122335732638e-02
8.894664384939143797e-02
8.896553233279202999e-02
8.891430373592490444e-02
8.889671135988108652e-02
8.892750759528911253e-02
8.885102836395275538e-02
8.882306573355269741e-02
8.886568559047758331e-02
8.876412462411142901e-02
8.872586632653645111e-02
8.878022486658343482e-02
8.865373365132500627e-02
8.860527362927261841e-02
8.867128558052161935e-02
8.851999740607885414e-02
8.846144837010871953e-02
8.853902860369800010e-02
8.836305787064502315e-02
8.838361462136923308e-02
8.829455061411961569e-02
8.818305623782407565e-02
8.820520322857272610e-02
8.810473885791814119e-02
8.798013209632582488e-02
8.789216912327746378e-02
8.800395202284305718e-02
8.672469027513318718e-02
8.684407400314397840e-02
8.712904595255344109e-02
8.717944791762999301e-02
8.704830005185215658e-02
8.727226175361868510e-02
8.746704885258171913e-02
8.757909039768019266e-02
8.744137772548532528e-02
8.760244715691523076e-02
8.799411977744431290e-02
8.809421721304255826e-02
8.798698050673392501e-02
8.775811477974104768e-02
8.786796738113178407e-02
8.774783973412758620e-02
8.810051102881955032e-02
8.821856093359414785e-02
8.830431678109851301e-02
8.821260389205487495e-02
8.584916601596515040e-02
8.579649298918223810e-02
8.612622992468765837e-02
8.608644142747090555e-02
8.593700613506838337e-02
8.644134004333647869e-02
8.624610063955007178e-02
8.635680453498306708e-02
8.650628533210880100e-02
8.681410301287517672e-02
8.684862875162391305e-02
8.669162665637242249e-02
8.720803080259897921e-02
8.712431626565064757e-02
8.715266291635948015e-02
8.700276887673186188e-02
8.737146793299743752e-02
8.763105730121989456e-02
8.786806430625071496e-02
8.894545353073213256e-02
8.890072790686964765e-02
8.883165200400355843e-02
8.873810836298301474e-02
8.861998560678996384e-02
8.847717893789974752e-02
8.830959057434872861e-02
8.896595185814626383e-02
8.896235076995617774e-02
8.893478236329943609e-02
8.888338223483693845e-02
8.880828873340640417e-02
8.870964218947485769e-02
8.858758413045508817e-02
8.844225648324288702e-02
8.827380076769941741e-02
8.808235728419389066e-02
8.693108202919663796e-02
8.730059095815512205e-02
8.749649356808242295e-02
8.748310174207396539e-02
8.761598948361759565e-02
8.787727878589102204e-02
8.762857924040290403e-02
8.801359055779367502e-02
8.810920435465208200e-02
8.800488198118949779e-02
8.811713011291633091e-02
8.598742993003150037e-02
8.628349693092607353e-02
8.662886427208194018e-02
8.697026625128434496e-02
8.745458535069960959e-02
8.734486600063873230e-02
8.731771065424731582e-02
8.740465598919233692e-02
8.726539237475938737e-02
8.729188262143983135e-02
8.748109191113251359e-02
8.770696295343216597e-02
8.760655876564182876e-02
8.773148976212419292e-02
8.793655523582732947e-02
8.795911032532166551e-02
8.784553542114836855e-02
8.892037234516958488e-02
8.894072656847562541e-02
8.892509977871498883e-02
8.886701519881212707e-02
8.889774604514655287e-02
8.886999508519988211e-02
8.878945333265508832e-02
8.883051594284685493e-02
8.879058499230629842e-02
8.868760667594732805e-02
8.873893610809513444e-02
8.868677213353481914e-02
8.856140031635972854e-02
8.862291188281423704e-02
8.855846488736585087e-02
8.841076479744636174e-02
8.840557775438118160e-02
8.848235452112396260e-02
8.823563635830422580e-02
8.831718153777545766e-02
8.822803169044302063e-02
8.894960964056453090e-02
8.895956269235305580e-02
8.895600173406759126e-02
8.895481634970481277e-02
8.895436408888801605e-02
8.896280841537229644e-02
8.893608567019228861e-02
8.892524434168236347e-02
8.894563152450196686e-02
8.889351423244984396e-02
8.887232032926162262e-02
8.890458640136378321e-02
8.882720157234691438e-02
8.879571158078847226e-02
8.883979139365449917e-02
8.873724957316719841e-02
8.869553960728115971e-02
8.875136719682596986e-02
8.862376188737020044e-02
8.857192721641871103e-02
8.863943617631697691e-02
8.848684333796597024e-02
8.842499781130508385e-02
8.850412167274723796e-02
8.832659930182251706e-02
8.825487467647985529e-02
8.834554729265020612e-02
8.814313507701654338e-02
8.816383618757717144e-02
8.806168025428662283e-02
8.687060703625049118e-02
8.700017990032116177e-02
8.680001034033224538e-02
8.650580771530613777e-02
8.661644571644133705e-02
8.720939695519080992e-02
8.733835099356701548e-02
8.717125800825398230e-02
8.735447679197838600e-02
8.778361914972310220e-02
8.788893240540396334e-02
8.777195019678918353e-02
8.752853627444912021e-02
8.764341586218826752e-02
8.751366935779769651e-02
8.789971464550316860e-02
8.803595708214750903e-02
8.812731699852915934e-02
8.802575429216263903e-02
8.597830072821699421e-02
8.591243407474458138e-02
8.618164685666296343e-02
8.615334235406812979e-02
8.601636192576556095e-02
8.645688166555720588e-02
8.629220152978767100e-02
8.644926182844181461e-02
8.676175626179771783e-02
8.660160447946330109e-02
8.678884358242455743e-02
8.707060293034485365e-02
8.694240482229231848e-02
8.709844259328691773e-02
8.743037866920377876e-02
8.735614039246475393e-02
8.724028177377574078e-02
8.738127691639030470e-02
8.758158399546844830e-02
8.782259892264643319e-02
8.804065604504507370e-02
8.889448455799942028e-02
8.893576046607343244e-02
8.882905079980674135e-02
8.873937659634389963e-02
8.862538430956179436e-02
8.848700158830624662e-02
8.832416163654799313e-02
8.813680341714491551e-02
8.895296569423949418e-02
8.894619155291549895e-02
8.891553301039778479e-02
8.886108817919680103e-02
8.878295777348044204e-02
8.868124454081449670e-02
8.855605267478050546e-02
8.840748720820967854e-02
8.823565338962924276e-02
8.669123252010846326e-02
8.704222184964705011e-02
8.725269571787419576e-02
8.737465896685270295e-02
8.723232570931638286e-02
8.765726923254646419e-02
8.739183516291626486e-02
8.781167384845489643e-02
8.791269171898208334e-02
8.779867810356822844e-02
8.792487169616558518e-02
8.607987603483968631e-02
8.631953264523495317e-02
8.660992777815568200e-02
8.613242853017732958e-02
8.605369478421420748e-02
8.691722355931452704e-02
8.721440531270829855e-02
8.766171706072800607e-02
8.753398621746433239e-02
8.755807410435501037e-02
8.761832775739142321e-02
8.748815566065515359e-02
8.751141029632092394e-02
8.768512539592587807e-02
8.789545147794075586e-02
8.780125676178529570e-02
8.791681797623540628e-02
8.810603991111620736e-02
8.802134701000419170e-02
8.812537119616015158e-02
8.886668834998923128e-02
8.889358230810451289e-02
8.886758766476654525e-02
8.891658874028773862e-02
8.893315065259244090e-02
8.891919796014702282e-02
8.879275269746400578e-02
8.882993644854264570e-02
8.879186179246900679e-02
8.869473676293448960e-02
8.874214812408309783e-02
8.869195768636672916e-02
8.857259966601693790e-02
8.863015685317721104e-02
8.856781731811835812e-02
8.842630479476987215e-02
8.841938750179323403e-02
8.849390686693625607e-02
8.825581987905806169e-02
8.824662005226224792e-02
8.833334729476205460e-02
8.806111698807139732e-02
8.814843228554236632e-02
8.804947187085054860e-02
8.894250285117266674e-02
8.894871061029685499e-02
8.894675969424958861e-02
8.894448340213589876e-02
8.894033514388366424e-02
8.895034392654421751e-02
8.892258658493723544e-02
8.890810066767262931e-02
8.893002539497274483e-02
8.887687176450953519e-02
8.888588211680081841e-02
8.885208663471055868e-02
8.880740114815244279e-02
8.881799495935227551e-02
8.877237509200586185e-02
8.871423942719558475e-02
8.872644718212518988e-02
8.866905021256055175e-02
8.859745339109503792e-02
8.861132395543436235e-02
8.854219780296535003e-02
8.845711151504676018e-02
8.839190478891134628e-02
8.847271185600225074e-02
8.829328352079035547e-02
8.821825867929755649e-02
8.831069834013338671e-02
8.667137784028133840e-02
8.658955845706095555e-02
8.677050247449180631e-02
8.695689442910026212e-02
8.691478446687161963e-02
8.708294616962641843e-02
8.630579885812339480e-02
8.640747851463104201e-02
8.710580407533075054e-02
8.756284480143283755e-02
8.754677652937392640e-02
8.767329383983846203e-02
8.728979278721693547e-02
8.727233190830052667e-02
8.740925059415249887e-02
8.768836827687354063e-02
8.784217235405977764e-02
8.793912102284040522e-02
8.782790428667697213e-02
8.632280963385963179e-02
8.615168897682012883e-02
8.625129699457600996e-02
8.646213099759858522e-02
8.645992294047888382e-02
8.632282883782227412e-02
8.672114061428171095e-02
8.658920255828939094e-02
8.674248425940778162e-02
8.622760390332562253e-02
8.701801485828086768e-02
8.688985383240721561e-02
8.704532085798932783e-02
8.730926271951422457e-02
8.718998349844619966e-02
8.733370047906541256e-02
8.764079281888714767e-02
8.757670683167428916e-02
8.746647966352760761e-02
8.759840492603232498e-02
8.777941325608651368e-02
8.800160486747288235e-02
8.820049099921700719e-02
8.883051680568054831e-02
8.889241485069787618e-02
8.893030663622036869e-02
8.874456540063946353e-02
8.863451756449591823e-02
8.850033440949300889e-02
8.834198133313841961e-02
8.815942805852150510e-02
8.795264857257012459e-02
8.894424308984527627e-02
8.893427871948089702e-02
8.890047133125245082e-02
8.884288171470122730e-02
8.876157329788547656e-02
8.865661177628303413e-02
8.852806471437923985e-02
8.837600112115873152e-02
8.649169119700927943e-02
8.681409059372091619e-02
8.699682580452494651e-02
8.712462025673306520e-02
8.697758937857169581e-02
8.742749657741388791e-02
8.714424220087646500e-02
8.759896520141163823e-02
8.770537749723616994e-02
8.758193485725351835e-02
8.772162106132397330e-02
8.639316233651506138e-02
8.659269955267279162e-02
8.687063516399218255e-02
8.630856352048399405e-02
8.621918770504621854e-02
8.650509947379947384e-02
8.641251512067726903e-02
8.631997173154903891e-02
8.716469807586613161e-02
8.744403082637974833e-02
8.785684233653057174e-02
8.773839905651847904e-02
8.775920361554068183e-02
8.782040985925099186e-02
8.769949086806794192e-02
8.771928848741561424e-02
8.787694502273157848e-02
8.807166297740820493e-02
8.798360943602423490e-02
8.808967882744578315e-02
8.826300383154495055e-02
8.818457373360610863e-02
8.827893940627751235e-02
8.879998073417949556e-02
8.879710521089534403e-02
8.883338614365621222e-02
8.887041340284240754e-02
8.886927184593640394e-02
8.889355243948005025e-02
8.891693961629920651e-02
8.891747211071510115e-02
8.892977241256427856e-02
8.870563228605721218e-02
8.874924436706432829e-02
8.870094494568026011e-02
8.858736204639072742e-02
8.864110158866012057e-02
8.858076749527921123e-02
8.844516727288909141e-02
8.850893599115827737e-02
8.843655305395559107e-02
8.827904839129185888e-02
8.826828555289134570e-02
8.835272947543870714e-02
8.808900885396375724e-02
8.807595259014555644e-02
8.817246762626196332e-02
8.787505491144376180e-02
8.785954523900019186e-02
8.796813960106697472e-02
8.893957201123336986e-02
8.894207874433290861e-02
8.894173688030737601e-02
8.893832649730226692e-02
8.893050748904296476e-02
8.894210051215123425e-02
8.891322219356712075e-02
8.891860068055579269e-02
8.889509789086780245e-02
8.886428132169454930e-02
8.883589216585208170e-02
8.887127817417939113e-02
8.879152907275855711e-02
8.880017666407036270e-02
8.875293525612881762e-02
8.869499344142506292e-02
8.870534244223915454e-02
8.864627455394569200e-02
8.857470502735920181e-02
8.858682413027296754e-02
8.851595959626290533e-02
8.843069680098025742e-02
8.836204172803596713e-02
8.844467235735764543e-02
8.667376822232719658e-02
8.667252023791582882e-02
8.649214581963293735e-02
8.681523795542911426e-02
8.612895873291448456e-02
8.621825757498502441e-02
8.683572514855664171e-02
8.733158033149546196e-02
8.731177530899869588e-02
8.744727811332975165e-02
8.704080799369218191e-02
8.702008703506869391e-02
8.716531930807935868e-02
8.746637895206821334e-02
8.763719534610581174e-02
8.773973794951117622e-02
8.761905723858931516e-02
8.664695032204139391e-02
8.648638576966916069e-02
8.655403107573478305e-02
8.668539307937772609e-02
8.697444572694146281e-02
8.699739821906171677e-02
8.684803708083743690e-02
8.640695008895837859e-02
8.657676006612968767e-02
8.726513964751414498e-02
8.728825069545387283e-02
8.714163292438092956e-02
8.753711650293571900e-02
8.755791890109154707e-02
8.742324326543438051e-02
8.783940463929829079e-02
8.778611088389565165e-02
8.768146742333449151e-02
8.780415292754240042e-02
8.796509571847410669e-02
8.816820635675193252e-02
8.834769229786543221e-02
8.875360212345473343e-02
8.883597399843234932e-02
8.889443925832241078e-02
8.892900895692146257e-02
8.864731586910312711e-02
8.851711074091306308e-02
8.836298544426102186e-02
8.818494176466240564e-02
8.798298438723739512e-02
8.775712065564544861e-02
8.893969741746665658e-02
8.892652218077889970e-02
8.888950391868410961e-02
8.882866631481300956e-02
8.874403591544255399e-02
8.863564194808415397e-02
8.850351610621143283e-02
8.642113187173539046e-02
8.636603860527436449e-02
8.654838558261057635e-02
8.627891324119041361e-02
8.668825066134433488e-02
8.684263967703398368e-02
8.668082991546022242e-02
8.718733018153246306e-02
8.686599414403195496e-02
8.737544010110798176e-02
8.748725846754568103e-02
8.735453596347719785e-02
8.750736076688370169e-02
8.681256566676298636e-02
8.712103576585161768e-02
8.666349055489763753e-02
8.658340236843642401e-02
8.648814655172265553e-02
8.650754955263428858e-02
8.640688550046160543e-02
8.688577106560857466e-02
8.669692007320628502e-02
8.676494737011297698e-02
8.740223233043509232e-02
8.766266849684001272e-02
8.804007009321057620e-02
8.794838133076920972e-02
8.793106351588286795e-02
8.801098440902532793e-02
8.789948606788622332e-02
8.791561833253791480e-02
8.805667281345186392e-02
8.823569657625651708e-02
8.825018531083383966e-02
8.815373412461191549e-02
8.840753713738991326e-02
8.833532424765067059e-02
8.841991957857442408e-02
8.872026428385815233e-02
8.876017322092355499e-02
8.871368391506895268e-02
8.881110543917880573e-02
8.884081016139511178e-02
8.880626208950559430e-02
8.887815512464514178e-02
8.889759818273945680e-02
8.887499112795094192e-02
8.892138638800395345e-02
8.893053013088314529e-02
8.891986228083637034e-02
8.860566127396674041e-02
8.865569750262269899e-02
8.859726831991709961e-02
8.846732846816418583e-02
8.852739602496395577e-02
8.845702985560810472e-02
8.830530011472825791e-02
8.837528453541620976e-02
8.829298573414201545e-02
8.811961235280407756e-02
8.819938131024107619e-02
8.810515560955800574e-02
8.791030284359080404e-02
8.799970689973701798e-02
8.789356127396263929e-02
8.767741041833199134e-02
8.765822632253927882e-02
8.777628383818913971e-02
8.894077513014508884e-02
8.893960191362126899e-02
8.894086985847826643e-02
8.893630025566356956e-02
8.892481254510486988e-02
8.893801128662714994e-02
8.890794380162814203e-02
8.891128713801244032e-02
8.888616415602423881e-02
8.885569102910184647e-02
8.882366197313285028e-02
8.886070112513833053e-02
8.877953048358722121e-02
8.873731426652742282e-02
8.878626006431367124e-02
8.867945401870014344e-02
8.862713226214546935e-02
8.868797380528059549e-02
8.855545677916565328e-02
8.856585512462411547e-02
8.849313001623548836e-02
8.655586803993597922e-02
8.635986151596986016e-02
8.639192596200251373e-02
8.624697223421640135e-02
8.597570762270922984e-02
8.605368099759369560e-02
8.708989701315916765e-02
8.706648231463409715e-02
8.721083965655140879e-02
8.678353007357264559e-02
8.673606414920598251e-02
8.691224333852687334e-02
8.723380633615274160e-02
8.742097458907471808e-02
8.752913646238780210e-02
8.739917472366354190e-02
8.693112980480377505e-02
8.722150802598849229e-02
8.724443010224558481e-02
8.709807204318831264e-02
8.658645777499252016e-02
8.677477539105027393e-02
8.749945453579199839e-02
8.738233570396058969e-02
8.751933941756595559e-02
8.775424561326450323e-02
8.764574184234275034e-02
8.777118844773768025e-02
8.802630970307667724e-02
8.798440666127083087e-02
8.788531920432474109e-02
8.799858841512608887e-02
8.813873524301574225e-02
8.832249787673973618e-02
8.848234581216141148e-02
8.866375163478834587e-02
8.876645626518309129e-02
8.884538874298320010e-02
8.890052085594413178e-02
8.893182712659808420e-02
8.853730559529993105e-02
8.838715118645612545e-02
8.821332347035293342e-02
8.801585919962284787e-02
8.779479644269272409e-02
8.755017423265076815e-02
8.893928498189507259e-02
8.892287489275252366e-02
8.888258048359753971e-02
8.881838860896873467e-02
8.873028939618121669e-02
8.861827624963136696e-02
8.652607012120561158e-02
8.617152335058020363e-02
8.693792147986822982e-02
8.650594744462902774e-02
8.659574389005897377e-02
8.664466666683767748e-02
8.714101648120886612e-02
8.725829308116872518e-02
8.711649233140950077e-02
8.728203182764904255e-02
8.705477842496467389e-02
8.736159870043380682e-02
8.684965954104617580e-02
8.668044528181673147e-02
8.675577062802841688e-02
8.694183206782701845e-02
8.691395018256009575e-02
8.680424387150575960e-02
8.672673859013468878e-02
8.661603523275629435e-02
8.762795735633499561e-02
8.787038344632380760e-02
8.821147136854479154e-02
8.811205609947847517e-02
8.812569726051400210e-02
8.819009379378717206e-02
8.808818943618135222e-02
8.810046203567134526e-02
8.822439371620038884e-02
8.838761317811905105e-02
8.831171084184830100e-02
8.839841282163662939e-02
8.853969143607520742e-02
8.854837833180118079e-02
8.847366942513745780e-02
8.862751353199571636e-02
8.861731477798939771e-02
8.867393820494062773e-02
8.873864634130690376e-02
8.877492547484255869e-02
8.873016689191837170e-02
8.882613751738388519e-02
8.885219623610784989e-02
8.881932176549078850e-02
8.888992112393856448e-02
8.890570404790654191e-02
8.888473168710619987e-02
8.892993342348765040e-02
8.893540499455143689e-02
8.892635135315174466e-02
8.849280682041660295e-02
8.848081523318551689e-02
8.854928309555254451e-02
8.833459530416620797e-02
8.840101072011785632e-02
8.832071982522504694e-02
8.815294899522019278e-02
8.822917320342427150e-02
8.813708150742660674e-02
8.794793833758152157e-02
8.803382383066804540e-02
8.792995419770410770e-02
8.771963363938151126e-02
8.769939231569190419e-02
8.781501657933743488e-02
8.746810428754414612e-02
8.744545009571635941e-02
8.757280557642488361e-02
8.894611325294199400e-02
8.894413815045743021e-02
8.894125794867746571e-02
8.893840237390848724e-02
8.892322481080483509e-02
8.893805240641072807e-02
8.890674579487412021e-02
8.888127071617046848e-02
8.890805761413456132e-02
8.885109206068608767e-02
8.881536420969959877e-02
8.885412062330533267e-02
8.877139350584750677e-02
8.872547738451008748e-02
8.877621179768357962e-02
8.866760646539606494e-02
8.867430513327834163e-02
8.861158597889084998e-02
8.643347364286291246e-02
8.620944956514942081e-02
8.609488803894937980e-02
8.628555738211673987e-02
8.584698332563400758e-02
8.591257637846605455e-02
8.684035899929021252e-02
8.681327184672849029e-02
8.696518760081628496e-02
8.648277018722960729e-02
8.663316980315827198e-02
8.649357673092639143e-02
8.699179566659920315e-02
8.719341820780290853e-02
8.730724455341465351e-02
8.716816814536310076e-02
8.719119473289582700e-02
8.720738935556648919e-02
8.703865933319454573e-02
8.746696665719033703e-02
8.748430569515353028e-02
8.734430051958541608e-02
8.678929032988924597e-02
8.689686022779785635e-02
8.706740775435339863e-02
8.772473617593012918e-02
8.761214675429018772e-02
8.774054962732913410e-02
8.796067673307672585e-02
8.797354902732601456e-02
8.785752433184090826e-02
8.820156464515627182e-02
8.817160851758298890e-02
8.818173970465470468e-02
8.807806939101414656e-02
8.830039768071140660e-02
8.846453556067968016e-02
8.860449873797360265e-02
8.856093627868666385e-02
8.868383973855953339e-02
8.878313996328757174e-02
8.885877018960375295e-02
8.891066562769289749e-02
8.893876385020671460e-02
8.841449790605848680e-02
8.824459406386431226e-02
8.805129485226836916e-02
8.783467051295679173e-02
8.759479076518639218e-02
8.733172382880205475e-02
8.894300515483744007e-02
8.892333290031906312e-02
8.887969381227101007e-02
8.881203825517369754e-02
8.872032046529410021e-02
8.635953250541050785e-02
8.603171453199986995e-02
8.666288774222008495e-02
8.634722868172728383e-02
8.689552177646442388e-02
8.701838965951314009e-02
8.686897412958494158e-02
8.704553897872235879e-02
8.733026327685733392e-02
8.759700805337888863e-02
8.696288959330544799e-02
8.684418865288645595e-02
8.706883883179483696e-02
8.695859478584877511e-02
8.689973026859043603e-02
8.714929911049063005e-02
8.700104837965294546e-02
8.704530819487621418e-02
8.717145891860456075e-02
8.784381432544130508e-02
8.806719615361191522e-02
8.837107766624996419e-02
8.828141365988229072e-02
8.829120269386914188e-02
8.835774023514408881e-02
8.826560900249857955e-02
8.827384191667897451e-02
8.838015384192143831e-02
8.852743412786256982e-02
8.853439772692806020e-02
8.845758071177245441e-02
8.865947859901046613e-02
8.859964100490880234e-02
8.866434300445125150e-02
8.852166348467238599e-02
8.857463587142944128e-02
8.850794897919656012e-02
8.865297783553638400e-02
8.869585999440543489e-02
8.864094446217130052e-02
8.876083496889453084e-02
8.879353473508222461e-02
8.875042891777129572e-02
8.884513067766108829e-02
8.886757502491826610e-02
8.883631644131562144e-02
8.890576207263500841e-02
8.889852266181985652e-02
8.891789755309498222e-02
8.894262817639120300e-02
8.894442125105928021e-02
8.893696523993133152e-02
8.836699683069726419e-02
8.835152938874901718e-02
8.842994868499887140e-02
8.818908288256011030e-02
8.826188548327640326e-02
8.817177309560919607e-02
8.798802607926881070e-02
8.807053348734716902e-02
8.796876742045389719e-02
8.776392973747759729e-02
8.774259905050740826e-02
8.785597957160762306e-02
8.751689521894845392e-02
8.761830955091765016e-02
8.749335330873586614e-02
8.724702076191537259e-02
8.722111211736449654e-02
8.735760709067386109e-02
8.895563049552646095e-02
8.895156434150053304e-02
8.894706775390948117e-02
8.894467357008084551e-02
8.892576183611533569e-02
8.894224308714060445e-02
8.890966549516310380e-02
8.888043181715565844e-02
8.890892797420935079e-02
8.885051840880597851e-02
8.881100993208446148e-02
8.885154926590355107e-02
8.876714893872184042e-02
8.871743266037301900e-02
8.877004134211752273e-02
8.610886913972848333e-02
8.616032559656061629e-02
8.597952209856118966e-02
8.574359510725226841e-02
8.579645557412907131e-02
8.658910367001904085e-02
8.671469572375856139e-02
8.653601893962503677e-02
8.629763537143564367e-02
8.674323949486639762e-02
8.695440099711782000e-02
8.707395406461782006e-02
8.692591775774582974e-02
8.743581435946490288e-02
8.731367271319701029e-02
8.745260979111513233e-02
8.769766065531392485e-02
8.758236766194005263e-02
8.771231908049403891e-02
8.701740265703727939e-02
8.711043246341043655e-02
8.729407117535492588e-02
8.793975227577144338e-02
8.795127068096131318e-02
8.783231279943404246e-02
8.815639696400412451e-02
8.805860114376329317e-02
8.816500120189563194e-02
8.836518621473954394e-02
8.834769021612665085e-02
8.825971195074333586e-02
8.835359454830360448e-02
8.845010934897745702e-02
8.859433590520970903e-02
8.871415845044272608e-02
8.858806287762421849e-02
8.844508762164349225e-02
8.870763794360303489e-02
8.880370832882011900e-02
8.887617053190999261e-02
8.892492264202156438e-02
8.894986492127765487e-02
8.827881704428441889e-02
8.808935575792986583e-02
8.787680751369553178e-02
8.764127451406145131e-02
8.738285671822887402e-02
8.710164854180380001e-02
8.895090036525488131e-02
8.892793523841824310e-02
8.888087957922186089e-02
8.880964766811572098e-02
8.592892779293226369e-02
8.631195477960096341e-02
8.639636637728898005e-02
8.645084256847324067e-02
8.621056727688436450e-02
8.663491460079908446e-02
8.676532771889367002e-02
8.661274553702902335e-02
8.679569083510840777e-02
8.756799618363397819e-02
8.781987191324147624e-02
8.729904215075889873e-02
8.713295764508188768e-02
8.718334768405089363e-02
8.721378111387567689e-02
8.708771579973817456e-02
8.738581088752839232e-02
8.722925575172890689e-02
8.726725274021462919e-02
8.741233388613389721e-02
8.804917475721918407e-02
8.825308746851467934e-02
8.851888011191344496e-02
8.843913275301851229e-02
8.844490895725232171e-02
8.851388489122502534e-02
8.843573967921614098e-02
8.843171212930989178e-02
8.852395931785228544e-02
8.865514019910192278e-02
8.859134479225871939e-02
8.865813624298068962e-02
8.876686978982217813e-02
8.876780062651068448e-02
8.871323050437163182e-02
8.855400269610391728e-02
8.860353597703940487e-02
8.853851378847110709e-02
8.840261061272391974e-02
8.846218196596822292e-02
8.838549882151247594e-02
8.868215631845166591e-02
8.872154219234806849e-02
8.866823794713973861e-02
8.878692982718450200e-02
8.877454808019946686e-02
8.881607768531407654e-02
8.886818178466970863e-02
8.885732140828950243e-02
8.888702029487338674e-02
8.892577176888649682e-02
8.891643629493450884e-02
8.893424932289883955e-02
8.895956116413794579e-02
8.895764621563628793e-02
8.895177293821510123e-02
8.822812112912603588e-02
8.829760314254830877e-02
8.820931599275172452e-02
8.803067385895713137e-02
8.810992181482169006e-02
8.801008721949976632e-02
8.781040631292214016e-02
8.789925895025996194e-02
8.778793279652985504e-02
8.756745310016966766e-02
8.766573351173467810e-02
8.754297061402094293e-02
8.730194277092395705e-02
8.727531468457994102e-02
8.740946106211910926e-02
8.701400531600689270e-02
8.698510015513205573e-02
8.713055585410578452e-02
8.896941393575830137e-02
8.895709522579620110e-02
8.896321404386453580e-02
8.895519738402091203e-02
8.893248405029130499e-02
8.895064547677677957e-02
8.891678286998305758e-02
8.891395688505288053e-02
8.888370443716009373e-02
8.885404650460260179e-02
8.885304228904566948e-02
8.881065275348087873e-02
8.604235836505269575e-02
8.607621720777525187e-02
8.589447490167645416e-02
8.566656947008943757e-02
8.570601807808220229e-02
8.631810220383207000e-02
8.645316352081455769e-02
8.631460612836228119e-02
8.617782731486889336e-02
8.647649689125636030e-02
8.670362650039642460e-02
8.682906191028194609e-02
8.667066106553977800e-02
8.767266869265299967e-02
8.755460751165389244e-02
8.768659974609771535e-02
8.792166829617187318e-02
8.793185774706957503e-02
8.780980341656097199e-02
8.725792139597465802e-02
8.734405529342048613e-02
8.753127605677291090e-02
8.814446684675825150e-02
8.804218003687214189e-02
8.815147358129515887e-02
8.834134755448497245e-02
8.824893720598825375e-02
8.834550362121462719e-02
8.851715043368801883e-02
8.851258248675364371e-02
8.851409887883487926e-02
8.843019918070971208e-02
8.858785608649477616e-02
8.871187477466691007e-02
8.881129159698697428e-02
8.847902541734686821e-02
8.861878858422778116e-02
8.831609893980896242e-02
8.873524715588332334e-02
8.882825963496843169e-02
8.889768511455786726e-02
8.894338407330060203e-02
8.896521915757282795e-02
8.813014939511054635e-02
8.792131522557189438e-02
8.768973238314736740e-02
8.743553270650128439e-02
8.715884754990810279e-02
8.685981681408960764e-02
8.896305594557962770e-02
8.893676368732339466e-02
8.888621601257873373e-02
8.585677089943755114e-02
8.618024325333994984e-02
8.631879652002472092e-02
8.647681255273609313e-02
8.631805730927022413e-02
8.651258401537698095e-02
8.779875578790763413e-02
8.803423474450677855e-02
8.752553061185486261e-02
8.737095910395875631e-02
8.741124106320707909e-02
8.761061344805598505e-02
8.745699826423181111e-02
8.749788904483857266e-02
8.747495717015707495e-02
8.734423730690121790e-02
8.764351321221097724e-02
8.824399271465777073e-02
8.842799367797626875e-02
8.865482844698979736e-02
8.858516871504640289e-02
8.858678650043627645e-02
8.865844649803000799e-02
8.858642345107281546e-02
8.858609528806371536e-02
8.865577529188273243e-02
8.877067065282573388e-02
8.871296310089260562e-02
8.876958348664343301e-02
8.886179468308152973e-02
8.881438834347743505e-02
8.885869711096128221e-02
8.844158585094252789e-02
8.849783728094351432e-02
8.842275568693913623e-02
8.858997199048412874e-02
8.857263555175909353e-02
8.863610824643719521e-02
8.827021412335922523e-02
8.833645433539827341e-02
8.824983895437288339e-02
8.871519440012098912e-02
8.869931901692251763e-02
8.875110733788982298e-02
8.881707381874848206e-02
8.884267420825875394e-02
8.880264567110784935e-02
8.889543086985363107e-02
8.891064895984046590e-02
8.888245512839076934e-02
8.895008706659657260e-02
8.895487304202642775e-02
8.893858793047826339e-02
8.898086580740416363e-02
8.897519013653143460e-02
8.897088643931871932e-02
8.807603282185727522e-02
8.815211794257693523e-02
8.805404307392905583e-02
8.785921485718206636e-02
8.794498435671838088e-02
8.783552313432285708e-02
8.761992880935631778e-02
8.771520662837650750e-02
8.759443060006977255e-02
8.735833595331743417e-02
8.746293289416806616e-02
8.733091264149817068e-02
8.707456387067691317e-02
8.718830832510560125e-02
8.704512492052118855e-02
8.676855493036705891e-02
8.673713762879686762e-02
8.689147057795587603e-02
8.898759336072614712e-02
8.897144702671055949e-02
8.897919571648460479e-02
8.897009983013237644e-02
8.894349444307259045e-02
8.896336438273078073e-02
8.892822009047451903e-02
8.889118787591010484e-02
8.892324544932694863e-02
8.598981744264344584e-02
8.582854455507471503e-02
8.601588244909330605e-02
8.561508055403443951e-02
8.564156120947841178e-02
8.615389972832931953e-02
8.615403662226017723e-02
8.645948213576171160e-02
8.658163376140881606e-02
8.638915885821352170e-02
8.789372613283730207e-02
8.790899322142764483e-02
8.778327627895432528e-02
8.813597897959313254e-02
8.814131945592307282e-02
8.802896780266578070e-02
8.750051692285465421e-02
8.756964893713925502e-02
8.775402834882550795e-02
8.833875973151128491e-02
8.824168094608464408e-02
8.834107693859583055e-02
8.851543039410092462e-02
8.842845363650309043e-02
8.851497199963509477e-02
8.865739143578843517e-02
8.866617328580461699e-02
8.858944046622119206e-02
8.866315587716266933e-02
8.871358229298387243e-02
8.881708654714937090e-02
8.889582340631740909e-02
8.835658955687797356e-02
8.851645967440791019e-02
8.865325989035621745e-02
8.817382654014238597e-02
8.876681155325172323e-02
8.885693536882000032e-02
8.892345240405297169e-02
8.896618508667430980e-02
8.898495819490548353e-02
8.796834498023409221e-02
8.774031549075445024e-02
8.748990288621760758e-02
8.721727359122155576e-02
8.692260231057147291e-02
8.661517876701452234e-02
8.897959983232162084e-02
8.894994237871667320e-02
8.580345664018917962e-02
8.592469223094567621e-02
8.595646969375159152e-02
8.612267768035775095e-02
8.617004491485158457e-02
8.624379451773045435e-02
8.631568438680303768e-02
8.801611612744009161e-02
8.823850015671652613e-02
8.768284337325860101e-02
8.760187131427743523e-02
8.757773555552028633e-02
8.785319967980864675e-02
8.769106535141923953e-02
8.773055658923167854e-02
8.774356526927429289e-02
8.760943128848019956e-02
8.787436694987249552e-02
8.842816229366390335e-02
8.859180923426601684e-02
8.877882997998498560e-02
8.871943447759911283e-02
8.871676386589377739e-02
8.879130024281711719e-02
8.872962443193987969e-02
8.872480573278773708e-02
8.877552496036433816e-02
8.887392248302394826e-02
8.882235376698743856e-02
8.886865271526855903e-02
8.894414093038893743e-02
8.893693668502966609e-02
8.890302318680221028e-02
8.831555574802973929e-02
8.829351412189279102e-02
8.837861060276919201e-02
8.848411519410959158e-02
8.846347091871631374e-02
8.853708472184929068e-02
8.862976229133900929e-02
8.867252085079613266e-02
8.861048351071310059e-02
8.812429750208283785e-02
8.819729433523892936e-02
8.810080782794904586e-02
8.875228081186659068e-02
8.878472124746117355e-02
8.873435476226865237e-02
8.885145304485453366e-02
8.887348736972355834e-02
8.883488621169932653e-02
8.892706100931280222e-02
8.893862098425087126e-02
8.891187917913190297e-02
8.897888766555606121e-02
8.897992527011966413e-02
8.896513587388577005e-02
8.900671812765648117e-02
8.899446049782611112e-02
8.899720591739401776e-02
8.791055002549585939e-02
8.799332870542375673e-02
8.788554317046248787e-02
8.767451750951860134e-02
8.776690224893513026e-02
8.764790636613839503e-02
8.741639801884582006e-02
8.751819815807293512e-02
8.738807644739166047e-02
8.713635762183680189e-02
8.724738644974339152e-02
8.710620544423886003e-02
8.683677863900396421e-02
8.680347078571315489e-02
8.695570588146828150e-02
8.652412873171477781e-02
8.649256199538912782e-02
8.664636622937016419e-02
8.901034086721004712e-02
8.899966033954198608e-02
8.899027221157496115e-02
8.898954889791055312e-02
8.898054684935696734e-02
8.895893809398547347e-02
8.558972591068247926e-02
8.560286571948949597e-02
8.577003599524024580e-02
8.604718944689337956e-02
8.621375818667142976e-02
8.633649317273017765e-02
8.619215791270573579e-02
8.813126842487528645e-02
8.801276279505942934e-02
8.813473101226465545e-02
8.834014873015605396e-02
8.834051349881888449e-02
8.823812940783581915e-02
8.771101677841341981e-02
8.776639480372572244e-02
8.799354228480127382e-02
8.852252072357269519e-02
8.851997541029921202e-02
8.843070574715505838e-02
8.867850229154816688e-02
8.867327856125217789e-02
8.859703037275568072e-02
8.878580040476979907e-02
8.880830501542402722e-02
8.880062436827063088e-02
8.873730098622711893e-02
8.882719003824035564e-02
8.890986347113216670e-02
8.896763724663203643e-02
8.822058141599553593e-02
8.840048217701390598e-02
8.855758219861009639e-02
8.869166664624961172e-02
8.801809139438609986e-02
8.880251857808540983e-02
8.888992014926988539e-02
8.895365382321818171e-02
8.899350358256463700e-02
8.900925613694665728e-02
8.779321886505397909e-02
8.754616465334363884e-02
8.727711611434785244e-02
8.698732273014064820e-02
8.668119278893038349e-02
8.636941688947963325e-02
8.900070211748989379e-02
8.575774289926407778e-02
8.591846197441144195e-02
8.604411654506305407e-02
8.592127613191213875e-02
8.606593208189983191e-02
8.823686755999815556e-02
8.843243687784207996e-02
8.790315421181948974e-02
8.782320959415690353e-02
8.779199524475145289e-02
8.787722752793347691e-02
8.801450007169431267e-02
8.787886601311245549e-02
8.813716934387061386e-02
8.799581236895059888e-02
8.813525206335082185e-02
8.860155269523728450e-02
8.874438373037818462e-02
8.889074892262316396e-02
8.884179967244609788e-02
8.883472682671411658e-02
8.891227750537034069e-02
8.886115193330890172e-02
8.885172429804311101e-02
8.888308885991569319e-02
8.896474999394343719e-02
8.891939244086632943e-02
8.895521484081247987e-02
8.901375389338672672e-02
8.897900154259608119e-02
8.900238158023443535e-02
8.817570605180280463e-02
8.824566700777891626e-02
8.815059782489476081e-02
8.836438342063335227e-02
8.842428697730397857e-02
8.834055715692645805e-02
8.853043477016464546e-02
8.858013781399709519e-02
8.850785892105483832e-02
8.867360789497213958e-02
8.871298530350291145e-02
8.865227029486666410e-02
8.796465045999146692e-02
8.793820953674524876e-02
8.804450857201617797e-02
8.879364750431439912e-02
8.882259294673255923e-02
8.877355554791810377e-02
8.889029663482816979e-02
8.890872327213850124e-02
8.887147734587563797e-02
8.896329806796965389e-02
8.897113915024257302e-02
8.894579806520730436e-02
8.901239576352693028e-02
8.900960511662991959e-02
8.899628111398083519e-02
8.903733630092136586e-02
8.902269225820302889e-02
8.902388869448096820e-02
8.773145787539193829e-02
8.782103708702004852e-02
8.770361491669609322e-02
8.747636040987150086e-02
8.757547077023775106e-02
8.744702896875922171e-02
8.719957535008726612e-02
8.730801746343574976e-02
8.716864269588686653e-02
8.690123302673846695e-02
8.701883340677563083e-02
8.686968827145447047e-02
8.658288137837921727e-02
8.670989974944287582e-02
8.655412924426464372e-02
8.625379369950303410e-02
8.638904518407630739e-02
8.623413133825075239e-02
8.903787031184451362e-02
8.901376170323749282e-02
8.902480094075237993e-02
8.559039009420155164e-02
8.559017768628662814e-02
8.575412102375556955e-02
8.593197732372348518e-02
8.607283078294480916e-02
8.592521146717979619e-02
8.834578804695059073e-02
8.834404240556337218e-02
8.823852141299837193e-02
8.853421906338287961e-02
8.852938441703650518e-02
8.843723696486316399e-02
8.801881139376643848e-02
8.795964886751339584e-02
8.788246939326860296e-02
8.802066605071723338e-02
8.801691783925702506e-02
8.824278918982997322e-02
8.869557843154063370e-02
8.860910951726874707e-02
8.868800796018749821e-02
8.883037120167380785e-02
8.875449968338133822e-02
8.882024903079788203e-02
8.890222508189771222e-02
8.893877685373074993e-02
8.887360148691503259e-02
8.892631948100604422e-02
8.892853850715032316e-02
8.899005531388926027e-02
8.902657444570405421e-02
8.807079285224828080e-02
8.827065182511362185e-02
8.844801359695975140e-02
8.860262822922759796e-02
8.873424200638291293e-02
8.784868116253885528e-02
8.884259880591394154e-02
8.892744151427822707e-02
8.898851345022540382e-02
8.902555980058557417e-02
8.903832905825126431e-02
8.760455340254680312e-02
8.733863451197854122e-02
8.705110293059192816e-02
8.674278447583128049e-02
8.641896688098504864e-02
8.609307149413991667e-02
8.575452543598505173e-02
8.576114886451391417e-02
8.844112939062931389e-02
8.861595191958826501e-02
8.814649815623842866e-02
8.802457477301561806e-02
8.808150342490095319e-02
8.814243370157170965e-02
8.823638934716382387e-02
8.812573557858016660e-02
8.812793936521501337e-02
8.828226075707656939e-02
8.814842643381171072e-02
8.835762750322473380e-02
8.835241507870961186e-02
8.824669200428003624e-02
8.876398342987146250e-02
8.888552078163780568e-02
8.899040620215947772e-02
8.895209037117413065e-02
8.894051796293589440e-02
8.902116604480414530e-02
8.898079925103907772e-02
8.896666056893032248e-02
8.897830453390798144e-02
8.904296461388028217e-02
8.900391198992163577e-02
8.902909819796989144e-02
8.907043660613034319e-02
8.904214761082585028e-02
8.905485196929430192e-02
8.802179749280802934e-02
8.799378222042153475e-02
8.809878371145873910e-02
8.823054020608489534e-02
8.829749553705579235e-02
8.820367302940923526e-02
8.841697807966208966e-02
8.847374199279312013e-02
8.839122725770842681e-02
8.858082410503975712e-02
8.862725346844346763e-02
8.855617754369471406e-02
8.872178631757710043e-02
8.875775633791693764e-02
8.869825183789248335e-02
8.779103011290556591e-02
8.776181570599805859e-02
8.787787064053886876e-02
8.883956943010773433e-02
8.886497447665708815e-02
8.881717485787243849e-02
8.893387644879680032e-02
8.894863077814196828e-02
8.891266960683685827e-02
8.900441031235750700e-02
8.898445889800132846e-02
8.900844869020818617e-02
8.905087556985546993e-02
8.904415377455199287e-02
8.903226690684640232e-02
8.907298006538189039e-02
8.905547526555923632e-02
8.905582073648687924e-02
8.753850958527709114e-02
8.750802628010101447e-02
8.763501331402823169e-02
8.726447998557385066e-02
8.737045372617691097e-02
8.723264560590004990e-02
8.696925170297797880e-02
8.708444582560825875e-02
8.693588482545167029e-02
8.665283864508965816e-02
8.677706282359920475e-02
8.661850679583582568e-02
8.631518842247198897e-02
8.644912630711176771e-02
8.628505572329159268e-02
8.596602060418956359e-02
8.611007296449857407e-02
8.594931477772516093e-02
8.561610440956923807e-02
8.560329516939080285e-02
8.577404551067469018e-02
8.855095969551773916e-02
8.854344694473170740e-02
8.844815941879391463e-02
8.871808065431163737e-02
8.862620259810938261e-02
8.870781067846722490e-02
8.819016051437689185e-02
8.825330587574575780e-02
8.825929408227173312e-02
8.845473941216819291e-02
8.885768429649398836e-02
8.877668790093784512e-02
8.884496299532840258e-02
8.897080713139915442e-02
8.890065070586183893e-02
8.895566739546145740e-02
8.900646970317582785e-02
8.905734371461548893e-02
8.899811907172938685e-02
8.904001238914582839e-02
8.901744380307752280e-02
8.905746925086821530e-02
8.907243435686929001e-02
8.790698319475220845e-02
8.812673093920331269e-02
8.832431913660976353e-02
8.849946408019504496e-02
8.865187632264937001e-02
8.878126224497917551e-02
8.766535283558396507e-02
8.888732568825596925e-02
8.896976957981350687e-02
8.902829758322206022e-02
8.906261578130969525e-02
8.740210351540311784e-02
8.711750647701776984e-02
8.681169117348075392e-02
8.648472126033257545e-02
8.614125973947139858e-02
8.579126590993746415e-02
8.863547017599404665e-02
8.878891880548056559e-02
8.829568798717546407e-02
8.847138741468230094e-02
8.835356377964354024e-02
8.837621821288677015e-02
8.854285226917402163e-02
8.841224607633968446e-02
8.860414651598502722e-02
8.857763908120919183e-02
8.848077483766580986e-02
8.891521884916897545e-02
8.901498234820170996e-02
8.907757923838888203e-02
8.905008907095501858e-02
8.903393646244728288e-02
8.911770913553240803e-02
8.908831538611594603e-02
8.906938008334130963e-02
8.906096633428950415e-02
8.910833485087199524e-02
8.907570238444317834e-02
8.909008851217159464e-02
8.911394997911559201e-02
8.909224336647669773e-02
8.909412615422196424e-02
8.785356006322242450e-02
8.793770619720497894e-02
8.782281090656018918e-02
8.808231724767190407e-02
8.805256494214530605e-02
8.815645802936955544e-02
8.828912534679589363e-02
8.826033702060076536e-02
8.835308308239053776e-02
8.847366409896606498e-02
8.844582710237114398e-02
8.852727759841072519e-02
8.863560593119246267e-02
8.860872794603025238e-02
8.867873180935792465e-02
8.877461803506758731e-02
8.874872717114490328e-02
8.880713166838849482e-02
8.760320069538563015e-02
8.757138425935739878e-02
8.769714071797229948e-02
8.889036420980667152e-02
8.891216057789108618e-02
8.886550901933321089e-02
8.898250665957474492e-02
8.899350110796511171e-02
8.895875606082803699e-02
8.905070789180979940e-02
8.905083678420633309e-02
8.902815094436522525e-02
8.909463267799722086e-02
8.908385391062567660e-02
8.907337822006544670e-02
8.733166142607129423e-02
8.729862207167105037e-02
8.743510960367417706e-02
8.704016600319319785e-02
8.700531919236365042e-02
8.715234479518474409e-02
8.672495388048884202e-02
8.684718415321002194e-02
8.668951731580953890e-02
8.639132965764528826e-02
8.652211077849880638e-02
8.635386144015055887e-02
8.603760589883879817e-02
8.617646038444670697e-02
8.600237891230255727e-02
8.566715438355954060e-02
8.581655366682450214e-02
8.564168173957820152e-02
8.874783982336253985e-02
8.864917468243516119e-02
8.873375084932000334e-02
8.889065485814728884e-02
8.880435342095127638e-02
8.887509956246009146e-02
8.841332763712483889e-02
8.850573346278733933e-02
8.853701972312466584e-02
8.867600579432832753e-02
8.900859406515115868e-02
8.893319977690117284e-02
8.899059952733390233e-02
8.909953108676749167e-02
8.903522896598869973e-02
8.907927137792870376e-02
8.909829454202611299e-02
8.916371397106659380e-02
8.914142898418531136e-02
8.911058539917837695e-02
8.909367882678254080e-02
8.911186995255870880e-02
8.910497468243394614e-02
8.772889881303280735e-02
8.796845066038494476e-02
8.818623142123971359e-02
8.838190825304448328e-02
8.855515721640272453e-02
8.870564812706005497e-02
8.883304645728073989e-02
8.746796071555218433e-02
8.893701517754826202e-02
8.901721657404348953e-02
8.907331416852681816e-02
8.718647572225468600e-02
8.688326161666259928e-02
8.655876775142623547e-02
8.621508309736325426e-02
8.585277136273261611e-02
8.882012495999880297e-02
8.895061601550879882e-02
8.868372176966987652e-02
8.861171394026501336e-02
8.857706633474482505e-02
8.878985889739987591e-02
8.866581768995518420e-02
8.864299157363764170e-02
8.881374598448066315e-02
8.878070464428977626e-02
8.870885782504156492e-02
8.905499288146034864e-02
8.913248338932255876e-02
8.915200178941717901e-02
8.911473792617552458e-02
8.913553421926423415e-02
8.920160550331113214e-02
8.915960387072974225e-02
8.918340383383227543e-02
8.913082534569483073e-02
8.916058652318625821e-02
8.913792912151330405e-02
8.913451079019707457e-02
8.914401329600618595e-02
8.911994103436216008e-02
8.912902890951057699e-02
8.767069637808855287e-02
8.776215057512626316e-02
8.763741736182761866e-02
8.791941692881855008e-02
8.800089147318690408e-02
8.788694924091056127e-02
8.814657881767395953e-02
8.811490538027733077e-02
8.821787878073172884e-02
8.835183017062697708e-02
8.841277617879750306e-02
8.832093684741681994e-02
8.853480899787646852e-02
8.858523891947533979e-02
8.850470266818399878e-02
8.869514586829874148e-02
8.873491588449133882e-02
8.866585434472395999e-02
8.883246611092954215e-02
8.886145163737813046e-02
8.880403810417158983e-02
8.740075506333877531e-02
8.750200125325613421e-02
8.736669953612874462e-02
8.894639169632501119e-02
8.896448826411651467e-02
8.891889681862974459e-02
8.903654321379650405e-02
8.904366731058843687e-02
8.901007183289855185e-02
8.910254218316404629e-02
8.909863191873945709e-02
8.907720504086369395e-02
8.710971870646677662e-02
8.722078895570561929e-02
8.707548494622630031e-02
8.680850554546748477e-02
8.692427673693725598e-02
8.676733859250318481e-02
8.647172884195186704e-02
8.643222222492130680e-02
8.659847506868889599e-02
8.611667018461055534e-02
8.607787739527950066e-02
8.625418233721526828e-02
8.574256852859685196e-02
8.589025841661868110e-02
8.570574812626297057e-02
8.893152259284264893e-02
8.883945162583317678e-02
8.891190297312256963e-02
8.905250742542936138e-02
8.903147810864242562e-02
8.897161379679985327e-02
8.873477234608506681e-02
8.874803298715316924e-02
8.887281853632733597e-02
8.914799051977817523e-02
8.912462050569991412e-02
8.907836046229355986e-02
8.921621104581345385e-02
8.919075123450692644e-02
8.915793049622222632e-02
8.917741579998961221e-02
8.925755169119087284e-02
8.921068687171718192e-02
8.923025042507592985e-02
8.915697332436611777e-02
8.915297994701232298e-02
8.912391208743797311e-02
8.779551330738943893e-02
8.753619003385393338e-02
8.803345298181708412e-02
8.824966320519356255e-02
8.844378732007152077e-02
8.861545962467598514e-02
8.876430803354451449e-02
8.888995615209893675e-02
8.725580626151807628e-02
8.899202524685034810e-02
8.907013624300730292e-02
8.695960432844418442e-02
8.664087579032953013e-02
8.629511698528524732e-02
8.593054263402188919e-02
8.899302835906208742e-02
8.910122715069390686e-02
8.890507394380875450e-02
8.879321166851639191e-02
8.884479571808334697e-02
8.901893994041332192e-02
8.890352877713703084e-02
8.885759730514630750e-02
8.898758872576073564e-02
8.896021475829729575e-02
8.890060296476343105e-02
8.918298442577443641e-02
8.923769097950229323e-02
8.921336428605952662e-02
8.920812036122449662e-02
8.918263445395324673e-02
8.927250981669954122e-02
8.926572408753574717e-02
8.923700864937256227e-02
8.918758966388895537e-02
8.919940334379505842e-02
8.918004197419371337e-02
8.917232150754028641e-02
8.916030499750948746e-02
8.913199286570827606e-02
8.915220310543325866e-02
8.774151688194642418e-02
8.783048518511382685e-02
8.770651400109485962e-02
8.747288854314150264e-02
8.757180753980375876e-02
8.743723400981373572e-02
8.798901244842316505e-02
8.806781719259659802e-02
8.795462068684933854e-02
8.821499465405835405e-02
8.828343650100789475e-02
8.818119424188530786e-02
8.841906651997399891e-02
8.847696448051178830e-02
8.838586280132476602e-02
8.860082313096051543e-02
8.864801393238208593e-02
8.856824292768084028e-02
8.875985198572888812e-02
8.879619126175253285e-02
8.872794363032876497e-02
8.889573576198805949e-02
8.886456881017112952e-02
8.892109878144671686e-02
8.718340719529282801e-02
8.729213877666019972e-02
8.714699889120025578e-02
8.900805344569140409e-02
8.897771903225881740e-02
8.902233628744304905e-02
8.909638315386625429e-02
8.906699350200375509e-02
8.909950359681373389e-02
8.688613675120082647e-02
8.684770853049228467e-02
8.699782984067427893e-02
8.656458790345700205e-02
8.651876972830319090e-02
8.668652141833466107e-02
8.622615909776942811e-02
8.617228758505446340e-02
8.634891119192289466e-02
8.584256365483566853e-02
8.597990085404949578e-02
8.579368631364014952e-02
8.910110865447740114e-02
8.907800348929439949e-02
8.901636192640038914e-02
8.920266279441102508e-02
8.917636510916027159e-02
8.912781236796407658e-02
8.895880337403982985e-02
8.894542253965975753e-02
8.904604073401101161e-02
8.927544533231490664e-02
8.921182834128471573e-02
8.924666892207977487e-02
8.932046936048265717e-02
8.928975807889794059e-02
8.926840671360114499e-02
8.924350605880204679e-02
8.933846940867640196e-02
8.929806387746908047e-02
8.930611289515055784e-02
8.920701431938626857e-02
8.918048030709091467e-02
8.912892310725128997e-02
8.786565930524870005e-02
8.760759287134123330e-02
8.732858510830276977e-02
8.810240205746666664e-02
8.831743844057182713e-02
8.851036735705786196e-02
8.868078061344875085e-02
8.882826270076271680e-02
8.895239479071403998e-02
8.703502881439895145e-02
8.905275529834044690e-02
8.672575473868171514e-02
8.639600419009441090e-02
8.603556323751149204e-02
8.915340228264434508e-02
8.924017103795089945e-02
8.911863078904336266e-02
8.906755747765948694e-02
8.901168564345984802e-02
8.922379604370933581e-02
8.912020468746995050e-02
8.905110854264852716e-02
8.911113629502431799e-02
8.929881331461497762e-02
8.933023182511146132e-02
8.926131461914699194e-02
8.923729521797008069e-02
8.926749864319249994e-02
8.933003479465451147e-02
8.930122808028095882e-02
8.933488848841109053e-02
8.923092501935625531e-02
8.922442768897964616e-02
8.919292609086482138e-02
8.921195897483591430e-02
8.916246379201686612e-02
8.912993832758397961e-02
8.916142452537034746e-02
8.781608218093583940e-02
8.790255964805426814e-02
8.777914540035802737e-02
8.754837786093438989e-02
8.751095954122101173e-02
8.764494861509364299e-02
8.726041273808649024e-02
8.722223714334997879e-02
8.736663811011269321e-02
8.806280542268329903e-02
8.813891767055692661e-02
8.802625856527723780e-02
8.828802114293821113e-02
8.835356487354095734e-02
8.825186538592810770e-02
8.849128948090112523e-02
8.854608060803270675e-02
8.845554777963360316e-02
8.867215890043955717e-02
8.863687945028997373e-02
8.871603289455221031e-02
8.883017437224360879e-02
8.879542483705260558e-02
8.886298559105210160e-02
8.896487394315477637e-02
8.898649735573649355e-02
8.893074544561951900e-02
8.695210685689469532e-02
8.706781478452418899e-02
8.691931984186340721e-02
8.907579202496440640e-02
8.908612444979935319e-02
8.904239783636813677e-02
8.664287175225848792e-02
8.676419537738444543e-02
8.660380130306055690e-02
8.632211684652957295e-02
8.644347604311264366e-02
8.627505275166058585e-02
8.596641678297423095e-02
8.609654119675003159e-02
8.590591512775180849e-02
8.925455041916940946e-02
8.923040046337438191e-02
8.917856107878718852e-02
8.934055242603777813e-02
8.927177529164265213e-02
8.930905359583107828e-02
8.916907728997247595e-02
8.918917383775371022e-02
8.939056231443143208e-02
8.935638235497578297e-02
8.933321414928363513e-02
8.941215552606585071e-02
8.937599283108088599e-02
8.936636160287891872e-02
8.929619529336052519e-02
8.940606224363500942e-02
8.936861114030958397e-02
8.937231739425288701e-02
8.924344695300656660e-02
8.919401155538342341e-02
8.911964535703931212e-02
8.793976945052273120e-02
8.768252566733292230e-02
8.740466974502258957e-02
8.710659445410706692e-02
8.817575595836657509e-02
8.839001165935633786e-02
8.858210246048436876e-02
8.875157125062704822e-02
8.889796069663580269e-02
8.902080729061734310e-02
8.679728776922035482e-02
8.648300256750185433e-02
8.614567338860457113e-02
8.929961949769837926e-02
8.936675687698025783e-02
8.927618890494581905e-02
8.919628499662068943e-02
8.924778924448106832e-02
8.940126070915255241e-02
8.931114815267893192e-02
8.926708824975371215e-02
8.940220106023044622e-02
8.940979502343981977e-02
8.929545821034901021e-02
8.931327726166948811e-02
8.927834683518520720e-02
8.937375392779622896e-02
8.935185280591284585e-02
8.939048252571424324e-02
8.926045543293503748e-02
8.923526213934851459e-02
8.919936331385835970e-02
8.922988418712018976e-02
8.915009024698461459e-02
8.915631271473811736e-02
8.911339587885291902e-02
8.789488041163873167e-02
8.785571701867567196e-02
8.797884132702127324e-02
8.762785379823978538e-02
8.772178326730095677e-02
8.758817605681856744e-02
8.733980263061313920e-02
8.730009579499442562e-02
8.744382412015361261e-02
8.703446142671777963e-02
8.699429110162570922e-02
8.714764166441768545e-02
8.814130421304677832e-02
8.810234642670788929e-02
8.821466610737538350e-02
8.836617247665190522e-02
8.832739736642369888e-02
8.842873918042115644e-02
8.856900075075502254e-02
8.853047010666992289e-02
8.862059910295250198e-02
8.874931076007741559e-02
8.878976797237470020e-02
8.871108482822853691e-02
8.890660494451552154e-02
8.893576839302030912e-02
8.886876896977757845e-02
8.904036869958287248e-02
8.905811264728791254e-02
8.900303572488044157e-02
8.666609348771192600e-02
8.680931614412079611e-02
8.665385532329972218e-02
8.640354034298425301e-02
8.636337684015304994e-02
8.652301703830289625e-02
8.611300818006606406e-02
8.621776694265426144e-02
8.604147285244878596e-02
8.941127457654185484e-02
8.933187307462486793e-02
8.937634567183982970e-02
8.946677998336127757e-02
8.942980419198831576e-02
8.940397263963661967e-02
8.933513439685614177e-02
8.934529808718416621e-02
8.949487990848792318e-02
8.944272909667827509e-02
8.945416568380504252e-02
8.949011050499722231e-02
8.945119466112749773e-02
8.944871312516256001e-02
8.933506756861664400e-02
8.945986652239734660e-02
8.941732979692429417e-02
8.943297398317229252e-02
8.926587498058979886e-02
8.919317514688296367e-02
8.909567944792307070e-02
8.801834033227240450e-02
8.776133158878707263e-02
8.748353412875331525e-02
8.718771186456331090e-02
8.685161016349263186e-02
8.825400331775690166e-02
8.846787384897003559e-02
8.865948836682102652e-02
8.882832484211689028e-02
8.897389238151987012e-02
8.653510714020606898e-02
8.625961499610490524e-02
8.944058053784920137e-02
8.948187084886527476e-02
8.940382139779701198e-02
8.954558756616071147e-02
8.947183747200770920e-02
8.949316084163472240e-02
8.947556417806923346e-02
8.931537068442707561e-02
8.930537528384407953e-02
8.934503110813885041e-02
8.940324061567161973e-02
8.938841012242315642e-02
8.943195042638241166e-02
8.927576599215736319e-02
8.923147452195578921e-02
8.923339999181945092e-02
8.919121606214230891e-02
8.912274706686740267e-02
8.913644893326355678e-02
8.908194799407342934e-02
8.797864002427902008e-02
8.805983502319048029e-02
8.793684535720069917e-02
8.771161026916407533e-02
8.780279832638016035e-02
8.766985914154945547e-02
8.737315290043445870e-02
8.750080536285376187e-02
8.735572296864546615e-02
8.712856084070064178e-02
8.708201119267577894e-02
8.723372526382289216e-02
8.684166053931186013e-02
8.693850374259193270e-02
8.675508427235889553e-02
8.822424651263194306e-02
8.829518739001707139e-02
8.818294935118597966e-02
8.844937224986959556e-02
8.850920342408430397e-02
8.840800506570978268e-02
8.865271879527936161e-02
8.861115081865678089e-02
8.870103233852144609e-02
8.883281272635068504e-02
8.886973239756101872e-02
8.879137602949793706e-02
8.898967701824089804e-02
8.901505065622172808e-02
8.894849000702642616e-02
8.628155089882294515e-02
8.647602513564223159e-02
8.634242606146602661e-02
8.619914474956535955e-02
8.953597681955804966e-02
8.950250225939049287e-02
8.947322632383891694e-02
8.959520953561117551e-02
8.953012752666311691e-02
8.954493509692695863e-02
8.947516207019601264e-02
8.958293776171488698e-02
8.953879673494402613e-02
8.953715981312004857e-02
8.955707273220003817e-02
8.950928651652523271e-02
8.952399831671453700e-02
8.935968338934641153e-02
8.950350888933977789e-02
8.945335526434705642e-02
8.948145403639018447e-02
8.927385848283131420e-02
8.917752961125202660e-02
8.905658953226713859e-02
8.810145835418925486e-02
8.784467971838583189e-02
8.754294541871177060e-02
8.725091995471634387e-02
8.698674228916258855e-02
8.647255113255425396e-02
8.665947705024390491e-02
8.656848797012750563e-02
8.833695434394639445e-02
8.855131036225927232e-02
8.874305091527856515e-02
8.891157402253047071e-02
8.637845305951319386e-02
8.953874663469252315e-02
8.956695566562267175e-02
8.958983746914239710e-02
8.965061967293730394e-02
8.959842332459233560e-02
8.957133440123399293e-02
8.953054315905506488e-02
8.932065909137898441e-02
8.931794085309618936e-02
8.936224205117238029e-02
8.941917111039043853e-02
8.941078701382021432e-02
8.946090293298636364e-02
8.927638199929721630e-02
8.921267059407977928e-02
8.922206525336107141e-02
8.916801689996378677e-02
8.907993958170379312e-02
8.910138302885983741e-02
8.903513357540471240e-02
8.806783747018220865e-02
8.814571362449852288e-02
8.802362321650814003e-02
8.776005509936335436e-02
8.786959526174575874e-02
8.773510544102369746e-02
8.751839621802015579e-02
8.744527654992573229e-02
8.761409413928555878e-02
8.703059997337703191e-02
8.720321767156846704e-02
8.707844637286932254e-02
8.693730424520929034e-02
8.667853655371215993e-02
8.676120456722580254e-02
8.657726370063778543e-02
8.831118363715617647e-02
8.837995846829271862e-02
8.826752167678530991e-02
8.854013372250246761e-02
8.859635267585430629e-02
8.849495299766030332e-02
8.874301443480447915e-02
8.869809694714625437e-02
8.878795983517007162e-02
8.892323836734661313e-02
8.895649122522819585e-02
8.887829434827387853e-02
8.959155058784318282e-02
8.962256690581460461e-02
8.966713555087546528e-02
8.962546756579636842e-02
8.963187691963470094e-02
8.965874195800660473e-02
8.960999010865888792e-02
8.962120543203622169e-02
8.962595353088298467e-02
8.959187026920256702e-02
8.956452618080101846e-02
8.936979595941996202e-02
8.951848591889466356e-02
8.946808113857118716e-02
8.951059902985514238e-02
8.926694153840730728e-02
8.914665644007824241e-02
8.900189814576908720e-02
8.818914684490830602e-02
8.791468406122737722e-02
8.763884826760293123e-02
8.724464368684792248e-02
8.738219785048551014e-02
8.730762159656102472e-02
8.713782903229916332e-02
8.685708008150827553e-02
8.842528336479094087e-02
8.864175180687294819e-02
8.883340572101605659e-02
8.972178468112246286e-02
8.968809394515220301e-02
8.965671523140383847e-02
8.969525042643100576e-02
8.966468631941715284e-02
8.964505623925667077e-02
8.957276496123789400e-02
8.930747754173806729e-02
8.936300926911711073e-02
8.931385918590384332e-02
8.940244535030261730e-02
8.941078703755211965e-02
8.946002397936791972e-02
8.926010495414515855e-02
8.917717065329011650e-02
8.912872209080346941e-02
8.919472420303520277e-02
8.902240136752626043e-02
8.897291496182269110e-02
8.905112508499557489e-02
8.813444944742687692e-02
8.810027759326255481e-02
8.822238009242100443e-02
8.791914152147262129e-02
8.783900751222828429e-02
8.799250780104228564e-02
8.745806164623659562e-02
8.761016320174863647e-02
8.748679980934948031e-02
8.735096231508043818e-02
8.690628761782748235e-02
8.707667239048944019e-02
8.696711138654467099e-02
8.679367384711633715e-02
8.838266239652192713e-02
8.846345592402438118e-02
8.834813864164126063e-02
8.863675380702629170e-02
8.858936929406291405e-02
8.868996015925278975e-02
8.884201870863028816e-02
8.879270376025139022e-02
8.888255512038589767e-02
8.975198914661741689e-02
8.973880060526240321e-02
8.970838218258014862e-02
8.970696699350366732e-02
8.973931627480602469e-02
8.969998312243043781e-02
8.968452774699697816e-02
8.959300266298586557e-02
8.955526976385908000e-02
8.961154418760630680e-02
8.935457622767106756e-02
8.949882983150725391e-02
8.945037756719698141e-02
8.950892728844539459e-02
8.924215712572125536e-02
8.909990740546935850e-02
8.893218405131209092e-02
8.825998535714663085e-02
8.802542078918973445e-02
8.766832022153359105e-02
8.771257731399917379e-02
8.779445793855267244e-02
8.756253682169923280e-02
8.714582939779280668e-02
8.730298003983583133e-02
8.719373968400789821e-02
8.702581387387131606e-02
8.851268908440346195e-02
8.873976977831066204e-02
8.974874811857225243e-02
8.969123165687475918e-02
8.971833422105046640e-02
8.965792184234167017e-02
8.964374745739578376e-02
8.954610630040871211e-02
8.927113363375815958e-02
8.928926455282104602e-02
8.933643208792785284e-02
8.936470375860350313e-02
8.943195623502986358e-02
8.938391362929820616e-02
8.922386062559550801e-02
8.912372200537455047e-02
8.907278144039465495e-02
8.915004006631344069e-02
8.894544915018975928e-02
8.889338954783654323e-02
8.898358148175344873e-02
8.815418780068950966e-02
8.827125614834918643e-02
8.814283233216391178e-02
8.792652231378184080e-02
8.792124932845912788e-02
8.803078594394997403e-02
8.779668607440660466e-02
8.739656870791312482e-02
8.753328820523309517e-02
8.742562794386365965e-02
8.727066504166025585e-02
8.855078984355124749e-02
8.846741517570733127e-02
8.859326503648790041e-02
8.874198478502293153e-02
8.868938131364767496e-02
8.879185340179007735e-02
8.960228767507971703e-02
8.964834998952775358e-02
8.959766008394698389e-02
8.955134721978796897e-02
8.931767539051127525e-02
8.947628759695691603e-02
8.948815301471813033e-02
8.942118705544532808e-02
8.919673495371316374e-02
8.903390427909230187e-02
8.884336543099446981e-02
8.837445223198869826e-02
8.826469444975837408e-02
8.838000843975102327e-02
8.803950569393381720e-02
8.765618763633209465e-02
8.779195364415526281e-02
8.766020649510086749e-02
8.752571285372678922e-02
8.864566426304787417e-02
8.846494467078458435e-02
8.954074959590974103e-02
8.921301509265966434e-02
8.924212801429753927e-02
8.928853982908790954e-02
8.931825603191645424e-02
8.939827461322147339e-02
8.934191047464401514e-02
8.916786410223920267e-02
8.903330817281529530e-02
8.898859597739372518e-02
8.907858351128516983e-02
8.883003330376215700e-02
8.888767116414975078e-02
8.878529061085438379e-02
8.818075558111515555e-02
8.827969074074959455e-02
8.816572367335284710e-02
8.791824058824804222e-02
8.803682654382527506e-02
8.792056873034526099e-02
8.778563775489334198e-02
8.863152317271005831e-02
8.859003999518066941e-02
8.868647676609575647e-02
8.850382057411199099e-02
8.926560292024077192e-02
8.912254144280495893e-02
8.893069341789305859e-02
8.872969516030781989e-02
8.804823087447477548e-02
8.843548375552956475e-02
8.840643375095580403e-02
8.830814352758831198e-02
8.853553768266875235e-02
8.913065125496921759e-02
8.922457001078876182e-02
8.917223499826543165e-02
8.908147291744317187e-02
8.891820031763975063e-02
8.897612335351356982e-02
8.887314337749896431e-02
8.868561942437691581e-02
8.875825205118337280e-02
8.865728315823684369e-02
8.856074073292030668e-02
8.902395969974796763e-02
8.880101166166087800e-02
