1.199115106097540107e+01
1.221246263722018810e+01
1.240714954183564345e+01
1.174748277379613626e+01
1.186811435138301718e+01
1.210109827126078130e+01
1.230975909029040771e+01
1.257072363818067018e+01
1.248971785502660481e+01
1.148016729479331133e+01
1.161584545387173684e+01
1.165242853325222327e+01
1.169999983873161931e+01
1.182086042180827867e+01
1.185978981421627765e+01
1.192544012793068831e+01
1.203567223326087898e+01
1.205128965687903175e+01
1.213170390271476151e+01
1.222915600024475680e+01
1.223228954632151755e+01
1.231956502638299256e+01
1.240209922664616471e+01
1.270154832320621097e+01
1.147539817208761903e+01
1.148230435881745493e+01
1.161146848609054594e+01
1.263725913084678609e+01
1.156403369916278123e+01
1.175536156489715012e+01
1.195507522186909455e+01
1.214150829517230079e+01
1.239330598294110786e+01
1.231275206463661931e+01
1.248200160814801762e+01
1.121192881404658337e+01
1.134722353012740825e+01
1.279231934969818951e+01
1.274967765369064132e+01
1.115889295803575187e+01
1.131841890295024555e+01
1.131967171417894846e+01
1.254761025439421473e+01
1.135197940230851543e+01
1.141382526650872542e+01
1.150221554887804842e+01
1.153497206177678436e+01
1.159376504261966012e+01
1.169694562580331620e+01
1.172537478736960104e+01
1.188825661517530818e+01
1.179264901671169596e+01
1.189645160941431712e+01
1.197382849990127696e+01
1.206410880629373494e+01
1.206736073858765224e+01
1.222999523072517292e+01
1.214965453718912158e+01
1.092484062781351817e+01
1.106946956571165330e+01
1.118675766556408924e+01
1.284548488758798257e+01
1.286256015013885623e+01
1.282454634387610426e+01
1.254835049774129097e+01
1.262476204917394718e+01
1.267081167398898955e+01
1.125643540161432554e+01
1.247020757942901525e+01
1.144339889040472791e+01
1.162975687907382394e+01
1.181068981886816793e+01
1.198134544236620158e+01
1.224927469027928595e+01
1.232147973011914921e+01
1.215761853450054986e+01
1.091388415176281868e+01
1.092346340038046293e+01
1.106086776417611972e+01
1.103533096518704681e+01
1.283788422893408843e+01
1.286031648816302564e+01
1.285516553481433810e+01
1.246861364550338180e+01
1.263167790146464853e+01
1.265984771915816154e+01
1.251081711563341159e+01
1.104185270602169133e+01
1.119700426027174522e+01
1.110028699842639632e+01
1.239765439762543053e+01
1.122669355190655693e+01
1.138075927486048755e+01
1.128931200203325247e+01
1.140382490004838978e+01
1.156436474998890773e+01
1.146944481312351805e+01
1.157425507322857605e+01
1.173506706126589272e+01
1.164980374859676360e+01
1.174424036043109965e+01
1.190541216345528319e+01
1.182042444681735027e+01
1.191621779627224598e+01
1.208255077919216447e+01
1.199209270085314039e+01
1.064724203498584743e+01
1.078741846730533283e+01
1.066025646503603141e+01
1.079481014404262851e+01
1.078783432045464252e+01
1.084270024869768001e+01
1.099972304244006871e+01
1.087876282797343563e+01
1.277874334555214730e+01
1.281208650128663251e+01
1.255289821536295136e+01
1.269990729324162793e+01
1.271087221615412055e+01
1.255869623709257787e+01
1.271263617918489075e+01
1.270168369847873180e+01
1.251324600312803526e+01
1.235882550553031578e+01
1.094172453613107621e+01
1.113419367875860821e+01
1.131508152490011199e+01
1.148877561970069650e+01
1.165893565964819523e+01
1.183000547567405292e+01
1.207464527296596302e+01
1.216193179532208113e+01
1.199530070068597709e+01
1.036620147171697681e+01
1.009246040510501885e+01
1.050594847914480034e+01
1.065708081562045351e+01
1.063749696685328772e+01
1.077436375043690120e+01
1.065177505146853321e+01
1.073939356954363866e+01
1.248406430476658358e+01
1.266324205891433330e+01
1.263285054138118646e+01
1.256069880540182915e+01
1.252725716285602786e+01
1.221455700779371156e+01
1.238451807716460351e+01
1.234168514798414940e+01
1.227161504675852655e+01
1.075818517697700116e+01
1.080055538701159179e+01
1.089947230316084514e+01
1.094000635174221259e+01
1.108332914710001127e+01
1.099103664838863637e+01
1.110436320897986029e+01
1.125383941346785477e+01
1.116553641543379172e+01
1.127114763064997049e+01
1.142247896634865789e+01
1.133759214848126007e+01
1.143009953205773677e+01
1.150228744414896553e+01
1.158692754108266598e+01
1.158710851309392353e+01
1.175156862723868478e+01
1.166582824855458966e+01
1.173553876800434992e+01
1.190496762710209211e+01
1.182602224751257936e+01
1.022936310048755004e+01
9.827543854272953183e+00
9.962144472881952595e+00
1.042967663234127329e+01
1.039936222446812764e+01
1.053614503069632136e+01
1.054597136019859427e+01
1.043143991173394269e+01
1.053440093923968846e+01
1.054698196664286236e+01
1.057312344530382120e+01
1.070715304161645420e+01
1.060553362253404330e+01
1.267316365787743493e+01
1.273038498674574015e+01
1.241454930513564747e+01
1.245350255518443561e+01
1.259418816536551944e+01
1.230799037092693382e+01
1.243405062285847862e+01
1.243030115910298861e+01
1.218566210192182986e+01
1.233769122130234130e+01
1.237380847661209060e+01
1.214485703341341782e+01
1.226136751834052774e+01
1.066514125826827453e+01
1.084872825330180035e+01
1.102206902436660307e+01
1.118755083144937323e+01
1.135047532340291454e+01
1.150851755902774620e+01
1.166140070702100573e+01
1.187707576883438776e+01
1.197570779880782155e+01
1.180631268239090481e+01
1.018144985796199009e+01
1.013920870565073429e+01
1.027188667380395515e+01
9.942272158577541319e+00
9.888464610216246342e+00
1.001541869162130993e+01
1.030547017912079255e+01
1.043218735613418247e+01
1.038693893896034304e+01
1.051144836682792949e+01
1.041029235711520684e+01
1.047954856888528496e+01
1.253750094178634100e+01
1.261200745295175807e+01
1.254551448817788817e+01
1.220043755039187516e+01
1.234240947936338806e+01
1.230596247911316610e+01
1.224932311570860399e+01
1.219486024786405665e+01
1.204576705396764780e+01
1.201152428764879332e+01
1.215926313880931176e+01
1.211336093318071860e+01
1.050253791757825184e+01
1.062985980078551407e+01
1.053797412281809898e+01
1.067041778492678361e+01
1.080484246754936350e+01
1.071444475780198324e+01
1.083113259066526091e+01
1.096746076088151867e+01
1.088567909856713456e+01
1.098781224034506820e+01
1.112925073297092737e+01
1.104622845159525113e+01
1.113894623268611639e+01
1.128435918937601024e+01
1.120520325076085655e+01
1.128423061238115110e+01
1.143558411460782942e+01
1.135733885990251224e+01
1.142331945573284457e+01
1.150539846014528322e+01
1.157943863657846606e+01
1.155604128249867912e+01
1.171647259134961949e+01
1.164599807134030307e+01
1.006206072093362280e+01
9.709254315818171222e+00
9.826984960804274749e+00
9.769266743558116417e+00
9.581799424931478626e+00
9.708187545650943662e+00
1.026248588120150629e+01
1.022392800563281945e+01
1.034566333995136844e+01
1.034779788193460703e+01
1.020069111257109284e+01
1.031573121593805809e+01
1.029305696374088264e+01
1.033131442350589779e+01
1.045169558185261849e+01
1.035928005355163251e+01
1.237427626765940936e+01
1.245963834668757997e+01
1.231319050461321751e+01
1.249555816727760060e+01
1.242925975961243168e+01
1.236784341052113412e+01
1.204225805417260631e+01
1.222708746315542605e+01
1.212348751981492789e+01
1.209931551371273883e+01
1.190743909528082867e+01
1.205390492886953346e+01
1.204669480253316571e+01
1.194436365337500305e+01
1.041659953383967974e+01
1.058619833292128831e+01
1.075061760288998158e+01
1.090932451132353975e+01
1.106331297412551606e+01
1.121159943932016567e+01
1.135388949451800222e+01
1.148989059048432892e+01
1.168250383204755494e+01
1.177961280472491623e+01
1.161935823226226105e+01
1.002366327755104081e+01
1.010086546302781940e+01
9.985174159407005590e+00
9.649458178801227248e+00
9.828704827383859310e+00
9.771220590575140363e+00
9.884553114673424901e+00
1.014396703652516862e+01
1.023138415019078273e+01
1.015656687107944123e+01
1.017858764673207261e+01
1.027120079926962859e+01
1.024356491425340465e+01
1.217262937408802870e+01
1.218157941752701134e+01
1.236126431546421856e+01
1.227792791207373568e+01
1.227638915712011070e+01
1.225277410616107332e+01
1.218068477755617351e+01
1.197591403384681996e+01
1.180105960582703162e+01
1.199370267773288390e+01
1.190655182786283639e+01
1.185490458854365237e+01
1.184695542800545454e+01
1.027515089522536940e+01
1.038843854293392255e+01
1.030342510450615201e+01
1.043163273960146142e+01
1.055067111826282300e+01
1.046727131264586852e+01
1.058359011961917595e+01
1.062718698889070268e+01
1.070709476593516740e+01
1.073014628588254027e+01
1.078082443954931335e+01
1.085876123078804234e+01
1.087153760764902799e+01
1.100509489440233679e+01
1.092986768355318361e+01
1.100728074399712142e+01
1.114567907560969751e+01
1.107331781178603869e+01
1.113709159747887867e+01
1.128020831470037244e+01
1.121088118338098738e+01
1.126070075425220551e+01
1.140845023340423126e+01
1.134225011133649019e+01
1.137786181210847758e+01
1.153010974863755678e+01
1.146721592511620003e+01
9.355727410497653551e+00
9.925773966324126008e+00
9.497047764147751536e+00
9.540347128854062220e+00
9.606276992653327795e+00
9.639379954965278330e+00
9.735461933139060164e+00
9.674615171971158389e+00
9.471209991498396263e+00
1.011233114419812118e+01
9.976913488911662853e+00
1.006680379918224766e+01
1.008900282156821504e+01
1.011429492618055193e+01
1.022235175633631066e+01
1.013562232902489413e+01
1.195376490852366125e+01
1.206604928771041330e+01
1.200124072077925952e+01
1.209383720641396565e+01
1.218554978198358185e+01
1.208776193075081551e+01
1.203501890945699060e+01
1.217441765862461445e+01
1.210873618994754075e+01
1.204062116047755282e+01
1.168552222605415736e+01
1.186443926544152916e+01
1.179686243764602871e+01
1.174199646151197385e+01
1.159193092880439835e+01
1.175007562333559719e+01
1.169683955180415680e+01
1.019449980314540838e+01
1.035320844468885682e+01
1.050747958145268157e+01
1.065679931780268497e+01
1.080083583978094453e+01
1.093947903963294266e+01
1.107233961502913289e+01
1.119914061149576767e+01
1.131962312067514986e+01
1.148834228488727405e+01
1.158545575644855496e+01
1.143354870238947996e+01
9.148258239841023709e+00
9.253890363743424885e+00
9.796813525585649884e+00
9.909734835344174542e+00
9.812728971967118241e+00
9.429642509937094630e+00
9.571152479358410403e+00
9.718891287644961352e+00
1.000072761939916433e+01
9.949429818296440686e+00
1.005252710574385766e+01
9.963778667388236698e+00
1.003160718358680192e+01
1.182582235878268406e+01
1.200136429644869551e+01
1.189140986461144855e+01
1.170994615267128047e+01
1.183271434886864171e+01
1.185558473580844208e+01
1.201924286120890883e+01
1.192758407622443784e+01
1.191648978523277336e+01
1.194630190762426025e+01
1.176076590250853648e+01
1.189799937944092001e+01
1.190172185977750985e+01
1.172399349999910889e+01
1.163943683746776614e+01
1.164494262944344705e+01
1.154069793597794735e+01
1.007242859443090843e+01
1.017343041187045571e+01
1.009360541638078068e+01
1.021891361068290394e+01
1.032496284740605930e+01
1.024726655908648709e+01
1.036083668181326090e+01
1.039646454208569182e+01
1.047195930706073241e+01
1.049781198340085808e+01
1.061378322135415786e+01
1.054092901491232048e+01
1.062962618955127425e+01
1.075044762429349809e+01
1.068011907077499423e+01
1.075597026412992996e+01
1.088155694162479037e+01
1.081399523543606378e+01
1.087657650803485865e+01
1.094218280843284319e+01
1.100683411615440477e+01
1.099119160883654445e+01
1.106441295938203240e+01
1.112601759678487667e+01
1.109957917661674287e+01
1.118043268008873525e+01
1.123886525034037120e+01
1.120152009670075977e+01
1.134515132485325495e+01
1.129000919398380276e+01
9.301039929334839584e+00
9.227119592103004919e+00
9.327551206081547974e+00
9.886969550649114424e+00
9.401091127100299261e+00
9.423921929516655638e+00
9.531953503569521757e+00
9.460241757455772671e+00
9.607162781949369901e+00
9.701675163388376433e+00
9.623283896542316640e+00
9.780645515583074712e+00
9.864771240804998342e+00
9.878771978891556671e+00
9.921669653670495137e+00
1.001757910624462156e+01
9.935807103057673118e+00
1.162756706687482477e+01
1.178971767276815896e+01
1.172960409571497742e+01
1.166878591650739061e+01
1.163027119500092965e+01
1.181519665388159979e+01
1.174572033481318201e+01
1.173141426887783823e+01
1.180848297037042904e+01
1.146607314677891054e+01
1.161390216902242400e+01
1.157624151494516873e+01
1.138473128278736368e+01
1.148870916880378346e+01
1.153550069233423869e+01
1.129681221206727137e+01
1.144467470592425329e+01
1.139292669802266822e+01
9.996933762082534258e+00
1.014558508630855016e+01
1.028982731274149742e+01
1.042932687029947303e+01
1.056377683101495712e+01
1.069292138664683556e+01
1.081646995262918765e+01
1.093416183975940115e+01
1.104575135678502740e+01
1.115101057321720290e+01
1.124972927069691586e+01
8.965705472656527064e+00
9.058732420812795283e+00
9.120288130988887687e+00
9.134719695489749824e+00
9.211513408923165613e+00
9.788904484004151030e+00
9.364652243078868565e+00
9.515887533939984877e+00
9.693646790568159588e+00
9.766958427889020911e+00
9.857752053570639106e+00
9.774080030851038714e+00
9.844180374230958819e+00
1.156908769961022543e+01
1.169808668587772260e+01
1.159850201598148978e+01
1.144985103299820395e+01
1.158078598601104403e+01
1.141459262085513515e+01
1.152193182760277423e+01
1.156230924473448241e+01
1.153688978074702298e+01
1.158549203188001897e+01
1.169636683324766224e+01
1.160253259809005755e+01
1.164931018650902139e+01
1.150231740005452785e+01
1.142616847340323183e+01
1.134144501412610495e+01
9.894025994257233947e+00
9.982917126424434073e+00
9.908141908832250877e+00
1.003077062660896956e+01
1.005188115403202431e+01
1.012457347744602032e+01
1.016301558157870311e+01
1.026170334309843923e+01
1.019123820962250093e+01
1.029047822330112538e+01
1.039397338876371180e+01
1.032592753594355095e+01
1.041288482283786010e+01
1.052113785677718738e+01
1.045561967385076230e+01
1.052997291369372945e+01
1.064291200800607484e+01
1.058007638225200431e+01
1.064149216308527990e+01
1.069901798755418554e+01
1.075903614923353757e+01
1.074720541506717453e+01
1.086926474505583684e+01
1.081219201202709002e+01
1.084689003183733469e+01
1.097336778558049630e+01
1.091936037745815646e+01
1.094033908344833961e+01
1.107113197849251307e+01
1.102030130239876016e+01
1.102736196225762555e+01
1.116236157521356098e+01
1.111481002315807842e+01
9.044932368365325104e+00
9.247769701323374392e+00
9.185194068507096077e+00
9.273244496860048258e+00
9.334821385815919470e+00
9.446985119902565842e+00
9.526527982528591565e+00
9.435934983660708042e+00
9.608302741376476774e+00
9.608040943956012825e+00
9.693988477492542444e+00
9.687492905019080780e+00
9.753071682608437598e+00
9.837024628219005251e+00
9.760326099135639311e+00
1.136319179280812541e+01
1.149532270951223012e+01
1.146670010526301020e+01
1.143307223357982849e+01
1.138938952913546920e+01
1.130789753381422891e+01
1.147013610973980846e+01
1.142293138017279475e+01
1.133699770320352407e+01
1.145384870134150290e+01
1.148404048550034418e+01
1.124823500111855701e+01
1.139306532256002669e+01
1.135762480457834300e+01
1.118131006175106634e+01
1.128345263905609563e+01
1.132410549184383974e+01
1.110770315833158861e+01
1.120265607631240456e+01
1.124656376604612973e+01
9.823543161605154950e+00
9.962410521972678623e+00
1.009693290294530144e+01
1.022682382263946010e+01
1.035180452686157082e+01
1.047160670688275808e+01
1.058597358113145503e+01
1.069466105548965906e+01
1.079743878357567510e+01
1.089409150476348742e+01
1.098442009034513234e+01
1.106820095694694572e+01
8.971552087401551745e+00
9.047120625135526950e+00
8.969079827673748895e+00
8.808583315211663489e+00
8.888168804814409185e+00
9.121240851633380942e+00
9.184479010019884981e+00
9.120917614857468436e+00
9.281754255223120254e+00
9.351977182764255048e+00
9.265351773673234703e+00
9.364178340967956871e+00
9.527514407681842101e+00
9.608204607195123259e+00
9.687200723337767272e+00
9.608590717360955935e+00
9.680624747161157728e+00
1.117964388451722968e+01
1.090257080888120456e+01
1.135103350232750152e+01
1.131504615150344151e+01
1.115010011221332675e+01
1.130023902983518624e+01
1.128317420237289070e+01
1.113118051328941149e+01
1.127320245555630152e+01
1.124793337707836116e+01
1.127909236218299327e+01
1.132393542669475295e+01
1.121564744031781302e+01
1.114527519598524918e+01
9.739623424575047039e+00
9.816567243323037317e+00
9.746689841204622340e+00
9.866886784919650211e+00
9.880783391692933293e+00
9.948604223095632193e+00
9.989710540206584000e+00
1.007617640100609968e+01
1.001055677091703622e+01
1.010783508731804048e+01
1.019901234410692581e+01
1.013573521104451736e+01
1.022100849472709072e+01
1.031684887110011672e+01
1.025605141405147869e+01
1.032898825058714642e+01
1.042943319003808966e+01
1.037124724027547273e+01
1.043154255046979095e+01
1.053652397366519367e+01
1.048107548278089851e+01
1.052845140378426692e+01
1.063789234407180473e+01
1.058530093248646864e+01
1.061950767596080247e+01
1.073332308291406534e+01
1.068370136767659950e+01
1.070451810722311414e+01
1.082261576116453128e+01
1.077606873813794763e+01
1.078330412758494816e+01
1.090558550170520391e+01
1.086221017974339276e+01
1.085570247437632219e+01
1.098202272336652285e+01
1.094194865337087386e+01
8.891301954981779332e+00
9.047405344440004882e+00
9.201503491239472865e+00
8.677861692486018796e+00
8.744030318115044054e+00
9.307931099698599553e+00
9.377025294179148318e+00
9.295248822848662940e+00
9.459718081251423882e+00
9.533598798243808403e+00
9.453718324879705648e+00
9.533950278642313592e+00
9.608186248577272437e+00
9.680343445854845186e+00
9.608557547893536110e+00
1.104043232145673237e+01
1.062038512471765550e+01
1.076146718377789036e+01
1.110662832353941454e+01
1.123545040717778498e+01
1.122250853962588302e+01
1.116553843319777606e+01
1.114183500094574164e+01
1.112005094477452616e+01
1.103316589822458660e+01
1.117107283311470489e+01
1.114122173392375359e+01
1.107869325676125349e+01
1.120865164845899997e+01
1.119386825963787935e+01
1.098075980240625427e+01
1.111495624745185751e+01
1.108151853989371460e+01
1.092156536156636193e+01
1.105182606517609933e+01
1.101508250143580980e+01
9.674009260400140420e+00
9.803366350068845492e+00
9.928426465531131839e+00
1.004892668896497021e+01
1.016461102733847888e+01
1.027523189115398949e+01
1.038055181116353687e+01
1.048034457252358820e+01
1.057439625923394999e+01
1.066250627454993705e+01
1.074448829178830422e+01
1.082017096255375321e+01
1.088939814937539197e+01
8.856578735527794066e+00
8.833485917219109140e+00
8.915626744195130016e+00
8.996698041659566769e+00
9.058951848511787475e+00
8.984334490044044941e+00
9.153912966304739385e+00
9.217453436063063776e+00
9.137931339599694169e+00
8.769211354724022911e+00
9.383828754063396005e+00
9.230914902054403015e+00
9.472845331572056438e+00
9.540216278088145430e+00
9.466668244651692987e+00
9.540623469842170579e+00
1.090437541596507032e+01
1.104149067768658199e+01
1.090361942574686793e+01
1.065590878474596437e+01
1.077856607043642256e+01
1.063987932931225622e+01
1.109396965876934971e+01
1.102744775944602651e+01
1.088946418292965568e+01
1.101104081434427684e+01
1.102030528383753882e+01
1.087910751095538231e+01
1.100580829282753115e+01
1.099359966050010229e+01
1.105701934745231441e+01
1.100794020180516597e+01
1.095202976060965838e+01
9.608933332351151435e+00
9.674076309366505200e+00
9.608948277108877889e+00
9.726974650780070064e+00
9.796753376926000456e+00
9.733669490769045751e+00
9.840608690472459230e+00
9.915011865135275215e+00
9.854104588959089028e+00
9.949599095123659254e+00
1.002860355746363297e+01
9.970002519918992334e+00
1.005371609313193026e+01
1.013728735735973885e+01
1.008111860705520257e+01
1.015273795039225924e+01
1.024083084856823866e+01
1.018721600394508364e+01
1.024645230744145152e+01
1.028806723911254295e+01
1.033901169259211983e+01
1.033465729983915438e+01
1.038345543143421423e+01
1.043161870270602165e+01
1.041716253438365314e+01
1.051845284070795472e+01
1.047317532916656546e+01
1.049378997037078065e+01
1.055703426580143756e+01
1.059932817111708481e+01
1.056437467125378760e+01
1.063485304641632823e+01
1.067407266210694416e+01
1.062876537592549653e+01
1.074252878614601414e+01
1.070646664205189502e+01
1.068682480625489006e+01
1.080455370728263098e+01
1.077172466634091208e+01
8.575136916466945536e+00
8.626755046938967553e+00
8.928396327947721645e+00
9.075521610710076459e+00
8.732771968057202017e+00
8.796497291542296537e+00
8.705839394652276297e+00
9.333872354032184404e+00
9.396471470370862278e+00
9.321316439473299909e+00
9.191535130676692589e+00
9.249392938296676192e+00
9.173161448990239109e+00
9.403479721460692886e+00
9.486726047454347110e+00
9.480196590685597613e+00
9.547234505406969163e+00
1.034260686112395966e+01
1.048296545974103822e+01
1.077968463620844375e+01
1.040793936394500108e+01
1.053266594760561681e+01
1.051661895886826770e+01
1.085348978117639085e+01
1.098071212403512220e+01
1.096671549400717005e+01
1.089760418271371556e+01
1.088556181487772712e+01
1.086753757960639533e+01
1.082185645807649443e+01
1.095083619320548607e+01
1.092808087866930578e+01
1.078347096528056959e+01
1.088264614327994906e+01
1.090881101710996504e+01
1.073842981775133154e+01
1.083049155405802111e+01
1.086001939416018658e+01
9.668164619237527901e+00
9.548044393928012852e+00
9.784007983330608837e+00
9.895335449596860400e+00
1.000191374161256874e+01
1.010351685895458118e+01
1.019992747774164599e+01
1.029093820165852513e+01
1.037635260171566998e+01
1.045598613323265269e+01
1.052966695872216363e+01
1.059723662114065590e+01
1.065855051916005181e+01
1.071347811433832220e+01
8.655240738731926342e+00
8.879245515263109567e+00
8.938013084993375656e+00
8.867830704057331204e+00
9.046103526739470269e+00
9.099700546821440028e+00
9.021862259426754349e+00
8.808267125705587119e+00
9.262846581634324394e+00
9.119003826693717230e+00
9.360597100462141995e+00
9.347672256266166713e+00
9.416485313370884569e+00
9.423890220926026018e+00
1.037955164213589221e+01
1.064971482610201647e+01
1.065294785280932643e+01
1.077646902792349692e+01
1.041316932914207527e+01
1.041279026537644192e+01
1.053391181807156940e+01
1.083885456491164234e+01
1.076977841116669943e+01
1.064399776050186475e+01
1.076740828203643296e+01
1.076240019351863708e+01
1.063261662850463551e+01
1.075647253379395885e+01
1.074373791839767023e+01
1.080372249907921223e+01
1.076190298258180889e+01
9.610778156878632572e+00
9.668748824856299606e+00
9.610267554560085301e+00
9.501701013827782205e+00
9.555173032187637361e+00
9.494646038792410536e+00
9.715453522176275669e+00
9.777925000831514168e+00
9.721609556307662103e+00
9.815514101995910679e+00
9.882476665126453952e+00
9.828444930673416735e+00
9.910752481680084713e+00
9.982185010362911726e+00
9.930551813785410076e+00
1.000096822844750122e+01
1.007683872618422072e+01
1.002771510644220143e+01
1.008596913657666505e+01
1.011972782233061352e+01
1.016623529711121954e+01
1.016557232135550493e+01
1.025018211806406043e+01
1.020639230632544425e+01
1.023960516025748113e+01
1.032849744693001703e+01
1.028752126803659372e+01
1.030790610315008315e+01
1.036293867372381072e+01
1.040101124717708814e+01
1.037032535576673453e+01
1.046756591135157421e+01
1.043248052796502634e+01
1.042672541492066784e+01
1.052801682303951125e+01
1.049599551880062975e+01
1.047698142312784242e+01
1.058223270204544697e+01
1.055334548636131231e+01
1.052098134059261803e+01
1.063009575328267964e+01
1.060440566920101446e+01
8.499942614835918064e+00
8.537867410546105873e+00
8.642502526218205361e+00
8.609676246580216130e+00
8.688939606844790831e+00
8.963255238307670680e+00
8.756995145295288552e+00
8.745009616628440341e+00
8.817463328760359431e+00
9.230791639879516453e+00
9.211631656873491281e+00
9.282087307355956440e+00
9.097554163839580710e+00
9.144298438319102829e+00
9.072329638892606241e+00
9.295946931703502614e+00
9.388439147079536085e+00
9.374975609547517408e+00
9.437426981319001484e+00
1.007240837562420133e+01
1.020911756032205631e+01
1.015168929471159842e+01
1.025036144924836634e+01
1.028130907073152045e+01
1.053091287747657034e+01
1.022025487252756193e+01
1.031670000974548529e+01
1.031617004371987179e+01
1.061451788335733504e+01
1.073458634412559931e+01
1.071880431371037723e+01
1.064763398780065451e+01
1.063973191304936705e+01
1.062482372558056909e+01
1.058982941305524861e+01
1.070636021491303680e+01
1.068722505766289466e+01
1.055862598273492381e+01
1.067150146275800182e+01
1.064906480405757705e+01
9.663420743290958015e+00
9.556549496915820896e+00
9.445394649729571768e+00
9.765793250654176916e+00
9.863456649104110241e+00
9.956206825628459711e+00
1.004384724323942990e+01
1.012619011848770789e+01
1.020305744311526297e+01
1.027428185721318243e+01
1.033970739577167564e+01
1.039919010429905377e+01
1.045259849688303078e+01
1.049981382930637253e+01
1.054073020961100404e+01
8.572239001012338377e+00
8.701078123269057940e+00
8.961185892858859248e+00
9.003319812748861395e+00
8.920930525355567298e+00
8.821341819295909659e+00
8.849815462288498580e+00
8.789899647432964258e+00
9.164454262169785537e+00
9.029722125946948452e+00
9.271212033573714706e+00
9.315742684436379761e+00
9.251488475086727448e+00
9.330174463304611976e+00
1.011717094588725807e+01
1.019006778243091205e+01
1.041361464985004837e+01
1.041335855201639582e+01
1.053087927809927393e+01
1.019184202307432230e+01
1.020640225851499139e+01
1.030186655123547723e+01
1.060330754702934541e+01
1.052882232290799891e+01
1.041627360264918956e+01
1.053082057704407859e+01
1.052516006467863185e+01
1.041135988409319069e+01
1.052259025059346698e+01
1.051359875864260651e+01
1.057525463981236591e+01
9.614019694930819426e+00
9.664674587647757775e+00
9.612830862947282284e+00
9.518074102731448605e+00
9.564350617654895359e+00
9.510338515161752326e+00
9.417706612826382440e+00
9.459619678336672166e+00
9.403547138761210178e+00
9.705353507011345471e+00
9.760389996564224901e+00
9.710820777323270647e+00
9.791890524611890356e+00
9.851300458117748349e+00
9.804109286082425712e+00
9.873451875964287083e+00
9.937216136182824400e+00
9.892503263817040704e+00
9.949865993075810877e+00
1.001795495086977539e+01
9.975816709438309005e+00
1.002096964233085963e+01
1.009334364561398800e+01
1.005387188555394040e+01
1.008660881814512322e+01
1.016321870601426802e+01
1.012650031391532934e+01
1.014663950160475991e+01
1.019354362618614473e+01
1.022742714341114834e+01
1.020092828825526254e+01
1.025485428300443758e+01
1.028582715196043651e+01
1.024935288010021672e+01
1.033828862664296722e+01
1.031029616257749382e+01
1.029180242932531897e+01
1.038469351841796318e+01
1.035974500272130605e+01
1.032817772939355905e+01
1.042493601613981546e+01
1.040308867732987963e+01
1.035839127926808345e+01
1.045892258758933480e+01
1.044022731632491130e+01
8.455465498097522570e+00
8.477814841877174601e+00
8.575418667793069716e+00
8.608341611797010628e+00
8.538001408571910034e+00
8.702161654886817033e+00
8.729593799491190964e+00
8.672668376108301658e+00
8.891563206788744012e+00
8.762096909093317620e+00
9.150240733477499333e+00
9.124417459615541404e+00
9.190352694343854267e+00
9.025749264365567015e+00
8.994027922392758612e+00
9.061492579815222825e+00
9.211109204591815924e+00
9.313110651824777264e+00
9.350687101654035160e+00
9.292663100322286596e+00
9.813589754449621338e+00
9.944735462977174478e+00
9.910305790972692819e+00
1.003259177437119476e+01
9.994534666160147296e+00
9.998570446105041754e+00
1.007845615170269227e+01
1.011107987553497978e+01
1.030216339944415438e+01
1.009744312656607690e+01
1.040004164454907531e+01
1.050781567955978879e+01
1.049555151902785255e+01
1.041563102397459950e+01
1.041512875366921698e+01
1.040689825827345061e+01
1.038236730374352845e+01
1.048657212849404807e+01
1.047107332235686350e+01
9.660073758287470724e+00
9.566440066380973661e+00
9.468298989481247929e+00
9.365842206275988957e+00
9.749012529295471907e+00
9.833074305490207223e+00
9.912083704894129710e+00
9.985873139704050772e+00
1.005428378314968896e+01
1.011716639752168945e+01
1.017438202826574312e+01
1.022580256678185329e+01
1.027131117448994146e+01
1.031080255691523462e+01
1.034418309058619911e+01
1.037137083870696053e+01
8.516265215717819359e+00
8.639427116637438786e+00
8.898304525287066724e+00
8.929584442955242451e+00
8.860458924091915378e+00
8.768735275278782382e+00
8.795201040019058780e+00
8.736031038623259803e+00
9.088420928159148815e+00
8.962519695735645442e+00
9.204482032703339200e+00
9.177894774957682245e+00
9.237760525275707124e+00
9.259264300189332886e+00
9.866949412357696403e+00
9.959093491667719178e+00
1.020598737461808447e+01
1.019895517208328783e+01
1.030909766392600702e+01
9.999166187954230622e+00
1.000030500039377479e+01
1.009478804805412366e+01
1.039229552424656333e+01
1.031118565658695019e+01
1.021255436348615930e+01
1.031502426967260710e+01
1.031265482316153559e+01
1.021428330554616437e+01
1.031336858238069532e+01
1.030781640457174575e+01
9.618921875542891797e+00
9.616919580622983688e+00
9.662132283865402016e+00
9.536114510867630401e+00
9.527560469687077926e+00
9.575051323984610008e+00
9.448673523774861138e+00
9.483352353932588130e+00
9.433677884502063904e+00
9.356766124137539720e+00
9.387214011882477394e+00
9.335452075150300288e+00
9.696932819328724307e+00
9.701578928054239270e+00
9.744421204408574511e+00
9.769990084017623033e+00
9.781367407682758142e+00
9.821749879419748197e+00
9.837943004274350756e+00
9.893957038722803077e+00
9.856120264426134980e+00
9.900648462663207638e+00
9.960889345666799954e+00
9.925680152182554394e+00
9.957971721730732639e+00
1.002240226248562749e+01
9.989898066286599487e+00
1.000978712922791658e+01
1.004863414395575560e+01
1.007836078357624032e+01
1.005597869460211058e+01
1.010175833251313726e+01
1.012864003848763161e+01
1.009644053623454596e+01
1.017312576371691790e+01
1.014915092761402526e+01
1.013107719452832534e+01
1.021171463410281888e+01
1.019070297711845541e+01
1.015980380961666008e+01
1.024431444853056661e+01
1.022631654356738906e+01
1.018254617306721954e+01
1.025590482637757361e+01
1.027084418449282133e+01
1.019924067727060724e+01
1.027939216510047693e+01
1.029123397510970328e+01
8.440435593447851659e+00
8.447703228398813380e+00
8.570471868047041752e+00
8.572304324946509624e+00
8.513570162870596647e+00
8.662767085057126337e+00
8.620401806152562685e+00
8.683398999561941167e+00
8.834170027301681216e+00
8.717433909902872813e+00
9.092026400433395494e+00
9.059457430317205962e+00
9.121053778734122375e+00
8.975963140335526447e+00
8.937740022771698989e+00
9.000793173432844796e+00
9.148766572196437963e+00
9.260562804850319907e+00
9.286818317798591238e+00
9.233066123888640675e+00
9.569540948496777943e+00
9.693385735993608421e+00
9.681465933577015903e+00
9.797341575013295056e+00
9.750553226502310267e+00
9.756936494541703198e+00
9.835644969242670399e+00
9.878526314135211095e+00
1.010198155396279063e+01
9.795791196923568478e+00
9.898152065651377285e+00
9.897674050393499456e+00
1.020983414423949753e+01
1.029671396289434426e+01
1.030542500678184936e+01
1.020994633682953534e+01
1.021466859128010540e+01
1.021320321548454757e+01
9.658384642550533528e+00
9.577982559344750513e+00
9.492874753499926044e+00
9.403226262645819844e+00
9.309205945395770954e+00
9.733920900556388034e+00
9.804437263479982789e+00
9.869786704016551226e+00
9.929830135872791175e+00
9.984437185724004848e+00
1.003348683594215274e+01
1.007686793855060259e+01
1.011447959868921131e+01
1.014623142356485452e+01
1.017204363760149377e+01
1.019184707617217356e+01
1.020558307640677320e+01
8.506252977305965857e+00
8.618418577531794966e+00
8.856349903253388334e+00
8.877288109842247366e+00
8.813174179120089491e+00
8.716071422207541275e+00
8.742723799395177409e+00
8.689542404809444065e+00
9.034562241771064706e+00
8.916795749606357901e+00
9.160236125876675572e+00
9.182349657358683359e+00
9.126708910884163473e+00
9.210985368421866326e+00
9.630554533964584607e+00
9.722765878086404356e+00
9.778421425189446126e+00
1.001947793617265781e+01
1.000941934936810007e+01
1.011208889455041771e+01
9.829746097161713436e+00
9.813641238188560934e+00
9.913819962534091701e+00
1.011613031298063348e+01
1.003269670612842290e+01
1.012317561275620648e+01
1.012417866332361527e+01
1.004117315445598813e+01
1.012615022328662917e+01
1.012822103664139206e+01
9.625713094098795608e+00
9.622779807467058077e+00
9.661365199215747879e+00
9.556056175649878526e+00
9.546563399832571406e+00
9.587524054217279712e+00
9.481579006017756939e+00
9.465624344182153038e+00
9.508879117897340194e+00
9.402422515591251084e+00
9.380116653835226970e+00
9.425582338879131328e+00
9.318731745458681104e+00
9.337789912639658851e+00
9.290198028443956701e+00
9.690413971928595771e+00
9.694124315689105487e+00
9.730255928019202472e+00
9.750029109163056873e+00
9.794055943040737233e+00
9.760453471276704818e+00
9.804435766963326415e+00
9.852632191884516999e+00
9.821630581848605601e+00
9.853518927446046405e+00
9.905859665116652835e+00
9.877526573952197353e+00
9.897171939989863887e+00
9.953622074946348874e+00
9.928020732954019323e+00
9.935297044543361267e+00
9.995812405699275871e+00
9.973001317979681701e+00
9.967805771311116558e+00
1.003233333897555468e+01
1.001236605078631214e+01
9.994619214006544183e+00
1.006309754830631320e+01
1.004602247674165483e+01
1.001566817632059525e+01
1.008802786260323003e+01
1.007388819579664307e+01
1.003089319520578471e+01
1.010705730330631980e+01
1.009589096367498229e+01
1.004024444746115208e+01
1.011196867074732353e+01
1.012012901107867435e+01
1.004368153849754108e+01
1.012719605955489932e+01
1.012206921046248986e+01
8.455660106472237203e+00
8.447042316254327332e+00
8.525403876210965848e+00
8.483214926389589294e+00
8.547731802695190950e+00
8.645358140074948849e+00
8.787210697027960649e+00
9.055958746010205118e+00
9.073997941811223100e+00
9.016575595017592093e+00
8.947901918336867766e+00
8.961958160188316924e+00
8.902780844263553206e+00
9.108737215039582225e+00
9.230654756110610037e+00
9.196028696114428413e+00
9.245661196191232278e+00
9.343832209574959080e+00
9.458527125462778073e+00
9.475084744805833736e+00
9.526091562824094083e+00
9.579977456430103899e+00
9.584326207890917715e+00
9.671431019096436543e+00
9.634895033832361122e+00
9.605047155019017069e+00
9.681303546510743985e+00
9.701001809922457753e+00
9.924145537782180782e+00
9.643558694717654589e+00
9.736785101560684552e+00
9.720148795759040894e+00
1.002675934210591357e+01
1.003812196862673112e+01
1.004351618007251545e+01
9.658578767079919913e+00
9.591408043997432742e+00
9.519358345810005062e+00
9.442568062863859524e+00
9.361180187284636744e+00
9.275341264390666751e+00
9.720737710723645009e+00
9.777758568239544701e+00
9.829522350416066701e+00
9.875918090689516760e+00
9.916843432899973720e+00
9.952205094325359269e+00
9.981919204444618998e+00
1.000591151708774618e+01
1.002411749674012142e+01
1.003648228314885671e+01
1.004296053981213710e+01
8.491106782807424480e+00
8.619522119063653065e+00
8.594196408291074007e+00
8.573713357223176956e+00
8.667833246746855735e+00
8.836277894864808857e+00
8.846300457324250743e+00
8.777031800394656358e+00
9.002629557858655929e+00
8.892878371854354924e+00
9.138341329417524861e+00
9.149357489690160605e+00
9.097769732206918647e+00
9.185200173238994736e+00
9.415185314877923872e+00
9.533998867662479171e+00
9.595516628512134716e+00
9.625275818520778515e+00
9.856497490448214549e+00
9.937409347419357886e+00
9.843275545140814486e+00
9.683526450999099922e+00
9.756062561004450018e+00
9.664281214315913360e+00
9.944763431639675133e+00
9.876497173036193900e+00
9.959511851954580663e+00
9.955087695178919560e+00
9.891831605697685603e+00
9.968393309869023611e+00
9.966940980217447787e+00
9.634585804822137334e+00
9.630621918587394248e+00
9.662580800701507044e+00
9.578097292844724109e+00
9.601982078102976104e+00
9.567563316167518650e+00
9.516626718848707256e+00
9.536418725068557478e+00
9.499607847874058209e+00
9.450288705546842749e+00
9.426883239849738416e+00
9.466016014878423590e+00
9.379202772013702116e+00
9.349521709991078566e+00
9.390904230193184432e+00
9.303492365178243517e+00
9.311217669131634622e+00
9.267658937965403965e+00
9.685983399152135576e+00
9.688661368629727377e+00
9.718095535678868302e+00
9.732187783218222421e+00
9.741565691662067650e+00
9.768413678483973683e+00
9.773103913044991486e+00
9.813430101116367155e+00
9.789226002727783538e+00
9.808644577847047685e+00
9.853047769961811753e+00
9.831541179617820703e+00
9.838730864571903822e+00
9.887178240602274570e+00
9.868418418361919464e+00
9.863292507563532041e+00
9.915742033708667691e+00
9.899773670560472638e+00
9.882268115958350307e+00
9.938668886520908075e+00
9.925531957456026788e+00
9.895605280265000303e+00
9.955897880401014532e+00
9.945627560624965113e+00
9.903260559072030844e+00
9.960004089446629294e+00
9.967377446568200128e+00
9.905199348578982210e+00
9.968614428269102490e+00
9.973065254891768205e+00
9.901395633471118174e+00
9.972927987449137888e+00
9.971420566857691625e+00
8.498948778181105723e+00
8.475416414315997571e+00
8.595444518872742634e+00
8.559169545195654649e+00
8.527424831266641192e+00
8.607455195907824930e+00
8.721111960992693923e+00
8.718499161373665984e+00
8.671384380839118222e+00
8.779541642201593277e+00
9.041941771414228057e+00
9.049040052553873892e+00
8.995581857810373450e+00
8.941604533065397931e+00
8.944870105860196929e+00
8.889649477746981887e+00
9.090906896273569515e+00
9.223283787404293221e+00
9.227093564314781560e+00
9.181432876058867265e+00
9.139661956399148579e+00
9.243363994654679061e+00
9.277743260582569818e+00
9.377852672647106758e+00
9.313788051584474204e+00
9.410571988662493226e+00
9.446292201413765355e+00
9.498896188223046266e+00
9.510312405140901149e+00
9.464758980634725205e+00
9.555100562751421833e+00
9.535232916642934597e+00
9.769661671361866695e+00
9.513899270791917218e+00
9.598934140665173587e+00
9.579182003404561385e+00
9.867162333211059178e+00
9.885285384032167499e+00
9.897643808373603136e+00
9.660845509137082843e+00
9.606911766649513851e+00
9.547950596517550181e+00
9.484073756026862867e+00
9.415398312599570829e+00
9.342045727902682728e+00
9.264140837235991910e+00
9.709646207324258427e+00
9.753215127643624527e+00
9.791461055819674186e+00
9.824300823553363315e+00
9.851659717199099831e+00
9.873471767839077984e+00
9.889679920018119574e+00
9.900236080057823074e+00
9.905101045774140189e+00
9.904244320297777904e+00
8.547068900893734167e+00
8.659170209538356033e+00
8.837487234829506377e+00
8.780059691669274358e+00
8.837011030427261105e+00
8.992611901979357114e+00
8.890473124228533308e+00
9.138704975307147649e+00
9.138670818352739644e+00
9.090982608016226152e+00
9.181810728394017573e+00
9.213169770699007444e+00
9.348785904621305320e+00
9.440167173020245883e+00
9.490707036042877576e+00
9.716859813007442170e+00
9.786167343852028466e+00
9.700401501351242572e+00
9.560324128733551419e+00
9.537882034463001091e+00
9.621425797729468599e+00
9.796894844969997962e+00
9.743774345906981438e+00
9.810566734735466810e+00
9.818464982203968461e+00
9.766087960635939424e+00
9.834366131149778312e+00
9.829344015028986803e+00
9.645696156396253329e+00
9.665950367502256668e+00
9.640620177128921497e+00
9.602399907311792049e+00
9.618602628248341446e+00
9.590740297581106688e+00
9.553984354693996650e+00
9.566154093635015343e+00
9.535814027141167770e+00
9.500537795332654412e+00
9.508703386284452108e+00
9.475942779849368947e+00
9.442154137459390029e+00
9.446354810415126479e+00
9.411233211119990116e+00
9.378932091913579683e+00
9.341796329166692558e+00
9.379217512276200708e+00
9.310974257647615104e+00
9.307404538995545096e+00
9.267746500940500454e+00
9.683791139589512653e+00
9.708105128006220497e+00
9.685358288754741807e+00
9.716609851994075342e+00
9.744981822002621641e+00
9.724866001677746397e+00
9.744084766109823548e+00
9.776503010655385850e+00
9.759062034214483816e+00
9.766156238366415110e+00
9.802599340219876112e+00
9.787872949364587072e+00
9.782772803213322987e+00
9.823209864881089715e+00
9.811233534276903256e+00
9.793891351419798497e+00
9.838282250511070970e+00
9.829087064897477077e+00
9.799477190755929712e+00
9.847772858999229939e+00
9.841385450505967469e+00
9.799503990867226122e+00
9.851646714772982705e+00
9.848089260220989516e+00
9.793953614403172026e+00
9.849877355929317346e+00
9.849167632739817435e+00
9.782815836904683593e+00
9.844598072122986210e+00
9.842446570814468387e+00
8.649301889646617170e+00
8.620983374510325703e+00
8.575365563281019732e+00
8.572555433081346266e+00
8.534198694883503578e+00
8.731867224683851347e+00
8.726522409338766550e+00
8.664655591105667298e+00
8.785677370400430064e+00
9.049884211987274441e+00
9.046088813740322365e+00
8.996446464197816795e+00
8.956949263280542084e+00
8.949485424327379590e+00
8.897961969873669830e+00
9.095183929960679592e+00
9.238386119398361629e+00
9.231031797312382992e+00
9.189200340159285219e+00
8.957852352600768953e+00
9.050348413045689711e+00
9.102939161236966115e+00
9.191589624363718514e+00
9.123632432381622692e+00
9.213207205505174358e+00
9.247496549013243694e+00
9.312545735422675719e+00
9.287242289731295841e+00
9.350088268774298328e+00
9.376861763638402181e+00
9.349725399326418440e+00
9.407776686603661176e+00
9.432604031001879719e+00
9.638360901891317667e+00
9.406995174049827213e+00
9.460884510490771504e+00
9.483935342521121470e+00
9.730971757719570903e+00
9.755982516905111979e+00
9.775420533226165887e+00
9.624652767295488687e+00
9.665337911463865339e+00
9.578816309267919493e+00
9.527913668009553305e+00
9.472035926699838626e+00
9.411279355708359162e+00
9.345744550747461687e+00
9.275535472689591998e+00
9.700793235411858007e+00
9.730947429945544513e+00
9.755736847096891040e+00
9.775105850943443642e+00
9.789007055266164770e+00
9.797401444194884235e+00
9.800258376348008227e+00
9.797555474299338485e+00
9.789278402027100867e+00
8.611292820111149382e+00
8.690709758256106809e+00
8.862992340468331065e+00
8.850469951895343357e+00
8.798257035738764387e+00
9.004388296602268582e+00
8.911021758045707841e+00
9.161275012847402976e+00
9.150216904693589726e+00
9.106275426952873175e+00
9.200758415678304658e+00
9.034502244234126067e+00
9.161319194861148318e+00
9.252354546929588253e+00
8.800954231058657484e+00
8.881002144841264823e+00
9.319982467359650968e+00
9.379608506561195824e+00
9.600397331641863374e+00
9.580621100113145161e+00
9.658185014648886124e+00
9.459989899110720302e+00
9.434243971534019835e+00
9.509731272657107937e+00
9.672349997335023986e+00
9.634374396207201485e+00
9.689445245821238117e+00
9.700875930728045660e+00
9.663800748674802321e+00
9.715274355082520685e+00
9.723917697051982501e+00
9.629089599100048247e+00
9.637526560586476165e+00
9.616238127882731135e+00
9.659163725632893716e+00
9.671608700625284882e+00
9.652912419324625404e+00
9.593783290503273165e+00
9.598231922979678643e+00
9.574392386974121649e+00
9.553306718513230322e+00
9.553796752432305084e+00
9.527450262360051880e+00
9.507728078159807694e+00
9.504299311381743109e+00
9.475492750711481449e+00
9.457121182724401720e+00
9.418606046637981066e+00
9.449823469645679097e+00
9.401564712734948870e+00
9.356880709258867057e+00
9.390457923009714492e+00
9.341141393423766814e+00
9.326295317492707682e+00
9.290410749343699592e+00
9.683950587068560267e+00
9.700413267772923120e+00
9.684346767553300594e+00
9.703402393757132316e+00
9.723882566517453085e+00
9.710479790871193728e+00
9.717479002373398345e+00
9.741966660329218541e+00
9.731257655675518592e+00
9.726148151995541724e+00
9.746634397946337458e+00
9.754623637341566678e+00
9.729385589377955057e+00
9.756572133259329149e+00
9.761819762892585572e+00
9.727175080017357089e+00
9.761041151763247825e+00
9.763529515875930542e+00
9.719508306018170174e+00
9.760019897983971404e+00
9.759735510303800154e+00
9.706384653231825865e+00
9.750428305155921294e+00
9.753494837637198600e+00
9.687810891001770841e+00
9.735606104858920418e+00
9.741460213983501149e+00
8.694472023990286402e+00
8.634341402218041139e+00
8.671153749220277263e+00
8.773977084034171980e+00
8.712692936513970920e+00
8.752919622079962991e+00
8.674315532176274601e+00
8.621598161685321671e+00
8.819466955692783827e+00
9.079823134268782070e+00
9.019128058242504409e+00
9.065114814087893436e+00
8.994399097647590935e+00
8.929463479263723968e+00
8.975978694920012657e+00
9.121559012852364035e+00
9.275937132923321116e+00
9.257431310099260457e+00
9.219292692896955188e+00
8.951698322054287615e+00
8.957243145007758756e+00
9.028466365296145213e+00
9.077891416917715617e+00
9.145843902023337080e+00
9.091302791211202106e+00
9.126208418758695373e+00
9.170232124694157605e+00
9.207276021183174564e+00
8.880748056095258747e+00
9.189793409228926180e+00
9.239082823358968355e+00
9.270615545793871703e+00
9.258685328176969875e+00
9.304632386936713573e+00
9.333607351853041578e+00
9.530078779714251880e+00
9.322663099496191208e+00
9.365190588234336033e+00
9.391646776526577867e+00
9.618027149309288149e+00
9.650066359050480713e+00
9.676710305014990965e+00
9.612083923788691919e+00
9.644753588108180509e+00
9.672172425018889186e+00
9.574221914399814182e+00
9.531232578901750685e+00
9.483186864088612111e+00
9.430160938807759408e+00
9.372235402229131651e+00
9.309494467288285335e+00
9.694288997143669206e+00
9.711059318492123893e+00
9.722447148271902151e+00
9.728424172469745557e+00
9.728970072698178484e+00
9.724072481497914922e+00
9.713726825785647279e+00
9.697936061792491458e+00
8.684427640271300319e+00
8.734620002540083306e+00
8.907306677682411689e+00
8.885662238349540942e+00
8.841525612656514710e+00
9.038207441532991382e+00
8.952135181243694007e+00
9.206040115471065377e+00
9.183963917004676958e+00
9.143660944169361926e+00
9.242024992370751590e+00
9.017279834667860428e+00
9.102741457577705475e+00
9.159082789175236883e+00
8.671877201404779356e+00
8.737681402033810940e+00
8.824315111441530135e+00
8.889517647510729148e+00
8.815898142871873233e+00
9.225565934757009146e+00
9.291818294085349095e+00
9.506977223395990606e+00
9.483792790613367885e+00
9.553311344406246519e+00
9.382411294777732280e+00
9.353259069482305677e+00
9.420849119481720990e+00
9.570985146758065554e+00
9.548176442756080462e+00
9.591586228509438428e+00
9.606613508725132533e+00
9.584860001990975320e+00
9.624606506494476577e+00
9.636927398689733693e+00
9.636118328407928146e+00
9.615455998132347304e+00
9.632762402891481557e+00
9.658255258457774772e+00
9.644164023771722327e+00
9.658858106752903794e+00
9.675071309173905121e+00
9.667599814793600643e+00
9.679653892800574866e+00
9.608695981313783108e+00
9.601412053277545766e+00
9.581524388801140546e+00
9.576030556502175273e+00
9.564859181205704886e+00
9.542424411130085105e+00
9.538170776391380556e+00
9.523162232669960758e+00
9.498217268995858831e+00
9.495171143298767547e+00
9.448969477923633065e+00
9.476385345362633217e+00
9.447091266417178446e+00
9.394752118173581579e+00
9.424597634092489074e+00
9.393995102790782425e+00
9.335640029432608955e+00
9.367872404236434747e+00
9.686538304403260469e+00
9.695111772472108314e+00
9.685721768398444453e+00
9.692635643159871250e+00
9.705201362482240413e+00
9.698495702421567444e+00
9.693350484760770769e+00
9.705895124746742653e+00
9.709900095293182432e+00
9.688677817825192662e+00
9.709193316458669898e+00
9.707901385667454974e+00
9.678620419014926313e+00
9.704503720005737577e+00
9.703074269638452876e+00
9.663188699287527328e+00
9.695699176172119849e+00
9.691543968657830632e+00
9.642400441704994662e+00
9.681492434404152192e+00
9.674610959872076421e+00
9.616280434119826026e+00
9.652290978923094400e+00
9.661895517574532022e+00
8.808826919131185207e+00
8.751737158784253623e+00
8.743752007964785022e+00
8.792244257866997259e+00
8.804602243087028768e+00
8.738634366063475767e+00
8.859536995198801890e+00
9.131612853485105319e+00
9.063780304216823680e+00
9.106066082048002386e+00
9.053160811150974041e+00
8.981062707255766497e+00
9.024210182569778027e+00
9.169952782795451895e+00
9.335950039347695295e+00
9.306286327194333907e+00
9.271710943849766906e+00
8.978913997482198539e+00
8.967200425015143139e+00
9.029097691929081293e+00
9.054101874538023509e+00
9.037772867245148944e+00
9.114575417380414990e+00
9.081778491795757802e+00
8.752806095904624328e+00
8.905255895302421010e+00
9.114902775052579287e+00
9.187564332816730683e+00
9.152721055966104302e+00
9.189898176026664700e+00
9.257012233273133717e+00
9.224621493594618471e+00
9.444693382778377000e+00
9.260793794863355188e+00
9.292010268405457296e+00
9.321964343435070077e+00
9.528201627553904984e+00
9.567421678296835097e+00
9.601408179866865567e+00
9.623096131282167676e+00
9.647845267163525307e+00
9.667300052856653281e+00
9.681428709872220040e+00
9.593091488291840108e+00
9.557876793305288388e+00
9.517503565119131537e+00
9.472028747057217757e+00
9.421513997328030854e+00
9.366024950860468934e+00
9.690206871522681453e+00
9.693617820799257601e+00
9.691652616831499145e+00
9.684310109065094707e+00
9.671596839827948600e+00
9.653526836762971186e+00
9.630121298640080596e+00
8.842653974185898491e+00
8.758655902027305373e+00
8.826559407178846683e+00
8.824417212387590581e+00
8.966256542200104818e+00
8.937911617063495129e+00
8.888756054616106184e+00
9.093640725230034860e+00
9.011878510342384629e+00
9.273023826078814480e+00
9.239918889104529853e+00
9.203079940990642527e+00
9.305630120230970803e+00
9.009269704053700423e+00
9.077426473551270192e+00
8.719513812508703055e+00
8.772950747830225993e+00
8.697839301601485218e+00
8.570071724433152127e+00
8.621994643842224804e+00
8.868741369085594073e+00
8.849732536988199172e+00
8.924824584246003667e+00
9.153523242621679046e+00
9.226369034286383553e+00
9.436499986663886119e+00
9.471430080088248715e+00
9.409810392561789527e+00
9.327510629622624450e+00
9.294840658107510478e+00
9.354683499543639869e+00
9.492689908143026045e+00
9.485092472784305784e+00
9.535578746238503101e+00
9.516885470845156902e+00
9.529188224602787471e+00
9.557246965720452181e+00
9.573306324487973029e+00
9.666769495631527320e+00
9.651628653213018438e+00
9.638247359718693730e+00
9.681047549809001396e+00
9.669819024194341139e+00
9.659081293378473987e+00
9.689948939956849472e+00
9.682664696560575379e+00
9.674588449495750808e+00
9.693464788360284246e+00
9.690147169260551863e+00
9.684746695635791269e+00
9.647131094368104343e+00
9.628119442928214866e+00
9.612115926676771949e+00
9.622155748536858511e+00
9.599324229342670378e+00
9.580722995148557075e+00
9.591873502818776487e+00
9.565282355975439188e+00
9.544110766358812725e+00
9.556320501257214772e+00
9.526039100455985675e+00
9.502327034993992783e+00
9.515538370756555508e+00
9.481645028167363876e+00
9.455424499126722893e+00
9.469573493724647406e+00
9.403459919063289263e+00
9.432155254668396438e+00
9.691593898167703003e+00
9.692255563476075864e+00
9.689541370075687610e+00
9.684342876180906501e+00
9.688986777443730602e+00
9.688965487100745122e+00
9.671726152322833059e+00
9.683019839288293795e+00
9.680345530135834764e+00
9.653765882777431528e+00
9.666344291754011664e+00
9.671712983392339424e+00
9.630491741718881116e+00
9.647003102621198423e+00
9.655061115776391034e+00
9.601940604429991311e+00
9.622349282889086197e+00
9.633087837215123628e+00
9.568156126227794545e+00
9.605823811722327576e+00
9.592417038022670539e+00
8.907039146247495154e+00
8.963101553333338245e+00
8.901866335193354018e+00
8.885421530883059305e+00
8.960793966112650111e+00
8.881052187178243074e+00
9.205563749977661914e+00
9.130155988117980570e+00
9.169019199658986707e+00
9.138474202991941908e+00
9.054403630225074551e+00
9.096278782829292808e+00
9.240532228510282664e+00
9.418475986329450933e+00
9.377628509428159731e+00
9.346491921916884493e+00
8.955370454813815329e+00
8.974578462458161709e+00
9.045600603508555437e+00
9.006570921904071270e+00
8.648046402931083065e+00
8.798019795050084468e+00
9.060761693558823993e+00
9.088143957597214495e+00
9.126094549397169686e+00
9.143269961485476216e+00
9.166824182126909193e+00
9.202725964911328660e+00
9.382115317580044689e+00
9.221332058806250842e+00
9.241265891387648423e+00
9.274822033086778106e+00
9.461401463799376188e+00
9.507965999025913106e+00
9.549441478364990132e+00
9.657679375267861133e+00
9.674597315832194511e+00
9.686155405097824911e+00
9.692341126074220270e+00
9.693149505317832038e+00
9.635421347109883072e+00
9.607849843631695919e+00
9.574997833728403407e+00
9.536904061873542560e+00
9.493612362401469440e+00
9.445170791972438806e+00
9.688583293330097490e+00
9.678653036077673022e+00
9.663377035374566049e+00
9.642781196025341117e+00
9.616898762872228446e+00
9.585769951474057748e+00
8.965693311296377033e+00
8.962098922746768892e+00
9.173430064223291325e+00
9.091317265814588211e+00
9.029648187124793779e+00
9.116643325577863166e+00
9.362298597101023745e+00
9.318125329744290752e+00
9.284718036446768963e+00
9.391630985142979782e+00
8.924091466173290854e+00
9.018860916278597983e+00
8.637613404141417206e+00
8.605703560038518773e+00
8.679312484642217385e+00
8.760248873696873773e+00
8.814414278787676693e+00
8.740315880328603626e+00
8.496519603244250263e+00
8.534437158879253360e+00
9.103035598684412477e+00
9.183204348429304886e+00
9.388901007350956007e+00
9.358602492147483076e+00
9.412458827696504216e+00
9.295247427471036161e+00
9.258941498445494744e+00
9.311174966840393807e+00
9.437387682162945879e+00
9.445068566507078600e+00
9.465272291635969282e+00
9.487705981506991293e+00
9.496741379371165692e+00
9.532998311690990434e+00
9.513135193304556481e+00
9.721062684565007217e+00
9.684618555656825833e+00
9.694128565487099891e+00
9.727554494622756565e+00
9.704489223188977221e+00
9.697664747793794504e+00
9.728592218630469191e+00
9.709438457809127954e+00
9.705307945712714712e+00
9.724185782412805068e+00
9.708976849410817067e+00
9.707545002552389946e+00
9.714353063157119550e+00
9.703112789729365417e+00
9.704380454154902580e+00
9.709114614490530926e+00
9.666179923213199743e+00
9.678363497068422916e+00
9.691715564915968528e+00
9.657208297151111509e+00
9.642366442071345745e+00
9.668877870767470739e+00
9.630684090620317050e+00
9.613202271600121307e+00
9.640620422534883716e+00
9.598818327821708962e+00
9.578717583902058408e+00
9.606968089547679668e+00
9.538947913397077372e+00
9.561644185300343324e+00
9.567951295483645424e+00
9.493933349765816487e+00
9.519199889133629355e+00
9.699119958795870744e+00
9.695826674151891922e+00
9.691862578052347743e+00
9.678520353760925232e+00
9.675250413269662175e+00
9.681903917798848624e+00
9.652595967904895602e+00
9.653308269349832216e+00
9.662640255888014451e+00
9.621396091795295646e+00
9.626075658029419557e+00
9.638071393820652588e+00
9.584977211761383842e+00
9.593599282108570492e+00
9.608240380008290060e+00
9.543402528874780799e+00
9.573197207084906069e+00
9.555932583579785700e+00
9.029053855758130354e+00
9.111774448721579489e+00
9.037679961019520647e+00
9.036025917670491125e+00
9.142634842717683341e+00
9.050077862307052357e+00
9.303753228081905746e+00
9.221956669104992343e+00
9.255147521408503053e+00
9.245047454562554279e+00
9.193373456883652040e+00
9.169866341170916257e+00
9.334379503716457194e+00
9.523605420168667735e+00
9.471527948837584532e+00
9.443717202698502788e+00
8.840956567002169919e+00
8.908369395918320777e+00
8.855601252456454020e+00
8.936062120868635716e+00
8.999156808672470476e+00
8.955653110411613937e+00
8.570320030197818184e+00
8.700460055017256167e+00
8.801205525020083797e+00
9.029064296627430153e+00
9.045122309217976664e+00
9.086868944524642444e+00
9.118775113505927621e+00
9.170706646046134836e+00
9.131173421754999353e+00
9.342291449619251509e+00
9.204262601587245740e+00
9.250191283688213417e+00
9.212921962819308419e+00
9.417567446439569778e+00
9.471650644034752986e+00
9.520770701340758535e+00
9.715856304872954041e+00
9.725026373248841338e+00
9.728749732638251047e+00
9.727032552179583291e+00
9.719888837915373614e+00
9.707340565097009488e+00
9.701240947703308137e+00
9.681188964877900816e+00
9.655715815623393539e+00
9.624843218408477341e+00
9.588598568612633599e+00
9.547014394402994597e+00
9.689417695015819731e+00
9.666158081389081502e+00
9.637607261396698988e+00
9.603818134988717503e+00
9.564850536102287748e+00
9.103028547256881708e+00
9.127098585971545219e+00
9.277133548690759568e+00
9.181856733987828534e+00
9.473878986998002460e+00
9.418678743557316935e+00
9.389627761657788341e+00
9.500116062822009155e+00
8.889512271770296792e+00
8.983541336806180055e+00
8.452956749759774624e+00
8.475770289477818409e+00
8.589369690197521834e+00
8.614316688978341574e+00
8.544983721670964982e+00
8.719924344733364308e+00
8.680071580658442087e+00
8.740407738869661713e+00
8.781551808618358379e+00
9.074778563998304293e+00
9.162299650334260193e+00
9.364151448703578851e+00
9.330134237026967980e+00
9.376350577292011934e+00
9.285618189685937551e+00
9.245552077082200171e+00
9.290301336599929627e+00
9.405036888170908327e+00
9.428085733870609886e+00
9.462963729847983174e+00
9.436710469551083946e+00
9.487509563557637193e+00
9.492244429181926790e+00
9.515980715876001028e+00
9.799049505895739642e+00
9.760297626084684097e+00
9.754608388521997853e+00
9.797821772627354875e+00
9.762898411698241574e+00
9.759947027000732689e+00
9.791041510028296813e+00
9.759999680699985802e+00
9.759785444440687741e+00
9.778736776316517165e+00
9.751620510126599584e+00
9.754138816814123203e+00
9.760944006680837504e+00
9.743030372345295120e+00
9.737788138501919377e+00
9.737708044981651767e+00
9.718538015336829261e+00
9.726491506581572466e+00
9.794704892175605693e+00
9.743762189258612594e+00
9.752186240434035369e+00
9.784776079342869082e+00
9.738560881331540742e+00
9.727408590026211499e+00
9.769258830559589768e+00
9.719425509830283971e+00
9.705554828666963729e+00
9.748156056091195509e+00
9.678214698591006027e+00
9.694790933253759846e+00
9.721477212639079823e+00
9.664674259444199222e+00
9.645408099644356525e+00
9.689237281211589448e+00
9.607160302473246816e+00
9.629098415746478068e+00
9.709082056625339519e+00
9.704561772850176737e+00
9.693913739683498676e+00
9.675127323988125028e+00
9.663966881239314688e+00
9.677288762344915085e+00
9.635912925232663184e+00
9.628756686539290399e+00
9.644727867667747034e+00
9.591515299622043855e+00
9.588349672865174256e+00
9.606941932921355232e+00
9.542017703565530695e+00
9.542819114658918522e+00
9.564000794195749222e+00
9.285383953054576978e+00
9.196950022245918177e+00
9.215881984595270637e+00
9.347670233258755346e+00
9.243350724545287278e+00
9.428902196170781735e+00
9.366952070390752283e+00
9.339685998726636740e+00
9.266746327442486830e+00
9.452917043749714310e+00
9.651476910891760852e+00
9.588091505983362239e+00
9.563446976193018756e+00
8.814781337641571568e+00
8.827626119102665925e+00
8.876059670855038775e+00
8.918022934143996494e+00
8.927167840477190808e+00
8.974255970845117503e+00
8.524465443867196512e+00
8.656991610411665761e+00
8.768091318530023770e+00
9.019187391562768497e+00
9.069631797772311543e+00
9.024211868791468305e+00
9.116423154486920311e+00
9.117663031384719119e+00
9.160952649209436416e+00
9.325205213244274205e+00
9.209606504334544752e+00
9.206981480008323615e+00
9.248081063346566211e+00
9.396675698125287468e+00
9.458461419197455200e+00
9.515390160860743407e+00
9.799180997937305904e+00
9.797681776655631225e+00
9.795126006759121040e+00
9.785540899265118497e+00
9.770458066730654423e+00
9.749918278301022312e+00
9.723970651726839165e+00
9.790612339405708298e+00
9.777964464744814066e+00
9.759737303164104816e+00
9.735936884116668466e+00
9.706575570882488790e+00
9.671669413278225491e+00
9.692672505979592401e+00
9.656089096905468239e+00
9.614293237843824613e+00
9.567364808975614920e+00
9.316869392990716037e+00
9.398359288818165069e+00
9.322661094556295325e+00
9.415474558367955993e+00
9.343859028028417057e+00
9.614660827471336546e+00
9.544934110947126626e+00
9.522586089756297056e+00
9.634556989507876423e+00
8.867116811488969574e+00
8.969396526457952490e+00
8.568940566635516731e+00
8.513105935761018372e+00
8.580164203940269019e+00
8.438925723018666503e+00
8.446723541681855352e+00
8.694636975695313907e+00
8.643726023605498909e+00
8.707809451585674765e+00
8.756184889881001965e+00
9.068522345875953405e+00
9.163670655319267055e+00
9.362258516687944621e+00
9.324407297223714863e+00
9.363094297833750801e+00
9.298656505162544050e+00
9.292077438243824261e+00
9.254700050415721080e+00
9.395631444754094730e+00
9.434160254568226378e+00
9.431198869875323965e+00
9.461355209623530271e+00
9.501517397309582336e+00
9.522264912728850561e+00
9.494582245654743957e+00
9.891926244472363905e+00
9.845107783871316798e+00
9.845992386377524497e+00
9.900812913950449712e+00
9.850203007913473030e+00
9.848287526422105032e+00
9.877368309705104821e+00
9.834404251813374742e+00
9.838079556299883066e+00
9.857184427631739965e+00
9.824581675243731382e+00
9.818129213542334810e+00
9.831428891373693801e+00
9.805539978584381089e+00
9.796328145656147512e+00
9.800164956562142038e+00
9.781004358970925239e+00
9.769055207901152116e+00
9.763464706952083461e+00
9.736373131428063488e+00
9.751033314306088329e+00
9.903991867753111578e+00
9.849661676294704904e+00
9.844940743244375625e+00
9.901435310549720370e+00
9.843463852362141608e+00
9.835935928628884994e+00
9.893123716557539638e+00
9.831597552022770969e+00
9.821264682722629757e+00
9.879045296088804662e+00
9.814058296694849304e+00
9.800925808384096882e+00
9.859196844093009560e+00
9.774924979515317247e+00
9.790848785268060794e+00
9.833583160088565478e+00
9.743288673389905341e+00
9.761977034971469180e+00
9.721408798795602380e+00
9.698352987452143026e+00
9.715693775660824372e+00
9.674086084547745656e+00
9.655073837148989924e+00
9.675060816214775983e+00
9.621593118297507630e+00
9.629217242937571086e+00
9.606622265548267592e+00
9.564033547506333832e+00
9.578253074746516660e+00
9.553091803650801239e+00
9.484707204275515835e+00
9.383634098568279569e+00
9.417714037928345050e+00
9.573174607705404071e+00
9.458743569800747153e+00
9.562927233100390723e+00
9.497858569070544377e+00
9.482064987350284468e+00
9.442592406168170527e+00
9.591356427636165805e+00
9.802257426385059702e+00
9.727472936241095880e+00
9.709250320435478088e+00
8.810455202792162765e+00
8.812075605543329360e+00
8.864822402766208143e+00
8.922507542517253754e+00
8.971455481433569190e+00
8.920118449821455187e+00
8.506949905258423428e+00
8.634691587328727991e+00
8.753416525081529898e+00
9.031188465592689951e+00
9.025158757580864943e+00
9.074402453211906305e+00
9.136259228315008585e+00
9.126323103943457582e+00
9.173498783271163859e+00
9.330876571827003474e+00
9.237424501413720179e+00
9.268538180167860574e+00
9.223485536113912531e+00
9.398737998672283211e+00
9.468419036408615597e+00
9.533328364645928588e+00
9.897141022227614826e+00
9.885358368464848056e+00
9.903242124815538006e+00
9.867935243168382442e+00
9.844921636421112510e+00
9.816376494009745102e+00
9.782367642017224085e+00
9.742971589887664763e+00
9.903629349220631539e+00
9.898278832635126534e+00
9.887174795966650720e+00
9.870309678376713691e+00
9.847685336066518857e+00
9.819335772038908061e+00
9.698273212457459991e+00
9.648365312533783822e+00
9.593348067352749808e+00
9.529013348553402096e+00
9.526483724329249725e+00
9.791221600791836011e+00
9.704904724803256499e+00
9.679239030150693424e+00
9.799940814428834912e+00
8.866807961437492835e+00
8.977387883698790816e+00
8.567983393683345383e+00
8.505965787210747919e+00
8.569736566572279557e+00
8.691246176849100280e+00
8.632200684508021027e+00
8.693824494957292259e+00
8.456242810478705962e+00
8.447269239485759584e+00
8.752755870810059236e+00
9.084304393453642490e+00
9.187372832766708797e+00
9.383265838736615905e+00
9.341460067611166096e+00
9.372715159401792562e+00
9.334433721800587946e+00
9.286451195609501497e+00
9.316555422830441913e+00
9.409201082772568725e+00
9.463343935761024284e+00
9.448771787235690667e+00
9.482918684383733421e+00
9.538824208568595253e+00
9.520190844348277892e+00
9.551896563298443610e+00
1.000997508481006015e+01
9.951209282479098306e+00
9.955895921675796956e+00
9.987674462194906511e+00
9.940279668919014711e+00
9.932738800418155378e+00
1.002646622601174542e+01
9.963942738084870854e+00
9.965757624751880428e+00
9.959625881818936932e+00
9.918957936540294895e+00
9.908584853834605966e+00
9.925900600938067697e+00
9.878810359684091935e+00
9.891989084081327377e+00
9.886579560695132329e+00
9.843487557368449714e+00
9.859440788584475257e+00
9.841753208330903391e+00
9.802697851415176800e+00
9.821389948542620374e+00
9.791521194670799844e+00
9.756531530891653148e+00
9.777922464514229972e+00
1.003709602125352873e+01
9.970894871453058528e+00
9.969824855332227287e+00
1.004182205111069237e+01
9.972030447472102210e+00
9.968066540951282306e+00
1.004061106668921965e+01
9.967322965796808987e+00
9.960460051228197997e+00
1.003343886776249150e+01
9.956754429268404039e+00
9.946992009659670231e+00
1.002028881027468188e+01
9.940314261282948038e+00
9.927657537308377300e+00
1.000116907256093768e+01
9.902455341192446525e+00
9.917994009908703390e+00
9.735991945162400185e+00
9.705087365177213599e+00
9.729132896042180789e+00
9.675282106854540487e+00
9.648472078415215591e+00
9.675123996296928652e+00
9.609515875437985244e+00
9.586799706779036256e+00
9.616006127612330090e+00
9.687463862480457877e+00
9.634055321706387787e+00
9.586351011340799033e+00
9.817170111147467182e+00
9.693349338357039713e+00
9.628718605103314232e+00
9.745468850931356286e+00
9.990556100761745384e+00
9.896754264520893685e+00
9.894381459963947023e+00
8.821789374403387285e+00
8.872973844263393417e+00
8.815473164043718057e+00
8.948391728726814875e+00
8.990345274368252149e+00
8.935196478029379108e+00
8.514060176956952830e+00
8.633014124382199839e+00
8.757387979199593886e+00
9.065147062523220001e+00
9.048073253262199245e+00
9.101257822581944268e+00
9.178376122501388679e+00
9.157215898906022389e+00
9.208419443736019616e+00
9.359362473542926608e+00
9.287815403103323320e+00
9.262514062908294932e+00
9.311647502379102548e+00
9.423802122409675519e+00
9.501579365470920635e+00
9.574648153851892829e+00
1.001901662819452099e+01
9.999551302833056710e+00
9.974315092746323330e+00
1.003265414295836955e+01
9.943374612273508717e+00
9.906806173677811245e+00
9.864695671124078302e+00
9.817138338180587454e+00
9.764238379648521260e+00
1.004041647252795855e+01
1.004226556244345048e+01
1.003817269448091665e+01
1.002812133612741796e+01
1.001207989253333963e+01
9.997141931939555803e+00
9.706108478075799795e+00
9.642869178193121726e+00
9.753947652850254002e+00
9.920047236797472578e+00
9.805343220831664652e+00
9.858503080827262011e+00
1.000866321960835315e+01
9.900611623897862756e+00
1.000057416940943789e+01
8.885490996832267285e+00
9.007235959724130936e+00
8.571081722656206381e+00
8.567919829333186854e+00
8.512075831649152491e+00
8.706548349660732100e+00
8.640396025450614914e+00
8.699854451930550070e+00
8.499690915074303632e+00
8.477799921025791718e+00
8.765927206239501501e+00
9.122209003221669832e+00
9.233499075797517719e+00
9.427253753838217065e+00
9.381368171835067216e+00
9.405274858859964837e+00
9.393059191139631281e+00
9.340910070055581826e+00
9.363825282188763310e+00
9.445811646682134466e+00
9.515724205803600455e+00
9.489499106926459149e+00
9.527727596534068866e+00
9.599523962276469646e+00
9.604955614990355883e+00
9.569147102816891959e+00
1.015210460733015552e+01
1.008978248996075244e+01
1.008132457631786671e+01
1.012209108682177572e+01
1.006650497612077011e+01
1.005511976936339735e+01
1.008618779752628924e+01
1.002309932902369916e+01
1.003738190307156586e+01
1.017615187754103623e+01
1.010164457996249965e+01
1.010715017665424043e+01
1.004448187067976406e+01
9.985342620110291278e+00
1.000248768296452795e+01
9.997071009510676731e+00
9.941939136397646593e+00
9.961906869141659016e+00
9.944063273476636766e+00
9.892988302496709352e+00
9.915734022530060088e+00
9.885576733297451568e+00
9.838599148674301631e+00
9.864073449250408743e+00
9.821738993583865707e+00
9.807038809454759587e+00
9.778889855576107237e+00
1.019416705339885354e+01
1.011602076216544965e+01
1.011855379640017460e+01
1.020609474319733856e+01
1.012440408287726612e+01
1.012394891455295642e+01
1.021188924001500808e+01
1.012675511980427601e+01
1.012330048099949487e+01
1.021151804464704149e+01
1.012304508914010626e+01
1.011657992488993862e+01
1.020648479860773428e+01
1.010455576992290894e+01
1.011399753093520104e+01
1.020089980271061236e+01
1.009652026923662937e+01
1.010167766430853575e+01
9.752686584173897444e+00
9.744752597661793914e+00
9.713987171374405705e+00
9.678564223948818324e+00
9.677345497526038898e+00
9.644025705437684337e+00
1.007578449954024080e+01
9.944898537269573069e+00
9.871617095080445381e+00
9.967252108282353973e+00
1.019416037930409580e+01
1.009321843907278371e+01
1.010232118355660091e+01
8.867712118820728406e+00
8.844573398108659390e+00
8.908505789255759311e+00
8.996000956289574191e+00
9.031121179487486827e+00
8.972040612044342112e+00
8.533675090352470960e+00
8.639567015989429777e+00
8.788726036022303845e+00
9.121191027731700984e+00
9.150287197096169223e+00
9.092988270295354170e+00
9.242902168786821804e+00
9.265828654463328817e+00
9.210455700658322087e+00
9.410757206532981201e+00
9.360918321979776024e+00
9.377533074443237027e+00
9.324186955272704580e+00
9.471952023350990402e+00
9.558033417637357587e+00
9.639446560940935882e+00
1.016494713168061281e+01
1.013783851216343024e+01
1.010480936436506028e+01
1.006594175775349242e+01
1.018606378934187617e+01
1.002132836455904119e+01
9.971072309893978414e+00
9.915286889344812948e+00
9.854095154800774026e+00
9.787629368125376317e+00
1.020112760048830580e+01
1.021008785696054488e+01
1.021290390004160997e+01
1.021030611945752398e+01
1.020512870825682050e+01
1.019926339035838225e+01
9.716030326255436833e+00
9.999306949769763975e+00
1.015588068994075854e+01
1.008419612449694469e+01
1.003905638297404934e+01
1.017771692867078137e+01
8.932224149491240439e+00
9.058955893012225147e+00
8.651104984731690095e+00
8.577055777240119028e+00
8.610039771583632984e+00
8.677968882775644488e+00
8.575483146353217734e+00
8.537501133504978412e+00
8.795780323701645642e+00
8.751826936036051663e+00
8.831946669291671270e+00
9.182357194720461635e+00
9.302185441717176317e+00
9.494339117722628174e+00
9.444244533479803749e+00
9.460871729703763222e+00
9.474679407167581502e+00
9.418219579241061012e+00
9.434014732604001807e+00
9.505565093294887191e+00
9.591423861725642652e+00
9.553486188747655206e+00
9.595890388557211992e+00
9.683744885621525356e+00
9.641562350711271989e+00
9.681556015159603845e+00
1.031847879109749044e+01
1.023560373401386059e+01
1.024780535106103940e+01
1.028077720216164082e+01
1.020169218887304119e+01
1.021690320291147103e+01
1.023702507306689213e+01
1.016181341610833400e+01
1.017999664728237619e+01
1.018732411892583656e+01
1.011606203795453496e+01
1.013717488083632290e+01
1.035003982459140914e+01
1.027262505911467549e+01
1.026346461223312190e+01
1.013178768075160541e+01
1.006454377861369665e+01
1.008853822677273016e+01
1.007054047784755468e+01
1.000737523035874332e+01
1.003419797110534972e+01
1.000371822514691011e+01
9.944683489689751354e+00
9.974276063017452287e+00
9.931467114164320265e+00
9.876605656342185569e+00
9.908904680948847243e+00
9.853943152978970943e+00
9.838225662459461063e+00
9.803288195770850422e+00
1.037538232435941588e+01
1.028520267257246701e+01
1.029129548823878437e+01
1.039444067841364827e+01
1.030075698485946489e+01
1.030376064015264603e+01
1.040716119069849555e+01
1.031007757000701730e+01
1.030997734234394869e+01
1.041351585228737342e+01
1.031313903135395194e+01
1.031067478678339988e+01
1.041460290021368884e+01
1.031126282751615264e+01
1.030843494437065999e+01
1.041519244383764153e+01
1.030893163702885751e+01
1.030538864365721707e+01
9.771311369656444867e+00
9.724886171366309284e+00
9.762389801232068010e+00
1.034546746017496588e+01
1.020931877003807386e+01
1.011821002346831477e+01
1.039359877495110673e+01
1.029551364968406801e+01
1.027574578766438407e+01
8.928342256569273161e+00
8.962805559506749731e+00
8.897934295260123250e+00
9.065668628804292695e+00
9.093918005614842315e+00
9.030584342089053251e+00
8.642476470412745471e+00
8.643909349800271258e+00
8.570268406348549917e+00
8.723634093649438981e+00
8.608013116199810355e+00
8.862347775330523092e+00
9.199477798679716045e+00
9.160072207240194331e+00
9.221640786831466485e+00
9.330007764393224434e+00
9.286193669422466712e+00
9.345882134934033303e+00
9.485192069205513832e+00
9.456910062482776880e+00
9.408661540965367109e+00
9.466356124289777796e+00
9.543307594288338080e+00
9.637907013414029223e+00
9.727854386458329117e+00
1.033509944968039029e+01
1.030038149026186289e+01
1.025957505678422166e+01
1.021277631310944223e+01
1.016009308569280378e+01
1.036364460149376576e+01
1.010164469264088893e+01
1.003756162785847827e+01
9.967985108264803884e+00
9.893066478643444128e+00
9.812966479912724083e+00
1.038594452745734031e+01
1.040193906060254214e+01
1.041158485827967439e+01
1.041541575132064779e+01
1.041641363485837779e+01
1.040666552550961832e+01
1.025179076534043965e+01
1.037151595238504953e+01
8.997406034817798215e+00
9.132793352392910791e+00
8.737846170068372942e+00
8.694906324101051354e+00
8.690808767196013918e+00
8.767641355355262789e+00
8.732963037101164616e+00
8.653333674909681861e+00
8.685998210876261894e+00
8.679165648606581129e+00
8.626572170944065476e+00
8.857826692993622686e+00
8.894894023678013184e+00
8.827526718105334069e+00
9.264920183968367695e+00
9.393604958827939555e+00
9.584674762251349733e+00
9.530238629237935299e+00
9.539640369135852893e+00
9.579477423644334522e+00
9.518559132289876601e+00
9.527288280630036965e+00
9.588599045544977884e+00
9.690600484056661301e+00
9.640873479981811656e+00
9.687550035521638847e+00
9.791648819767765133e+00
9.737581873722437109e+00
9.781845152955732203e+00
1.050928755037689655e+01
1.043014451326630976e+01
1.041422362587898398e+01
1.046391806220090004e+01
1.037262815564570495e+01
1.039164903744008228e+01
1.041231927092064424e+01
1.032489534633966421e+01
1.034697253695648200e+01
1.035460597507749014e+01
1.027113367474787253e+01
1.029621752242896804e+01
1.029090581500120472e+01
1.021146386720814192e+01
1.023949877497556038e+01
1.054832616518874211e+01
1.046236903730613754e+01
1.044958562506426247e+01
1.022135901122142521e+01
1.014601862657682929e+01
1.017694316388346820e+01
1.014611793970563980e+01
1.007494223491280394e+01
1.010868931435049944e+01
1.006534657995737092e+01
1.003488713797403165e+01
9.998390017520785378e+00
9.979219813510562531e+00
9.916527653884671167e+00
9.955697217968992874e+00
9.887922566888679654e+00
9.829530348606020596e+00
9.871290050828237739e+00
1.058094616070478189e+01
1.048824563617193562e+01
1.047863026554066224e+01
1.060709024612005180e+01
1.050128781164343295e+01
1.050771320803091236e+01
1.062666673455122002e+01
1.051748902735164393e+01
1.052071490168444612e+01
1.063949279324647534e+01
1.052716701471934968e+01
1.052772027671039723e+01
1.064674607424715447e+01
1.053141430925749589e+01
1.053163323762960246e+01
1.064532685478077667e+01
1.053131280305409057e+01
1.052018510366087156e+01
1.062060075878903298e+01
1.048275790927763396e+01
1.050873492917617646e+01
9.010524721306602203e+00
9.038825316382615327e+00
8.969711761777844572e+00
9.157768888391508710e+00
9.111457355703475258e+00
9.179049764561254321e+00
8.734473891331829165e+00
8.800883360571280178e+00
8.704388301501074565e+00
8.936101668609508053e+00
9.300215904601053296e+00
9.249505348058642440e+00
9.315511889767886800e+00
9.439899861152351690e+00
9.384612226656859235e+00
9.448769882687706456e+00
9.582834497386638617e+00
9.576003250973297298e+00
9.516133215739319695e+00
9.578314415361020906e+00
9.638024116957387477e+00
9.741360205996432597e+00
9.840035506996400727e+00
1.052966652764066602e+01
1.048736783491102287e+01
1.043879563265073429e+01
1.038405847223735989e+01
1.032327791038211906e+01
1.025658821233918694e+01
1.056559636761423704e+01
1.018413599662403612e+01
1.010607975602420439e+01
1.002258922098140026e+01
9.933844569964056959e+00
1.059507826470592917e+01
1.061803190392127938e+01
1.063433750314001180e+01
1.064449158497592762e+01
1.064764080135637769e+01
1.063518964523137811e+01
9.084732818731652060e+00
9.229077965229757652e+00
8.796648230925178780e+00
8.835849719623624310e+00
8.782256877610537416e+00
8.756436470463217603e+00
8.810990772016456418e+00
8.743672382866471082e+00
8.974934771294547531e+00
8.993384063728722566e+00
8.917709582509889543e+00
9.370093840984019096e+00
9.507966785085532280e+00
9.698448958480438975e+00
9.639535893235834152e+00
9.641751032297936064e+00
9.707672615495221535e+00
9.642145286167172813e+00
9.643846757086080856e+00
9.695086195428036291e+00
9.813445677584908822e+00
9.751835873404578692e+00
9.802883355486263994e+00
9.923430311987905483e+00
9.857384136064069935e+00
9.906003025869967615e+00
1.072474471388062689e+01
1.061738599223260593e+01
1.063700494936285601e+01
1.067172316550331246e+01
1.059094226734431032e+01
1.056812499861067600e+01
1.061227672378521802e+01
1.053850545853618925e+01
1.051253907229960305e+01
1.054653149871894691e+01
1.047980851397988999e+01
1.045074891655569260e+01
1.047462784505781030e+01
1.041497914346513376e+01
1.038288881680268361e+01
1.039672012120602496e+01
1.034415844686181352e+01
1.030910632657421999e+01
1.077120177663869249e+01
1.067658082771900752e+01
1.066020254623111185e+01
1.031297617121512822e+01
1.022956181707505863e+01
1.026750054720070615e+01
1.022357674364440783e+01
1.014442793218447392e+01
1.018517209182168415e+01
1.012871477896958794e+01
1.005388886256043257e+01
1.009735160668791565e+01
1.002859449467308295e+01
9.958139443966615545e+00
1.000422868415503608e+01
1.081091424852091443e+01
1.070955446019332058e+01
1.069644278119833025e+01
1.084328305813743931e+01
1.073557081201453833e+01
1.072575271391796292e+01
1.087048456634665250e+01
1.074905949222776869e+01
1.075553574923500477e+01
1.088834655645357863e+01
1.076454091210301733e+01
1.076816894466322339e+01
1.090108428514388983e+01
1.077463852226541086e+01
1.077385642982796199e+01
1.090019666826460920e+01
1.077404191152634461e+01
1.076131588768868497e+01
9.118500233544843070e+00
9.065146158333366344e+00
9.138793062979281956e+00
9.271142535436059262e+00
9.214124594018930026e+00
9.286081309312553600e+00
8.845564678825185823e+00
8.820851574649275051e+00
8.905948790694491635e+00
9.048257312567979938e+00
9.423643258133118650e+00
9.361504757616113892e+00
9.432112455368882209e+00
9.572823524380027038e+00
9.505941681254684639e+00
9.574721669813854419e+00
9.703887708980040827e+00
9.718448666231179089e+00
9.713642904548571266e+00
9.646834500958352265e+00
9.756291627452073456e+00
9.868586459068634298e+00
9.976185891712576748e+00
1.074885194781643349e+01
1.069900917803098039e+01
1.064267907188158802e+01
1.057999354933889791e+01
1.051108624021313176e+01
1.043610490645217936e+01
1.035521100477216727e+01
1.079205237426905484e+01
1.026857919025926158e+01
1.017639667469545728e+01
1.007886236909387989e+01
1.082820593355871708e+01
1.085796741078433669e+01
1.088055396437096078e+01
1.089604334182080159e+01
1.090249830725909774e+01
9.195285509205959329e+00
9.347358961256334808e+00
8.961968186441797712e+00
8.885393955515969111e+00
8.897484977218134361e+00
8.969552336210512067e+00
8.888186629090627733e+00
8.967226475733317770e+00
9.106168585795636261e+00
9.112806054668794786e+00
9.041827495083813560e+00
9.498123463379563702e+00
9.645520693894297892e+00
9.835884592455533593e+00
9.767408971376877247e+00
9.772357233773426799e+00
9.859519615987757390e+00
9.783926772291655638e+00
9.789230841064888722e+00
9.825233563410320059e+00
9.960184042661929027e+00
9.942100031150783224e+00
9.886581783189726025e+00
1.007931539689573697e+01
1.005424110021846218e+01
1.000117970666918055e+01
1.096508555545036678e+01
1.084531541627069018e+01
1.086859962801507429e+01
1.090442403790281389e+01
1.078840311122772633e+01
1.081500561083780276e+01
1.083712629562506180e+01
1.075481471078798990e+01
1.072496220868564265e+01
1.076332807408263292e+01
1.065512353999161732e+01
1.068816482864295203e+01
1.068318041169862020e+01
1.057903324624607677e+01
1.061519479678552003e+01
1.059685024348663163e+01
1.049685229203731751e+01
1.053605837172920445e+01
1.050451949035992882e+01
1.040875583431467177e+01
1.045092379205534883e+01
1.101898655259791227e+01
1.089556954486632279e+01
1.091544699554270181e+01
1.040638442658892338e+01
1.031493267879119458e+01
1.035997321606773625e+01
1.030265499078200264e+01
1.021558461689351915e+01
1.026340208901930495e+01
1.019355389522666755e+01
1.011092541814640988e+01
1.016141829213273873e+01
1.106613852524437291e+01
1.093903076375871919e+01
1.095521716051389127e+01
1.110011623223211785e+01
1.097228519649431888e+01
1.098594027576965004e+01
1.113338962931253384e+01
1.101134947247251006e+01
1.100229322166580559e+01
1.115461651917220109e+01
1.102832904009940762e+01
1.102190633390322994e+01
1.117868276525156368e+01
1.104048214876246803e+01
1.104004953028038827e+01
9.245959639747672654e+00
9.182482892108664529e+00
9.259000233768020394e+00
9.407749044115501391e+00
9.416031110223869405e+00
9.338967058633246054e+00
8.962242670776639386e+00
9.034500270636668162e+00
9.177331289965863448e+00
9.570047636867537122e+00
9.571707216206759128e+00
9.496309928070747475e+00
9.729065848796913940e+00
9.724006641502835890e+00
9.650448668098343674e+00
9.848589859219661236e+00
9.884533542881683843e+00
9.801033433297860142e+00
9.872611933841675125e+00
9.898333979477046185e+00
1.001981149246487135e+01
1.013653230739966560e+01
1.093553856993672291e+01
1.099293195886956198e+01
1.087145560037946268e+01
1.080080982583103477e+01
1.072374528038787567e+01
1.064042152058443946e+01
1.055101342107306550e+01
1.045571040829511134e+01
1.104355704159401697e+01
1.035471604057773831e+01
1.024824706638351479e+01
1.108422845272873580e+01
1.111777118366164174e+01
1.114488661935195246e+01
1.116760002976247179e+01
9.326890373296542691e+00
9.488644840739112851e+00
9.122525080559249488e+00
9.039887990236628923e+00
9.044324601479237558e+00
9.153587636762086532e+00
9.058885938332526422e+00
9.112213978818381577e+00
9.241026431372866057e+00
9.244559172597167418e+00
9.175666304546890473e+00
9.649290664445052457e+00
9.806552714262430470e+00
9.997237776668075782e+00
9.928957850567019960e+00
9.916853397141544235e+00
1.003530599543449497e+01
9.960103310359530226e+00
9.947799326245185370e+00
9.979281332959203610e+00
1.013107176345221205e+01
1.004535190026763658e+01
1.010544128137313891e+01
1.025956004403182753e+01
1.022680086160440638e+01
1.016920988527585834e+01
1.116227113381247271e+01
1.103370337958119229e+01
1.106408222676893871e+01
1.123057956065279228e+01
1.109825644511823839e+01
1.112521860225406556e+01
1.108711620298963751e+01
1.096240363042196719e+01
1.099614054097635929e+01
1.100524399180065771e+01
1.088449544962822557e+01
1.092152514896021742e+01
1.091681205492270301e+01
1.080013488111552711e+01
1.084038383067176881e+01
1.082199881979001788e+01
1.070949455857982535e+01
1.075288110292277111e+01
1.072099866153788739e+01
1.061276313853085718e+01
1.065919779451455796e+01
1.061402199826102866e+01
1.055953011714658807e+01
1.051014406838538484e+01
1.129189750731998743e+01
1.115593155119646696e+01
1.117948201383078199e+01
1.050129434224480107e+01
1.045408914917207888e+01
1.040185555970830933e+01
1.038305591096691671e+01
1.034310004400209593e+01
1.028812946887149238e+01
1.133979506467398934e+01
1.122061723559899704e+01
1.120368296166828692e+01
1.137506483704888893e+01
1.125482334614230595e+01
1.123819947767215766e+01
1.140844884894293898e+01
1.128212314898062019e+01
1.127121954752291444e+01
1.145029239887216477e+01
1.130250596383953443e+01
1.131493140104226569e+01
9.391726602118364298e+00
9.399974776591875525e+00
9.317880543327232701e+00
9.567227668268349916e+00
9.568809079322747380e+00
9.486560965993824368e+00
9.133047616524828882e+00
9.182731617195308615e+00
9.317091649003838683e+00
9.739784512626910029e+00
9.654218899699920087e+00
9.734622323099856089e+00
9.908944506209728331e+00
9.896925853930859773e+00
9.818420763584645883e+00
1.001721253785828658e+01
1.007457920004027940e+01
9.979034968620421608e+00
1.005552640052458457e+01
1.006440743094285395e+01
1.019529181738869461e+01
1.032133071289166004e+01
1.112537562076998832e+01
1.119721210304578385e+01
1.126214729357096545e+01
1.104675587038875229e+01
1.096150372038160370e+01
1.086978721482212151e+01
1.077179361821737658e+01
1.066772533369030285e+01
1.055780080405948951e+01
1.131699971104400504e+01
1.044225354398590611e+01
1.135881403906589959e+01
1.139273056450739929e+01
1.142998301724877308e+01
9.478622092743249183e+00
9.652890570909072210e+00
9.326609414295182532e+00
9.240667883051617792e+00
9.223501581492250523e+00
9.359469022747035183e+00
9.254279536219375046e+00
9.284990391202143201e+00
9.361516326741870841e+00
9.823904007133558380e+00
9.991378858628650050e+00
1.018279661408781678e+01
1.009035596358944709e+01
1.010962520876086579e+01
1.023535207759713117e+01
1.013576768179122922e+01
1.015507998725601801e+01
1.015750126770376127e+01
1.032639481670749149e+01
1.029317825442758760e+01
1.022841771619768636e+01
1.046444834322464246e+01
1.042395205127639279e+01
1.036174498440909097e+01
1.136249786850407162e+01
1.122512119622095206e+01
1.126273831719089813e+01
1.144510853686518992e+01
1.133825283489908387e+01
1.130410964816310582e+01
1.151922130900205765e+01
1.140596095160476686e+01
1.137536931220660463e+01
1.127254551308737263e+01
1.113912179152092641e+01
1.118014649360214818e+01
1.117578826961132066e+01
1.104645237653042500e+01
1.109080435171719081e+01
1.107243422772864605e+01
1.094729291325188569e+01
1.099488598212629498e+01
1.096268624471439423e+01
1.089258367154384288e+01
1.084184552632011744e+01
1.084676507713484739e+01
1.078410616436948644e+01
1.073032638429188346e+01
1.072491163660075841e+01
1.061296828375076728e+01
1.066967851508550424e+01
1.158904508024930635e+01
1.144106514292433729e+01
1.146486458411459708e+01
1.059738215368855130e+01
1.049002022555397673e+01
1.054954182692075015e+01
1.162626671578413529e+01
1.148465835287368719e+01
1.150179664463227880e+01
1.165965323369326789e+01
1.151772752719857706e+01
1.153443604708223091e+01
1.171032998150912086e+01
1.155916668185811247e+01
1.158072413438406834e+01
9.551240573456681204e+00
9.559789194440543980e+00
9.469850978860877788e+00
9.745256821968304450e+00
9.654977555188343885e+00
9.742802184249754305e+00
9.341477998587299325e+00
9.440000019232943629e+00
9.933176279837775624e+00
9.921166005926915332e+00
9.835599132350610674e+00
1.011270149944998664e+01
1.009377343463653531e+01
1.001014998263065436e+01
1.021005856631472497e+01
1.028892317833338765e+01
1.026271810488315950e+01
1.018117617591320823e+01
1.025479919166782139e+01
1.039531290559284216e+01
1.053086435096557061e+01
1.131809265030744704e+01
1.140452398381686727e+01
1.148302215013796435e+01
1.155512306172882475e+01
1.122463055848292868e+01
1.112447299248387544e+01
1.101782297676432876e+01
1.090489841209822863e+01
1.078592862095865890e+01
1.066116238152775963e+01
1.160956640853146382e+01
1.164491872013352491e+01
1.168537116002796949e+01
9.647303848424206407e+00
9.838455788702434646e+00
9.490072376955044575e+00
9.410089964051863376e+00
9.427051562749140246e+00
9.589305821065968516e+00
9.470376088298284145e+00
9.523461179935058141e+00
1.002227444842284854e+01
1.020031446809542430e+01
1.039287927780123511e+01
1.031467810846033117e+01
1.028821926439614387e+01
1.046003950927270054e+01
1.034816797567321167e+01
1.037453404678868196e+01
1.036019511812585314e+01
1.054646689349799615e+01
1.050561005591677244e+01
1.043607943360458101e+01
1.069428999222690280e+01
1.057908239536462602e+01
1.064599063042225069e+01
1.156552495275164816e+01
1.146431107655242698e+01
1.141930232874448237e+01
1.166306330519663348e+01
1.151339783335538414e+01
1.155455162032104255e+01
1.175355504631322567e+01
1.163715989906971515e+01
1.160042212502511383e+01
1.182401664236565608e+01
1.170662452865879821e+01
1.167177076661926094e+01
1.146035798342701995e+01
1.136672587808144996e+01
1.131826909881683640e+01
1.134840494145569956e+01
1.126234378889743937e+01
1.121053137026172486e+01
1.122986368645355704e+01
1.115135939195549852e+01
1.109628457000876800e+01
1.110491045179393055e+01
1.097576579750112202e+01
1.103398587264084973e+01
1.097380825458305509e+01
1.084921323087878875e+01
1.091045888776786832e+01
1.083683823178551009e+01
1.071689170824875781e+01
1.078103617402632608e+01
1.194369230179255936e+01
1.176848423037622560e+01
1.178746836847203028e+01
1.187963501703569236e+01
1.177086707317682190e+01
1.175517769520440048e+01
1.195395737674870773e+01
1.180622160157402334e+01
1.183265466787210229e+01
9.726211362266612426e+00
9.638198358015110045e+00
9.737844298333589776e+00
9.948802050211590142e+00
9.941180991984676751e+00
9.846101208442100017e+00
9.537088703930578504e+00
9.612117946441784966e+00
1.014937458178384055e+01
1.004043757839640705e+01
1.013124332971674946e+01
1.034101103649621933e+01
1.022620484063973123e+01
1.031504197858750693e+01
1.042746212114916560e+01
1.052762816554251302e+01
1.049450894813748647e+01
1.040784532779592020e+01
1.046982541942965561e+01
1.062018764072318255e+01
1.076544192653514642e+01
1.151342047750151565e+01
1.161511678818445858e+01
1.170987658849120372e+01
1.179031566129445530e+01
1.188644960778807480e+01
1.140476232295003634e+01
1.128937936966041988e+01
1.116752072345955327e+01
1.103939906098066714e+01
1.090527768436309941e+01
1.191744506281291294e+01
1.191739568693774487e+01
9.838957527026384042e+00
1.004815133257761062e+01
9.658757373819891967e+00
9.835132264627118204e+00
9.708633827488394985e+00
1.024471335442366637e+01
1.043376237570479859e+01
1.062782915753912150e+01
1.051077409478915570e+01
1.054447710945072991e+01
1.070971819737606978e+01
1.058536337178025732e+01
1.061874218976433326e+01
1.058769022458742803e+01
1.079163117646442771e+01
1.066866593494094850e+01
1.074306006784928513e+01
1.094942920715103440e+01
1.082154569647281583e+01
1.089323655529073775e+01
1.177070557714733035e+01
1.161599756718260323e+01
1.166849886251528545e+01
1.188322532912766860e+01
1.172546641568311721e+01
1.177396842534804122e+01
1.202335398614495610e+01
1.184582172877440165e+01
1.189087873162175413e+01
1.200915985187709722e+01
1.191857391791339360e+01
1.188443289106107414e+01
1.216125273342406032e+01
1.199097165151495403e+01
1.205585177464961255e+01
1.165192109532910436e+01
1.150035133533318543e+01
1.155636469464257132e+01
1.152417815182385041e+01
1.137706229407526592e+01
1.143649593178155222e+01
1.138879038452567372e+01
1.130946764608726696e+01
1.124676768213360489e+01
1.124831495915790924e+01
1.111090241392783007e+01
1.117673927887030239e+01
1.110175365349123311e+01
1.096906092446091918e+01
1.103789824505174622e+01
1.217673929305691516e+01
1.206097002091741821e+01
1.202827053443361471e+01
1.206627722722447160e+01
9.946250190948642711e+00
9.949728746114168132e+00
9.839552841456050913e+00
1.018516932791156293e+01
1.006745724185286228e+01
1.016943723379348796e+01
9.778176949045601418e+00
1.039188264172209308e+01
1.027045889093347242e+01
1.036652493043460233e+01
1.060589751977090245e+01
1.056678065232538088e+01
1.047251933104172927e+01
1.066974230709329419e+01
1.080303691413072720e+01
1.075709401942305554e+01
1.066524530599946274e+01
1.070982452647436745e+01
1.087025054608289132e+01
1.102539071776893209e+01
1.171192548917602494e+01
1.182821565155006382e+01
1.195773068276800011e+01
1.202300280507811614e+01
1.208601378449032637e+01
1.236935490426079909e+01
1.226605116059463363e+01
1.215892742601934273e+01
1.158838970372623400e+01
1.145658484576466662e+01
1.131851787916151864e+01
1.117492227191358900e+01
1.227638103820173043e+01
9.892731057601279687e+00
1.007014575908864984e+01
1.029090056489271277e+01
1.008823718453406570e+01
9.961784170500498803e+00
1.049814238846363246e+01
1.070374359802823960e+01
1.088822275681378571e+01
1.075838132610720521e+01
1.079935459260022412e+01
1.098846509455274756e+01
1.084912761044621021e+01
1.089600343240671165e+01
1.084032767417425802e+01
1.106226371729613511e+01
1.092654165257182441e+01
1.100588228882978115e+01
1.123027854998560038e+01
1.108947630326671430e+01
1.116604613361921494e+01
1.197789827770168536e+01
1.181560070831370624e+01
1.187474909649083088e+01
1.215596931939940717e+01
1.196563207109328175e+01
1.202210203163689783e+01
1.217536043869981910e+01
1.210543340110130117e+01
1.203282095435966426e+01
1.229936752982468207e+01
1.216581397257818686e+01
1.215736073512197990e+01
1.223459294190848290e+01
1.254277794326607776e+01
1.234903706293671277e+01
1.245981542568373079e+01
1.184962515778648751e+01
1.168781322535311773e+01
1.175143151352347815e+01
1.169829895886532078e+01
1.154361437689565228e+01
1.161148263164915662e+01
1.154896285834536585e+01
1.146887894250133755e+01
1.139834167370816331e+01
1.139256669756424500e+01
1.124685823294070275e+01
1.132047713266096345e+01
1.001947287008021803e+01
1.014330480929903189e+01
1.044496477649501998e+01
1.042017204225161464e+01
1.031793565435253157e+01
1.065602491225032189e+01
1.063098310447534089e+01
1.052232147597596423e+01
1.092656753467497843e+01
1.076670141499699795e+01
1.086712741230411439e+01
1.093859336101304436e+01
1.110444841887000855e+01
1.104649344781720544e+01
1.095517874164021954e+01
1.097526287327849204e+01
1.114596001689539406e+01
1.131108735944337340e+01
1.191543635334508977e+01
1.207088148716702136e+01
1.217308682982025303e+01
1.239647522704559535e+01
1.229064935637420675e+01
1.221280780495430207e+01
1.235533570135078030e+01
1.242253911640166208e+01
1.177459784852990587e+01
1.162357606510001418e+01
1.147050274003775172e+01
1.036125084997088841e+01
1.022954286726804973e+01
1.027536564178224587e+01
1.040923558275760996e+01
1.055112496774995279e+01
1.079252878066384191e+01
1.101996648930333222e+01
1.117106394491645815e+01
1.107979259113723103e+01
1.102984198425372142e+01
1.129824500396752285e+01
1.114311478039496528e+01
1.120206283830710703e+01
1.111676514380892300e+01
1.135142028802789937e+01
1.129100843402046905e+01
1.120681849104586547e+01
1.153484169055161068e+01
1.146370562440962715e+01
1.138216581881642497e+01
1.220378807767396800e+01
1.209210869747558981e+01
1.202970898898702856e+01
1.228061069603790934e+01
1.222400865661822600e+01
1.213159826527707708e+01
1.246856164917655718e+01
1.231692557818293210e+01
1.232498263399753213e+01
1.244051469275149202e+01
1.267255909889391496e+01
1.253928851871123840e+01
1.248900111525135870e+01
1.261222736091063368e+01
1.210631180921584260e+01
1.190089910244700633e+01
1.197730224532444154e+01
1.186890494562330467e+01
1.178342456437638930e+01
1.170837338439491049e+01
1.169892912763460302e+01
1.162397860952751572e+01
1.154554032871490676e+01
1.064116678791459059e+01
1.050615393123191765e+01
1.054616876097730582e+01
1.065279927005880545e+01
1.093081204208484358e+01
1.079037120219868839e+01
1.093264301181682541e+01
1.123509526313365825e+01
1.117039923022572978e+01
1.108221023004207595e+01
1.123432032255023927e+01
1.141440606883128694e+01
1.135590167617520763e+01
1.125923510360611068e+01
1.126130870707919662e+01
1.144296361266786555e+01
1.161675588182891872e+01
1.215806107272603498e+01
1.224677464489014156e+01
1.253596156551558671e+01
1.234805414089084508e+01
1.241273634386690183e+01
1.250886755756333457e+01
1.277302939780604341e+01
1.262580546968771422e+01
1.258772265453289840e+01
1.273055692210481737e+01
1.198755377505482045e+01
1.178366961448405092e+01
1.078742472332747582e+01
1.120688264828707936e+01
1.106950706166298559e+01
1.106918516611459502e+01
1.122499485661422192e+01
1.132450951354177704e+01
1.149273205329730985e+01
1.133158547174371300e+01
1.139512972679296077e+01
1.163122262343211943e+01
1.152229612324765462e+01
1.146468041517057657e+01
1.142172156648956083e+01
1.166984837806785436e+01
1.160260255743461322e+01
1.151109157837871422e+01
1.184946904012872793e+01
1.177442193645268809e+01
1.169264358259187553e+01
1.248135949286131208e+01
1.229486942246523284e+01
1.234421000361096077e+01
1.254911706162968699e+01
1.241667158048559472e+01
1.238024176121131958e+01
1.254906469372204114e+01
1.283528532534928068e+01
1.269116262615658286e+01
1.265516175023548051e+01
1.281245464663276046e+01
1.216002531071144688e+01
1.213478462187827844e+01
1.201465941351281685e+01
1.200995283876071085e+01
1.193965740712044621e+01
1.185492858846377828e+01
1.148165149610129276e+01
1.134692107904714753e+01
1.136049555301815062e+01
1.145035038606149769e+01
1.156165391779344631e+01
1.174755616352850396e+01
1.157930158047875224e+01
1.168935110856820359e+01
1.158149295741810825e+01
1.176043553968579758e+01
1.193061799873823148e+01
1.244550896054049360e+01
1.246694266618519720e+01
1.227417563367805187e+01
1.252098566064687546e+01
1.285996689392325010e+01
1.271004881995908420e+01
1.270035923405181677e+01
1.285613063810509438e+01
1.208583077766830449e+01
1.230483978046992632e+01
1.161467689631068545e+01
1.183402953984245443e+01
1.166287303155170108e+01
1.173208330597108073e+01
1.198970191563270404e+01
1.186753496536215025e+01
1.181080317316138562e+01
1.175139181162398039e+01
1.202742760366752250e+01
1.193841422673267871e+01
1.184934742546569097e+01
1.219146046322455490e+01
1.202186899405838005e+01
1.210092209335012114e+01
1.279215364347409079e+01
1.262125478120062283e+01
1.263775483004567945e+01
1.284610214145128282e+01
1.266790199248460524e+01
1.269938884990792438e+01
1.286006297595795367e+01
1.234635761848728919e+01
1.225379418616272176e+01
1.217975753410289919e+01
1.239868285886500132e+01
1.191177622325936092e+01
1.193071816368833638e+01
1.211073042935958455e+01
1.227111163896806367e+01
1.282430027569482966e+01
1.270052228161414476e+01
1.257242038058485534e+01
1.274970562092742199e+01
1.252575612512211833e+01
1.221264448170813210e+01
1.210077237407672435e+01
1.202278454360029869e+01
1.211955656141745763e+01
1.240679426386055795e+01
1.221772877995642403e+01
1.229893574805556966e+01
1.257013758362708700e+01
1.238235707727072921e+01
1.245845211646151895e+01
1.263734929866418710e+01
1.230952402092233200e+01
1.248957825040320202e+01
