5.004778612360448875e+01
5.007546628889526374e+01
5.007206704912479012e+01
4.998944148918027963e+01
5.001882771825007978e+01
5.006182982671702320e+01
5.007394584963834916e+01
5.003816533539252731e+01
5.005530808059253900e+01
4.989923088213927116e+01
4.994587937989994231e+01
5.004078493320652399e+01
5.001536981796179049e+01
5.004400865890170280e+01
5.007966113588348378e+01
5.006397190702434585e+01
5.007747027383810945e+01
5.009060773732367267e+01
5.008302558339461541e+01
5.008150185086572037e+01
5.007234859770527180e+01
5.007213101444497028e+01
5.005545338043406645e+01
4.997481643011485630e+01
4.998266118459813612e+01
4.994257678361799435e+01
4.998481421888553200e+01
5.000681274348559668e+01
5.001069501493051916e+01
5.006030593535884066e+01
5.008513118959810129e+01
5.008154996153555061e+01
5.002459432855472699e+01
5.004832844516811718e+01
5.003120239701191707e+01
4.978631276170983710e+01
4.984389265006431913e+01
4.988322854091097724e+01
4.993020837838046333e+01
4.991706812949551875e+01
4.995085513680925260e+01
4.990750297481976361e+01
4.999977051215908830e+01
5.003194871351932704e+01
5.000787477753578969e+01
5.003612520904108152e+01
5.008051603141432651e+01
5.006081005916571769e+01
5.007983256089143964e+01
5.010336494154726239e+01
5.009691087442007529e+01
5.009157627770884602e+01
5.009958488351252015e+01
5.009514744210922288e+01
5.008590075596810465e+01
5.006608795790635469e+01
5.004517531369520356e+01
5.006918518538307694e+01
4.964332884543274105e+01
4.971540248469229084e+01
4.985276057820898643e+01
4.976980701425813436e+01
4.963340723302788859e+01
4.982810663447001787e+01
4.995380726876992128e+01
4.996399048479621996e+01
4.991948533625465245e+01
4.997595643743551364e+01
4.998865562532081697e+01
5.005603954511009590e+01
5.009172776710589403e+01
5.010140264672321564e+01
5.008268687755385429e+01
4.999986459543562489e+01
5.001188914593247858e+01
5.003286891984750184e+01
4.978115867028762409e+01
4.971409651813038977e+01
4.978288050123375541e+01
4.984913964899635630e+01
4.947836105800757167e+01
4.970258193464930940e+01
4.955647126256634749e+01
4.989401929844539296e+01
4.988765396133060648e+01
4.983315194207014542e+01
4.992489146780675924e+01
5.000144783139970883e+01
5.001691462870788030e+01
4.995931857639332208e+01
4.997621233922330930e+01
5.007458822117691000e+01
5.007750419412299436e+01
5.005326516221807509e+01
5.011258454528888251e+01
5.010780481443359236e+01
5.009657787293193820e+01
5.012186411447946455e+01
5.011063393815409484e+01
5.011259925094966405e+01
5.010135458698452027e+01
5.008351403695800030e+01
5.010057403644139384e+01
5.004888699515473149e+01
5.002369842236508646e+01
5.005772189492022051e+01
4.948242654654747241e+01
4.956408485602052849e+01
4.963084350713930348e+01
4.963763599238976809e+01
4.970673450706277663e+01
4.989691826342039604e+01
4.990640425368125932e+01
4.983984020375486068e+01
4.930944772308782120e+01
4.939547791012986266e+01
4.977168728057016267e+01
4.977000892630484685e+01
4.970412961592916190e+01
4.960238283443029417e+01
4.961819571307951549e+01
4.954183751751192943e+01
4.983269990965072793e+01
4.994685688784126398e+01
4.994898207149068270e+01
5.003816911736581829e+01
5.009348793617675710e+01
5.011703875646370676e+01
5.011157842337102863e+01
5.007508810970317370e+01
4.996798962796641774e+01
4.998398338800382845e+01
5.000823180118300115e+01
4.930220743196663591e+01
4.910878809386297661e+01
4.939318777194022658e+01
4.955836115208325054e+01
4.975952217731509819e+01
4.976963266428936095e+01
4.969648520841525396e+01
4.982835381842280498e+01
4.948393997768581443e+01
4.948046589104953341e+01
4.939810620716760070e+01
4.968863541952629959e+01
4.954425259401599391e+01
4.985876779954401883e+01
4.981551736861793955e+01
4.987620795255389083e+01
4.993092748779907453e+01
4.997819135951137071e+01
4.993771143924766420e+01
4.998954092053141096e+01
5.006167690945972026e+01
5.006803660129426703e+01
5.003154859371474572e+01
5.011587734807434913e+01
5.011411191203350057e+01
5.009517573499228149e+01
5.013924281004513261e+01
5.013035420873664805e+01
5.012594672907284377e+01
5.013283320723424197e+01
5.012738799272111123e+01
5.011688576328207745e+01
5.009607742459580493e+01
5.007227206068990455e+01
5.009874858071407289e+01
5.002990644515672614e+01
4.999885983654477428e+01
5.003935808024070298e+01
4.920674342511977528e+01
4.890624442278681272e+01
4.900945564833418189e+01
4.947557997808690544e+01
4.939030140652786116e+01
4.947818269915168798e+01
4.955389534591053291e+01
4.960817629022496078e+01
4.968403162770964343e+01
4.961985532663088350e+01
4.986538614868519659e+01
4.988071618192016388e+01
4.981276419680708756e+01
4.913078858595678611e+01
4.922182369938624902e+01
4.933429107329887131e+01
4.941015981765750809e+01
4.932220493334161660e+01
4.974043678293136850e+01
4.967274621457542594e+01
4.975550774289466460e+01
4.964229778619381506e+01
4.956362890938608956e+01
4.962148712165178210e+01
4.991324208164551379e+01
4.979902084181265565e+01
4.992156942159923005e+01
5.001969745163133041e+01
5.008858010183348597e+01
5.012745277677650080e+01
5.013586749374238138e+01
5.011429078813682025e+01
5.006277216757820270e+01
4.993417284833083869e+01
4.995115412321240456e+01
4.998189429346562207e+01
4.931395637955935740e+01
4.921333357521522345e+01
4.930776016922350635e+01
4.914305887141788531e+01
4.902633805737335138e+01
4.912524735064670267e+01
4.939568896497811323e+01
4.954281410902669336e+01
4.972166180717280781e+01
4.974014754660088045e+01
4.966545767239027498e+01
4.979340966532841151e+01
4.894479614272749757e+01
4.903943892359707490e+01
4.923440774762030969e+01
4.949516165913642141e+01
4.948896458748682647e+01
4.941543663694733368e+01
4.969231498881933362e+01
4.956784937731965357e+01
4.989637278080969907e+01
4.980941506687392462e+01
4.977449417353228256e+01
4.983414020809350831e+01
4.995192696779726305e+01
4.996473958888031319e+01
4.990874581089815365e+01
5.004785946589476708e+01
5.005449267874076469e+01
5.001309724446664262e+01
5.011445341402054510e+01
5.011494527709979252e+01
5.008808670532736329e+01
5.015129787616722012e+01
5.014503677936609449e+01
5.013360803030059998e+01
5.015852166137265300e+01
5.014544735021694066e+01
5.014888896035805033e+01
5.013626532954260995e+01
5.011594644317737135e+01
5.013453754855543565e+01
5.008461962170360948e+01
5.009030208922420968e+01
5.005705631241830389e+01
5.000384558032568805e+01
4.996887213212710321e+01
5.001679996011643681e+01
4.922967862775793435e+01
4.896091050236819342e+01
4.905270093867154912e+01
4.893371102311070331e+01
4.870022344572698358e+01
4.880496378291814352e+01
4.947599631053852676e+01
4.939605811667701829e+01
4.947477265568252847e+01
4.954153206229057815e+01
4.955833284660180027e+01
4.958327231313631245e+01
4.963985407900464253e+01
4.982623949426149323e+01
4.984548581064115780e+01
4.977403754221333543e+01
4.875588884281221880e+01
4.885173568354743168e+01
4.917331396623702489e+01
4.915160058375237639e+01
4.906011819707689625e+01
4.925530725316365732e+01
4.938343115907007785e+01
4.935810590692481981e+01
4.943990999218033977e+01
4.972588220543480730e+01
4.959084950675562453e+01
4.954276507206819957e+01
4.961627816621181353e+01
4.987165653486273698e+01
4.988887362684322824e+01
4.999968872696572930e+01
5.008096417150517254e+01
5.013268330662587857e+01
5.015469475389389231e+01
5.014716152974006746e+01
5.011019161889392848e+01
5.004396046366234430e+01
4.989388704465581981e+01
4.991410293240487306e+01
4.994867600891591053e+01
4.935554257284807278e+01
4.933367272178097096e+01
4.925036253595403224e+01
4.883217387866854864e+01
4.917016256366969174e+01
4.906623249562559153e+01
4.915600089022613162e+01
4.941614636493384438e+01
4.951706887776413879e+01
4.967300543841242444e+01
4.961575137252940237e+01
4.969698760364126144e+01
4.974937231768961254e+01
4.856634942475413652e+01
4.900382654047168529e+01
4.897451012282339633e+01
4.888098411211274197e+01
4.866251095104976798e+01
4.908976577692541099e+01
4.927915857688490320e+01
4.948706920971461187e+01
4.975568981374464528e+01
4.969886929880296123e+01
4.978239746077734651e+01
4.967297142788254405e+01
4.985154791931520180e+01
4.992039154314698379e+01
4.993582719833176498e+01
4.987336094442149914e+01
5.002866708243480787e+01
5.003795201682767413e+01
4.999033529561337730e+01
5.010772829097109593e+01
5.007781326539361544e+01
5.011081078068877304e+01
5.015761634880527708e+01
5.013603689323308998e+01
5.015418500725924389e+01
5.017828431909445186e+01
5.016814443363603715e+01
5.016477673138707871e+01
5.016981515519900370e+01
5.015278980613238247e+01
5.016413268471797693e+01
5.013231875736450860e+01
5.010822691223775394e+01
5.013423251621031085e+01
5.006594248580605466e+01
5.003465397907225309e+01
5.007519518483321264e+01
4.997088124254988628e+01
4.993225520483622404e+01
4.998725024274353501e+01
4.849399773162537031e+01
4.926234590440832761e+01
4.879391750761501356e+01
4.874721123489933206e+01
4.887869506989647306e+01
4.905517303283229325e+01
4.911272254221913158e+01
4.900753067689509379e+01
4.859859038506598239e+01
4.945692806623750926e+01
4.948862995558386757e+01
4.958100598635571998e+01
4.952390136290073031e+01
4.978298337152782693e+01
4.980426460007772249e+01
4.972802933037653617e+01
4.838116099693272787e+01
4.847479371192643072e+01
4.884066728789960621e+01
4.892358426791956560e+01
4.879800231075400774e+01
4.870461244639275122e+01
4.920179883644009777e+01
4.918704321107502864e+01
4.910311974967027737e+01
4.929200455790466862e+01
4.951690714266433702e+01
4.945000842091299376e+01
4.955366124823056850e+01
4.982455485569297338e+01
4.969567178668955876e+01
4.964301887117873235e+01
4.972551128899267781e+01
4.985140766731915107e+01
4.997425749194978550e+01
5.006793049368957327e+01
5.013240668108635845e+01
5.016768066300178219e+01
5.017377046240358851e+01
5.015077237139475841e+01
5.009881549253316990e+01
5.001807183696136860e+01
4.984736187171461808e+01
4.987060624172986678e+01
4.990875158579325443e+01
4.829151888005758053e+01
4.839405511127790760e+01
4.928082840487378746e+01
4.931797493853964909e+01
4.922525992662422567e+01
4.864554752758647993e+01
4.892514875173906574e+01
4.916749623223252286e+01
4.942236873148283394e+01
4.961658076060599143e+01
4.964444239164512140e+01
4.955296782704866843e+01
4.969948128731625303e+01
4.866580371090402934e+01
4.861594800773850267e+01
4.852370524927937367e+01
4.820096984653849859e+01
4.829134674228845370e+01
4.909280287418404498e+01
4.904853335415052840e+01
4.896743469547053706e+01
4.875457213965218983e+01
4.914787441640522303e+01
4.931453243324713043e+01
4.925787569639575025e+01
4.934864838062232195e+01
4.941531004977677810e+01
4.960581942225901031e+01
4.980128068840807742e+01
4.977110925499368932e+01
4.988416294533426765e+01
4.990191033715314006e+01
4.983358927349799217e+01
5.000427506076928807e+01
5.001612682448709535e+01
4.996234146750732918e+01
5.009562070609953111e+01
5.006214160884808706e+01
5.010135092973386861e+01
5.015815766292584499e+01
5.015758129083327788e+01
5.013292584365493809e+01
5.019186929008659348e+01
5.018478394434740864e+01
5.017471024816548919e+01
5.019679153234266522e+01
5.018302105619599018e+01
5.018748682120359206e+01
5.017300206975896515e+01
5.017133658170268973e+01
5.015238525684402759e+01
5.012061933393813717e+01
5.012637374584312511e+01
5.009300953732488892e+01
5.003980371923283599e+01
5.005275253093540755e+01
5.000507147704552580e+01
4.993075406465387545e+01
4.988878395781384967e+01
4.995066973471141836e+01
4.860907769369748621e+01
4.845121949255615590e+01
4.855126496783947943e+01
4.938488025584487673e+01
4.870288465185208793e+01
4.890554506839919924e+01
4.898081393756729085e+01
4.884903267760308410e+01
4.919176885477151728e+01
4.923617453624596862e+01
4.912310476338144127e+01
4.942053979409532616e+01
4.951823453558940002e+01
4.945451427347551743e+01
4.973538231468548076e+01
4.975879014394769939e+01
4.967600188936922478e+01
4.849758366242527075e+01
4.843886109170088616e+01
4.858232555657099283e+01
4.834907398855879990e+01
4.893755598737245549e+01
4.888828044606687939e+01
4.901642881950866837e+01
4.880235921210164207e+01
4.920356363410009237e+01
4.943680596081190259e+01
4.937534647750371875e+01
4.947663510614707150e+01
4.962906646994009918e+01
4.966216065416991654e+01
4.957269840990607435e+01
4.979370790636268396e+01
4.974441084440709204e+01
4.982035846456990669e+01
4.980942097051160999e+01
4.994388308933768883e+01
5.004962162968002559e+01
5.012656787326912422e+01
5.017469161578770809e+01
5.019400177931039053e+01
5.018455660201270518e+01
5.014645363675381162e+01
5.007983240087931165e+01
4.998487269227648966e+01
4.986179298421434680e+01
4.809685264633853308e+01
4.819495651729296526e+01
4.841642546027977545e+01
4.835364805486279494e+01
4.851323857339051671e+01
4.935063237055349816e+01
4.875813661582084535e+01
4.904877545164723074e+01
4.930591765734895660e+01
4.955808323368861323e+01
4.958690923672861572e+01
4.948934084172588399e+01
4.964635887971218864e+01
4.872571775927443127e+01
4.869517209004679614e+01
4.861101362327794106e+01
4.802882549746804131e+01
4.811483050234117087e+01
4.834036999921936228e+01
4.841888315989233860e+01
4.826998002998642789e+01
4.921781089598355408e+01
4.907769901143353053e+01
4.915522018050959474e+01
4.883081182977421264e+01
4.926600527934859741e+01
4.932676564538066089e+01
4.953242087637514146e+01
4.971091387850506749e+01
4.984303274079409363e+01
4.986319679381453085e+01
4.978919386354920107e+01
4.997467409772377778e+01
4.992939969803098421e+01
4.998909743391357097e+01
5.007796479838246029e+01
5.008643622861448108e+01
5.004109321310163239e+01
5.015282774633591600e+01
5.015515420465253982e+01
5.012418675840724802e+01
5.019922762316550546e+01
5.019522410857884154e+01
5.017864188855422469e+01
5.021717193776673582e+01
5.020666859550726002e+01
5.020445414777046977e+01
5.020670918688497864e+01
5.020166568902304505e+01
5.018955042078655282e+01
5.016792889891200957e+01
5.014397355652224775e+01
5.017036026485634892e+01
5.010096096293833057e+01
5.007008308595732160e+01
5.011066215461232076e+01
5.000597441569394164e+01
4.996806301310540022e+01
5.002273620275528998e+01
4.988317553600209209e+01
4.983813553066892865e+01
4.990678520484421199e+01
4.825688689482331739e+01
4.867910204653357198e+01
4.854762445951578798e+01
4.864367918439781846e+01
4.879170681294554868e+01
4.911865353837153236e+01
4.915463160879053106e+01
4.901242364513440464e+01
4.935141552687058208e+01
4.927162731472420631e+01
4.938552478327422790e+01
4.945436378989663950e+01
4.968316062212966955e+01
4.970884424864137685e+01
4.962061111689821047e+01
4.861434267204553095e+01
4.855538244781558177e+01
4.866972896228920575e+01
4.818382827975697325e+01
4.847655588891855416e+01
4.911921597251024707e+01
4.902836846137529392e+01
4.916814238072954169e+01
4.886240766254258716e+01
4.879377391991949509e+01
4.889946445874973335e+01
4.935048395852006564e+01
4.928380353463136743e+01
4.939337705828295810e+01
4.955516893057646399e+01
4.959188062221046778e+01
4.949565956600562799e+01
4.973282714145635452e+01
4.976305880600608589e+01
4.968063267591070087e+01
4.976268106656692680e+01
4.990845653846590579e+01
5.002593617136545134e+01
5.011502102888305643e+01
5.017565498849405259e+01
5.020782418043744144e+01
5.021155676945859625e+01
5.018692175413278278e+01
5.013402892809837397e+01
5.005302788880351983e+01
4.994410649652641609e+01
4.980749932018772341e+01
4.826741152506303933e+01
4.834216774263337157e+01
4.818155934452647671e+01
4.791329683423059294e+01
4.800551875495833798e+01
4.857891479937773482e+01
4.862874264435868810e+01
4.849721848817274861e+01
4.886058226972484420e+01
4.888231194323059725e+01
4.877002401982980473e+01
4.898925590665139396e+01
4.923454414566533899e+01
4.949521945319840910e+01
4.952619016280135611e+01
4.942331351019959840e+01
4.958874814828894984e+01
4.786571328246326829e+01
4.771505406903237656e+01
4.873756151104790035e+01
4.794754634573944685e+01
4.817501548838574621e+01
4.810119606315997487e+01
4.825755863975992810e+01
4.847691147501126352e+01
4.840802905055053884e+01
4.854538955499567265e+01
4.923415373792558114e+01
4.899033320657879642e+01
4.945224516739145315e+01
4.964345852264209924e+01
4.979675901949227068e+01
4.981946387203403503e+01
4.973991622800808443e+01
4.993966913684023012e+01
4.989130508529935071e+01
4.995676374149670806e+01
5.005462111395818425e+01
5.006590630128189900e+01
5.001459673809152662e+01
5.014151419777149954e+01
5.014680250754774704e+01
5.010968091837625593e+01
5.020028833262769297e+01
5.019940455533871670e+01
5.017648907816612791e+01
5.023092467002095418e+01
5.022370673711865408e+01
5.021499426084779572e+01
5.023344497706912648e+01
5.021974417819995296e+01
5.022521114765275740e+01
5.020791122939493789e+01
5.018759258925601330e+01
5.020719505698189522e+01
5.015442504691221615e+01
5.012736770417048149e+01
5.016104165567443118e+01
5.007312680833199892e+01
5.003922423682693221e+01
5.008688618557548011e+01
4.996419430918003712e+01
4.992335426118384589e+01
4.998490217774492805e+01
4.982784118691835573e+01
4.977999598505474665e+01
4.985529970218006923e+01
4.809006457468989026e+01
4.842271485754609017e+01
4.871936086284821243e+01
4.774290546922062362e+01
4.782833466909630715e+01
4.903599319889853803e+01
4.907678473587834134e+01
4.894826500315738826e+01
4.927939943255122301e+01
4.931491071252762026e+01
4.919902194942372375e+01
4.938684177150751253e+01
4.962603171324270335e+01
4.965413706677397698e+01
4.956058161146409446e+01
4.779092002082439450e+01
4.757851874553663407e+01
4.764658855524761094e+01
4.874616681137933227e+01
4.867966977475417423e+01
4.880402165838055595e+01
4.801996549248519841e+01
4.832525492191980021e+01
4.861065555287341766e+01
4.925688362435830214e+01
4.918767698423717150e+01
4.930338574200546020e+01
4.901367434809615276e+01
4.893770848431078946e+01
4.906609210263995635e+01
4.947389430088144735e+01
4.941182615941904999e+01
4.951426450870843610e+01
4.966431499643419301e+01
4.960939263563011536e+01
4.969833422774065212e+01
4.971091803350209659e+01
4.986775895460109354e+01
4.999670681251156168e+01
5.009764075512254067e+01
5.017048035239366754e+01
5.021518615260485774e+01
5.023175965828895073e+01
5.022024280415200082e+01
5.018071744779157939e+01
5.011330468529834548e+01
5.001816373437512198e+01
4.989549042986079996e+01
4.974551538642688797e+01
4.815347748739333866e+01
4.803394352688772528e+01
4.821056073294059274e+01
4.846687707157685310e+01
4.852248547324229833e+01
4.836671987911861947e+01
4.876704596142023007e+01
4.881330283959222527e+01
4.867285005709459966e+01
4.794911398994095464e+01
4.915718653927741855e+01
4.890096532446215605e+01
4.942766826659923396e+01
4.946095458152913693e+01
4.935348669712059433e+01
4.952634508567340532e+01
4.803070658595075315e+01
4.794867879118450560e+01
4.787295704413985931e+01
4.788272826525107462e+01
4.779943952705374954e+01
4.773005428591157795e+01
4.887923887449856863e+01
4.810305137441677203e+01
4.833710271077845988e+01
4.840660899648798221e+01
4.825548701374471250e+01
4.862552254265509077e+01
4.855066585981064975e+01
4.868546652695751220e+01
4.913456503038113965e+01
4.936474410614492569e+01
4.956850186947587389e+01
4.974507840780978540e+01
4.977045829692103496e+01
4.968548158565841533e+01
4.989904224123140608e+01
4.991891978520844475e+01
4.984782780782661860e+01
5.002541919869453579e+01
5.003960587969231000e+01
4.998246925096547244e+01
5.012408663434503353e+01
5.013240479953778816e+01
5.008927415470468958e+01
5.019496122002325222e+01
5.019724477344280444e+01
5.016815052004320563e+01
5.023799937038995012e+01
5.023409451032037509e+01
5.021904658393527399e+01
5.025319731552648506e+01
5.024195110214063220e+01
5.024296297431403957e+01
5.024059081143555261e+01
5.023689290254161222e+01
5.022389900478246005e+01
5.020025467168888866e+01
5.017699079969758458e+01
5.020394045559982033e+01
5.013230206610599282e+01
5.014320124261922018e+01
5.010236513030887551e+01
5.003688350277134589e+01
5.005482080040476234e+01
5.000018616585747822e+01
4.991418549246073155e+01
4.987065401934495412e+01
4.993898138011911669e+01
4.976442887975790796e+01
4.971400290134645417e+01
4.979590031742044687e+01
4.758771194616953437e+01
4.766524448083922749e+01
4.830991373430187252e+01
4.861635771367856051e+01
4.795732289372409696e+01
4.805634401523811050e+01
4.785002571899598678e+01
4.920188839344004350e+01
4.924012318785533893e+01
4.911888740979937040e+01
4.894893221573202169e+01
4.899191165560813488e+01
4.885791382564656260e+01
4.931424050139507642e+01
4.956368904970278777e+01
4.949560177253287918e+01
4.959437270952201260e+01
4.745488251925645784e+01
4.751574391196083269e+01
4.795745279537264594e+01
4.775289213175789627e+01
4.781813766862858017e+01
4.766560297652859646e+01
4.890033862891183958e+01
4.882279263799684088e+01
4.895664687048780195e+01
4.818352667991646143e+01
4.848032745798901288e+01
4.876204118107397534e+01
4.915549836067647504e+01
4.908417179634827221e+01
4.920586689617481113e+01
4.938478478190795329e+01
4.942904658018177599e+01
4.932043670870267960e+01
4.958786716228508595e+01
4.962582824653441094e+01
4.953049901115773679e+01
4.982154949397116894e+01
4.965384750839265848e+01
4.996173998390538173e+01
5.007427691674841697e+01
5.015905727575841411e+01
5.021601758868197862e+01
5.024513419548214443e+01
5.024642312875366912e+01
5.021993972753767821e+01
5.016577805770449316e+01
5.008407005724399852e+01
4.997498435783330706e+01
4.983872478707378662e+01
4.967552866266972700e+01
4.777264653179368281e+01
4.831516292174541150e+01
4.839105947392519624e+01
4.823373394523103030e+01
4.866924529025736490e+01
4.871752611648557973e+01
4.856794229573199573e+01
4.813673371377517896e+01
4.907484098593243971e+01
4.880842681770765523e+01
4.935507278702696965e+01
4.927839749710784645e+01
4.939085305615268595e+01
4.945881418490186832e+01
4.760309985827394996e+01
4.818605949250970610e+01
4.803450186786305665e+01
4.810884828529356838e+01
4.802832508834774927e+01
4.789014723829067322e+01
4.795583443520520461e+01
4.902716203448502341e+01
4.826176067039317985e+01
4.848652545024382476e+01
4.841114309423396378e+01
4.855569189711302158e+01
4.877875072828933867e+01
4.870161894230706423e+01
4.883918121461525175e+01
4.926943456613284411e+01
4.948566493148164369e+01
4.985255537401277337e+01
4.987533755806480684e+01
4.979871727227256883e+01
4.968770825723029816e+01
4.971590727334898219e+01
4.962559552625759807e+01
4.999016514670791622e+01
5.000735293998003783e+01
4.994450486568882752e+01
5.010039433229204775e+01
5.011182036433431364e+01
5.006280602533578872e+01
5.018313755929486319e+01
5.018864539903272259e+01
5.015350677186804518e+01
5.023832794905191435e+01
5.023777274362018375e+01
5.021653204120468672e+01
5.026593742286102184e+01
5.025184605079896016e+01
5.025918642352662857e+01
5.026597668963218979e+01
5.025290963901128549e+01
5.025945232613312896e+01
5.023849496107017387e+01
5.021900438328577820e+01
5.023939341380759060e+01
5.018357942253275183e+01
5.019175038410052281e+01
5.015757082748547191e+01
5.010135444028103535e+01
5.006874641824784078e+01
5.011664208342428850e+01
4.999198048684778684e+01
4.995270467381111246e+01
5.001422408590595836e+01
4.985565279761402024e+01
4.980965367710299319e+01
4.988468734869940846e+01
4.969259983750151122e+01
4.963983445603121680e+01
4.972825660801465375e+01
4.745059634420073991e+01
4.751845857482675228e+01
4.779647399408449360e+01
4.769188270349624759e+01
4.787659293349853584e+01
4.849216454606495574e+01
4.806776235974886902e+01
4.801199073847850940e+01
4.819060522613165887e+01
4.911946374621609124e+01
4.903410589800061103e+01
4.916012626066324742e+01
4.885711632313668673e+01
4.890244840037586727e+01
4.876308606550290392e+01
4.923666593400042046e+01
4.949580386161520096e+01
4.942532897934633951e+01
4.952923292846329417e+01
4.734538721027826114e+01
4.739932176907180406e+01
4.769316899691960288e+01
4.757401596783456910e+01
4.772213347899818103e+01
4.810791553936653031e+01
4.795166819081701703e+01
4.799061700600948654e+01
4.785361952607988201e+01
4.904583784684312064e+01
4.897263440889553010e+01
4.910032078923814680e+01
4.833577235768943581e+01
4.863178654586440786e+01
4.891148828942397131e+01
4.928738845273307589e+01
4.922101145864391469e+01
4.933577115958748038e+01
4.950308167906165835e+01
4.944351931650078313e+01
4.954518872324170076e+01
4.992081978064619818e+01
4.976956804074739438e+01
4.959116380398707236e+01
5.004475726892255949e+01
5.014125613925594394e+01
5.021023023761155457e+01
5.025163208027861828e+01
5.026545300133687988e+01
5.025172300023426430e+01
5.021051033336287617e+01
5.014192085486141792e+01
5.004609708327949136e+01
4.992321698847860745e+01
4.977349254314512450e+01
4.959716813340213548e+01
4.762255031156026064e+01
4.793114331774554415e+01
4.856841298659487194e+01
4.861808419544941984e+01
4.844197553122405964e+01
4.825310044984966851e+01
4.828338524067701343e+01
4.816027191059140478e+01
4.898765289684001800e+01
4.871201204384616545e+01
4.927705738889873999e+01
4.931552162153148089e+01
4.919814240148599538e+01
4.938580487634703786e+01
4.751870733164177807e+01
4.782322464296181153e+01
4.834365422841181470e+01
4.818602037918108039e+01
4.826531128220639033e+01
4.819176401514731367e+01
4.807227034985618985e+01
4.811060840390959470e+01
4.916584887723173125e+01
4.841517384947283631e+01
4.864838701796954723e+01
4.856694839508325856e+01
4.871317401894111754e+01
4.892742284062432390e+01
4.885259896535103508e+01
4.898626403308119848e+01
4.939451902186581833e+01
4.994864641043171360e+01
4.996894428294112345e+01
4.990047838435648231e+01
4.979995199158303620e+01
4.982576981090350188e+01
4.974370399153433198e+01
4.962434743398080172e+01
4.965551887099902473e+01
4.955994321919614976e+01
5.007026804082297389e+01
5.008488923060719600e+01
5.003009503276271630e+01
5.016469060751227005e+01
5.017348874026691163e+01
5.013241918905369943e+01
5.023182508251802147e+01
5.023466478718965078e+01
5.020735367750354783e+01
5.027162021089635857e+01
5.026837764938608899e+01
5.025483946551418768e+01
5.028406272724981108e+01
5.027462600983132290e+01
5.027485592383249013e+01
5.026917728503232041e+01
5.025344677726246800e+01
5.026742078384777557e+01
5.022702612113861420e+01
5.023258982736162181e+01
5.020491465267183884e+01
5.015770846311264108e+01
5.017045632541941558e+01
5.012914143687049773e+01
5.006135967668213738e+01
5.002627506757743703e+01
5.008115021450974780e+01
4.993815015993887840e+01
4.989649839431427836e+01
4.996483700411776852e+01
4.978828401456904373e+01
4.974002774360837975e+01
4.982171643836475283e+01
4.961199754269308215e+01
4.955711135160802172e+01
4.965202097882534105e+01
4.733209066668612053e+01
4.739044645481961027e+01
4.764780987153347525e+01
4.772198110077995636e+01
4.754895681204918390e+01
4.796999606816235939e+01
4.801835160733259755e+01
4.788301485405256841e+01
4.841019733676299097e+01
4.811064444017705455e+01
4.903171718206002794e+01
4.894428678943797451e+01
4.907501406438748148e+01
4.876006144539489640e+01
4.866409643459419243e+01
4.880797885797523605e+01
4.915372292180288838e+01
4.942203050200286185e+01
4.945838049440482820e+01
4.934940258050099970e+01
4.725086188841046209e+01
4.729745163562905219e+01
4.761622933040722927e+01
4.765393888775417963e+01
4.748122975842839111e+01
4.798840237335525671e+01
4.784106482896292079e+01
4.796931173513343083e+01
4.826838041637545729e+01
4.809083835910990956e+01
4.918125937790617996e+01
4.911308357220318754e+01
4.923398884505484574e+01
4.849560461169900805e+01
4.878703487685596940e+01
4.905352442587361139e+01
4.940955758729786851e+01
4.934802774801443093e+01
4.945601417430287938e+01
5.000889104964085874e+01
4.987371180492894496e+01
4.971153589216029900e+01
4.952254363341787524e+01
5.011692908140445013e+01
5.019771819839644422e+01
5.025118823562542758e+01
5.027730693294800801e+01
5.027608000600156402e+01
5.024755094137331923e+01
5.019180053195579205e+01
5.010894615397647556e+01
4.999914078591854150e+01
4.986257178707662518e+01
4.969945947686448307e+01
4.951005555676865555e+01
4.748904670996456190e+01
4.780897162762303765e+01
4.846326051932894075e+01
4.851515670702582383e+01
4.835802295582598020e+01
4.814439071486563648e+01
4.819809632085924989e+01
4.805670617752910090e+01
4.889518271865390631e+01
4.861088406004474649e+01
4.919323246617539525e+01
4.911232185278803541e+01
4.923457801250878418e+01
4.930694968874028206e+01
4.743334895293440923e+01
4.780165190503251438e+01
4.850761531016876660e+01
4.834980801969831532e+01
4.842612176167829574e+01
4.835796134189500606e+01
4.817297833745529090e+01
4.827541187174516324e+01
4.929464126246276834e+01
4.857811679540956362e+01
4.879975413827229858e+01
4.872355003962814379e+01
4.886320541926189520e+01
4.906593662665186883e+01
4.899618242485063035e+01
4.912324635458420374e+01
5.003352116761254820e+01
4.999094168823494044e+01
5.005143350149402437e+01
4.990063312904761261e+01
4.985014669268834808e+01
4.992415871952189832e+01
4.974095857166376078e+01
4.976995149858817769e+01
4.968250072477089674e+01
4.955467872296938481e+01
4.958898387369767136e+01
4.948819329732015859e+01
5.013947644972264328e+01
5.010473126362175122e+01
5.015163949904001583e+01
5.021838876159767295e+01
5.019139718327896560e+01
5.022467701691554254e+01
5.027018463616439448e+01
5.027048363538780507e+01
5.025085821954981924e+01
5.029482777531012516e+01
5.028903452928380347e+01
5.028307062507719394e+01
5.029231918525163536e+01
5.028034249987196347e+01
5.028802830763499543e+01
5.026269704075263434e+01
5.026576272618926566e+01
5.024445773854962738e+01
5.020603628827645792e+01
5.021634252434264312e+01
5.018146733154977568e+01
5.012244799472441059e+01
5.009149450810409121e+01
5.013987290759311577e+01
5.001207844838811667e+01
4.997469763766786599e+01
5.003649476647801464e+01
4.987510802607716442e+01
4.983126899777014529e+01
4.990638355614548516e+01
4.971174984682889431e+01
4.974974795926408433e+01
4.966143334753271432e+01
4.952224821815062938e+01
4.956682836119468760e+01
4.946544632190547475e+01
4.723145981955352823e+01
4.728088540623685532e+01
4.760565246657295546e+01
4.762596843173663075e+01
4.746935911114880469e+01
4.787000662373553439e+01
4.775981491041191163e+01
4.791974770411044204e+01
4.830292970300101985e+01
4.800648355900266040e+01
4.893823753252356568e+01
4.884898180225440001e+01
4.898437718474192337e+01
4.865741312617629433e+01
4.856015060674204165e+01
4.870810510619831035e+01
4.906501126305082039e+01
4.934200854781346379e+01
4.938146228524858117e+01
4.926744753060655313e+01
4.717185824599550159e+01
4.721083000232022897e+01
4.752612691344862128e+01
4.757082687746795813e+01
4.738952026625975122e+01
4.785870192857483829e+01
4.773775313608692272e+01
4.792302951111231124e+01
4.843344692273334573e+01
4.819887647947630427e+01
4.809330719147986599e+01
4.827854482287832383e+01
4.930687681967391001e+01
4.935789511118430539e+01
4.924359246247315269e+01
4.865329741999502033e+01
4.893197963434577957e+01
4.918559225661496015e+01
5.008591096479646154e+01
4.996647014973638079e+01
4.982016447191450226e+01
4.964715775357444016e+01
4.944764818093986491e+01
5.017835862507128297e+01
5.024372124915122839e+01
5.028194393707704535e+01
5.029300904733278088e+01
5.027693619528599811e+01
5.023378198572171272e+01
5.016363948793122773e+01
5.006663745946050881e+01
4.994293932815747894e+01
4.979274195084538945e+01
4.961627416519380063e+01
4.941379511118206835e+01
4.741839276135619485e+01
4.773872084881393363e+01
4.835084866569997786e+01
4.840635389251553278e+01
4.824733699576035661e+01
4.797492676705766002e+01
4.805955668322622643e+01
4.792196541162808643e+01
4.879705570263712389e+01
4.850328182539064414e+01
4.910319544679517634e+01
4.914762626027722092e+01
4.902052901876623281e+01
4.922186706807924850e+01
4.734958095554306112e+01
4.769236921106898563e+01
4.802813773629338812e+01
4.866122055245087807e+01
4.850973945499289641e+01
4.858493138675637368e+01
4.851339352646739655e+01
4.835571385521632948e+01
4.843621944436654303e+01
4.873063489633376832e+01
4.894094325898615239e+01
4.886981983116832140e+01
4.900307494744045300e+01
4.919460533132257041e+01
4.925040548058477441e+01
4.912976588062544181e+01
5.010733489522115036e+01
5.007026967196225087e+01
5.012294564378397155e+01
4.998995086808018584e+01
4.994512971251786837e+01
5.001125847021594240e+01
4.984587948222022646e+01
4.979325019455376378e+01
4.987275840666489302e+01
4.967528623924715703e+01
4.961480449592566799e+01
4.970760140540249949e+01
4.947837037087563772e+01
4.951597778384616078e+01
4.940999973354333719e+01
5.019790093698229327e+01
5.016853163730449694e+01
5.020769943347595898e+01
5.026155410557077374e+01
5.026543560116203935e+01
5.023981306427243254e+01
5.029823586002091673e+01
5.029610668078527169e+01
5.028404796468729643e+01
5.030792433675173925e+01
5.029970221091226534e+01
5.030120728250984996e+01
5.029063439822709825e+01
5.027624869164245780e+01
5.029129898449527047e+01
5.024641743337087973e+01
5.022580928557042768e+01
5.025436789220695744e+01
5.017536089669534505e+01
5.014848326166926995e+01
5.019049525261065270e+01
5.007758760186126779e+01
5.004440519210094607e+01
5.009979805852990609e+01
4.995325477676298931e+01
4.991374391272567124e+01
4.998242812600032181e+01
4.980255289116672657e+01
4.975670126283793593e+01
4.983857094132860510e+01
4.962570426389643785e+01
4.966844429212271450e+01
4.957351061163467421e+01
4.942296144085358378e+01
4.936443514123975262e+01
4.947229667951354770e+01
4.715126277513037678e+01
4.719032147374120711e+01
4.740853259255710839e+01
4.732053906557010237e+01
4.750759226314823280e+01
4.779088250449868269e+01
4.816251955655528150e+01
4.883851798787667775e+01
4.888775808214911223e+01
4.874776029468064564e+01
4.854827584780579031e+01
4.860219682239031869e+01
4.844934620349174281e+01
4.897007784754027426e+01
4.925536355741004968e+01
4.917907546443507982e+01
4.929811097024300182e+01
4.710876584410242174e+01
4.713998000990905268e+01
4.747251157995005855e+01
4.732317795163416463e+01
4.749873149316362486e+01
4.774782184237878369e+01
4.780369870726604375e+01
4.763868069268939109e+01
4.803967756906495623e+01
4.794861572828801854e+01
4.811859910336454504e+01
4.858802324272907924e+01
4.835590345388922628e+01
4.843481872350380968e+01
4.827676184512687740e+01
4.880071494040911517e+01
4.906691663349557331e+01
4.930797459463186527e+01
5.015201249731073574e+01
5.004802037075853605e+01
4.991727033002212011e+01
4.975991051302211332e+01
4.957612337524309964e+01
4.936612447552988669e+01
5.022913389790533500e+01
5.027930782521175956e+01
5.030249406582591831e+01
5.029868912786802326e+01
5.026792616540433301e+01
5.021027464695551856e+01
5.012583977108164390e+01
5.001476163943365805e+01
4.987721419699018099e+01
4.971340394930023621e+01
4.952356845661407192e+01
4.728036059958175485e+01
4.767412196782194655e+01
4.763915715547119589e+01
4.754114273573061666e+01
4.782360524724035855e+01
4.823285728017021512e+01
4.829106655529999870e+01
4.810391388528197609e+01
4.869257377532436237e+01
4.838963568015854122e+01
4.900652828984937059e+01
4.905425612354471809e+01
4.892230226224745593e+01
4.913016107104450469e+01
4.729138078658638022e+01
4.761170409295924344e+01
4.789373869598361466e+01
4.819646662269202153e+01
4.880468506768657022e+01
4.873347987782027957e+01
4.865921594057590482e+01
4.865879828975628385e+01
4.858665503447380729e+01
4.850694703164354138e+01
4.887299012470469251e+01
4.907229373851055954e+01
4.913310353747803561e+01
4.900608480168592251e+01
4.931373094978351190e+01
4.936802761083296076e+01
4.925365765979409360e+01
5.017022822908610635e+01
5.013861031004780244e+01
5.018360634143909493e+01
5.006809041609594146e+01
5.008723932608421592e+01
5.002884529016922954e+01
4.993933918843518427e+01
4.996415374023045786e+01
4.989242728565478302e+01
4.978412499389738599e+01
4.972951428458051737e+01
4.981449019319855154e+01
4.960263204534403769e+01
4.954029803008939581e+01
4.963842362347231330e+01
4.939507707579979012e+01
4.943616210634703378e+01
4.932500275594409089e+01
5.024563694565988925e+01
5.022159918578404358e+01
5.025314944044546195e+01
5.029423642417180673e+01
5.027772440653989605e+01
5.029579923280287801e+01
5.031598255868985348e+01
5.031152269815864742e+01
5.030693466115801726e+01
5.031086751771834287e+01
5.030032332964245256e+01
5.030921512240382043e+01
5.027891972617968719e+01
5.026224102534127525e+01
5.028458746159985537e+01
5.022020359147719404e+01
5.019735172027952785e+01
5.023310961185835311e+01
5.013481898079757570e+01
5.010576677179057015e+01
5.015487527551380253e+01
5.002290045887463066e+01
4.998763210543110347e+01
5.005001318928313481e+01
4.988461629171049339e+01
4.991868615317796554e+01
4.984312712999940231e+01
4.972016722542700506e+01
4.976108983316394330e+01
4.967246342989900398e+01
4.952978504767934709e+01
4.947588323406501587e+01
4.957745134367269202e+01
4.709076544269304776e+01
4.711977910879004128e+01
4.749141288258567073e+01
4.744912963320555832e+01
4.732203579489893031e+01
4.758229381923138135e+01
4.789259979204428674e+01
4.793275297724731132e+01
4.778327778540684534e+01
4.806175889638927146e+01
4.873215564512307907e+01
4.878469786285725718e+01
4.863997536832882673e+01
4.843256567578347216e+01
4.848974462870415181e+01
4.833245342434444325e+01
4.886850993386015318e+01
4.916170784574854480e+01
4.920794547136197394e+01
4.908388362292689777e+01
4.706166045837125012e+01
4.708522680183413911e+01
4.741464915339704334e+01
4.744325626105511873e+01
4.726277974048500852e+01
4.779821811815528321e+01
4.763605314517111822e+01
4.777276792962545215e+01
4.791919633089055708e+01
4.818064676537180446e+01
4.826793764735270287e+01
4.810931553427298724e+01
4.873249132403471151e+01
4.850295172593684612e+01
4.858106437447280257e+01
4.842878993243448349e+01
4.893814374913890930e+01
4.919216617318897278e+01
4.942095815782595025e+01
5.020731373768494876e+01
5.011852544523656405e+01
5.000306064190646538e+01
4.986105245723826584e+01
4.969266830259855539e+01
4.949810874789942261e+01
4.927760615644609743e+01
5.026932756208645259e+01
5.030450476868452370e+01
5.031281938270353038e+01
5.029428171371709055e+01
5.024893820984772219e+01
5.017687105798523106e+01
5.007819754071627472e+01
4.995306915600507836e+01
4.980167050739530765e+01
4.962421797237694676e+01
4.729052964199679820e+01
4.769133459377555795e+01
4.810810231090333389e+01
4.800008202675934399e+01
4.816976098088007774e+01
4.858147536540756306e+01
4.826940096554341153e+01
4.890280136002485989e+01
4.895404353075417703e+01
4.881722472306738325e+01
4.903142300778308993e+01
4.723893719637481325e+01
4.760654117710187450e+01
4.798869053429446296e+01
4.834081598982891848e+01
4.893836477291657161e+01
4.887206239688319442e+01
4.879878692039655164e+01
4.879450694915616538e+01
4.864834542089970881e+01
4.872721997004403249e+01
4.900553203707951155e+01
4.919413483385642394e+01
4.913267829396099273e+01
4.925360717168041447e+01
4.942361427801635188e+01
4.947639909005673076e+01
4.936815914535868899e+01
5.022232694341498416e+01
5.023352622641756682e+01
5.019609683139057665e+01
5.013522267698331802e+01
5.015225708058060405e+01
5.010147150788500880e+01
5.002155308954164781e+01
5.004433782439535605e+01
4.998025423764394759e+01
4.988145417117064540e+01
4.990989435568506849e+01
4.983258825520140078e+01
4.971509572897807061e+01
4.974908687468013113e+01
4.965865059362282352e+01
4.952268024233737265e+01
4.945865088992980674e+01
4.956210881129868540e+01
4.930444145456757354e+01
4.934918549994802106e+01
4.923282993575090671e+01
5.028276463252198170e+01
5.028805451244974734e+01
5.026402173148535724e+01
5.031646988842835100e+01
5.031578691966127792e+01
5.030517320994646724e+01
5.032341266741674701e+01
5.031670448507598792e+01
5.031951420032730482e+01
5.030359889561380982e+01
5.029082437165557451e+01
5.030704376602083272e+01
5.025707037546970923e+01
5.023819968483630305e+01
5.026779704402638771e+01
5.018390444267433992e+01
5.015891903916110550e+01
5.020184493628759270e+01
5.008421338101096865e+01
5.005310588434279850e+01
5.010929355523084183e+01
4.995814359985959641e+01
4.992091759534542206e+01
4.999028343098022020e+01
4.980587458170647608e+01
4.976254433495627438e+01
4.984498848643339386e+01
4.962761760844323788e+01
4.967361478914735784e+01
4.957820769697155328e+01
4.741246227043438921e+01
4.745080394479675334e+01
4.725245420939521068e+01
4.704747271529361541e+01
4.706845244657213101e+01
4.776261390233453596e+01
4.782669216012400426e+01
4.762719236043974291e+01
4.793427760021095452e+01
4.861866201919372088e+01
4.867475392252183042e+01
4.852533729083035752e+01
4.830960187870755362e+01
4.837040120294354040e+01
4.820855048328656522e+01
4.875985012187272361e+01
4.906064271931410303e+01
4.911057260143783054e+01
4.898145795069689257e+01
4.703153282892594689e+01
4.704683993736192349e+01
4.733235414152731835e+01
4.737357918634739917e+01
4.719843337440363484e+01
4.766844968313439779e+01
4.754213325251603806e+01
4.773272203564795291e+01
4.800367087017961865e+01
4.790070413591310228e+01
4.809174318942214654e+01
4.833418464759778743e+01
4.825680262103033158e+01
4.841817507696810452e+01
4.886721782668776370e+01
4.864039094103938510e+01
4.857105819393189705e+01
4.871767476713979050e+01
4.906592637345040231e+01
4.930804347316509961e+01
4.952482842013837683e+01
5.017813375091529338e+01
5.025191768953503413e+01
5.007772859837843527e+01
4.995082091260419332e+01
4.979756366700085124e+01
4.961814309629265551e+01
4.941277742151804375e+01
4.918171531721469592e+01
5.029899681921248344e+01
5.031932316999183996e+01
5.031288468177579176e+01
5.027970523588857077e+01
5.021984443682976007e+01
5.013339714702829752e+01
5.002049278237531382e+01
4.988129437364640495e+01
4.971599740221476083e+01
4.723005727121259412e+01
4.758664810041327797e+01
4.798315812964729332e+01
4.804487795005842798e+01
4.787267455372386848e+01
4.846320288197448889e+01
4.814536097968800021e+01
4.879157449374658739e+01
4.884655419003973975e+01
4.870483245971496444e+01
4.892523404442106738e+01
4.718343446582068168e+01
4.750092939477513454e+01
4.783538424584173754e+01
4.701879818658568411e+01
4.702550625090381686e+01
4.816796302593916579e+01
4.848629556779350480e+01
4.906262106877029794e+01
4.892879643018558511e+01
4.900103743578536353e+01
4.892092122226912210e+01
4.878030550433745560e+01
4.885828564731050250e+01
4.912860596481075959e+01
4.930679886731827111e+01
4.924993085890541522e+01
4.936490205751173477e+01
4.952455522149037392e+01
4.947357070877630036e+01
4.957580471802160105e+01
5.019150392990814424e+01
5.020645277534259776e+01
5.016317197577811271e+01
5.026374173824019920e+01
5.027280074213232552e+01
5.024284749069189360e+01
5.009272254300842064e+01
5.011349680307076682e+01
5.005693944856475497e+01
4.996751958740298960e+01
4.999404451051987763e+01
4.992427892731100769e+01
4.981605101067253116e+01
4.984824192996201475e+01
4.976535331523059824e+01
4.963850563299853036e+01
4.958035829554393814e+01
4.967626844960837929e+01
4.943510383816921916e+01
4.936952097376182280e+01
4.947833558729818293e+01
4.920609602409260930e+01
4.925468551063825373e+01
4.913309827715769273e+01
5.030934872056499785e+01
5.031246411115894546e+01
5.029587173086806473e+01
5.032827296687903385e+01
5.032540187741880544e+01
5.032218581019809989e+01
5.032049824071592781e+01
5.031160887014662109e+01
5.032176659300148458e+01
5.028604405817065270e+01
5.029462681229117038e+01
5.027111574569785546e+01
5.022496552039244477e+01
5.024081493914540175e+01
5.020398873209596502e+01
5.013735290293117686e+01
5.016041480541425557e+01
5.011032913109750808e+01
5.002333100359503959e+01
5.005354498479172776e+01
4.999027258030026388e+01
4.988305825560574647e+01
4.984398808299297201e+01
4.992035793779822228e+01
4.971672561361018694e+01
4.967167681354241182e+01
4.976103892788374594e+01
4.732688828239104595e+01
4.718892635296920446e+01
4.736928167648160581e+01
4.764729744371573616e+01
4.752990566101865966e+01
4.770403341760310667e+01
4.702554176760914117e+01
4.703533098542636992e+01
4.781414558477638366e+01
4.849772951044725033e+01
4.840335636980550049e+01
4.855752641570245487e+01
4.818002879546801154e+01
4.808123308351026992e+01
4.824412948000020407e+01
4.864372335837087746e+01
4.895176088190149244e+01
4.900558930078100417e+01
4.887137477054206158e+01
4.732578702248523683e+01
4.718032314353479251e+01
4.732946650602673344e+01
4.755949645192302455e+01
4.761418120875269722e+01
4.744730236290881464e+01
4.783360728432202080e+01
4.775053290597363542e+01
4.791820052258440654e+01
4.717441969820979608e+01
4.815312258350571994e+01
4.807768457877288171e+01
4.824328696811478778e+01
4.847311313125435106e+01
4.840301610509655461e+01
4.855640261376324673e+01
4.899258029605041287e+01
4.876871555782332734e+01
4.870394695359482284e+01
4.884507289333688362e+01
4.918440947322833523e+01
4.941486440220510445e+01
4.961986850918617620e+01
5.014145304091987043e+01
5.022697880224027500e+01
5.028591208982097527e+01
5.002943948570331401e+01
4.989107718419720783e+01
4.972653860643960400e+01
4.953602845834898716e+01
4.931978225397185156e+01
4.907806464647754296e+01
5.031818329117555066e+01
5.032375831782878350e+01
5.030263881267142523e+01
5.025486210576236346e+01
5.018050092442915400e+01
5.007966286164350578e+01
4.995248960546977202e+01
4.979915593761999304e+01
4.717744884378949877e+01
4.748662991071982731e+01
4.784500062102430462e+01
4.791323498173962037e+01
4.774570595717269583e+01
4.833790800228784690e+01
4.801130949619280841e+01
4.867240269753927606e+01
4.873134515862052041e+01
4.858474800461063836e+01
4.881116773658582275e+01
4.744444525338438723e+01
4.769632256314519481e+01
4.799221372786583117e+01
4.702351388498805562e+01
4.702191999339095219e+01
4.735331116239664340e+01
4.734013680154257742e+01
4.718767636247509500e+01
4.831214241115881691e+01
4.861996874465846474e+01
4.917781817238600439e+01
4.904962721841538098e+01
4.912076818853936544e+01
4.903843507630548260e+01
4.890325380501604968e+01
4.898025073922126182e+01
4.924255997263161788e+01
4.941061643684364668e+01
4.935817411975140345e+01
4.946730341651496587e+01
4.961685022412327584e+01
4.957019058446582704e+01
4.966652589803702256e+01
5.015303442039300563e+01
5.012267704404720092e+01
5.017180225910640701e+01
5.023707551641826541e+01
5.021409551520204673e+01
5.024995243970832348e+01
5.029456801541942212e+01
5.027896534978125942e+01
5.030150995963295912e+01
5.004255314194493565e+01
5.006715729147590110e+01
5.000482517008398986e+01
4.990577421161648886e+01
4.993614986125714950e+01
4.986068916095713632e+01
4.974287330446285438e+01
4.977894584457062166e+01
4.969045130014304590e+01
4.955405801098180518e+01
4.949432561744681891e+01
4.959574352205832071e+01
4.933956640784459324e+01
4.927255639925019182e+01
4.938677220727145567e+01
4.909966539861652279e+01
4.902541649099980248e+01
4.915229063700891032e+01
5.032543836742060250e+01
5.032641205765366976e+01
5.031720613490611527e+01
5.032964837876913577e+01
5.032463150032587862e+01
5.032877281161029259e+01
5.030719547314581774e+01
5.031365597415562263e+01
5.029617675133555110e+01
5.025811269391950731e+01
5.024109188934185255e+01
5.027188191027070019e+01
5.018246846642799142e+01
5.020351239846621638e+01
5.015945628369097165e+01
5.008036611476536848e+01
5.010864426109494474e+01
5.005138402638023365e+01
4.995194313883602888e+01
4.998740867650020903e+01
4.991702312668969910e+01
4.979737025700781317e+01
4.975655447495559969e+01
4.983997025661892621e+01
4.747194038637721292e+01
4.739949946745831255e+01
4.724906026154791050e+01
4.755938451258074906e+01
4.701983191906753490e+01
4.702195966300229202e+01
4.765764774932713266e+01
4.836851491519679769e+01
4.827392368355917540e+01
4.843244693250220223e+01
4.804165958599198660e+01
4.794296517256940149e+01
4.811009155666086912e+01
4.851949020456906680e+01
4.883464907035906322e+01
4.889258520310412592e+01
4.875320498925638901e+01
4.763033543709422446e+01
4.747956491070738139e+01
4.759581914016553839e+01
4.773292258435819946e+01
4.797005199653681728e+01
4.806094262854008292e+01
4.790086056901731126e+01
4.719073080229448891e+01
4.749439436410574444e+01
4.829496094798578554e+01
4.838367302106057366e+01
4.822337844759343994e+01
4.860315171003587409e+01
4.868561267576245655e+01
4.853750383508457844e+01
4.910895852748834045e+01
4.888834215717086806e+01
4.882793121487702592e+01
4.896367003385334726e+01
4.929394040595184379e+01
4.951294247784412761e+01
4.970635722087425989e+01
5.009711756891168477e+01
5.019439808657630664e+01
5.026517898409062468e+01
5.030936923294484586e+01
4.997346296735832993e+01
4.982359346469853278e+01
4.964770079045526074e+01
4.944600788948209669e+01
4.921876737239684729e+01
4.896625978016594161e+01
5.032691293202706362e+01
5.031778968604950819e+01
5.028201473596444515e+01
5.021963884159229252e+01
5.013074792089184228e+01
5.001546244627710536e+01
4.987393660354590708e+01
4.730166282728013982e+01
4.716448932718357412e+01
4.738732116136290529e+01
4.716147714279887282e+01
4.765344929936847507e+01
4.774996404168743425e+01
4.756315875260580839e+01
4.820401369912843847e+01
4.784804052668313545e+01
4.854483773342840180e+01
4.860796843366562570e+01
4.845632801126157574e+01
4.868879218154980038e+01
4.780015149724572154e+01
4.813116976617714471e+01
4.735643434879768421e+01
4.735563611859508626e+01
4.719156289906329960e+01
4.704652767967247939e+01
4.703583474863018665e+01
4.771199016107803459e+01
4.753372053756199023e+01
4.767155833688100586e+01
4.844807762864803635e+01
4.874483434296056572e+01
4.928431798057951596e+01
4.923161755366066927e+01
4.916165698848855925e+01
4.914744362841733505e+01
4.901760166846799649e+01
4.909350976126359711e+01
4.934774020624558233e+01
4.950591469205802753e+01
4.956112296876609236e+01
4.945773698102160409e+01
4.970079051002249315e+01
4.965831264637158426e+01
4.974883876531571048e+01
5.010677233371592365e+01
5.012943488400946990e+01
5.007445168696931148e+01
5.020266075443665699e+01
5.021941088100073358e+01
5.017764648108213521e+01
5.027206357794864289e+01
5.028286684730623790e+01
5.025437587263649419e+01
5.031488570279165629e+01
5.031971842373929604e+01
5.030453807816897438e+01
4.998452778904792382e+01
5.001305784554980960e+01
4.994492752423550996e+01
4.983609005789911350e+01
4.987043255580980627e+01
4.978924333761669629e+01
4.966165441529635416e+01
4.970174455567374849e+01
4.960760060465010213e+01
4.946144712021467882e+01
4.950721084411287620e+01
4.940023154367302993e+01
4.923572383123713792e+01
4.928707837300554218e+01
4.916739749180462837e+01
4.898476778728213077e+01
4.890938718059626922e+01
4.904162233313442698e+01
5.033106706796452556e+01
5.032991646103348415e+01
5.032806627425279089e+01
5.032058307055164192e+01
5.031344736039130083e+01
5.032492905174205333e+01
5.028344475018113258e+01
5.029513063889695701e+01
5.027033316656311968e+01
5.021969872086530984e+01
5.020063141502340898e+01
5.023871086853004897e+01
5.012942685772151918e+01
5.010443473360013655e+01
5.015574490257718310e+01
5.001274573809973134e+01
4.998187020112732171e+01
5.004634271102698051e+01
4.986980584092025026e+01
4.991064831012170089e+01
4.983309846803467025e+01
4.747896444312866748e+01
4.736910283009942901e+01
4.733534264515049728e+01
4.719583234005722261e+01
4.703207829001836870e+01
4.702573643069223408e+01
4.823093804802067552e+01
4.813593441094519676e+01
4.829905897823159933e+01
4.790049901669858201e+01
4.777779681106087395e+01
4.797012376265471545e+01
4.838689625933390204e+01
4.870888750121184785e+01
4.877114424023005057e+01
4.862651477993735227e+01
4.784153668397525649e+01
4.810252827015255406e+01
4.819843963554553312e+01
4.803560148412304898e+01
4.720371612621685387e+01
4.753547680428600586e+01
4.842490589141444701e+01
4.835926796756797330e+01
4.851372452043397487e+01
4.872474324129066048e+01
4.866333121476046841e+01
4.880625530740053364e+01
4.921673064463906400e+01
4.899969865122703538e+01
4.894343387227594633e+01
4.907387753911172723e+01
4.939486360523853392e+01
4.960258684849849686e+01
4.978456728081879135e+01
5.004496098689265438e+01
5.015404992446499932e+01
5.023671282193259913e+01
5.029283733255331157e+01
5.032234583341768541e+01
4.990959229016422682e+01
4.974812303104469891e+01
4.956076408096022590e+01
4.934775651762841875e+01
4.910936993910567594e+01
4.884590045461219177e+01
5.032519596789603611e+01
5.030138094811117355e+01
5.025092961271501935e+01
5.017390623630801372e+01
5.007041009311922863e+01
4.994057477672610190e+01
4.751203580544201088e+01
4.720164003114802398e+01
4.806446933150529333e+01
4.761163542946317051e+01
4.763246598321232028e+01
4.775490797541821308e+01
4.840840456720553675e+01
4.847596950994573461e+01
4.831929962401180489e+01
4.855766705903148761e+01
4.790704951846490189e+01
4.826275415413259395e+01
4.738111752061893611e+01
4.721539737706003592e+01
4.736952983597566913e+01
4.761461369378964292e+01
4.766328476179717910e+01
4.748679269823528415e+01
4.708811237371565284e+01
4.706826451843672032e+01
4.857391226988566046e+01
4.886135028337591280e+01
4.938247926071471738e+01
4.926526257357147642e+01
4.933394584267940530e+01
4.924833752823394661e+01
4.912375746299115065e+01
4.919845570193265871e+01
4.944448948527098509e+01
4.959301555422384666e+01
4.954894400481011729e+01
4.964666718610757101e+01
4.977666037312995684e+01
4.982301254397831514e+01
4.973822468590874024e+01
5.005255978436072439e+01
5.001832365101138578e+01
5.007919864685867850e+01
5.016037982911344528e+01
5.018106463284289731e+01
5.013336855819272131e+01
5.024175839782684960e+01
5.025646416190654975e+01
5.022201220037425884e+01
5.029657881510352979e+01
5.030529130896664469e+01
5.028413146717603155e+01
5.032475910606757452e+01
5.032747503127526301e+01
5.031963779119066515e+01
4.991844880224014247e+01
4.987703425911848143e+01
4.995100625792402127e+01
4.975823022113790017e+01
4.979666066219385812e+01
4.970968973713434025e+01
4.957211890170550816e+01
4.961636699456726518e+01
4.951651069797870974e+01
4.936035974646141256e+01
4.941036090956963989e+01
4.929774748022652631e+01
4.912322600077863655e+01
4.905367838657908663e+01
4.917890693633532351e+01
4.886101712274933107e+01
4.878460750267494461e+01
4.892229656594234655e+01
5.032625258825813575e+01
5.032847777846959048e+01
5.032297967358424273e+01
5.030104822631849260e+01
5.029180523803649550e+01
5.031063359500740972e+01
5.024917073905011478e+01
5.023398740377261618e+01
5.026612311271684064e+01
5.017068045726635717e+01
5.014959729910001585e+01
5.019499980449580789e+01
5.006567293229473137e+01
5.003874102609865560e+01
5.009735239199883239e+01
4.993427829577091615e+01
4.997330424617715039e+01
4.990155893978246837e+01
4.749114698678318547e+01
4.736461077918960427e+01
4.719974734047516307e+01
4.736650603478964427e+01
4.706167145184824108e+01
4.704692431299228872e+01
4.808836328039213015e+01
4.799410406586036260e+01
4.815891191512705660e+01
4.771658903654354589e+01
4.780903538307654799e+01
4.766431740041090848e+01
4.824731336924634917e+01
4.857405653583641225e+01
4.864084574281417162e+01
4.849085650520085267e+01
4.790829534092343778e+01
4.800502421571676592e+01
4.780989492603183777e+01
4.823695898395515513e+01
4.833059857463825182e+01
4.816911351188429791e+01
4.723711042805427951e+01
4.749969401699848959e+01
4.776123236158256447e+01
4.854833323596217554e+01
4.848598850003990890e+01
4.863626453526812554e+01
4.883834911585354632e+01
4.891877214031910626e+01
4.878094398939512644e+01
4.931627132021959881e+01
4.910320695667624591e+01
4.917610170734698016e+01
4.905088020741801103e+01
4.948751931419111827e+01
4.968410055074271980e+01
4.985476375402608795e+01
4.998480553539278048e+01
5.010579657890114191e+01
5.020041629747245793e+01
5.026853101205622210e+01
5.031004134219524104e+01
5.032488292106501149e+01
4.983761019246399826e+01
4.966440975015708403e+01
4.946543420188293538e+01
4.924094274221188527e+01
4.899122191892029576e+01
4.871658323999631079e+01
5.031302686943561753e+01
5.027448002701934371e+01
5.020928493513041957e+01
5.011751956987843215e+01
4.999929682615043447e+01
4.748908278719817844e+01
4.721458005490767817e+01
4.790275426172587458e+01
4.754214759245694211e+01
4.826269239068499672e+01
4.833489571402992624e+01
4.817509920328563311e+01
4.841735976962434052e+01
4.807165287818929045e+01
4.839169539102677930e+01
4.714939509038732268e+01
4.711992177229895162e+01
4.744612893573007995e+01
4.741461693705304725e+01
4.726859238292622223e+01
4.770357287397627744e+01
4.754343923752662704e+01
4.765997525702645277e+01
4.780664675085108684e+01
4.869246793188446532e+01
4.896995448535392370e+01
4.947265501921934572e+01
4.936081570912624272e+01
4.942810898013114240e+01
4.934150086882025477e+01
4.922212441621281442e+01
4.929547595273228211e+01
4.953314518244677345e+01
4.967223371573055601e+01
4.972423549039525170e+01
4.963211353174467177e+01
4.984473557234105101e+01
4.981020675680663601e+01
4.988930801246147695e+01
4.999022795719699275e+01
5.002093016800201042e+01
4.995410971725874560e+01
5.011010336169302093e+01
5.013479016928258147e+01
5.008111813435700554e+01
5.020356308873611795e+01
5.022221868481255314e+01
5.018177083867904287e+01
5.027046875261705594e+01
5.028308814394690529e+01
5.025592332154997877e+01
5.031071630352992230e+01
5.030346518004701295e+01
5.031730550612214614e+01
5.032423679887396872e+01
5.032481294278400696e+01
5.032432092177577232e+01
4.984410859673106842e+01
4.980092316955337850e+01
4.988079986214472683e+01
4.967194911672475399e+01
4.971459290010172793e+01
4.962176789715319813e+01
4.947398401667738455e+01
4.952253403215225092e+01
4.941688366211860739e+01
4.925047692121793119e+01
4.918653896993164665e+01
4.930487760066832692e+01
4.900171877725926350e+01
4.906190573237994101e+01
4.893102908830256581e+01
4.872802657599914511e+01
4.865067403715379868e+01
4.879392651599894748e+01
5.031099693219653801e+01
5.031845052577541821e+01
5.030558827964239299e+01
5.027099931664629651e+01
5.025964519208528714e+01
5.028584976194193246e+01
5.020428251807480535e+01
5.018703315083016037e+01
5.022655026149578816e+01
5.011092083500508920e+01
5.008783711598227484e+01
5.014061933617217193e+01
4.999102382417739676e+01
4.996217697941990821e+01
5.002815954547032362e+01
4.740279903071863288e+01
4.738407851750955757e+01
4.723386708933316669e+01
4.710814160490480162e+01
4.708512986833981984e+01
4.794726067262764246e+01
4.801694502276504295e+01
4.783261432662475698e+01
4.756109999443992820e+01
4.810371168222989979e+01
4.842971329744470665e+01
4.850127086404499011e+01
4.834584090924170141e+01
4.803411513006513189e+01
4.797045811045845198e+01
4.813525336027586121e+01
4.835865575144259054e+01
4.829714095181150668e+01
4.845323868932978684e+01
4.730025120248642878e+01
4.757698686196861360e+01
4.786879942025534973e+01
4.866411152790421824e+01
4.875099326346813200e+01
4.860560520987398547e+01
4.894442630596551425e+01
4.889080270470826406e+01
4.902360167794034851e+01
4.940794901855080923e+01
4.919928285960610026e+01
4.915068867764311022e+01
4.927074219927109056e+01
4.957224130662019235e+01
4.975777875596966027e+01
4.991720257283341766e+01
5.004948895926002450e+01
4.991646302803238200e+01
5.015618002781044282e+01
5.023638109540952712e+01
5.028997087538080990e+01
5.031686281938453931e+01
5.031700576836756511e+01
4.975729011190477280e+01
4.957218949088833426e+01
4.936141035159864288e+01
4.912523006509164247e+01
4.886395253096614510e+01
4.857790406353625912e+01
5.029038435941517804e+01
5.023701918452045589e+01
5.015696669744234981e+01
5.005031886647815043e+01
4.725727877210805161e+01
4.766846238051430618e+01
4.769198743040632138e+01
4.780668356169488220e+01
4.753606656209019832e+01
4.810747001872422146e+01
4.818425632025493854e+01
4.802671063822712938e+01
4.826742958085713298e+01
4.819541224168145988e+01
4.851050591246347210e+01
4.752811490534142536e+01
4.734011585170687653e+01
4.748804004646245147e+01
4.723005459033262809e+01
4.719069414177697297e+01
4.780265907772959366e+01
4.762571382849205293e+01
4.775411198281310021e+01
4.791927596080432039e+01
4.880344659285055542e+01
4.907108158885552029e+01
4.955519063429589011e+01
4.944868102935396337e+01
4.951445614570108233e+01
4.942730999383199730e+01
4.938495066689751667e+01
4.931309842368543173e+01
4.961403724674743643e+01
4.974387505852548230e+01
4.970755587326585356e+01
4.979411863332231292e+01
4.990528191036403172e+01
4.994797610445757385e+01
4.987452965840808616e+01
5.005169094151722931e+01
5.008045256090803576e+01
5.002074061393251725e+01
4.991959806947819800e+01
4.995445560922432549e+01
4.988161672974379712e+01
5.015737638397387599e+01
5.018003505956976795e+01
5.013353647208974451e+01
5.023649404713155775e+01
5.021983821163497197e+01
5.025305369385836229e+01
5.028891753096279871e+01
5.027951338838658302e+01
5.029939320684040638e+01
5.031455533101870969e+01
5.031246418013055433e+01
5.031897335514933189e+01
5.031335154730504655e+01
5.031174952841383430e+01
5.031862812727509748e+01
4.976129089246063586e+01
4.980222668225251681e+01
4.971636336204989703e+01
4.957699387957286774e+01
4.962397999822284334e+01
4.952521005997628833e+01
4.936696137731308198e+01
4.941996004803200293e+01
4.930841587623201860e+01
4.913147605192206413e+01
4.919043998460148259e+01
4.906626762325070956e+01
4.887084559513523629e+01
4.879907729548091311e+01
4.893571917572524654e+01
4.858540805788049255e+01
4.850717444812516277e+01
4.865612354900097358e+01
5.028528634832468214e+01
5.027771312333351972e+01
5.029797862987919643e+01
5.023037618429728468e+01
5.021689166703923490e+01
5.025052519647334037e+01
5.014867374441904246e+01
5.017631343978555947e+01
5.012934868578851422e+01
5.004026765407684252e+01
5.007542481577966953e+01
5.001518331617648272e+01
4.747062148441432328e+01
4.743719363194052363e+01
4.729116392436387173e+01
4.717082356434964652e+01
4.713999190790514149e+01
4.777863270484404268e+01
4.786230647055113963e+01
4.772267638674890833e+01
4.757023962705834208e+01
4.794164097237659661e+01
4.827560134501561606e+01
4.835200843046673214e+01
4.819128473713470129e+01
4.815521904915264173e+01
4.809402260499983583e+01
4.825665313306571136e+01
4.847661999928305931e+01
4.857010148031464780e+01
4.841700425758306636e+01
4.738142070731444733e+01
4.766761159698514660e+01
4.797919180244308279e+01
4.877272428273600013e+01
4.871781696711018839e+01
4.885838134047288861e+01
4.904342819468021730e+01
4.899336139870989371e+01
4.912117628307938588e+01
4.949212445907845392e+01
4.928833383304896643e+01
4.935819092959972920e+01
4.924327106640116369e+01
4.964935513553440671e+01
4.982390724987106978e+01
4.997212919485480143e+01
4.998496746287793968e+01
5.010388316137083820e+01
4.983973593514023293e+01
5.019630619586003917e+01
5.026209310889193915e+01
5.030113488182886528e+01
5.031335776330186604e+01
5.029872385656082656e+01
4.966839748717197267e+01
4.947119164317087581e+01
4.924838697562076817e+01
4.900027884233276865e+01
4.872718974449735185e+01
4.842950620926421124e+01
5.025723145884898457e+01
5.018891514727494041e+01
5.009384560644851092e+01
4.732285554173358832e+01
4.762465120130008245e+01
4.790471962628313207e+01
4.800641007626105505e+01
4.784160409289680160e+01
4.809040412779615536e+01
4.831495561574052999e+01
4.862378393753377992e+01
4.760766473839945689e+01
4.741981565874849025e+01
4.756852691115746268e+01
4.789654791210905671e+01
4.771375710147687244e+01
4.785058596310715728e+01
4.733063675376597246e+01
4.728097090721703921e+01
4.802701910112021011e+01
4.890731532588731767e+01
4.916516016585909199e+01
4.963042242503166079e+01
4.952921475435280030e+01
4.959332815782136805e+01
4.950613192749047897e+01
4.939706656827036113e+01
4.946725149860337467e+01
4.968748667715235712e+01
4.980823520206977406e+01
4.977557179200057647e+01
4.985659724198737308e+01
4.995855387722772889e+01
4.993145354655027290e+01
4.999925660371074088e+01
4.998499195736815182e+01
5.001790625154986003e+01
4.995207131563974201e+01
5.010308572506439617e+01
5.007718262098260453e+01
5.012980633321676294e+01
4.984048242523685701e+01
4.987959168187077807e+01
4.980064272689615024e+01
5.019458106633570793e+01
5.017578868256919833e+01
5.021512037325714317e+01
5.025932884168638992e+01
5.027371056570740393e+01
5.024773469360928857e+01
5.029721456322661766e+01
5.030547389038921580e+01
5.029290015356205856e+01
5.030815928957284200e+01
5.031034291528287383e+01
5.031119978926167136e+01
5.029212027543240282e+01
5.028828635385875145e+01
5.030258423482344909e+01
4.966977194890215941e+01
4.971506665496434607e+01
4.962311657041659885e+01
4.947310593742245999e+01
4.952456617661187011e+01
4.941974279564330175e+01
4.925075838240738335e+01
4.930835449488632349e+01
4.919079978975612732e+01
4.900302862669915527e+01
4.906672250302694493e+01
4.893659123865187865e+01
4.873025646491897334e+01
4.879999361399676161e+01
4.865744924629716905e+01
4.843270893229490781e+01
4.835375861840359590e+01
4.850851718601128937e+01
5.024909137115000135e+01
5.023930937181734890e+01
5.026704046407741799e+01
5.017910316448364227e+01
5.016345363678804858e+01
5.020459196869819607e+01
5.008222285818618502e+01
5.006079710579816577e+01
5.011529867632274460e+01
4.753936390097496911e+01
4.735589771467879672e+01
4.750495674634062482e+01
4.724949502686981617e+01
4.721081189634121245e+01
4.765946113925638628e+01
4.772277519984088201e+01
4.813497697110809526e+01
4.820446191846396999e+01
4.802045446667118256e+01
4.825843294235478709e+01
4.836734642142917551e+01
4.820590882676140154e+01
4.858770071994192108e+01
4.868004971477012077e+01
4.853154964534574134e+01
4.747052107703919432e+01
4.775459585826867226e+01
4.807753746242399018e+01
4.887466963276492748e+01
4.882312093542053333e+01
4.895889178648431539e+01
4.913578646706980635e+01
4.908906279001833894e+01
4.921191831799436045e+01
4.956914917813228527e+01
4.937075813848305472e+01
4.932903004447005202e+01
4.943883026598089003e+01
4.971917667821522713e+01
4.988276101071748769e+01
5.001977732995099046e+01
4.991206291889236013e+01
5.004339408816044710e+01
5.014821318590579580e+01
4.975441852953466793e+01
5.022635421488513430e+01
5.027768528039078433e+01
5.030210960357518957e+01
5.029956629473430496e+01
5.027003087889892186e+01
4.957069115446806506e+01
4.936114062603881081e+01
4.912605357832189412e+01
4.886575163695675883e+01
4.858057300201065232e+01
4.828271234543659318e+01
5.021351556741344524e+01
5.013006926839665311e+01
4.739573235406970753e+01
4.759415479069952681e+01
4.756611717476758372e+01
4.775028037032924999e+01
4.786762133356637605e+01
4.788535853893797167e+01
4.800020643500322137e+01
4.842217518193317005e+01
4.873044547551993588e+01
4.762936159625201782e+01
4.761751259062986463e+01
4.747806791967357753e+01
4.798804475492040211e+01
4.779899565436139852e+01
4.794285969907497957e+01
4.744934101042697705e+01
4.739068564326454691e+01
4.812414833236405087e+01
4.900452151789608024e+01
4.925260740875288690e+01
4.969867598761486249e+01
4.960276308567914327e+01
4.966505596581454540e+01
4.957832225326168185e+01
4.947440573511753570e+01
4.954273977920929894e+01
4.975380397907876073e+01
4.986559796517122578e+01
4.983645101243005371e+01
4.991194038151240164e+01
5.000479331910744207e+01
5.004337689371793374e+01
4.998122659206847374e+01
4.990984649687234054e+01
4.987493644953239169e+01
4.994699592471769733e+01
5.004056793227031363e+01
5.001257239249382991e+01
5.007141458591637928e+01
5.014464444810108290e+01
5.016920863900548255e+01
5.012367576582234818e+01
4.975268556619287352e+01
4.979614675073674590e+01
4.971097813662976250e+01
5.022190367001045530e+01
5.024021728611647575e+01
5.020806897822708947e+01
5.027220758993941274e+01
5.028431425050243320e+01
5.026560838773430362e+01
5.029545365336342400e+01
5.030140876814584772e+01
5.029618541079090477e+01
5.029157560134055416e+01
5.029144633421417154e+01
5.029972739139521565e+01
5.026054406372058025e+01
5.027619822337089772e+01
5.025440919999206812e+01
4.956932196673046320e+01
4.961909295284640109e+01
4.952093865245466020e+01
4.936002191975030229e+01
4.941609042103436877e+01
4.930508818029525742e+01
4.912507914645421181e+01
4.918742305232308354e+01
4.906372326948726936e+01
4.886479140869169413e+01
4.893339408020208481e+01
4.879716615284793590e+01
4.858213169405351550e+01
4.850707417330438176e+01
4.865563146441412812e+01
4.828514857844993458e+01
4.820969192464792030e+01
4.835828826125573698e+01
5.020236689368297078e+01
5.022559871812996590e+01
5.019031661132290623e+01
5.011708923571816854e+01
5.014796671020733498e+01
5.009922478157308490e+01
4.734369460677607577e+01
4.729736152784497705e+01
4.742228119536171249e+01
4.773041121248632379e+01
4.798842005920270992e+01
4.806100257258336228e+01
4.792741613683689650e+01
4.838895218073421489e+01
4.832325452859380732e+01
4.848818212461928567e+01
4.869263913255986864e+01
4.878351949225223905e+01
4.863958531503331528e+01
4.753811934143877238e+01
4.780828256296495482e+01
4.818898227251236932e+01
4.897039867477290187e+01
4.905297730503261988e+01
4.892198273229821126e+01
4.922193450205061538e+01
4.929624200520326838e+01
4.917834011828096408e+01
4.963936366364163888e+01
4.944694101193172742e+01
4.951303051193792726e+01
4.940835754318959516e+01
4.978201054545225901e+01
4.993460278048962664e+01
5.006036772003432844e+01
4.983059761478992300e+01
4.997457122553233688e+01
5.009199774982162978e+01
5.018268817770974977e+01
4.966029816897812310e+01
5.024648722183863470e+01
5.028327452095065553e+01
5.029296560583046727e+01
5.027551261822242878e+01
5.023090477580526425e+01
4.946392454268361405e+01
4.924175676331915241e+01
4.899409470859053783e+01
4.872255569296997635e+01
4.843267851593898143e+01
4.813573613130633788e+01
5.015916857445535726e+01
4.746993340490801216e+01
4.769225220927856412e+01
4.777947655008872374e+01
4.764238844693501562e+01
4.783920139425053009e+01
4.854009712679339117e+01
4.883082706876275836e+01
4.783642221035823638e+01
4.764445728854192907e+01
4.773254904520384656e+01
4.791176186757130040e+01
4.758731282538927587e+01
4.751849411469211049e+01
4.819331685225566986e+01
4.809095013421245568e+01
4.829085297883944605e+01
4.909552378283787988e+01
4.933383166639944051e+01
4.976026435782733159e+01
4.966966024698898252e+01
4.972995891015418124e+01
4.964422286816616037e+01
4.954547923337598547e+01
4.961176431158830269e+01
4.981328750157518215e+01
4.991623386681578722e+01
4.989047070688032903e+01
4.996040415649429178e+01
5.004422819368718933e+01
5.002408369267310917e+01
5.008055077641486719e+01
4.982608638767361242e+01
4.986755747247682535e+01
4.978915421419466014e+01
4.996968997456201578e+01
5.000473165050510715e+01
4.993955931579188245e+01
5.008658761873577703e+01
5.011522746612886436e+01
5.006338957360005537e+01
5.017658310695726698e+01
5.019886057914452238e+01
5.016044408474476057e+01
4.965600563689771008e+01
4.961240716029048059e+01
4.970392208672080159e+01
5.023951425956413175e+01
5.025548086129801106e+01
5.023055549189724189e+01
5.027525421518867432e+01
5.028497358330455569e+01
5.027359128577862890e+01
5.028371247084387363e+01
5.028726035615932943e+01
5.028945486884918381e+01
5.026483567731696667e+01
5.026229982634645665e+01
5.027808637513185630e+01
5.021860817581120529e+01
5.023946323636257461e+01
5.021008811207693867e+01
4.945970667409646637e+01
4.951407348699196120e+01
4.940958084967364528e+01
4.923747529113526156e+01
4.929828794771250244e+01
4.918096524726634300e+01
4.898961873349047380e+01
4.905686573026569164e+01
4.892686247180091641e+01
4.871640353556605163e+01
4.879009777165433093e+01
4.864887858379839969e+01
4.841980781382955001e+01
4.850048436180275502e+01
4.835201231878764361e+01
4.811050622615344707e+01
4.819733690514161140e+01
4.804882347752258909e+01
5.014505226511238334e+01
5.013065897090462641e+01
5.017360048335671507e+01
4.745318190859580909e+01
4.739918178819957717e+01
4.751813110871503909e+01
4.779825549476669266e+01
4.789289437987314102e+01
4.774445795759498878e+01
4.849709784732245765e+01
4.859467803977742761e+01
4.844233583340093929e+01
4.879205000760799038e+01
4.888114140467336455e+01
4.874179036641383078e+01
4.778208255490553569e+01
4.780814073532445718e+01
4.761564564661679810e+01
4.801489432538304669e+01
4.768450767961592618e+01
4.834435923956532122e+01
4.906037703071427103e+01
4.901486310353163844e+01
4.914108556636117697e+01
4.930228504850001059e+01
4.926161633381385485e+01
4.937454603436751199e+01
4.970309535518381239e+01
4.951725203833511557e+01
4.948163105229247805e+01
4.958114768911791259e+01
4.983814842654601307e+01
4.997968170905171092e+01
5.009410699406929268e+01
4.974038649573344628e+01
4.989726392302095803e+01
5.002754502726704544e+01
5.013101719039974569e+01
5.020750110400469168e+01
4.955715679677995666e+01
5.025685215083083079e+01
5.027896156922255244e+01
5.027375737213405671e+01
5.024120501455363552e+01
5.018130779661113650e+01
4.934784753905883292e+01
4.911275529422941588e+01
4.885217162094340893e+01
4.856722314277079278e+01
4.826417899287811508e+01
4.795326340222084838e+01
4.757340195215245870e+01
4.762553945946071821e+01
4.864383689097915209e+01
4.892560041935633564e+01
4.802463535964664487e+01
4.793114242003604630e+01
4.790346108923781543e+01
4.810948375274541888e+01
4.795200009073121095e+01
4.776922533701058171e+01
4.786614233213596492e+01
4.774271483729639698e+01
4.766502167596114958e+01
4.828059374546104721e+01
4.838885217396204297e+01
4.823600048455980271e+01
4.918075903109447466e+01
4.940922338442234008e+01
4.981548655797674741e+01
4.973022660122767036e+01
4.978834301539362883e+01
4.970416124514350287e+01
4.961063575613795962e+01
4.967465969146599747e+01
4.986622193431762895e+01
4.996039883647722490e+01
4.993789409441203730e+01
5.000223042668267226e+01
5.007707140542102309e+01
5.006024526598987734e+01
5.011097735889371307e+01
4.973353629656104147e+01
4.969453601537054510e+01
4.977941905439986670e+01
4.989030982491925670e+01
4.992961992374782909e+01
4.985798828865823396e+01
5.002030339831932082e+01
5.005307490853869723e+01
4.999480998580855129e+01
5.012329625605362793e+01
5.014957547864931797e+01
5.010477625246341660e+01
5.019910128485403789e+01
5.021894694606230303e+01
5.018769533171938946e+01
4.955023534103282401e+01
4.950470896472451443e+01
4.960271307212212122e+01
5.024756650532636826e+01
5.026104986350392778e+01
5.024341005733892018e+01
5.026857631121010428e+01
5.027578116237280170e+01
5.027179911398726375e+01
5.026205247494264228e+01
5.027277806001358584e+01
5.026307505416271226e+01
5.022795490213171377e+01
5.022290367807262612e+01
5.024630010550716008e+01
5.016628210652356756e+01
5.015527747205427289e+01
5.019235661915983826e+01
4.934068999347620377e+01
4.928879147710541986e+01
4.939977313010195559e+01
4.910519429454082996e+01
4.917089430087386148e+01
4.904708581363076547e+01
4.884412135526301313e+01
4.891640822126799293e+01
4.877991352632270861e+01
4.855759578287592859e+01
4.863651730610860824e+01
4.848831101531597909e+01
4.824610452665060478e+01
4.833250651314705948e+01
4.817779686598517941e+01
4.791806279464565677e+01
4.801386807759431008e+01
4.785741119071113303e+01
4.757858873573843539e+01
4.751596146538285126e+01
4.768815861350388730e+01
4.859972414259706852e+01
4.869586960695526301e+01
4.854783215745123215e+01
4.888706655923481748e+01
4.883906707474182696e+01
4.897369471334178570e+01
4.798760250913414183e+01
4.815324310087078885e+01
4.784687059162645539e+01
4.843949714482319990e+01
4.914506453686157528e+01
4.910222200841467810e+01
4.922363854660706295e+01
4.937723479598223264e+01
4.933929545327421806e+01
4.944721484395436306e+01
4.976065735856219874e+01
4.958204800387056821e+01
4.954921363498321796e+01
4.964352348294276140e+01
4.988786770106818835e+01
5.001823211474142994e+01
5.012118658031361917e+01
4.964123826774648052e+01
4.981131342909809945e+01
4.995473034241985744e+01
5.007125213414527565e+01
5.016067474790798997e+01
5.022282852240684292e+01
4.944477311298571465e+01
5.025757956722491571e+01
5.026483088621032636e+01
5.024452325878144165e+01
5.019663585669754013e+01
4.922221261443782225e+01
4.897388217636641627e+01
4.870002480093349817e+01
4.840100261493711997e+01
4.808111332233450241e+01
4.774725822161884992e+01
4.874294509211529203e+01
4.901553959976534003e+01
4.811575350638077708e+01
4.808697883815672469e+01
4.801897406277248592e+01
4.791382370324439677e+01
4.791400328449969237e+01
4.782775496385855973e+01
4.841690571537145615e+01
4.850819382439751593e+01
4.834905539730971924e+01
4.926063553580002008e+01
4.947916073947368432e+01
4.986462633068408223e+01
4.978476763968850349e+01
4.984049964306148439e+01
4.975844883713102007e+01
4.967020919495506348e+01
4.973174538230777841e+01
4.991287701053196457e+01
4.999833292790170702e+01
4.997896915091315151e+01
5.003764556973901279e+01
5.010351964256624058e+01
5.008991608548775076e+01
5.013483997330241237e+01
4.963201491855961223e+01
4.968240231103589366e+01
4.959088744102201218e+01
4.980227743818915798e+01
4.976769662354229240e+01
4.984593328745749119e+01
4.994567469760728073e+01
4.991780742548004213e+01
4.998263874859568290e+01
5.006196066977425119e+01
5.004097063764430686e+01
5.009228523665731103e+01
5.015092242783365606e+01
5.013696929959407100e+01
5.017467267258424357e+01
5.021238194333329830e+01
5.020562074027670718e+01
5.022963602066881350e+01
4.943518975169998697e+01
4.938767235108008435e+01
4.949232258355993253e+01
5.024619753129771738e+01
5.025704661565454501e+01
5.024677803549889177e+01
5.025226504043502018e+01
5.025681326011143568e+01
5.026033121527895275e+01
5.023051886246179976e+01
5.022888311103763925e+01
5.024620827603035167e+01
5.018093263638281343e+01
5.017324227238488277e+01
5.020437591758748397e+01
4.921220346899447406e+01
4.915839599098985957e+01
4.927603328691309059e+01
4.896406455357089982e+01
4.890378197501785706e+01
4.903420850914976370e+01
4.868808727694587191e+01
4.876569986514162025e+01
4.862248482215025547e+01
4.838805369054306027e+01
4.847238936263519804e+01
4.831670871746798923e+01
4.806394018152963810e+01
4.815456082631803270e+01
4.799053348999927238e+01
4.771680274389350274e+01
4.781676057698921767e+01
4.764676802064219885e+01
4.870615000735667621e+01
4.865263929586545544e+01
4.879665200416857829e+01
4.897490810570110398e+01
4.893048547658904113e+01
4.906003005007946882e+01
4.818285304089123144e+01
4.799886509523629030e+01
4.825160824985510288e+01
4.856125401011595955e+01
4.922486499247302305e+01
4.918450225393478092e+01
4.930105393592387486e+01
4.944717160768365005e+01
4.941177042093561766e+01
4.951461971584186728e+01
4.981234715433181748e+01
4.964166791774759702e+01
4.970048293722107502e+01
4.961145315975420544e+01
4.993143015319242295e+01
5.005047224612573586e+01
5.014178164048538378e+01
4.953296855790011932e+01
4.971655404571203007e+01
4.987342004552296260e+01
5.000329314348026344e+01
5.010594370714060375e+01
5.018117611756245111e+01
5.022883040131137022e+01
4.932301283806366854e+01
5.024878354124346913e+01
5.024095057822501786e+01
5.020528546925077507e+01
4.908741673039600784e+01
4.882537904241593196e+01
4.853727872325315218e+01
4.822516878587467914e+01
4.788920230304347569e+01
4.884014510702449030e+01
4.909946261027242542e+01
4.824848431872445786e+01
4.808039781822795788e+01
4.816713882055746154e+01
4.809857449444388777e+01
4.800533311890259824e+01
4.833195225485847857e+01
4.854817108071907228e+01
4.862710929554841499e+01
4.848289855074819599e+01
4.933557179478939503e+01
4.954400617603483425e+01
4.990795052676283916e+01
4.988670410216733586e+01
4.983357240537316102e+01
4.980737894720233783e+01
4.978332378657891155e+01
4.972451533373610744e+01
4.995350608625985700e+01
5.003025892373022288e+01
5.006685921690781527e+01
5.001392727210218681e+01
5.012375222728775270e+01
5.015230512364891524e+01
5.011328412448766301e+01
4.952133646084413954e+01
4.957632380018890927e+01
4.947802341242087465e+01
4.970543580052359545e+01
4.975351816708406716e+01
4.966851523720400508e+01
4.986257530856070730e+01
4.983224373573680310e+01
4.990379723179560756e+01
4.999248285966904604e+01
5.002690179374786794e+01
4.996892191247388126e+01
5.009491877106679425e+01
5.012260537742601940e+01
5.007830666516001372e+01
5.016967783635166711e+01
5.019071634344617650e+01
5.016018881504445659e+01
5.021659126862468980e+01
5.023107942012840255e+01
5.021439484304597300e+01
4.931058236045613086e+01
4.937251627430305234e+01
4.926111852999852658e+01
5.023552780323515776e+01
5.024357689248588343e+01
5.024078818504349186e+01
5.022639505047612118e+01
5.022812975348861642e+01
5.023927045628806809e+01
5.018914052705353157e+01
5.018469860496671231e+01
5.020978252116608331e+01
4.907340418618355926e+01
4.914245007713933688e+01
4.901838273863766204e+01
4.881788569187113325e+01
4.889053178529476185e+01
4.875273448144235999e+01
4.852477605834583585e+01
4.845608734840512710e+01
4.860608202836191793e+01
4.820663491699911418e+01
4.813490901868176053e+01
4.829702976671081416e+01
4.786700221327779303e+01
4.796499855885293329e+01
4.779143123794530368e+01
4.880031303791025010e+01
4.875294508605210098e+01
4.888781560562051709e+01
4.905986290691964058e+01
4.914240240728651088e+01
4.901690897008731440e+01
4.817186232329348883e+01
4.839816620767053479e+01
4.867420864576759953e+01
4.930020352401216854e+01
4.937373214320389536e+01
4.926210582523840742e+01
4.951246142993469590e+01
4.957711179594573991e+01
4.947941833758045505e+01
4.985844473297715496e+01
4.969643077195932790e+01
4.966867850161095532e+01
4.975233223162051388e+01
4.996908048246475431e+01
5.007660301890804533e+01
5.015605003887144875e+01
4.961281435752508884e+01
4.941534275035081691e+01
4.978347248046732432e+01
4.992703024631927633e+01
5.004323165710970756e+01
5.013185399928818242e+01
5.019271016524738371e+01
5.022564998702078043e+01
4.919137408752696672e+01
5.023056155117244970e+01
5.020737233387873033e+01
4.894487159815164290e+01
4.867075871246468921e+01
4.836507630787863121e+01
4.803593276327170258e+01
4.892986994837789183e+01
4.917961710963794530e+01
4.842324947091658061e+01
4.833460527947029561e+01
4.825960729917154879e+01
4.829430608115790591e+01
4.819512667795695648e+01
4.848436146949055114e+01
4.866251735282168767e+01
4.873196919465004129e+01
4.860650693342897455e+01
4.940595544536061823e+01
4.960410039440122887e+01
4.994570743628141685e+01
4.987691161118495842e+01
4.992721400250525221e+01
4.985122455122617424e+01
4.977385043318782465e+01
4.982967818879762945e+01
4.998834462782262023e+01
5.005638101659098993e+01
5.004298191649272809e+01
5.009006302581818204e+01
5.013793002771195262e+01
5.016352147623324953e+01
5.013051943391783993e+01
4.959962357565960644e+01
4.965221489904833163e+01
4.956027026567788596e+01
4.940130333659097772e+01
4.946099530704329084e+01
4.935570542192517962e+01
4.977087129026994461e+01
4.981641987985778997e+01
4.973797310991045606e+01
4.991475873429781274e+01
4.995332630686115039e+01
4.988851494030747347e+01
5.003101901391603690e+01
5.006267985049968416e+01
5.001162498273718882e+01
5.011941748154927723e+01
5.014426105210554141e+01
5.010706643145758932e+01
5.017975715606074516e+01
5.019788687784532755e+01
5.017463793133389771e+01
5.021187859221594607e+01
5.021417536335819420e+01
5.022341200758298640e+01
4.917624210773418270e+01
4.924307237179274921e+01
4.912451056849550213e+01
5.021566102874431436e+01
5.022555255567928612e+01
5.022072982330212199e+01
5.019102438447804104e+01
5.020868313854552412e+01
5.018977405705958716e+01
4.893425959248291690e+01
4.887577844057452126e+01
4.900339062246288790e+01
4.866187956391281233e+01
4.859309255938259753e+01
4.873952928169587295e+01
4.836761469369186983e+01
4.828705352717752675e+01
4.844573127827006687e+01
4.802883788823785949e+01
4.811739082470453610e+01
4.794780919404215780e+01
4.888353286703765122e+01
4.897164862771501248e+01
4.884136678977450430e+01
4.914066549151306162e+01
4.922049412177089067e+01
4.909986414693417345e+01
4.835637747058238745e+01
4.854331443286056214e+01
4.877353476661236442e+01
4.937151242056557976e+01
4.933546250858089621e+01
4.944204134746169643e+01
4.957345060788259161e+01
4.963502219113287595e+01
4.954259093793952928e+01
4.989921079278816762e+01
4.974663974443843983e+01
4.972120083201906482e+01
4.979935599691412307e+01
5.000104481236915177e+01
5.009680682706673593e+01
5.016413136131504302e+01
4.968473962299479751e+01
4.949991964369966269e+01
4.928819945118597445e+01
4.984234396973047154e+01
4.997245084203675702e+01
5.007480797972071684e+01
5.014920018729514339e+01
5.019544880225488015e+01
5.021341371871889692e+01
4.905449219249778992e+01
5.020299438642394563e+01
4.879750121488422820e+01
4.851410783636493562e+01
4.819782269311845369e+01
4.901159338689327427e+01
4.925570991527934694e+01
4.864811676476166014e+01
4.847130232117613957e+01
4.853472122792717869e+01
4.849613316379193151e+01
4.839426081004287994e+01
4.865518732887829145e+01
4.876701491890412399e+01
4.947213104715550713e+01
4.965976542110236380e+01
4.997812579453093917e+01
4.996226776669386993e+01
4.991503591013408681e+01
4.989023974426991970e+01
4.987107150372055031e+01
4.981848702790733796e+01
5.001760892719603646e+01
5.007688356656345974e+01
5.010742947781291434e+01
5.006632731186948604e+01
5.014619437486257425e+01
5.016861891482565028e+01
5.014177307333796563e+01
4.967042392105554427e+01
4.972036734981269746e+01
4.963484366913979073e+01
4.948475518747021340e+01
4.944279674087430720e+01
4.954187408654457414e+01
4.927183320520748566e+01
4.922383219093644158e+01
4.933631199692107572e+01
4.982867332843517971e+01
4.987144968195286054e+01
4.979962637590972463e+01
4.995914101956006448e+01
4.999481822912626683e+01
4.993683033478757238e+01
5.006155251649897764e+01
5.009022655690676373e+01
5.004619288461908866e+01
5.013567900159632273e+01
5.012748086227212951e+01
5.015746068487364084e+01
5.018133811639687991e+01
5.018050280867855406e+01
5.019634778392275365e+01
5.019837633399655630e+01
5.020675179555137646e+01
5.020510315082684372e+01
4.903295370742011983e+01
4.910415262940852443e+01
4.898312550187984016e+01
5.018668395762972523e+01
5.018857774946206263e+01
5.020116633993493593e+01
4.877847222841234753e+01
4.885612900105975598e+01
4.871984488992173823e+01
4.850660949414170631e+01
4.858404479991435920e+01
4.843705516717114534e+01
4.820093401966783375e+01
4.828397233846561676e+01
4.811506352160080269e+01
4.895864459936461088e+01
4.905018405431407302e+01
4.892088488701374871e+01
4.921176898332654304e+01
4.917563033587320120e+01
4.929167821051645149e+01
4.857114019805263894e+01
4.880463660546677573e+01
4.943908929335994173e+01
4.950634765492967659e+01
4.940496587673271023e+01
4.962988932807527220e+01
4.968838384301877653e+01
4.960132709728753753e+01
4.993488620948395607e+01
4.979257471624422493e+01
4.984182255544151019e+01
4.976930727019772149e+01
5.002752953673223857e+01
5.011124632795139888e+01
5.016614600868871321e+01
4.974910281533720280e+01
4.957707749054116420e+01
4.937780694534006187e+01
4.915175066185592101e+01
4.989350348419270631e+01
5.000997151716325817e+01
5.009826708956102692e+01
5.015818213642646839e+01
5.018954701476440761e+01
5.019223110422158385e+01
4.890491978292975261e+01
4.864228990500431848e+01
4.835356596634416348e+01
4.908507408178432030e+01
4.932504978795953576e+01
4.875565925956671975e+01
4.870195406312542730e+01
4.862601510870357657e+01
4.870445122204259292e+01
4.859824555262661505e+01
4.885873857428365596e+01
4.953417140177545974e+01
4.971102001548388927e+01
5.000541241991238195e+01
4.994817541475462974e+01
4.999208319611881990e+01
4.992466982097182893e+01
4.990774647637517347e+01
4.985869348922514632e+01
5.004149445377662886e+01
5.009193009327303514e+01
5.011911082024607111e+01
5.008413719919366969e+01
5.014866639453838815e+01
5.014717605962022162e+01
5.016770770573942428e+01
4.973413274229772441e+01
4.970212487561925485e+01
4.978115025175146968e+01
4.956140399050467238e+01
4.961545706973473813e+01
4.952285674320185649e+01
4.936012452305732268e+01
4.931585960695492332e+01
4.942221058836393155e+01
4.913324685488878885e+01
4.908320218679447322e+01
4.920258349552896959e+01
4.987918590090864512e+01
4.985381779297528482e+01
4.991892794587849380e+01
4.999603101998583554e+01
4.997749820071844340e+01
5.002855417214471601e+01
5.008432874026057391e+01
5.007288623001739580e+01
5.010977692907211889e+01
5.014390828128333766e+01
5.016239581422384219e+01
5.013976367790004929e+01
5.017458186995141745e+01
5.018624574318555176e+01
5.017795277561877043e+01
5.017619975283364653e+01
5.018119959214234882e+01
5.018730191775166105e+01
4.885049196412805372e+01
4.894263812048890117e+01
4.881430009231546308e+01
4.861704522996138422e+01
4.856242479277361923e+01
4.869906425320979082e+01
4.838111726502514642e+01
4.844340973713831033e+01
4.829148660799216941e+01
4.900554749449548098e+01
4.898158095996519279e+01
4.911005922555311543e+01
4.928473145302211122e+01
4.936225996545100969e+01
4.924804880734744472e+01
4.872844509491801546e+01
4.888256536009232889e+01
4.949966159173542479e+01
4.946888182043513638e+01
4.956487611615185074e+01
4.968375126222584726e+01
4.965658019456665073e+01
4.973833857512032353e+01
4.996568944868500495e+01
4.983461793161001196e+01
4.987998877328492142e+01
4.981325165787706055e+01
5.004871955926595462e+01
5.012006367689416209e+01
5.016219460568688504e+01
4.980627294236721525e+01
4.964711737950682391e+01
4.946031595731066233e+01
4.924696782946554663e+01
4.899308527768336319e+01
4.993726150415923115e+01
5.003985473066980205e+01
5.011383441704404618e+01
5.015898301861135167e+01
5.017514278106724390e+01
4.873573820410945956e+01
4.849937254217064719e+01
4.914652376163975589e+01
4.939190662776671559e+01
4.885507287222480244e+01
4.890955130250005567e+01
4.880561807004892216e+01
4.959154471113131990e+01
4.975891327253207663e+01
5.002775485012836043e+01
5.001685533075841050e+01
4.997654186647163499e+01
4.995473848824826746e+01
4.993989995144777083e+01
4.989462908399984542e+01
5.006017590313599896e+01
5.010165326549780929e+01
5.009656366116663406e+01
5.012523874712036331e+01
5.014543455180211851e+01
5.014683876048844979e+01
5.016087727669901852e+01
4.979128010234670398e+01
4.983485890510312544e+01
4.976254633302818320e+01
4.963095983764420538e+01
4.968225794794021510e+01
4.959625929868414573e+01
4.940893843800051854e+01
4.948623707934653737e+01
4.938440916830893457e+01
4.922663089323116736e+01
4.918068856720056914e+01
4.929462288630977440e+01
4.902502229467277317e+01
4.907885852116314140e+01
4.893943418846432536e+01
4.992227375930743705e+01
4.995895940346852626e+01
4.990065067567140744e+01
5.002546703777984050e+01
5.005466059533998191e+01
5.001066280469809300e+01
5.009955563827418246e+01
5.009194062198152153e+01
5.012155028301562965e+01
5.014428635675194812e+01
5.015924238396983981e+01
5.014411216296714002e+01
5.015963209209335361e+01
5.016771023309798494e+01
5.016714023751481477e+01
4.856654750273140309e+01
4.871007079391002037e+01
4.859216676778269317e+01
4.847482632684538828e+01
4.913331548281938410e+01
4.921009897191517268e+01
4.907086539511047363e+01
4.934539145512349023e+01
4.931557553147833772e+01
4.942397739009696522e+01
4.895601822033956552e+01
4.956426960113383728e+01
4.953189138349051035e+01
4.962431376419138473e+01
4.973479596501839950e+01
4.978479917097875074e+01
4.970914116027746132e+01
4.999181609320636710e+01
4.987197442024486804e+01
4.991362495553595124e+01
4.985286805169211988e+01
5.006477568143705525e+01
5.012337794011854442e+01
5.015235477708760925e+01
4.985629480986705175e+01
4.971056295966113225e+01
4.952155296079093461e+01
4.931977379871299405e+01
4.912676502708953308e+01
4.875536443781339813e+01
4.889161978179536305e+01
4.880320151672536610e+01
4.997356834412592264e+01
5.006223818780704704e+01
5.012171852969679264e+01
5.015176804080113726e+01
4.866247804185985615e+01
4.902205487109344517e+01
4.924190896095601033e+01
4.945641415755189740e+01
4.910819019613561665e+01
4.900908031659725594e+01
4.964979882936629707e+01
4.980270693259888759e+01
5.004547611252507977e+01
5.003677015542028528e+01
5.000029294417542047e+01
4.998117916451009535e+01
4.996772773566240033e+01
4.992618157777284438e+01
5.007381960075333893e+01
5.010614430423376575e+01
5.010371510623311053e+01
5.012592313743201089e+01
5.013655704051765838e+01
5.014084277712040461e+01
5.014819120897877269e+01
4.984158285108822639e+01
4.988175738031699069e+01
4.981657448300299507e+01
4.967131727494911075e+01
4.973231142526265103e+01
4.965116471778055285e+01
4.951964167747504320e+01
4.946561210525545249e+01
4.957586004548579695e+01
4.918480257717290982e+01
4.929898526563614780e+01
4.920616429832034555e+01
4.910648970170392147e+01
4.894478505444833871e+01
4.898487757775099283e+01
4.885195710137521274e+01
4.995795225233342052e+01
4.999130039373827117e+01
4.993993372171372158e+01
5.004852848824805278e+01
5.007378162738700667e+01
5.003701247905102889e+01
5.010741696724007710e+01
5.010355935175139308e+01
5.012575134111854425e+01
5.013698393520678565e+01
5.014815672407093672e+01
5.014069563045929101e+01
4.912160901161713156e+01
4.922976100463232996e+01
4.946561224350751473e+01
4.951563525817604727e+01
4.940772453091375382e+01
4.961816791780932334e+01
4.967700608925778738e+01
4.959080958630416092e+01
4.977273992228658983e+01
4.975474942196312611e+01
4.982383565150668403e+01
5.001343647682067939e+01
4.991591453271991696e+01
4.994835035673732904e+01
4.989443255382312259e+01
5.007589080991348141e+01
5.012134958310308974e+01
5.013668586456788034e+01
4.989960141344948141e+01
4.975809718183833752e+01
4.959704278962598778e+01
4.934915425907139763e+01
4.943558964665727729e+01
4.937879342285908280e+01
4.926877977972397105e+01
4.906653947831958362e+01
5.000257893940614906e+01
5.007773490515219805e+01
5.012216318684299665e+01
4.930096614741810157e+01
4.920719597122286615e+01
4.932341448214982194e+01
4.938604505416841306e+01
4.954266968433778118e+01
4.969728492851800894e+01
4.984661820989494174e+01
5.006044982631010498e+01
5.002062335894323297e+01
5.005286940400434759e+01
5.001199024979320029e+01
4.999646490801936238e+01
4.996432815895337853e+01
5.008338426931456411e+01
5.010626471091761402e+01
5.012160843387414388e+01
5.010602724277809727e+01
5.012221588704336028e+01
5.012974015283145235e+01
5.012921398565681841e+01
4.987237304703440088e+01
4.985653590655087442e+01
4.991552729673848177e+01
4.976502144316202703e+01
4.971942185599096575e+01
4.980295314465926282e+01
4.949767662390488709e+01
4.958627650424052291e+01
4.950863094945106013e+01
4.942480994557975293e+01
4.913088971745943923e+01
4.924178152781605888e+01
4.915784431278328981e+01
4.903953528120650418e+01
4.997676679322791671e+01
5.001375383164587163e+01
4.996808026225889421e+01
5.006483895666688966e+01
5.005692190542460196e+01
5.008598794301236978e+01
5.010921241408193083e+01
5.010846833328373151e+01
5.012297104227090472e+01
4.948070506257110424e+01
4.939357322027994712e+01
4.947403945124881375e+01
4.955122477033581418e+01
4.964464316469984340e+01
4.963073337744678781e+01
4.971084488158237491e+01
4.987184313015864490e+01
4.989415288215973732e+01
4.982460020778666632e+01
5.003600113177424902e+01
4.996082002599803928e+01
4.998631169803943664e+01
4.993874004207079764e+01
5.008326078358575728e+01
5.011429760159680313e+01
5.011576817072639045e+01
4.992607618900204614e+01
4.981853780971787415e+01
4.963055492065553409e+01
4.965030240032815101e+01
4.969886890238100108e+01
4.956512321135775778e+01
4.931018694804748037e+01
4.940556030724663827e+01
4.932940143719294923e+01
4.922206918215279359e+01
5.002262774335218154e+01
5.008719103572632037e+01
4.956415379228205609e+01
4.978369469991755381e+01
4.971551753774481597e+01
4.977863972330473530e+01
4.982983411152714837e+01
4.991670564724755366e+01
5.007178587180683849e+01
5.006596869935408733e+01
5.004168603096716339e+01
5.003488649770265795e+01
4.999818369063036982e+01
5.002353994639296531e+01
5.008886165880648633e+01
5.010120472812805303e+01
5.011194064328736175e+01
5.010358188491300524e+01
5.010345923924651856e+01
5.010651875811430500e+01
5.011271608629385099e+01
4.987749713232878435e+01
4.992901857534579335e+01
4.987452760125842843e+01
4.977138724852719776e+01
4.976795617513953829e+01
4.982266963908554658e+01
4.970224418292364277e+01
4.947845355130328926e+01
4.955620271576839286e+01
4.948779404967280016e+01
4.939571779339818391e+01
5.002763297107025409e+01
5.000326765637356630e+01
5.004530482095762522e+01
5.007631641285644264e+01
5.007059277905356254e+01
5.009270948450545546e+01
4.989955987542301585e+01
4.984366023865904793e+01
4.988657415635780268e+01
4.993123440105035371e+01
5.005314214786546501e+01
4.998918582801504584e+01
4.997512919632699635e+01
5.001220097384146612e+01
5.008623082175784447e+01
5.010245171177838586e+01
5.009013125421152779e+01
4.996316057611050354e+01
4.992137918501488514e+01
4.996968442383897724e+01
4.982505410321616068e+01
4.963392232716112318e+01
4.970376712890178084e+01
4.963133080836364286e+01
4.955761131383572149e+01
5.005122019548234391e+01
4.999656120270611837e+01
4.994538102538057700e+01
5.007738763927671499e+01
5.007435529447061384e+01
5.005591001414875052e+01
5.004724757456430950e+01
5.001852222132317394e+01
5.004133285996577740e+01
5.008902270086689867e+01
5.009101307115118118e+01
5.009711748850524771e+01
5.009635847297641931e+01
5.007661226380542274e+01
5.009032335467764341e+01
5.007624019056095221e+01
4.988479929490717524e+01
4.992530061556392695e+01
4.988048265026430528e+01
4.976978022398153456e+01
4.982476067071041825e+01
4.977009099817254878e+01
4.970240690706141606e+01
5.003727989608704974e+01
5.003255690913943710e+01
5.005671444515566293e+01
5.000169429622849293e+01
5.006226194662985307e+01
5.008408437617475784e+01
5.008394675757060810e+01
5.005683174536314084e+01
4.982786859652798483e+01
4.997420138043980842e+01
4.996899818196568788e+01
4.993026548599343073e+01
5.000707749325886198e+01
5.007557068311251669e+01
5.006161612242500780e+01
5.007642107959323852e+01
5.008305321763278783e+01
5.007204710688564120e+01
5.008195633003172276e+01
5.007406656832792891e+01
5.003813789332327389e+01
5.005789675404282946e+01
5.003735742769271155e+01
5.000690204229653091e+01
5.007382180368776403e+01
5.005523286772262992e+01
