3.967049516329813486e+01
3.969983431586084066e+01
3.970337989452767857e+01
3.961581601687262122e+01
3.964328858745817286e+01
3.968531545235455127e+01
3.970176153170717726e+01
3.968151146966264520e+01
3.969262450974748901e+01
3.953478918941445386e+01
3.957657630263033610e+01
3.966333850823514240e+01
3.963976887148680817e+01
3.966668278176013729e+01
3.970126965285400189e+01
3.968606636957952816e+01
3.970048184574569916e+01
3.971605932197219602e+01
3.970791918279928012e+01
3.970986852080995533e+01
3.970679008035097723e+01
3.970500658875170785e+01
3.969432791724012333e+01
3.963498635372107515e+01
3.960992121201346094e+01
3.957382368037232112e+01
3.961186464626628378e+01
3.965854174396507403e+01
3.963579413122705830e+01
3.968234859534259584e+01
3.970865088007885646e+01
3.971148100257848057e+01
3.967293970332329422e+01
3.968976404401308855e+01
3.967708015507342623e+01
3.943556233668802946e+01
3.948603346305188211e+01
3.956469856788480399e+01
3.960086665285530927e+01
3.955191473150488690e+01
3.958171761113391085e+01
3.954285981739667477e+01
3.965404068476278354e+01
3.965484801893373401e+01
3.963289295347346552e+01
3.965891272335577611e+01
3.970028601373190469e+01
3.968193284334077475e+01
3.970057306022518873e+01
3.972448174748477356e+01
3.972021743504565450e+01
3.971290763738338825e+01
3.972683598439395780e+01
3.972147491867493585e+01
3.971676785590063474e+01
3.970444389327722234e+01
3.968856734658152163e+01
3.970556689315743171e+01
3.931143964182994921e+01
3.937389195498684558e+01
3.949458273254638385e+01
3.947588319471176277e+01
3.936759305657387387e+01
3.952170168703887043e+01
3.961945005099379813e+01
3.962692825534147545e+01
3.959285968917203036e+01
3.960461376850880555e+01
3.964573675488721705e+01
3.967742299998228361e+01
3.971219717965426099e+01
3.972559530544896944e+01
3.971550300981915882e+01
3.965507087647748818e+01
3.966375418892557292e+01
3.967968241126764184e+01
3.943287449550462043e+01
3.937372135529930972e+01
3.943346775461402132e+01
3.949233429717654786e+01
3.924329528933582623e+01
3.942266582863786084e+01
3.930603174499369601e+01
3.957325969010495470e+01
3.956823106972145609e+01
3.952562098277852698e+01
3.959717250307386394e+01
3.962739234324747173e+01
3.964131382835606843e+01
3.958967562049293321e+01
3.963676541663458863e+01
3.969360192639992135e+01
3.969691766355146001e+01
3.967421671221931945e+01
3.973023271809849888e+01
3.972722584940386525e+01
3.971526966968477979e+01
3.974299197086859436e+01
3.973484551323834069e+01
3.973370580555840803e+01
3.973119089188624997e+01
3.971765282688450327e+01
3.972908304160330317e+01
3.969292774711279748e+01
3.967348032131997826e+01
3.969886546516666215e+01
3.917329756997163770e+01
3.924331785041807308e+01
3.930289666884964817e+01
3.930767812025536045e+01
3.936844733384721451e+01
3.953519620817693436e+01
3.954306572350289883e+01
3.948468212446013581e+01
3.910698871530180298e+01
3.917647348134259033e+01
3.947698693768458611e+01
3.947585364104695316e+01
3.942362096807484306e+01
3.934182713924582231e+01
3.935500504391234955e+01
3.929379616399212694e+01
3.952504405920375774e+01
3.961412049787313094e+01
3.958109817556010768e+01
3.966062663024789003e+01
3.971183824385077088e+01
3.973645040039406950e+01
3.973705704765858115e+01
3.971202745192585581e+01
3.963090531821315921e+01
3.964305368755012893e+01
3.966175784385572456e+01
3.901964820684310808e+01
3.885578103950438589e+01
3.909708911909938678e+01
3.923953449016987349e+01
3.941567758661378207e+01
3.942367138671283300e+01
3.936038240559596346e+01
3.947551738656558484e+01
3.924624883421662958e+01
3.924426862233029567e+01
3.917776905615352234e+01
3.941079535049141214e+01
3.929501677087829137e+01
3.954538808219570001e+01
3.951144594507252350e+01
3.955916003913727508e+01
3.960204999185216224e+01
3.960712793319834191e+01
3.957126983330039849e+01
3.961703304612201748e+01
3.968128320294676570e+01
3.968737369630024858e+01
3.965430508858270997e+01
3.973116749717559770e+01
3.973060915596781228e+01
3.971232247356594058e+01
3.975539335004111052e+01
3.974903662917810721e+01
3.974282480966358833e+01
3.975487648797298590e+01
3.974895051346718589e+01
3.974287094187664593e+01
3.972921058479391831e+01
3.971090811643465202e+01
3.973021238065685878e+01
3.967909935342730421e+01
3.965495444549247139e+01
3.968596785363375545e+01
3.893864720886200814e+01
3.868501229211958048e+01
3.877198813261765054e+01
3.916983968600152366e+01
3.909588832762795363e+01
3.917083327846647478e+01
3.923689072624323160e+01
3.928530526989965210e+01
3.935060302769370111e+01
3.929440717852254039e+01
3.950866891219371269e+01
3.952157090239244042e+01
3.946241311784407912e+01
3.896171175312129975e+01
3.903579155523800637e+01
3.912507350551970120e+01
3.918656831988903377e+01
3.911624583109642117e+01
3.945155839307018653e+01
3.939777293301875005e+01
3.946379998020825752e+01
3.937245639306136269e+01
3.930979839404970022e+01
3.935649756710496661e+01
3.958804955521459590e+01
3.949798537395960096e+01
3.955769675314522971e+01
3.964399176061823482e+01
3.970605630107511530e+01
3.974318379863419892e+01
3.975498747919370146e+01
3.974190253403580186e+01
3.970397229203345546e+01
3.960443789806112136e+01
3.961774491846391300e+01
3.964166229010142217e+01
3.903254649465333870e+01
3.894578416774213281e+01
3.902577733751164146e+01
3.888819839900925501e+01
3.878804883052478658e+01
3.887135881390834413e+01
3.910187874652560680e+01
3.922833729660139568e+01
3.938448864372846714e+01
3.939971008732385371e+01
3.933532623526713223e+01
3.944646451307644952e+01
3.880979299250800807e+01
3.888719215134194940e+01
3.904490823950173706e+01
3.925394990626808323e+01
3.924963101041230118e+01
3.919002838019444823e+01
3.941280493218091863e+01
3.931251949913070831e+01
3.957485966817705503e+01
3.950576131854116113e+01
3.947830159335295974e+01
3.952560403883231288e+01
3.958468168409498844e+01
3.959564361760592277e+01
3.954673152697652228e+01
3.966877411350156990e+01
3.967480704495116584e+01
3.963799275489466112e+01
3.972852399229184073e+01
3.972967097339176235e+01
3.970490524790023557e+01
3.976356277637086833e+01
3.975929388285315724e+01
3.974736601744621112e+01
3.977400970085901122e+01
3.976426283129719508e+01
3.976469175984801296e+01
3.975998468500628746e+01
3.974442340042813981e+01
3.975740603933596162e+01
3.972157009079812440e+01
3.972533805840532040e+01
3.970017674743103697e+01
3.965898700558091861e+01
3.963162706707829841e+01
3.966896684887164781e+01
3.896125834324399761e+01
3.873498843262650126e+01
3.881214340651578709e+01
3.871017828741059930e+01
3.851233248708054191e+01
3.860014373726190229e+01
3.917208451882696352e+01
3.910325759911997068e+01
3.917011786522469663e+01
3.922823809004152196e+01
3.924440524353244086e+01
3.926485257141367669e+01
3.931429029475342674e+01
3.947587853055790674e+01
3.949200433646482367e+01
3.943023652350159125e+01
3.865483562956643482e+01
3.873348321487829793e+01
3.899383748626195256e+01
3.897746592157499634e+01
3.890272395969086716e+01
3.906072884540453316e+01
3.916254203622096952e+01
3.914317205498686292e+01
3.920876447105629836e+01
3.943914222322592167e+01
3.932967392690434849e+01
3.929161433551056604e+01
3.935081288308789027e+01
3.955500357488025998e+01
3.953009071308205336e+01
3.962654467012482229e+01
3.969847983960267612e+01
3.974587555951757878e+01
3.976860230942379815e+01
3.976680106755536315e+01
3.974056793179204305e+01
3.969005302546303682e+01
3.957217661114056284e+01
3.958838117096000531e+01
3.961543830958621726e+01
3.907088243088806934e+01
3.905077537256458697e+01
3.898041972796186627e+01
3.862510225415721266e+01
3.891367154925439564e+01
3.882498739003751353e+01
3.890040944075939677e+01
3.912179030360191945e+01
3.920814655629649081e+01
3.934427164363287233e+01
3.929437178941196862e+01
3.936409457901704911e+01
3.940985013832040806e+01
3.849842723235610720e+01
3.885510084850208301e+01
3.883265035876993920e+01
3.875584446796001714e+01
3.857778412067634122e+01
3.892552050763944038e+01
3.907885792455599017e+01
3.924606166859702938e+01
3.946200892317535391e+01
3.941714969965174475e+01
3.948374621237742588e+01
3.939560121640944601e+01
3.953891114776387639e+01
3.955807019002450886e+01
3.957110490945967740e+01
3.951699413872970013e+01
3.965203226125500890e+01
3.966015111824744110e+01
3.961837159210672610e+01
3.972174354817758513e+01
3.969525824582871820e+01
3.972490928438092084e+01
3.976723949044750128e+01
3.974786758663704234e+01
3.976518464851390888e+01
3.978847866075265927e+01
3.978104028899572597e+01
3.977599364425176987e+01
3.978553357299016113e+01
3.977256326762226024e+01
3.977972755840379193e+01
3.975849994148054378e+01
3.973984715925708855e+01
3.975917917226963993e+01
3.970750629507376317e+01
3.968306173547163951e+01
3.971445387353458045e+01
3.963272268605995663e+01
3.960237030261139779e+01
3.964574852992375043e+01
3.834045987259244725e+01
3.899184214441536511e+01
3.859573125657493620e+01
3.855420935879804745e+01
3.866646143303486838e+01
3.881809015744193658e+01
3.886594680689916004e+01
3.877614808969354243e+01
3.842761050249213639e+01
3.915762128570626999e+01
3.918678530670833737e+01
3.926566701750024890e+01
3.921593562192472149e+01
3.943992970989727809e+01
3.945761902468419891e+01
3.939211092283677829e+01
3.834504503398783726e+01
3.842260161199792634e+01
3.872065539380584909e+01
3.878896946535301282e+01
3.868747509086405501e+01
3.861041871563794103e+01
3.901500970401730228e+01
3.900402578455099700e+01
3.893528848164574896e+01
3.908831827606449139e+01
3.926845709383886174e+01
3.921538707604932483e+01
3.929887647802117101e+01
3.951691493888456108e+01
3.941262969336457900e+01
3.937096826640573966e+01
3.943716775337117042e+01
3.949875243897808019e+01
3.960481300740418931e+01
3.968665576536596262e+01
3.974426326270603482e+01
3.977762958267159377e+01
3.978677070131155347e+01
3.977177054941873280e+01
3.973274164615469317e+01
3.966983396322225275e+01
3.953434729275494419e+01
3.955324752742074423e+01
3.958323120616957880e+01
3.817236825207653794e+01
3.825747944703754655e+01
3.900998499733641012e+01
3.904026070592945530e+01
3.896162946215614653e+01
3.846946136030882712e+01
3.870749676775034231e+01
3.891364334988765705e+01
3.912904891112454919e+01
3.929773179352987000e+01
3.932071225164067840e+01
3.924253905451809743e+01
3.936856325435051218e+01
3.857618282349127981e+01
3.853725374555504857e+01
3.846079275820800802e+01
3.819499269302689726e+01
3.827023123183733588e+01
3.892487281503408525e+01
3.889018365167258651e+01
3.882328302958365640e+01
3.864953280388994727e+01
3.897039846277582598e+01
3.910460093193970010e+01
3.905956914475204655e+01
3.913328987052001651e+01
3.918619824786068051e+01
3.934015999864772795e+01
3.949799101199428719e+01
3.947315481242905122e+01
3.952782415542884564e+01
3.954264739707471676e+01
3.948387265844905869e+01
3.963123100968015677e+01
3.964135220126870962e+01
3.959464045997546577e+01
3.971076669497706746e+01
3.968138132216446223e+01
3.971599438057159404e+01
3.976639387456032182e+01
3.976657214532538376e+01
3.974403893816560895e+01
3.979809726469113684e+01
3.979305541868070151e+01
3.978262643683826383e+01
3.980590819345012932e+01
3.979549834301014499e+01
3.979713676482670337e+01
3.978989428370923775e+01
3.978764055026520197e+01
3.977398163967090028e+01
3.975015882068234419e+01
3.975423734407087295e+01
3.972862128514945823e+01
3.968684176368943639e+01
3.969706166393383029e+01
3.965957222790346037e+01
3.960011668983729294e+01
3.956702037346711620e+01
3.961628529096761753e+01
3.844195747530658736e+01
3.830793966608814571e+01
3.839091870884767843e+01
3.909849085069267005e+01
3.851997135209231260e+01
3.869444967250318967e+01
3.875662250125481734e+01
3.864451314304092477e+01
3.893688445055438763e+01
3.897332856030238446e+01
3.887716763995885572e+01
3.913092561214481435e+01
3.921403796255913221e+01
3.915879399116715831e+01
3.940063246547946818e+01
3.941995831775597026e+01
3.934918065217856764e+01
3.843661879338100107e+01
3.839039516481862080e+01
3.850695181267617073e+01
3.831560660046763900e+01
3.879613693861411861e+01
3.875771948150683244e+01
3.886155967313541026e+01
3.868674360189784522e+01
3.901463765596979982e+01
3.920175733495478454e+01
3.915292801512270415e+01
3.923491359301874581e+01
3.935740255111091557e+01
3.938483297923549742e+01
3.931270760058233549e+01
3.949019085620501812e+01
3.945119539006918075e+01
3.951211165147475413e+01
3.946392158204884026e+01
3.957923642152434240e+01
3.967071803774756233e+01
3.973830585581945485e+01
3.978197274980774978e+01
3.980172626268965530e+01
3.979761700179170703e+01
3.976973002522266398e+01
3.971818702426728720e+01
3.964314494123989618e+01
3.954479440445762606e+01
3.801171901675289888e+01
3.809270363483410904e+01
3.828188493558855043e+01
3.822688410072393594e+01
3.836227117181682900e+01
3.907039155472919845e+01
3.856885309324145794e+01
3.881572478099135282e+01
3.903368289776712885e+01
3.924978741066577470e+01
3.927341032770281259e+01
3.919036171563081439e+01
3.932488222381925880e+01
3.862246018472922771e+01
3.859886933642633977e+01
3.852899939904651916e+01
3.805091912039886637e+01
3.812288140076529430e+01
3.830549118174464240e+01
3.837095688380745884e+01
3.824967291590294138e+01
3.902396160806257086e+01
3.891008974556748257e+01
3.897435616794020774e+01
3.870867836205193413e+01
3.906413474529561114e+01
3.911241776559170091e+01
3.927915844075845087e+01
3.942340947715997146e+01
3.949377466135971559e+01
3.951047150465334568e+01
3.944717496944386426e+01
3.960637506220161441e+01
3.956706739734001843e+01
3.961849643884124816e+01
3.969545671568341305e+01
3.970282361797344350e+01
3.966330575322956520e+01
3.976095161170236736e+01
3.976340094171785466e+01
3.973581275369181043e+01
3.980282837046696898e+01
3.980020400684777115e+01
3.978455431952002641e+01
3.982109317144384875e+01
3.981325233723219981e+01
3.980952599156192662e+01
3.981578813379289272e+01
3.981076444063105413e+01
3.980260052967024365e+01
3.978699129009446978e+01
3.976833923571208373e+01
3.978834261815084972e+01
3.973481596930540150e+01
3.971059504724403411e+01
3.974236893153720729e+01
3.965940972573272916e+01
3.962952858763682684e+01
3.967298724859620762e+01
3.956095264539995782e+01
3.952533378542106846e+01
3.958037460132727148e+01
3.814705272067084962e+01
3.850440695314139106e+01
3.839306917187990109e+01
3.847280800228152486e+01
3.859884572097096367e+01
3.887777944544050968e+01
3.890684859967651477e+01
3.878636207866996699e+01
3.907456893548291532e+01
3.900573417632234197e+01
3.910237087999449557e+01
3.916183751897252563e+01
3.935776111486792672e+01
3.937884562999318661e+01
3.930374734228357880e+01
3.852906676795021212e+01
3.848236327796027467e+01
3.857550409648760592e+01
3.817755010335927324e+01
3.841659758189449292e+01
3.894129306031582161e+01
3.886872424969070750e+01
3.898231091137974147e+01
3.873168081502077342e+01
3.867684359023350282e+01
3.876348336778129777e+01
3.912952833827360877e+01
3.907647762824879578e+01
3.916541148559267072e+01
3.929578074719218961e+01
3.932638502555856519e+01
3.924851428489150607e+01
3.943967229826100152e+01
3.946474796126011597e+01
3.939829348816255106e+01
3.942540864255933997e+01
3.954973353050548468e+01
3.965058808808178270e+01
3.972788514252513892e+01
3.978157507702373152e+01
3.981164531298359321e+01
3.981812013441915354e+01
3.980105961047538443e+01
3.976055949145008839e+01
3.969675033324728020e+01
3.960979613129118349e+01
3.949990074304846388e+01
3.815979902203754648e+01
3.822106181333550268e+01
3.808528899854577787e+01
3.786112038657440593e+01
3.793679690192301734e+01
3.842283145472884343e+01
3.846339519638720361e+01
3.835198316094792403e+01
3.866015367519324997e+01
3.867667170018495426e+01
3.858242060315317445e+01
3.876863881710911386e+01
3.897574220803336686e+01
3.919847683594877452e+01
3.922375119572336644e+01
3.913650087126720223e+01
3.927773543956382696e+01
3.791365167288083882e+01
3.778607301159092913e+01
3.862970273775825092e+01
3.798249683141803956e+01
3.816663056386926911e+01
3.810818387645871042e+01
3.823594097923817969e+01
3.841367439849164356e+01
3.835908556537052760e+01
3.847116460333695898e+01
3.903483973247542593e+01
3.883610763507961394e+01
3.921217901756208590e+01
3.936728464418678897e+01
3.945572480466585574e+01
3.947439643331750148e+01
3.940668992400757986e+01
3.957730618636114173e+01
3.953548613444048243e+01
3.959150872200457627e+01
3.967570179389487350e+01
3.968526626845861927e+01
3.964098058420110249e+01
3.975082283712263376e+01
3.975559057041416366e+01
3.972307612447711733e+01
3.980261626374447559e+01
3.980243931112099887e+01
3.978171225238091324e+01
3.983106515951220672e+01
3.982580708847481077e+01
3.981686492599909855e+01
3.983618822412267235e+01
3.982572430512543349e+01
3.982854662452213290e+01
3.981803938341065674e+01
3.980225690537561434e+01
3.981680544080169426e+01
3.977670726343545482e+01
3.975550584892528860e+01
3.978172478291051561e+01
3.971231439338534841e+01
3.968560618297172482e+01
3.972342267139921290e+01
3.962501601201170587e+01
3.959272560330516910e+01
3.964205060034337436e+01
3.951499867532137245e+01
3.947707115280553580e+01
3.953779197987815763e+01
3.801022956512976236e+01
3.829095463408960143e+01
3.854115477368239340e+01
3.772220350324865734e+01
3.779186573458493115e+01
3.881085473075405190e+01
3.884386808111886324e+01
3.873546518259902882e+01
3.901608971198852771e+01
3.904491707923523336e+01
3.894691157638784063e+01
3.910687565622372830e+01
3.931108178798044861e+01
3.933404423942316441e+01
3.925472532160573280e+01
3.785028703394818450e+01
3.766957805938875481e+01
3.772765436709324405e+01
3.863385656824695502e+01
3.858099231167306442e+01
3.868254525000607913e+01
3.803980289684625404e+01
3.828956640046072124e+01
3.852303915701963888e+01
3.905092632062007851e+01
3.899581851295965151e+01
3.908997109990301766e+01
3.885249990867954750e+01
3.879183296851246610e+01
3.889659465724748344e+01
3.922769909478102335e+01
3.917832985886244757e+01
3.926150885468655360e+01
3.938247857471009183e+01
3.933885663717825310e+01
3.941086892470399050e+01
3.938299352746813753e+01
3.951612637936319317e+01
3.962613093284660692e+01
3.971290071951235490e+01
3.977636479826513494e+01
3.981648818288245195e+01
3.983327180246448762e+01
3.982675202366977629e+01
3.979700017358399577e+01
3.974412191192342902e+01
3.966825623487321195e+01
3.956957413939126411e+01
3.944827701765101580e+01
3.806780293034672269e+01
3.796495125439599860e+01
3.811393238005737771e+01
3.833214317869644105e+01
3.837714966364427482e+01
3.824562796419952093e+01
3.858451304565343776e+01
3.862190644701077957e+01
3.850354682640620751e+01
3.789579839843209896e+01
3.891302733588036489e+01
3.869719973963022142e+01
3.914353647982931506e+01
3.917060292337337302e+01
3.907975581444872404e+01
3.922687416969724694e+01
3.804484616889620696e+01
3.797963998764451077e+01
3.791551132451332506e+01
3.791962733962901666e+01
3.785330417945890957e+01
3.779413904529397428e+01
3.874262623951821638e+01
3.810587988900385881e+01
3.829580875565296338e+01
3.835440019258646061e+01
3.823075627659635245e+01
3.853207008816657009e+01
3.847243000162448823e+01
3.858264146060954403e+01
3.895112774641987841e+01
3.913878461579711399e+01
3.930459483179540570e+01
3.941345978350409496e+01
3.943421580497410872e+01
3.936219336859696227e+01
3.954384715636091130e+01
3.956022178826285796e+01
3.949970967994498494e+01
3.965136407284538933e+01
3.966319720483868849e+01
3.961425765122723419e+01
3.973590252408339296e+01
3.974304358181072416e+01
3.970572124145326853e+01
3.979738904229924401e+01
3.979969758989632567e+01
3.977401935853004034e+01
3.983578504167108747e+01
3.983313141448094541e+01
3.981910623293794060e+01
3.985108685519510630e+01
3.984097163016127041e+01
3.984335254144136940e+01
3.984332545866018904e+01
3.983964044515911951e+01
3.983040339846260736e+01
3.981256603630009039e+01
3.979436087460455695e+01
3.981517229783843703e+01
3.975890734445665942e+01
3.976766095285254465e+01
3.973533561028378358e+01
3.968248080246565479e+01
3.969723346347482362e+01
3.965347095024456081e+01
3.958344931144688417e+01
3.954894165725565358e+01
3.960404898160705756e+01
3.946200579326065139e+01
3.942195229896550046e+01
3.948829732668275483e+01
3.759658608388166101e+01
3.765934304612386541e+01
3.819980174351839253e+01
3.845780970553580147e+01
3.790650077822692054e+01
3.798797006838564982e+01
3.781428232686117497e+01
3.895328219131869929e+01
3.898425456134622635e+01
3.888200540976940545e+01
3.874053127919574280e+01
3.877523479975270249e+01
3.866243991253291057e+01
3.904794460881215912e+01
3.926034398450213558e+01
3.920185939509331519e+01
3.928531246478709704e+01
3.756323638149628863e+01
3.761563476235635761e+01
3.798282441673244847e+01
3.780890081109838263e+01
3.786454204535633750e+01
3.773919457915337006e+01
3.875693530827517463e+01
3.869503160315186108e+01
3.880441154514322477e+01
3.817000509294820887e+01
3.841312356942484030e+01
3.864377134479887843e+01
3.896555385263400950e+01
3.890870042825343234e+01
3.900796241363075723e+01
3.915279553517933664e+01
3.918999511937956015e+01
3.910154827325159488e+01
3.931837171651019958e+01
3.935019742126220876e+01
3.927273544903842151e+01
3.947821879597870520e+01
3.933644407537204302e+01
3.959718957995563215e+01
3.969323134967881828e+01
3.976625333900418013e+01
3.981619950680021702e+01
3.984304874056574874e+01
3.984681472799178437e+01
3.982754559529994509e+01
3.978532337610435832e+01
3.972026324299278599e+01
3.963251246061494015e+01
3.952224906912449853e+01
3.938968039065147053e+01
3.775164613433055649e+01
3.820843478719827857e+01
3.827029739717859513e+01
3.813762075896590176e+01
3.850566440775797616e+01
3.854457559191525462e+01
3.841878798478475687e+01
3.805788029240105175e+01
3.884641335520159799e+01
3.862252699213244966e+01
3.908467459907239316e+01
3.901889179872284785e+01
3.911367901719340523e+01
3.917202399495911891e+01
3.768547507223018300e+01
3.816832577974343366e+01
3.804404952555996289e+01
3.810697181831159952e+01
3.803499173369240793e+01
3.792158528030157072e+01
3.797757010395703503e+01
3.886062460983342248e+01
3.823219766171232692e+01
3.841470686229531140e+01
3.835471792300918281e+01
3.847310704487694721e+01
3.865423425447089301e+01
3.859273911915518340e+01
3.870527583427266904e+01
3.905859484590813224e+01
3.923504138371265526e+01
3.950580410690518818e+01
3.952445007011166211e+01
3.945953379613274592e+01
3.936674898524436372e+01
3.938970707713179564e+01
3.931344489969963973e+01
3.962228603795256987e+01
3.963646886971515926e+01
3.958296961371662803e+01
3.971606869443758825e+01
3.972564633364098796e+01
3.968361831007883467e+01
3.978705927636611506e+01
3.979189925572332243e+01
3.976137950681899724e+01
3.983519878374443834e+01
3.983517878317494620e+01
3.981618700455141635e+01
3.986046225917601760e+01
3.984800907456853736e+01
3.985547055987454002e+01
3.986285875356285402e+01
3.985279457100719469e+01
3.985684845713119273e+01
3.984243105521672135e+01
3.982720478597598657e+01
3.984274208814228047e+01
3.979925520695871910e+01
3.980576064149731508e+01
3.977878859896867425e+01
3.973343979533010639e+01
3.970766602154581193e+01
3.974600785509424128e+01
3.964512499725966421e+01
3.961398861639947455e+01
3.966361959781546886e+01
3.953448139678148721e+01
3.949793817443924127e+01
3.955876268327374845e+01
3.940170863781392541e+01
3.935972529358970462e+01
3.943163346337180997e+01
3.748658772868957101e+01
3.754101084070726557e+01
3.777507089880520397e+01
3.768563585358817392e+01
3.784054938830471571e+01
3.835697505941543284e+01
3.800272231662432176e+01
3.795415700305585460e+01
3.810480771409572043e+01
3.888665781664346355e+01
3.881349989032644032e+01
3.891951528439272323e+01
3.866651865648169917e+01
3.870304704401198848e+01
3.858599355472407666e+01
3.898514914002262799e+01
3.920527916067176477e+01
3.914486959322663751e+01
3.923239026466784196e+01
3.746815325957761189e+01
3.751505212898653241e+01
3.775511910790016401e+01
3.765922377286330658e+01
3.778130091517918743e+01
3.810223201031788420e+01
3.796858899598927195e+01
3.800228722044382579e+01
3.788988648473364407e+01
3.887301742592481446e+01
3.881461679401652987e+01
3.891898895047913243e+01
3.829108122795257430e+01
3.853377268343187723e+01
3.876296442857928781e+01
3.907071102502884941e+01
3.901779087223895459e+01
3.911148255890784498e+01
3.924703399445840546e+01
3.919958788162592356e+01
3.928245637097444387e+01
3.956358839043410569e+01
3.943579871898732137e+01
3.928551070076791518e+01
3.966873734301415766e+01
3.975113608265316145e+01
3.981070868317873845e+01
3.984741316061851535e+01
3.986124157732860596e+01
3.985221988607494836e+01
3.982040755184517877e+01
3.976589695642032041e+01
3.968881256661367729e+01
3.958930986268621410e+01
3.946757406488000441e+01
3.932381873454307453e+01
3.762999773585931251e+01
3.788810112793100870e+01
3.842459090181797166e+01
3.846450796186981336e+01
3.831664693978098768e+01
3.816076987427697986e+01
3.818397525898931377e+01
3.808159877941779570e+01
3.877603977248177358e+01
3.854490814169516000e+01
3.902158412087823081e+01
3.905268195972681156e+01
3.895400579585913192e+01
3.911289846885436816e+01
3.761124575441643714e+01
3.786258111577782870e+01
3.829379527300828556e+01
3.816439925338887207e+01
3.823143279806392059e+01
3.816519684948828939e+01
3.806733457286942723e+01
3.810055957122463610e+01
3.897123656426485638e+01
3.835430124441477062e+01
3.854397183027345619e+01
3.847893453025127997e+01
3.859876752486451323e+01
3.877293045311030539e+01
3.871319408573854304e+01
3.882266151033020662e+01
3.915828442337699755e+01
3.958829478608395647e+01
3.960491607212302512e+01
3.954693316727433228e+01
3.946296798763898295e+01
3.948399213615230252e+01
3.941473874255179055e+01
3.931534673736666008e+01
3.934063206804909640e+01
3.926018750877111074e+01
3.969118401122819506e+01
3.970326917787265586e+01
3.965661997432157904e+01
3.977152453145861699e+01
3.977894940906517718e+01
3.974368056712906849e+01
3.982923793608122054e+01
3.983188799799503244e+01
3.980802936194218944e+01
3.986427896880784516e+01
3.986204978962546619e+01
3.984961426065033407e+01
3.987663569391053642e+01
3.986943330768895066e+01
3.986841685382785272e+01
3.986632941374858774e+01
3.985407057677579701e+01
3.986445236132171743e+01
3.983341435706573463e+01
3.983776934080910337e+01
3.981602672397339404e+01
3.977797714466315426e+01
3.978844917901047751e+01
3.975539935664161817e+01
3.970013603105520872e+01
3.967231770710986183e+01
3.971660535609458975e+01
3.960003992808980655e+01
3.956694155240815292e+01
3.962238247899946231e+01
3.947786723698760625e+01
3.943945995343349153e+01
3.950595510396409793e+01
3.933382453064700712e+01
3.929008987711045364e+01
3.936752640458591657e+01
3.739261573099355473e+01
3.743884987288642208e+01
3.765624994971081918e+01
3.771551087382773204e+01
3.757118771097383814e+01
3.792440538515625548e+01
3.796312398982670544e+01
3.784953815616204764e+01
3.829218765340952046e+01
3.804181936775331963e+01
3.881588265347377842e+01
3.874107510369144336e+01
3.885079422424451678e+01
3.858842030390619726e+01
3.850637046984486034e+01
3.862696411133420327e+01
3.891816607440424747e+01
3.914560508535905825e+01
3.917500223867821774e+01
3.908346125703208429e+01
3.738507601763301835e+01
3.742609341110446763e+01
3.768706731849636782e+01
3.772049894379777157e+01
3.757800031580917732e+01
3.799448523355066953e+01
3.787506954562744710e+01
3.798098583627088232e+01
3.823002053981812765e+01
3.808046797935979555e+01
3.898108714118350093e+01
3.892668278293961492e+01
3.902561210189762164e+01
3.841853245613405932e+01
3.865773541930710877e+01
3.887633703558096698e+01
3.916814510798739946e+01
3.911907478974622876e+01
3.920732674277056873e+01
3.963926369007008788e+01
3.952513650318519467e+01
3.938863889043174282e+01
3.922992953595533550e+01
3.973089325369316782e+01
3.979993037912156240e+01
3.984631321191808695e+01
3.987001315548745595e+01
3.987103491128495847e+01
3.984941628017556070e+01
3.980522773894004018e+01
3.973857179364169667e+01
3.964958211067168747e+01
3.953842244108000870e+01
3.940528537357679539e+01
3.925039095476665096e+01
3.752363665521274072e+01
3.779034508483734811e+01
3.834018069390392469e+01
3.838182106919605729e+01
3.825032724076385904e+01
3.807370670477597230e+01
3.811670274767093503e+01
3.799864814003973379e+01
3.870154676815097616e+01
3.846363597510536891e+01
3.895394664656036099e+01
3.888477116003659262e+01
3.898729927958055441e+01
3.904919739077522678e+01
3.753597958358201936e+01
3.784029348339383603e+01
3.842482521562074282e+01
3.829509081993813169e+01
3.835970657479866475e+01
3.829801701762334432e+01
3.814608182156079152e+01
3.823205305431378065e+01
3.907398509030616651e+01
3.848447410204877173e+01
3.866488707815845061e+01
3.860401328035712964e+01
3.871858215672735071e+01
3.888355038689684307e+01
3.882784349878554764e+01
3.893201789368165322e+01
3.966109683777140305e+01
3.962456403339333377e+01
3.967576764417832180e+01
3.954920320814889578e+01
3.950595030642336525e+01
3.956835881352066764e+01
3.941511589403304328e+01
3.943863199426679245e+01
3.936509030434435630e+01
3.925899431271497519e+01
3.928673854028694024e+01
3.920215077301788398e+01
3.975066815014772459e+01
3.972079560643548035e+01
3.976073852648779905e+01
3.981782017161840059e+01
3.979454098189886935e+01
3.982318370347042702e+01
3.986248819343748551e+01
3.986304814138586750e+01
3.984572861804687705e+01
3.988464011814861010e+01
3.988030978576535546e+01
3.987431986362746983e+01
3.988427655819599948e+01
3.987497956913259856e+01
3.988030908933665586e+01
3.986143069999768329e+01
3.986372357803825395e+01
3.984710118658539812e+01
3.981616794240946433e+01
3.982462318773571752e+01
3.979675064748403912e+01
3.974858531546512808e+01
3.972403560567767045e+01
3.976309979319697874e+01
3.965881068555418665e+01
3.962909447358163106e+01
3.967927650841693321e+01
3.954700175953989572e+01
3.951209533911691096e+01
3.957330669958328428e+01
3.941334490621300546e+01
3.944537281208609159e+01
3.937323471596566549e+01
3.925805380209169471e+01
3.929568503756180320e+01
3.921273614420129405e+01
3.731387869090020359e+01
3.735250220546605249e+01
3.762548910779067768e+01
3.764020675168063690e+01
3.750941001679534281e+01
3.784453352148791794e+01
3.775115016914209320e+01
3.788428836872994054e+01
3.820618541522543410e+01
3.795856364540554750e+01
3.874062057993094754e+01
3.866436424317988951e+01
3.877775675590488902e+01
3.850594652836868903e+01
3.842289142465909180e+01
3.854666074866231185e+01
3.884666842550020505e+01
3.908102759586312658e+01
3.911286011072177615e+01
3.901732808702129773e+01
3.731451148232346782e+01
3.734939575562497538e+01
3.760797316742184648e+01
3.764725461518368377e+01
3.749740985114569725e+01
3.788279424998092537e+01
3.778519468353207600e+01
3.793820819828826529e+01
3.836193493821410527e+01
3.816309637457389670e+01
3.807853515943759248e+01
3.823064137088680781e+01
3.908136785428426663e+01
3.912447980265063308e+01
3.903084848913575655e+01
3.854452778899673149e+01
3.877350526075343140e+01
3.898178809842739412e+01
3.970539079849569930e+01
3.960464111073915916e+01
3.948162899442149154e+01
3.933649855184181376e+01
3.916942413636682119e+01
3.978376519723518356e+01
3.983968343013737723e+01
3.987309707876163856e+01
3.988399040404810592e+01
3.987238032657615605e+01
3.983831617684075610e+01
3.978187922313303915e+01
3.970318198255178288e+01
3.960236732395090797e+01
3.947960737912026019e+01
3.933510227776154977e+01
3.916907868779868096e+01
3.746949198908092882e+01
3.773571819122696525e+01
3.825001418581135226e+01
3.829451875843402320e+01
3.816160979571093748e+01
3.793620459256648303e+01
3.800485374587821497e+01
3.788996072429608830e+01
3.862262831512524031e+01
3.837725855249162521e+01
3.888143346206589257e+01
3.891720753545156697e+01
3.881085551588108729e+01
3.898060928783593226e+01
3.746179809486422130e+01
3.774538655053685687e+01
3.802241538989233050e+01
3.854757930758005102e+01
3.842290216268841618e+01
3.848661997447519667e+01
3.842226566705932811e+01
3.829232299491880553e+01
3.836058371516993759e+01
3.860633486175135687e+01
3.877771130459941418e+01
3.872087527131491669e+01
3.883031860777234101e+01
3.898634899199729631e+01
3.903357032709897112e+01
3.893454552931014945e+01
3.972436006386595864e+01
3.969258383004130053e+01
3.973714325931207014e+01
3.962564220537579729e+01
3.958727451073274750e+01
3.964298343553235071e+01
3.950481116859292996e+01
3.945980957490169061e+01
3.952660346514822720e+01
3.936201246025373734e+01
3.931034149423912538e+01
3.938814049039950049e+01
3.919742126595989617e+01
3.922776188990971491e+01
3.913905244163957065e+01
3.980084989301287379e+01
3.977561578946008325e+01
3.980897695977975559e+01
3.985502822985855431e+01
3.985841039809837127e+01
3.983628017738632110e+01
3.988684350947939805e+01
3.988540170249164163e+01
3.987451887135355122e+01
3.989627633538413676e+01
3.988994145239929168e+01
3.989030614610833680e+01
3.988333950620725687e+01
3.987205262427419683e+01
3.988364873512628606e+01
3.984807782788088559e+01
3.983179031621487809e+01
3.985458566846377693e+01
3.979056770018555511e+01
3.976924125056278569e+01
3.980318788480938963e+01
3.971091649143601643e+01
3.968452306346646452e+01
3.972955762760405918e+01
3.960926170786002132e+01
3.957778339107596821e+01
3.963382763173414958e+01
3.948576996770685099e+01
3.944919876651798063e+01
3.951616011240393078e+01
3.934063578701152153e+01
3.937674556920673297e+01
3.929897333539073401e+01
3.917408016992492747e+01
3.912733736430678277e+01
3.921580140431807848e+01
3.725255149003689326e+01
3.728232542814784267e+01
3.746498194826909867e+01
3.738985936947759825e+01
3.754559659590421461e+01
3.778131109873699245e+01
3.809277061763538086e+01
3.866045710053359841e+01
3.870002875534980546e+01
3.858301512438295333e+01
3.841836302675260129e+01
3.846162033469511954e+01
3.833399204887673051e+01
3.877028585186440779e+01
3.901124135115085068e+01
3.894615317189249737e+01
3.904566420394675674e+01
3.725685980024285726e+01
3.728545764826241538e+01
3.755886128703088644e+01
3.743756025684919564e+01
3.758297189499867130e+01
3.778763097170764951e+01
3.783557033503532097e+01
3.769924505919020419e+01
3.802790271910299680e+01
3.795487609832930787e+01
3.809491466184717723e+01
3.848548493848102225e+01
3.828864595899774770e+01
3.835557566155137010e+01
3.822536132030393219e+01
3.866233278864812917e+01
3.888132217965171122e+01
3.907954718717527243e+01
3.976210038494517107e+01
3.967448127689831949e+01
3.956468712572331015e+01
3.943284817420943256e+01
3.927912484568440021e+01
3.910370670492115153e+01
3.982744524565381994e+01
3.987044831645997789e+01
3.989107410681010180e+01
3.988931932506378786e+01
3.986521279779810811e+01
3.981881516813329824e+01
3.975021837568601057e+01
3.965954492751304628e+01
3.954694696884350691e+01
3.941260516282607540e+01
3.925672737983060046e+01
3.735909468175193382e+01
3.768682556688664675e+01
3.765552718254919284e+01
3.757576940830547585e+01
3.781070777581093267e+01
3.815549109384355120e+01
3.820210186042234568e+01
3.804584615116526436e+01
3.853871199794313895e+01
3.828613769151751711e+01
3.880370366872490706e+01
3.884207194817923181e+01
3.873188178882726618e+01
3.890681125565448895e+01
3.740856704137189581e+01
3.767458104744216740e+01
3.790773685687656780e+01
3.815715952316245563e+01
3.866227296016477766e+01
3.860535505695496283e+01
3.854239595111747718e+01
3.853854642857150736e+01
3.848086239638783468e+01
3.841325046603544280e+01
3.872011707929291902e+01
3.888271969606461198e+01
3.893423725939584301e+01
3.882978673002792647e+01
3.908157133626869495e+01
3.912755122782424877e+01
3.903355076459738626e+01
3.977821888124363880e+01
3.975113468835179020e+01
3.978916587178454023e+01
3.969245762751263840e+01
3.970802725625001273e+01
3.965889148393954144e+01
3.958464281327246681e+01
3.960474541517845637e+01
3.954456274487338874e+01
3.945490663621888672e+01
3.940828733335861500e+01
3.947944393608194247e+01
3.930341097691744778e+01
3.925023379869858786e+01
3.933227658382519110e+01
3.913034633329076684e+01
3.916342628130162495e+01
3.907059929398823073e+01
3.984182491461369580e+01
3.982118409933413972e+01
3.984806864693353390e+01
3.988320526255296272e+01
3.986896275709826654e+01
3.988467452391312662e+01
3.990232107146859875e+01
3.989895434660846263e+01
3.989442546351467911e+01
3.989916529350650620e+01
3.989091097095707994e+01
3.989755901407584560e+01
3.987376265884218185e+01
3.986057915740173740e+01
3.987838219683404617e+01
3.982616942713888619e+01
3.980802523937480686e+01
3.983694557418063908e+01
3.975647292411982647e+01
3.973334657889098054e+01
3.977333104377274964e+01
3.966479087174439400e+01
3.963667081584527097e+01
3.968765119050945600e+01
3.955127051689550655e+01
3.958004843520329530e+01
3.951815491887330012e+01
3.941608756703680427e+01
3.945069398897622648e+01
3.937798404545998920e+01
3.925944493908401967e+01
3.921637021099122933e+01
3.929978661922422134e+01
3.720778609875163312e+01
3.722909480744866073e+01
3.753870088734799992e+01
3.750109164428261721e+01
3.739615884733281348e+01
3.761234948944707668e+01
3.787213386895664513e+01
3.790333279136469002e+01
3.777939056825453434e+01
3.801299048803591063e+01
3.857506447249308934e+01
3.861723569589036487e+01
3.849649857081754334e+01
3.832560550035148594e+01
3.837142738797101060e+01
3.824031803815383768e+01
3.868868210243552852e+01
3.893593054346719384e+01
3.897310392580853033e+01
3.886960824264262016e+01
3.721226204996781206e+01
3.723461588134537692e+01
3.750595801976920995e+01
3.753218689880561953e+01
3.738232344738580792e+01
3.782457287392726641e+01
3.769231348384153790e+01
3.780594016764381848e+01
3.792645001469097821e+01
3.814011649747295252e+01
3.821409212737658123e+01
3.808331586068464247e+01
3.860099984855194322e+01
3.840626089830894330e+01
3.847253929663671101e+01
3.834693465170619930e+01
3.877220053500835206e+01
3.898144587381329984e+01
3.916984708874934995e+01
3.980950753376295381e+01
3.973481057670731786e+01
3.963800478097210345e+01
3.951920713142012431e+01
3.937856473743027408e+01
3.921625387221073566e+01
3.903247880461878339e+01
3.986200955025672954e+01
3.989226194430897721e+01
3.990024175982335208e+01
3.988595784894647522e+01
3.984945073408060523e+01
3.979079225069153836e+01
3.971008498012538013e+01
3.960746147814711549e+01
3.948308330618974082e+01
3.933713987223953978e+01
3.737268586566256801e+01
3.770481834519468833e+01
3.805563275975693216e+01
3.796364120592226499e+01
3.810496693561017878e+01
3.844958717333502562e+01
3.818982875945880551e+01
3.872040725811870487e+01
3.876154687937552268e+01
3.864751063547732457e+01
3.882747036494365744e+01
3.735982000972923345e+01
3.766542337319548750e+01
3.798174427824446298e+01
3.827237270175267270e+01
3.876919402634737821e+01
3.871617088675827745e+01
3.865402013087161492e+01
3.864712556204477067e+01
3.852636327266160521e+01
3.859329914742567524e+01
3.882610379389512900e+01
3.898017908635272022e+01
3.893101786841498324e+01
3.903059432943951634e+01
3.916946143184715368e+01
3.921419306071241095e+01
3.912510374014077996e+01
3.982279212393390111e+01
3.983194275570458842e+01
3.980034324978758065e+01
3.974980696436900018e+01
3.976363624929348362e+01
3.972096631303560343e+01
3.965480644514022401e+01
3.967324199606660073e+01
3.961955276822108374e+01
3.953790998804166179e+01
3.956087059106008752e+01
3.949622843718501031e+01
3.939926672032711963e+01
3.942666276045561347e+01
3.935114884208581998e+01
3.923905449372761467e+01
3.918449818237760240e+01
3.927078844368306676e+01
3.905747867710781662e+01
3.909344565823600703e+01
3.899648809341973532e+01
3.987367299156751699e+01
3.987808177246144936e+01
3.985758827686107253e+01
3.990239169199490732e+01
3.990200490180679083e+01
3.989263722521990019e+01
3.990892175421776500e+01
3.990369536217955471e+01
3.990545744011387086e+01
3.989326823919314080e+01
3.988316803824623946e+01
3.989604794194409720e+01
3.985546765037225470e+01
3.984046931210653497e+01
3.986443936724369053e+01
3.979558762884049372e+01
3.977567667876682123e+01
3.981069369187441254e+01
3.971372643950839176e+01
3.968889815410067712e+01
3.973490374196189379e+01
3.961001225280808313e+01
3.958027147957071179e+01
3.963719249946522183e+01
3.948460222834437872e+01
3.944996313134264909e+01
3.951771220792036843e+01
3.933768140846929384e+01
3.937664328646430079e+01
3.929816714094373964e+01
3.747886744379897550e+01
3.750782394861677460e+01
3.734400559831001232e+01
3.717747484683246029e+01
3.719204420705831637e+01
3.776843975800945685e+01
3.781952586487557966e+01
3.765369140317188368e+01
3.791111660693351837e+01
3.848404440264713600e+01
3.852901712843095794e+01
3.840458045666873943e+01
3.822711826874544272e+01
3.827580031075255818e+01
3.814110964664616432e+01
3.860148442017601411e+01
3.885477073823246030e+01
3.889485914798828503e+01
3.878735616728670266e+01
3.718155984585285267e+01
3.719715712569579580e+01
3.743305996938179447e+01
3.746959842657480522e+01
3.732386032227474004e+01
3.771227803370060627e+01
3.760962118677676358e+01
3.776792073003757366e+01
3.798970473368849099e+01
3.790695919646101686e+01
3.806455654911270159e+01
3.826299182185815084e+01
3.820105630572070510e+01
3.833428810144068422e+01
3.870877696988974748e+01
3.851624265630061217e+01
3.846075338991499848e+01
3.858184983969945847e+01
3.887440826879583966e+01
3.907413191620198489e+01
3.925291951528834034e+01
3.978576720154058677e+01
3.984771157886471826e+01
3.970175854380062219e+01
3.959578983243581973e+01
3.946799540672049034e+01
3.931853883526847682e+01
3.914761182310723342e+01
3.895543289733134884e+01
3.988751823826017073e+01
3.990514498908436281e+01
3.990058112511569277e+01
3.987384744321652619e+01
3.982499604619918898e+01
3.975410993256851810e+01
3.966130237987508877e+01
3.954671612647413070e+01
3.941052235911450197e+01
3.732819801106180080e+01
3.762286976524409710e+01
3.795595764835004360e+01
3.800517514293787258e+01
3.786200885286409346e+01
3.835479862920497141e+01
3.809067959643837042e+01
3.863118612923085493e+01
3.867527873957897100e+01
3.855736415774521930e+01
3.874224580663570805e+01
3.730859805262992523e+01
3.757314036711413507e+01
3.785044082960585143e+01
3.716519276526014437e+01
3.717370719883398067e+01
3.812554515330916161e+01
3.838878977767119949e+01
3.886863512635498807e+01
3.875805214803745002e+01
3.881935778340284315e+01
3.874832797846259780e+01
3.863198201771797358e+01
3.869819348630851152e+01
3.892457475267337230e+01
3.907035869718576038e+01
3.902483653811298581e+01
3.911964616911698300e+01
3.925026251350620043e+01
3.920944810598999197e+01
3.929372696344909599e+01
3.979783229621153140e+01
3.980994088519804563e+01
3.977364879536617082e+01
3.985818287654846870e+01
3.986556535472148255e+01
3.984032048538725235e+01
3.971548271995354185e+01
3.973226229295657674e+01
3.968496779433349531e+01
3.961124122309617235e+01
3.963262762743937628e+01
3.957439074546243063e+01
3.948524467156669715e+01
3.951116508804967964e+01
3.944206066616175121e+01
3.933765880726095787e+01
3.928814938023967329e+01
3.936803217458592030e+01
3.916867712360884468e+01
3.911285635276491490e+01
3.920341463498787959e+01
3.897851953460288854e+01
3.901752519526410623e+01
3.891640731602416992e+01
3.989645788342495791e+01
3.989906843956321580e+01
3.988490010121489604e+01
3.991261172882083486e+01
3.991041408560631254e+01
3.990733590892900651e+01
3.990663009937045302e+01
3.989959765303491679e+01
3.990760752027514258e+01
3.987853001944920805e+01
3.988572598795852997e+01
3.986664590326863333e+01
3.982835970135655401e+01
3.984173368589659248e+01
3.981161677149046341e+01
3.975619818554952900e+01
3.977570397655276935e+01
3.973459892982178587e+01
3.966215477247642696e+01
3.968774066973848136e+01
3.963571114357588243e+01
3.954636825213425055e+01
3.951510142744769638e+01
3.957797727792593179e+01
3.940900593798347984e+01
3.937294600860543881e+01
3.944657607451718917e+01
3.741180228399866792e+01
3.729610021114785212e+01
3.744501199956645365e+01
3.767737442185799779e+01
3.757814054726042485e+01
3.772214811460795403e+01
3.716509046599640698e+01
3.717024841868632024e+01
3.781575982734275954e+01
3.838715090130877883e+01
3.830686374502148794e+01
3.843504942846946904e+01
3.812345122757455584e+01
3.803939159405907589e+01
3.817472186644163656e+01
3.850838980742432227e+01
3.876743089249406182e+01
3.881060206939437762e+01
3.869905241484637770e+01
3.742239409643225656e+01
3.730337771989383810e+01
3.742808810040533984e+01
3.761842004411692386e+01
3.766551628555654219e+01
3.752689025582444060e+01
3.784492967603336666e+01
3.777819837616959120e+01
3.791693495126158098e+01
3.729561706588595626e+01
3.810922446469069058e+01
3.804888480146252761e+01
3.818579276424348024e+01
3.837416364342132624e+01
3.831806176144211662e+01
3.844490043106839039e+01
3.880912154574515682e+01
3.861899207518803934e+01
3.856712353967245832e+01
3.868384927693031017e+01
3.896923676588501451e+01
3.915963636277277971e+01
3.932899422311526649e+01
3.975610980031289188e+01
3.982747375289373792e+01
3.987679596140418425e+01
3.966279597440024673e+01
3.954765430535805848e+01
3.941083617153081775e+01
3.925252128022932396e+01
3.907291644108995854e+01
3.887225413209915104e+01
3.990401531383078293e+01
3.990910184626541479e+01
3.989205691683672939e+01
3.985291316236699544e+01
3.979173424291825256e+01
3.970861437757212542e+01
3.960367767426605923e+01
3.947707726061895528e+01
3.728942050624382176e+01
3.754421671267784433e+01
3.784554908712297561e+01
3.790006468009816132e+01
3.776109032574159841e+01
3.825448576573772641e+01
3.798349642500979684e+01
3.853567870938239537e+01
3.858290741742177943e+01
3.846113763257348950e+01
3.865079103632424307e+01
3.752192802858083098e+01
3.773147216433120832e+01
3.797611025530575546e+01
3.716331119561753837e+01
3.716493577566588868e+01
3.743982742313311718e+01
3.743164808010199351e+01
3.730388094953119094e+01
3.824088028246169557e+01
3.849578754907491174e+01
3.896089116114862350e+01
3.885480174324365521e+01
3.891520974472188499e+01
3.884247272478238244e+01
3.873045215097734939e+01
3.879586803807158901e+01
3.901581183963405408e+01
3.915352648309475114e+01
3.911151146324709771e+01
3.920164834814359267e+01
3.932421506208921613e+01
3.928682577414350163e+01
3.936638130640156419e+01
3.976683698827449831e+01
3.974098083320468078e+01
3.978196002911119677e+01
3.983666005220939610e+01
3.981707319261915501e+01
3.984705592915737071e+01
3.988447829947715917e+01
3.987116152475002195e+01
3.989010913672158409e+01
3.967510418431713504e+01
3.969490730102808129e+01
3.964298554011521247e+01
3.956158664598135033e+01
3.958601383292338483e+01
3.952321827249698316e+01
3.942643847099591170e+01
3.945542516340695016e+01
3.938183897944469436e+01
3.926984179089313187e+01
3.921903550825862084e+01
3.930331529514787547e+01
3.909200553966452674e+01
3.903502232305510944e+01
3.912988551496558642e+01
3.889316402357431457e+01
3.883003904242057303e+01
3.893536300892438362e+01
3.991022722720563110e+01
3.991106457901479132e+01
3.990317527779402695e+01
3.991387332944197652e+01
3.990989833027098399e+01
3.991307489886440152e+01
3.989541432061010795e+01
3.990085208896130808e+01
3.988661775448862556e+01
3.985487913597125242e+01
3.984126143108637308e+01
3.986652983435724451e+01
3.979232772459472756e+01
3.981016222811057759e+01
3.977389887142253855e+01
3.970785063036990437e+01
3.973183408069314737e+01
3.968463002490177871e+01
3.960156836613563058e+01
3.963166032272427941e+01
3.957358458039140459e+01
3.947363058568286931e+01
3.944092106869366887e+01
3.950978520550827255e+01
3.753606113912982778e+01
3.747400669972867604e+01
3.735082643703400862e+01
3.760653823135261575e+01
3.716616462164386547e+01
3.716499584498372144e+01
3.769013348917389550e+01
3.828368996647765954e+01
3.820326812264529792e+01
3.833486836337100101e+01
3.801278492774743256e+01
3.792884600970309350e+01
3.806750213788821213e+01
3.840887425990678850e+01
3.867357548719976279e+01
3.871999933688295670e+01
3.860434847342243359e+01
3.767290739105180819e+01
3.754890273225603181e+01
3.764643275936136035e+01
3.775969675295889516e+01
3.795352524441012321e+01
3.803081966703545902e+01
3.789841759767342211e+01
3.730356053724565157e+01
3.755854135016299722e+01
3.822275923654161289e+01
3.829814530815449558e+01
3.816544831936433724e+01
3.847828363405933061e+01
3.854835778046610528e+01
3.842570973632799536e+01
3.890234113321152876e+01
3.871484602560422417e+01
3.866643133371996299e+01
3.877887074522860189e+01
3.905696741301240138e+01
3.923821343827024322e+01
3.939829747346157518e+01
3.972041016022066628e+01
3.980120444905862342e+01
3.986003703595714143e+01
3.989682809119236140e+01
3.961776426567639930e+01
3.949340638626181743e+01
3.934750472016222034e+01
3.918025489626052860e+01
3.899187863921739705e+01
3.878262227217573610e+01
3.991152858502096024e+01
3.990412061274395938e+01
3.987461750562011531e+01
3.982306372783233428e+01
3.974953456323670054e+01
3.965413559241346064e+01
3.953700196494934005e+01
3.739830271739364775e+01
3.728239136749851923e+01
3.746760846965577230e+01
3.728276957257723723e+01
3.769135922669116923e+01
3.776909172244656077e+01
3.761411693026420267e+01
3.814733958933518920e+01
3.785247686776008891e+01
3.843352125121125340e+01
3.848406910677726955e+01
3.835830413932233540e+01
3.855275547187733309e+01
3.781315542578137467e+01
3.808701535210079214e+01
3.743737038728590960e+01
3.743927198039649795e+01
3.730164899234728182e+01
3.717664074475536751e+01
3.717069568263132595e+01
3.773507064532120125e+01
3.758834844731555336e+01
3.770436650067880890e+01
3.834970038228166089e+01
3.859579998640038667e+01
3.904625542277936034e+01
3.900402073855663332e+01
3.894457489073916889e+01
3.892988001634776651e+01
3.882210689985335250e+01
3.888664242591003983e+01
3.910009558805545993e+01
3.922994774460713074e+01
3.927685369622932399e+01
3.919130930362124587e+01
3.939155540369047515e+01
3.935747518701646896e+01
3.943238022384893071e+01
3.972968748332672817e+01
3.974788659538536706e+01
3.970220905037954395e+01
3.980901903001635844e+01
3.982247331207314289e+01
3.978774945272447638e+01
3.986640081212053843e+01
3.987508025433778158e+01
3.985135801225375474e+01
3.990174949476977417e+01
3.990563347395376326e+01
3.989294550202513534e+01
3.962851964544979921e+01
3.965142441901743808e+01
3.959485607128830509e+01
3.950565834326806680e+01
3.953322074852329138e+01
3.946583900952346369e+01
3.936127478330872265e+01
3.939343829383768991e+01
3.931533457099349249e+01
3.919556738268941132e+01
3.923226739452328360e+01
3.914354647282186761e+01
3.900876040275254297e+01
3.904992472208851240e+01
3.895070404498113703e+01
3.880110238201610429e+01
3.873706073582037845e+01
3.884665180144036611e+01
3.991501246055919694e+01
3.991408989001931218e+01
3.991245334683816282e+01
3.990616817209262734e+01
3.990043758299437826e+01
3.990985401569757585e+01
3.987522633289511020e+01
3.988515121434575406e+01
3.986469587512866752e+01
3.982222783033159175e+01
3.980691519847474069e+01
3.983837985699081230e+01
3.974724446677551981e+01
3.972717675088292566e+01
3.976960582844223069e+01
3.965037847867250775e+01
3.962559194219902992e+01
3.967892553413991408e+01
3.953176184693003137e+01
3.956646524241505603e+01
3.950230163509257153e+01
3.754600942868280100e+01
3.745829833666479658e+01
3.742823112696905952e+01
3.731333944603432684e+01
3.718209879280884422e+01
3.717390653597616534e+01
3.817361227924839540e+01
3.809288204406448131e+01
3.822810562114869981e+01
3.790022877732150164e+01
3.779650554119064765e+01
3.795572297935486006e+01
3.830273849888839521e+01
3.857286417227711439e+01
3.862271335894190827e+01
3.850289244238701514e+01
3.784473754750758445e+01
3.805917977359572291e+01
3.814070363917915785e+01
3.800578700892025807e+01
3.730888710663219854e+01
3.758732139809163186e+01
3.832672986222299727e+01
3.827419865645062913e+01
3.840224002893194211e+01
3.857570906884162554e+01
3.852649143109338326e+01
3.864502446529316160e+01
3.898874216503450185e+01
3.880415142390796746e+01
3.875901920143638790e+01
3.886724765503560519e+01
3.913787943614416776e+01
3.931011393475871074e+01
3.946105065635912723e+01
3.967853309006169837e+01
3.976880158428412670e+01
3.983717267056159272e+01
3.988354789342436391e+01
3.990785924070672763e+01
3.956649540340585247e+01
3.943284561932642873e+01
3.927776864000475854e+01
3.910147590752632851e+01
3.890420394978571039e+01
3.868621265620817695e+01
3.991006961370764117e+01
3.989017309012532309e+01
3.984819497565946023e+01
3.978419164117682527e+01
3.969825014757450532e+01
3.959048766009531306e+01
3.757543628091549692e+01
3.732100176082295917e+01
3.803587840949523979e+01
3.766166531304624243e+01
3.767649649633401054e+01
3.778001102947329315e+01
3.832432899112232150e+01
3.837839518269134231e+01
3.824865014257512996e+01
3.844778221296005682e+01
3.789696671037552989e+01
3.819214739544838011e+01
3.745269961653161772e+01
3.731597545393928073e+01
3.744569010524208608e+01
3.764989224891083808e+01
3.769246326494997845e+01
3.754467468664784491e+01
3.720549209031425875e+01
3.719189113889611775e+01
3.845045242628100368e+01
3.868919846027828413e+01
3.912501886434277765e+01
3.902767707921408658e+01
3.908608286135592635e+01
3.901086677447136708e+01
3.890727742749305662e+01
3.897083528396124308e+01
3.917770400647317786e+01
3.929988369582212471e+01
3.926449334568602723e+01
3.934551090441916443e+01
3.945251434514412381e+01
3.949194230843168896e+01
3.942162994346436022e+01
3.968625544424156715e+01
3.965719344696969273e+01
3.970759703715537370e+01
3.977516417826308981e+01
3.979172692808027278e+01
3.975224210853748019e+01
3.984216279944937611e+01
3.985392440773457423e+01
3.982541551795799961e+01
3.988714912708619664e+01
3.989409668616059434e+01
3.987660581796593107e+01
3.991005139556581582e+01
3.991218155007636881e+01
3.990573543365876219e+01
3.957556846549485385e+01
3.954040691594755685e+01
3.960165744786031894e+01
3.944326387485072161e+01
3.947405994120583017e+01
3.940204847494568696e+01
3.928952996299034339e+01
3.932498432477721906e+01
3.924231152185462435e+01
3.911458139730468275e+01
3.915463720581819729e+01
3.906141556895020983e+01
3.891865775593805665e+01
3.885960472444151037e+01
3.896325057211009835e+01
3.870202170279441845e+01
3.863714582609395620e+01
3.875108014749686447e+01
3.991082877057532841e+01
3.991275762020967477e+01
3.990814780260073746e+01
3.988947166053883109e+01
3.988199549969750990e+01
3.989765680015587179e+01
3.984600181427336452e+01
3.983375597058171991e+01
3.986044869284777548e+01
3.978047220336343770e+01
3.976349162440219231e+01
3.980118022730995619e+01
3.969296668915765736e+01
3.967129554307321371e+01
3.971992924145463633e+01
3.958359947489345387e+01
3.961680396775994240e+01
3.955729086216443591e+01
3.756064907938738173e+01
3.745979615089098758e+01
3.732208486560391947e+01
3.745872227979481295e+01
3.721234598602096355e+01
3.719722222983719462e+01
3.805974110638997132e+01
3.797969517282567864e+01
3.811607325336308350e+01
3.775278422373160225e+01
3.782694459012819266e+01
3.770743331611605242e+01
3.819114300582274524e+01
3.846495695027665107e+01
3.851840324455825026e+01
3.839432180406664230e+01
3.789373406898298668e+01
3.797611781478821769e+01
3.781420610637685087e+01
3.816678382905551814e+01
3.824646345953168236e+01
3.811246389059704143e+01
3.733119979988907033e+01
3.755282270888838525e+01
3.777161605117126442e+01
3.842560435956443854e+01
3.837564832332535047e+01
3.850041385775767111e+01
3.866681446194052540e+01
3.873525865897846643e+01
3.862076739191430619e+01
3.906862852791953600e+01
3.888725078655004808e+01
3.894930971421253219e+01
3.884523215552389530e+01
3.921224883977922104e+01
3.937558381596642931e+01
3.951746902240497406e+01
3.963033411567923281e+01
3.973015318319826150e+01
3.980812374357628158e+01
3.986412871013644121e+01
3.989808106192685244e+01
3.990992446605810784e+01
3.950881286675431170e+01
3.936576398522434772e+01
3.920138904704241867e+01
3.901591527934066761e+01
3.880959397057984717e+01
3.858269840771668413e+01
3.989963369208428645e+01
3.986721481696216784e+01
3.981270521522324657e+01
3.973617333368403592e+01
3.963771825083677669e+01
3.756151112405553505e+01
3.733719579367008379e+01
3.790650284419971427e+01
3.760759388177378071e+01
3.820777069232519807e+01
3.826551937370345513e+01
3.813338826049951535e+01
3.833552110574185434e+01
3.802943335006329306e+01
3.829539071509886838e+01
3.725091570306258859e+01
3.722920948598786595e+01
3.750175753506211151e+01
3.747808415044314501e+01
3.735484160041803392e+01
3.771973944299728032e+01
3.758711956730876835e+01
3.768556039728233031e+01
3.780731662657867531e+01
3.854547228259912117e+01
3.877633831000688502e+01
3.919746801859857044e+01
3.910440995348577076e+01
3.916168487375028917e+01
3.908574493683089912e+01
3.898629113947731639e+01
3.904876104828559846e+01
3.924891088661291150e+01
3.936358986882737554e+01
3.940786308478735123e+01
3.933132199573120857e+01
3.950731588418434370e+01
3.947951747333857497e+01
3.954527938223687045e+01
3.963640362039987508e+01
3.966095853253158765e+01
3.960578510110362060e+01
3.973499025179944510e+01
3.975471631516961679e+01
3.971043438362399769e+01
3.981169150144047819e+01
3.982657388708557988e+01
3.979324985317965968e+01
3.986638623000140313e+01
3.987641955306791175e+01
3.985410496700205840e+01
3.989898338731565275e+01
3.989290307557710236e+01
3.990417188045039865e+01
3.990942268651124181e+01
3.990978029457004084e+01
3.990957812399934568e+01
3.951608196447087806e+01
3.947945754434540078e+01
3.954544169670703724e+01
3.937420379749912058e+01
3.940833543445974385e+01
3.933163516325156905e+01
3.921097453061157267e+01
3.924983665836313662e+01
3.916252804772695129e+01
3.902662513691057455e+01
3.897237153121125885e+01
3.907016825758311995e+01
3.882141059375942405e+01
3.886957753934314752e+01
3.876142448560560183e+01
3.859560881093621276e+01
3.852996757211370493e+01
3.864833466467101175e+01
3.989767506928392748e+01
3.990409514309628491e+01
3.989322546748274334e+01
3.986374295927188172e+01
3.985451949362406054e+01
3.987645053214915691e+01
3.980766029927192307e+01
3.979370584974822123e+01
3.982667212666020617e+01
3.972949236973735765e+01
3.971085913751906560e+01
3.975481904904683716e+01
3.962933538736113093e+01
3.960608460858235702e+01
3.966098134161380528e+01
3.749642690028218794e+01
3.747838527841526002e+01
3.735574111864872293e+01
3.725643967650976407e+01
3.723453543618861517e+01
3.794744531416352373e+01
3.800288802227597529e+01
3.785072388834178980e+01
3.762575704819758471e+01
3.807656139398782358e+01
3.834949574811118111e+01
3.840672991160750627e+01
3.827832172398321831e+01
3.799411262012936419e+01
3.794329752563026403e+01
3.808019209158516105e+01
3.826413366782136904e+01
3.821490763847546646e+01
3.834463939002355914e+01
3.737842779561457007e+01
3.761253452994327517e+01
3.785686555762003280e+01
3.851842848368730898e+01
3.859240804818448112e+01
3.847150740853663109e+01
3.875197120504540749e+01
3.870891163638336963e+01
3.881941650046957903e+01
3.914229937217070443e+01
3.896448199507585741e+01
3.892541008011667714e+01
3.902538160714955495e+01
3.928034659607660473e+01
3.943486281119930226e+01
3.956776049744687640e+01
3.968513799681678478e+01
3.957566027513792761e+01
3.977280124728864052e+01
3.983851420509436991e+01
3.988217071596970698e+01
3.990369506642593223e+01
3.990304255414451973e+01
3.944453260312182863e+01
3.929194704005019645e+01
3.911812188553128067e+01
3.892330019017042275e+01
3.870774832268403287e+01
3.847175260247151840e+01
3.988019984786122762e+01
3.983518513308047915e+01
3.976804804019474915e+01
3.967886935303216234e+01
3.737789003664772736e+01
3.771766029393862851e+01
3.773482025267390583e+01
3.783159768228626518e+01
3.760743694383895530e+01
3.808381990649471760e+01
3.814512467875064061e+01
3.801508487968133210e+01
3.821569573304469003e+01
3.812829336147387949e+01
3.839053606883693703e+01
3.756520936007574107e+01
3.740918680786379724e+01
3.753427747537840276e+01
3.731269216055151361e+01
3.728263944206707237e+01
3.779757285830579860e+01
3.765074937845793812e+01
3.775950086960684615e+01
3.789656897360738697e+01
3.863450310115857178e+01
3.885757270765556370e+01
3.926388348075413859e+01
3.917506969121957638e+01
3.923111032029459722e+01
3.915482046131442218e+01
3.912072860473368507e+01
3.905946981785078975e+01
3.931398421447687497e+01
3.942131482371140550e+01
3.939204732526864206e+01
3.946414646023957573e+01
3.955617604913684460e+01
3.959259536199333240e+01
3.953135780991052428e+01
3.968838296409261091e+01
3.971133167562224031e+01
3.966220052119396655e+01
3.957998661204162971e+01
3.960782971984251333e+01
3.954782699304922033e+01
3.977490440809080496e+01
3.979295103026753821e+01
3.975476714424147673e+01
3.983941063162802010e+01
3.982538147942906193e+01
3.985255701959894736e+01
3.988179106456230727e+01
3.987392762864079998e+01
3.989004880535603093e+01
3.990196570690506661e+01
3.990032002844215242e+01
3.990535622668443949e+01
3.989988575258997372e+01
3.989844034510268500e+01
3.990450409951436939e+01
3.944988438188749313e+01
3.948260490454104854e+01
3.941182038349507621e+01
3.929827277848464462e+01
3.933584479633773157e+01
3.925438170465211130e+01
3.912537450045842746e+01
3.916776351024291358e+01
3.907573784823168239e+01
3.893143708739513187e+01
3.897860031084570664e+01
3.887614007555573181e+01
3.871673018083917839e+01
3.865586182795723147e+01
3.876861752949373852e+01
3.848154983809729401e+01
3.841519204778898455e+01
3.853810074226144167e+01
3.987553400213918309e+01
3.986929377780299433e+01
3.988645668606285710e+01
3.982892505886655954e+01
3.981794081452647305e+01
3.984618628104158233e+01
3.976010530397768861e+01
3.978373303275866846e+01
3.974443731441171224e+01
3.966915264689385623e+01
3.969916852969423360e+01
3.964887038030498445e+01
3.755753008348597177e+01
3.752735949124566162e+01
3.740845814412343628e+01
3.731373668124787457e+01
3.728547379642240855e+01
3.781244176328850415e+01
3.787944916227056069e+01
3.776435467508105859e+01
3.763817873649570345e+01
3.794699696464687833e+01
3.822628297456271440e+01
3.828736301394392427e+01
3.815481886094725184e+01
3.809088469154785628e+01
3.804195010524132670e+01
3.817724404305914021e+01
3.835867207487487462e+01
3.843831060945976930e+01
3.831087474449693531e+01
3.744091240563470535e+01
3.768325278604535100e+01
3.794440587927335429e+01
3.860559568176419276e+01
3.856151528523488281e+01
3.867860521529190265e+01
3.883154813479686140e+01
3.879129337539167466e+01
3.889784949763385669e+01
3.921004784410643396e+01
3.903617660916440002e+01
3.909578208657634235e+01
3.899988781876582067e+01
3.934243722089791362e+01
3.948818317611151230e+01
3.961212458631223399e+01
3.963362616972671759e+01
3.973110676694179944e+01
3.951435098092839127e+01
3.980663801705009064e+01
3.986009440749353416e+01
3.989138059595977381e+01
3.990043213712061032e+01
3.988721600160543090e+01
3.937346406489139383e+01
3.921117512452210008e+01
3.902771933647878200e+01
3.882335543731108629e+01
3.859836586677944581e+01
3.835308817708348528e+01
3.985173088107309525e+01
3.979400727437885621e+01
3.971410735063037833e+01
3.743736074552899140e+01
3.768503972327059159e+01
3.792136661381371709e+01
3.800289554347313725e+01
3.786688212832977030e+01
3.807403964605598645e+01
3.822394132137521439e+01
3.848137615474822582e+01
3.762684472226595034e+01
3.747056882709070180e+01
3.759659911216201067e+01
3.787148587604421834e+01
3.771951694700860713e+01
3.783536532203553548e+01
3.739140808619252709e+01
3.735257328141877053e+01
3.798211214283428205e+01
3.871792474235982695e+01
3.893325028862131632e+01
3.932453872711194975e+01
3.923994591221601524e+01
3.929463620317880412e+01
3.921839204278273883e+01
3.912712846203142192e+01
3.918704024502236649e+01
3.937318491769294582e+01
3.947329895011253598e+01
3.944691382469013519e+01
3.951458917079496302e+01
3.959930177789646422e+01
3.957736244896661049e+01
3.963408518590126306e+01
3.963521963438663676e+01
3.966145448499074178e+01
3.960740649088992171e+01
3.973170971062455692e+01
3.970986434484811411e+01
3.975296864190590895e+01
3.951685169605357117e+01
3.954806149273888138e+01
3.948315489940414125e+01
3.980616214261483776e+01
3.979036399875439400e+01
3.982245387425906102e+01
3.985844650631143793e+01
3.986978965317262436e+01
3.984877003180155697e+01
3.988846272444236263e+01
3.989488591895001690e+01
3.988497707220878397e+01
3.989614185378518840e+01
3.989768378699544371e+01
3.989891060539804357e+01
3.988144666131332627e+01
3.987815604266693015e+01
3.989052757453347198e+01
3.937679384570085261e+01
3.941296820648567234e+01
3.933730185751187491e+01
3.921526083466542190e+01
3.925638031325540567e+01
3.917006615051489860e+01
3.903249248300726038e+01
3.907852914249605902e+01
3.898169150679969874e+01
3.882875094277540740e+01
3.887966944572517747e+01
3.877244391524089906e+01
3.860433411392016012e+01
3.866008431224001640e+01
3.854261395528613576e+01
3.835948535421272254e+01
3.829254020366741429e+01
3.842007945614356146e+01
3.984437198464713248e+01
3.983630741991937185e+01
3.985981676762121850e+01
3.978494486995664658e+01
3.977217465793148676e+01
3.980679898511122872e+01
3.970322448156815653e+01
3.968582633112793445e+01
3.973152698282970618e+01
3.761898987390139837e+01
3.746706959198763798e+01
3.758823855439304396e+01
3.738401737482730169e+01
3.734938023923462680e+01
3.771615084070177915e+01
3.777086965230098059e+01
3.811469693026870686e+01
3.816981280511196672e+01
3.801858007943903317e+01
3.817296871261012825e+01
3.826565139858328024e+01
3.813115492559347786e+01
3.844776813012104100e+01
3.852652787076207375e+01
3.840271006265888332e+01
3.751028991559965675e+01
3.775125414145209390e+01
3.802223576563430640e+01
3.868751361296128266e+01
3.864607757573383395e+01
3.875938235314846736e+01
3.890589690209046836e+01
3.886827295654747871e+01
3.897090156816468465e+01
3.927215990113568722e+01
3.910265905118002649e+01
3.906899321838710648e+01
3.916082247716453679e+01
3.939877757298298633e+01
3.953576851888900734e+01
3.965075131915834561e+01
3.957547997755145985e+01
3.968293303023057916e+01
3.976842411510219932e+01
3.944623891855078313e+01
3.983180804578326928e+01
3.987296950179718635e+01
3.989182391765749713e+01
3.988831816546002784e+01
3.986243102405693151e+01
3.929541130792924974e+01
3.912322454691177143e+01
3.892992959782277040e+01
3.871580775209250191e+01
3.848115480274585565e+01
3.823614750276386332e+01
3.981417342900625300e+01
3.974358849697207319e+01
3.750258644636539884e+01
3.766914369874297819e+01
3.764357768276335037e+01
3.779597503796060209e+01
3.789548289285920646e+01
3.790778749289372485e+01
3.800418709763614800e+01
3.830960532790435735e+01
3.856700736967444243e+01
3.764112088595254590e+01
3.763317573804916805e+01
3.751462731210340706e+01
3.794299675734845323e+01
3.778587317449544258e+01
3.790776393973720104e+01
3.748555752204616454e+01
3.743906003007799654e+01
3.805875518654921308e+01
3.879610153030108677e+01
3.900371097934635856e+01
3.937969873482715144e+01
3.929932035806795199e+01
3.935253173459911835e+01
3.927674933024048443e+01
3.918957407773246615e+01
3.924799015627798582e+01
3.942676558870834214e+01
3.951977318916154047e+01
3.949615716927090858e+01
3.955941008216589694e+01
3.963688980556922559e+01
3.966993377206415516e+01
3.961773323371361499e+01
3.957536987757741542e+01
3.954591074664461559e+01
3.960495816145854775e+01
3.968200680706669914e+01
3.965842981247259047e+01
3.970653047182687345e+01
3.976657087087108522e+01
3.978604503632502798e+01
3.974897166477298782e+01
3.944683971857175919e+01
3.948149786026733921e+01
3.941159832566319920e+01
3.982891136549115885e+01
3.984336125524135497e+01
3.981738099892054805e+01
3.986890767292693027e+01
3.987836875571787942e+01
3.986353223602556284e+01
3.988647021659861025e+01
3.989098826378043583e+01
3.988733049598075553e+01
3.988154120675603309e+01
3.988117226567081275e+01
3.988871236436106216e+01
3.985409517153109960e+01
3.986764644677042924e+01
3.984890545407326101e+01
3.929662346653785931e+01
3.933634716908323270e+01
3.925570356153911433e+01
3.912495402195081340e+01
3.916972998041748610e+01
3.907846288028095927e+01
3.893208838512400405e+01
3.898189475050666175e+01
3.888013589118703806e+01
3.871828857294708826e+01
3.877310728566170184e+01
3.866100522086736646e+01
3.848604049759892831e+01
3.842246725512907801e+01
3.854473620737294226e+01
3.824204971030842160e+01
3.817806113781808364e+01
3.830025171486087743e+01
3.980413926462323815e+01
3.982413370356538707e+01
3.979420495115443401e+01
3.973171334270409005e+01
3.975820755803628970e+01
3.971712030219840983e+01
3.746681492931131174e+01
3.742602481933767677e+01
3.752699809580317947e+01
3.778196827549283654e+01
3.799829321223250389e+01
3.805593831418049433e+01
3.794639372895272089e+01
3.827812418964134622e+01
3.822517986223752473e+01
3.836280430488354654e+01
3.853204504755220938e+01
3.860964804125641336e+01
3.848942053318206291e+01
3.756230636038652193e+01
3.779174707329159588e+01
3.811097362904019548e+01
3.876454843277602436e+01
3.883510835203329492e+01
3.872557361205343796e+01
3.897537085702688131e+01
3.903891029989601691e+01
3.894020351433157856e+01
3.932891276006154158e+01
3.916424346394011025e+01
3.922080458135091874e+01
3.913304571654615671e+01
3.944961553298528401e+01
3.957783260962808214e+01
3.968382022754786220e+01
3.951055461919565914e+01
3.962816450569357585e+01
3.972378720897428650e+01
3.979725746372172068e+01
3.937115104471126870e+01
3.984843952636558129e+01
3.987722823085816515e+01
3.988354984044290319e+01
3.986736268698352603e+01
3.982865759127858496e+01
3.921017391513630912e+01
3.902786824148314793e+01
3.882449683460107082e+01
3.860141915088421882e+01
3.836325553127004184e+01
3.811931981633667021e+01
3.976745805644148390e+01
3.756882629456724487e+01
3.775445069426309885e+01
3.782461842771405003e+01
3.771114651179601651e+01
3.787547300721017507e+01
3.840448056641437091e+01
3.864770166012689145e+01
3.781213366416720589e+01
3.765018719611358478e+01
3.772634098634114963e+01
3.787717022125599442e+01
3.759625387564367571e+01
3.754104633828696791e+01
3.811085870164298939e+01
3.802715667771379771e+01
3.819422576798252322e+01
3.886940756453842738e+01
3.906928775105263441e+01
3.942961845535400300e+01
3.935346525212307256e+01
3.940505689046722892e+01
3.933017108438044573e+01
3.924710290385763045e+01
3.930386258353203033e+01
3.947496910184161578e+01
3.956095777432678773e+01
3.954000295368315676e+01
3.959881761255996935e+01
3.966912560607445215e+01
3.965266126923683032e+01
3.970031501813997465e+01
3.950869639825666013e+01
3.954170880651687980e+01
3.947756507094009493e+01
3.962568687709154602e+01
3.965353175468679581e+01
3.960034394122796897e+01
3.972055759298610411e+01
3.974325589859788010e+01
3.970111455214319562e+01
3.979313704403455887e+01
3.981072009487981234e+01
3.977970126361018544e+01
3.936978615153285688e+01
3.933298158144815204e+01
3.940797691654908874e+01
3.984328350957482456e+01
3.985579314414469110e+01
3.983595779553814253e+01
3.987088617878116281e+01
3.987837483403779970e+01
3.986976837007275520e+01
3.987586606978225490e+01
3.987839677174902420e+01
3.988104864911936431e+01
3.985817673864119826e+01
3.985582300484114171e+01
3.986974646252536303e+01
3.981780476508244959e+01
3.983584231756105964e+01
3.981065041849788599e+01
3.920918257982406629e+01
3.925255296243572189e+01
3.916682323320620895e+01
3.902713574726926282e+01
3.907567864785988121e+01
3.897934372488533938e+01
3.882391482040035413e+01
3.887761688274150629e+01
3.877080834446308444e+01
3.859975710999801635e+01
3.865862457454336010e+01
3.854256766051707928e+01
3.835632415578316312e+01
3.842079589524402650e+01
3.829879349599784888e+01
3.810247737106669064e+01
3.817187491415714362e+01
3.804985592656129967e+01
3.975477000518536386e+01
3.974290890058985326e+01
3.977934967952421630e+01
3.756186428498210006e+01
3.751493924404254443e+01
3.761079645583006226e+01
3.784586729921682036e+01
3.792174103569158206e+01
3.779951403306599644e+01
3.836491265178368337e+01
3.844830064630423294e+01
3.832094568109600630e+01
3.861200426254524132e+01
3.868818816180243658e+01
3.857156298746886591e+01
3.776261447231041757e+01
3.778643857367278258e+01
3.762398049023950364e+01
3.796150401446575984e+01
3.767923648085107402e+01
3.823714411822080450e+01
3.883708086887457966e+01
3.880037860649079562e+01
3.890614851053310019e+01
3.904030721466310894e+01
3.900743020945022721e+01
3.910220105452852124e+01
3.938057323753473327e+01
3.922123155761892832e+01
3.919235329879958130e+01
3.927601884687096856e+01
3.949518862064311264e+01
3.961457823397839206e+01
3.971149936609651121e+01
3.943869913868361721e+01
3.956667808650684748e+01
3.967263322181253926e+01
3.975637869072714636e+01
3.981775778563589085e+01
3.928890975403508889e+01
3.985664415773720748e+01
3.987294284253579235e+01
3.986659107505070665e+01
3.983755888840476445e+01
3.978584948403015176e+01
3.911754846849407130e+01
3.892487493155687162e+01
3.871114622182021492e+01
3.847731554342892935e+01
3.822860010108864515e+01
3.797327475926886819e+01
3.765874233914124858e+01
3.770374604830793430e+01
3.848782304577704139e+01
3.872401239265426653e+01
3.796648726206585422e+01
3.788983092325972279e+01
3.786467238082448716e+01
3.803909318324582500e+01
3.790211254777658922e+01
3.774879510745198985e+01
3.783157668152232134e+01
3.772205818469305427e+01
3.765914865478502094e+01
3.817968019255001622e+01
3.827229880381488414e+01
3.814449560421858365e+01
3.893819962680390745e+01
3.913029940505569471e+01
3.947454157421616827e+01
3.940264173167583550e+01
3.945246097905993565e+01
3.937892446764102772e+01
3.929999950906071859e+01
3.935493041194059316e+01
3.951802734160941810e+01
3.959706111786045568e+01
3.957866550104240844e+01
3.963300863335852142e+01
3.969618238194676252e+01
3.968232588666513294e+01
3.972539084104530360e+01
3.943505581981590069e+01
3.940221550646921855e+01
3.947156600773232782e+01
3.956263351499146808e+01
3.959385981286609990e+01
3.953547987412614617e+01
3.966803418555388561e+01
3.969400272798097262e+01
3.964669417298535592e+01
3.975106492222555943e+01
3.977181250911498012e+01
3.973566187954304496e+01
3.981156224513052422e+01
3.982713651996916582e+01
3.980221542380416366e+01
3.928552180830646989e+01
3.924712468836759882e+01
3.932733176193469404e+01
3.984939340813136255e+01
3.985985295861458155e+01
3.984621749886149189e+01
3.986445749154191276e+01
3.986987186206635414e+01
3.986756216986955792e+01
3.985668629593990175e+01
3.986617578063332701e+01
3.985713590869345779e+01
3.982604501984882006e+01
3.982162100161633589e+01
3.984201764970404014e+01
3.977253269543537328e+01
3.976333661279873866e+01
3.979508053194274453e+01
3.911427888946654718e+01
3.907045606291377737e+01
3.916139411277631410e+01
3.892158532827008344e+01
3.897401134764919561e+01
3.887247456231852993e+01
3.870776462057403222e+01
3.876547283562378254e+01
3.865346231499690788e+01
3.847293591331098384e+01
3.853596339590868070e+01
3.841429778893643032e+01
3.821753964126504144e+01
3.828657521402357844e+01
3.815958022684565520e+01
3.794844892836817252e+01
3.802513659735706852e+01
3.789653982408783861e+01
3.766961932483109621e+01
3.761580597031520767e+01
3.775755443492747787e+01
3.844736023887404031e+01
3.852965533929253183e+01
3.840566454904259786e+01
3.868859461608067107e+01
3.864988979791406365e+01
3.876279480566799407e+01
3.793371340288981486e+01
3.807360999433423387e+01
3.781164375409813516e+01
3.831297695011629401e+01
3.890548840626347271e+01
3.887086933830677538e+01
3.897284789221628643e+01
3.910103003506818453e+01
3.907028307912239029e+01
3.916108784296852008e+01
3.942739662767485953e+01
3.927391471313563898e+01
3.924721242765384943e+01
3.932674418037903763e+01
3.953572280496261016e+01
3.964619612177911279e+01
3.973394436638352545e+01
3.935975725739904618e+01
3.949834381332794919e+01
3.961485982148154505e+01
3.970909828231420136e+01
3.978088089816787942e+01
3.983005945766099387e+01
3.919933457414352063e+01
3.985651704428434527e+01
3.986016903069841533e+01
3.984096386583386362e+01
3.979888363322017142e+01
3.901733348599024254e+01
3.881403791405016079e+01
3.858966599863460800e+01
3.834454192723856636e+01
3.808220038845470157e+01
3.780817724867415563e+01
3.856758847316265815e+01
3.879658170967475428e+01
3.804047980740940460e+01
3.801140277474473095e+01
3.795630746825144541e+01
3.786585428890310112e+01
3.786173041081092094e+01
3.779137107038405929e+01
3.828988942502864745e+01
3.836852687530444683e+01
3.823506323878833513e+01
3.900281147212110255e+01
3.918705492192881223e+01
3.951469939122431185e+01
3.944709892753935776e+01
3.949498147181151353e+01
3.942326364868259247e+01
3.934853648770235424e+01
3.940145430209613409e+01
3.955616007240527665e+01
3.962827868679732291e+01
3.961234674293817903e+01
3.966216739359287402e+01
3.971822004618916679e+01
3.970689362872610673e+01
3.974531023210855096e+01
3.935429958243828708e+01
3.939438375492387934e+01
3.931970308413584547e+01
3.949272345161302411e+01
3.946370428463205116e+01
3.952739473741379328e+01
3.960890412056759402e+01
3.958560404061504556e+01
3.963819312770240799e+01
3.970262664400168973e+01
3.968518457826879597e+01
3.972657494547036805e+01
3.977370502478109415e+01
3.976225634650329255e+01
3.979236540251287124e+01
3.982198378000659034e+01
3.981665977944377488e+01
3.983542035673495718e+01
3.919389518009926832e+01
3.915385519337579012e+01
3.923940121751633114e+01
3.984733920790856132e+01
3.985562748001349576e+01
3.984826657484425283e+01
3.984968044513019692e+01
3.985290723415656799e+01
3.985698076300034387e+01
3.982895036899729035e+01
3.982721366484913261e+01
3.984273960937081682e+01
3.978512623516871116e+01
3.977853494030897963e+01
3.980551427846206991e+01
3.901185494805174869e+01
3.896645941397625279e+01
3.906274060468630438e+01
3.880901696844595961e+01
3.875812280775056706e+01
3.886496862547892306e+01
3.858322859501187452e+01
3.864517527747042891e+01
3.852777612734349333e+01
3.833755094845960087e+01
3.840489857274548058e+01
3.827722973574810084e+01
3.807205086568287555e+01
3.814442905699742425e+01
3.800985557794910363e+01
3.778748237819278444e+01
3.786743495737123055e+01
3.772779455158818962e+01
3.853337922185645681e+01
3.849013805506719166e+01
3.861101011848035114e+01
3.875944104823062730e+01
3.872360010072768688e+01
3.883248184807623460e+01
3.809476790746222719e+01
3.793518039452865054e+01
3.815038321273996758e+01
3.841142270751791443e+01
3.897010004960108631e+01
3.893740811455707984e+01
3.903554782285453228e+01
3.915785655072256333e+01
3.912908336858590275e+01
3.921587409730646812e+01
3.946962555671549211e+01
3.932256993547551360e+01
3.937324600210892811e+01
3.929790728066434013e+01
3.957143137555122081e+01
3.967286386585018931e+01
3.975129749856339600e+01
3.927357791146931731e+01
3.942302573909243790e+01
3.955035703252664092e+01
3.965533370949609093e+01
3.973775516732652591e+01
3.979745054655422365e+01
3.983428015518697407e+01
3.910231498296142405e+01
3.984813662563153258e+01
3.983894589739323777e+01
3.980666798793929928e+01
3.890984828003081475e+01
3.869554769531264782e+01
3.845973808482060008e+01
3.820412162248383225e+01
3.792881758982542806e+01
3.864607551257148543e+01
3.886439572601236847e+01
3.814402369225340550e+01
3.800217853570608639e+01
3.807720093884521617e+01
3.801320318924874897e+01
3.793664240679953537e+01
3.821632980740557173e+01
3.839682019174563976e+01
3.846506069557602814e+01
3.834368020381965181e+01
3.906358545766372714e+01
3.923985060062072705e+01
3.955030943101525054e+01
3.953284278597229218e+01
3.948707259204815045e+01
3.946342801005869916e+01
3.944368104126477448e+01
3.939297171897620586e+01
3.958957370374103846e+01
3.965479178939005322e+01
3.968646441523448942e+01
3.964123505281106929e+01
3.973538420618472600e+01
3.976020832426999618e+01
3.972651723280661429e+01
3.926627501220431782e+01
3.931001153360178080e+01
3.922987596362309404e+01
3.941582731505000936e+01
3.945401016993851329e+01
3.938487826956481541e+01
3.954306302744714685e+01
3.951773030589658475e+01
3.957572655906457726e+01
3.964774445406258252e+01
3.967493427081718238e+01
3.962818218178955476e+01
3.972966227103888315e+01
3.975143550347728194e+01
3.971602155357977892e+01
3.978863729690516493e+01
3.980506290502058420e+01
3.978106573711417582e+01
3.982452216346469243e+01
3.983568090920672944e+01
3.982316321348055510e+01
3.909467245415971348e+01
3.914399372035038738e+01
3.905302615643889652e+01
3.983720231225842667e+01
3.984318679804050589e+01
3.984219477516542440e+01
3.982659719768672346e+01
3.982751173193268102e+01
3.983807462017879431e+01
3.979266121130404343e+01
3.978862155593515126e+01
3.981075130620462232e+01
3.890123084149518462e+01
3.895626454240972691e+01
3.885482156660548014e+01
3.869250088929405251e+01
3.875040888301880670e+01
3.863764599057812887e+01
3.845290849106027053e+01
3.839494391860538514e+01
3.851778948142683134e+01
3.819260374415153336e+01
3.813199638113422907e+01
3.826482552486436362e+01
3.791471403873874380e+01
3.799300148890959150e+01
3.785068989924715765e+01
3.860935191375738640e+01
3.857113698339756525e+01
3.868455063216734402e+01
3.882817399255058177e+01
3.889914664526796884e+01
3.879340768694969910e+01
3.807720102855574140e+01
3.827030266043289686e+01
3.850306672595898050e+01
3.903126463378274025e+01
3.909457611793396126e+01
3.900032329637341633e+01
3.921108641664282146e+01
3.926684695070189690e+01
3.918413963937513245e+01
3.950748839199812323e+01
3.936745796879701231e+01
3.934470659826971684e+01
3.941577437347262247e+01
3.960251365188983641e+01
3.969474481411326394e+01
3.976368675142384745e+01
3.934058283624224828e+01
3.917996910895073626e+01
3.947900793920651807e+01
3.959499380041823713e+01
3.968831682053667720e+01
3.975878252295392912e+01
3.980622753884927079e+01
3.983052078254301875e+01
3.899744356170263870e+01
3.983156462754265448e+01
3.980929592410210205e+01
3.879623078522831747e+01
3.857223057279713885e+01
3.832222668313735170e+01
3.805291623045079064e+01
3.871855773751214258e+01
3.892934651476735297e+01
3.828781842261258106e+01
3.821485601772874929e+01
3.814945304072285381e+01
3.817475986850795522e+01
3.809285222444017194e+01
3.834119661492482578e+01
3.849024961452430205e+01
3.855026045816791225e+01
3.844455327722001670e+01
3.912083897116866638e+01
3.928896505638580550e+01
3.958157399617984140e+01
3.952278349441515104e+01
3.956625486368034927e+01
3.949964023947593716e+01
3.943354713491480368e+01
3.948184178391780108e+01
3.961845997645639983e+01
3.967676640964634771e+01
3.966550405688020220e+01
3.970605540860024263e+01
3.974780518634146631e+01
3.977020548387345400e+01
3.974133463151465406e+01
3.933181157120018412e+01
3.937357431297439803e+01
3.929885860254298535e+01
3.917081883410531162e+01
3.921829439961538810e+01
3.913253884208734235e+01
3.947039972513839956e+01
3.950649491848919581e+01
3.944295242624769315e+01
3.958633146129885461e+01
3.961680811896410859e+01
3.956455907023676843e+01
3.967937383223551251e+01
3.970429187727678055e+01
3.966344204958317476e+01
3.974932208453552107e+01
3.976875459917523159e+01
3.973939461043026711e+01
3.979600423279966037e+01
3.981003649091934449e+01
3.979224095791296634e+01
3.981928109520873704e+01
3.982183781134887823e+01
3.982801070341986360e+01
3.898771382855091616e+01
3.904092718918124660e+01
3.894420314040819164e+01
3.981904732813036674e+01
3.982807508102752792e+01
3.982258425823798120e+01
3.979523318155046496e+01
3.981087750739359876e+01
3.979369949129893769e+01
3.879046210008576168e+01
3.874123453350863144e+01
3.884550199102859125e+01
3.856809898603599862e+01
3.851029660578942782e+01
3.863002326717345625e+01
3.832770351362321293e+01
3.826007610125977720e+01
3.838993200521743177e+01
3.805093981025186167e+01
3.812148476045261702e+01
3.798270576717165881e+01
3.867639073852473786e+01
3.875220415711356026e+01
3.864239413450005145e+01
3.889371344188197810e+01
3.896250959719180429e+01
3.886059913573807734e+01
3.822927190036131861e+01
3.838943902080575299e+01
3.858371062167631038e+01
3.908933986085391865e+01
3.905996776485760336e+01
3.915023470339857425e+01
3.926100340757399465e+01
3.931427707114446690e+01
3.923573958708969656e+01
3.954119767470815106e+01
3.940882670294514156e+01
3.938786475067615100e+01
3.945456166742624760e+01
3.962915367983931958e+01
3.971198701021692301e+01
3.977122494150351173e+01
3.940068991207192539e+01
3.925087089456027201e+01
3.907879756587939113e+01
3.952797914352272812e+01
3.963249228665575430e+01
3.971400921940814754e+01
3.977234207750025519e+01
3.980733490953308262e+01
3.981886543726088235e+01
3.888847227315298483e+01
3.980684600832992004e+01
3.867882233586711038e+01
3.844736993722317919e+01
3.818896761346539392e+01
3.878457547243333892e+01
3.899117430895768166e+01
3.847474021696000790e+01
3.832484674335614017e+01
3.838045023279853751e+01
3.834216789966005479e+01
3.825765079167823046e+01
3.848243306083931259e+01
3.857654461910683352e+01
3.917485432892905806e+01
3.933466144648173923e+01
3.960867925684616608e+01
3.959541186363858856e+01
3.955443589153487238e+01
3.953210741327690414e+01
3.951615090300786193e+01
3.947048511172240381e+01
3.964299481798819613e+01
3.969435209508995399e+01
3.972108019709521187e+01
3.968531148493141103e+01
3.975559704130276373e+01
3.977540644308837869e+01
3.975146798443059026e+01
3.939079823748974718e+01
3.943038227553638819e+01
3.936114436316492515e+01
3.924059931806876733e+01
3.920550739352348302e+01
3.928596161230417039e+01
3.906784251507878736e+01
3.902759749479081819e+01
3.911913523403374171e+01
3.951829122546034512e+01
3.955210521112753952e+01
3.949421243518828106e+01
3.962277011748437161e+01
3.965086873636912657e+01
3.960443896352899884e+01
3.970399620455116718e+01
3.972645767314467946e+01
3.969159466149871918e+01
3.976176986662866852e+01
3.975547609561888152e+01
3.977868536457995674e+01
3.979593154446909864e+01
3.979591608900365429e+01
3.980740085272911699e+01
3.980634743785930851e+01
3.981248543348371527e+01
3.981277883918856020e+01
3.887364621245692575e+01
3.893032624354660243e+01
3.883164871544494900e+01
3.979292192450729715e+01
3.979385636966195250e+01
3.980596360729627747e+01
3.866618116470132804e+01
3.872815946532304565e+01
3.861687069693783059e+01
3.844436097212463466e+01
3.850607117968480964e+01
3.838596028514064074e+01
3.819498687371944357e+01
3.826108941351510140e+01
3.812307046537126354e+01
3.873692795930384136e+01
3.881571657101299877e+01
3.870645494249642127e+01
3.895129464111218454e+01
3.892199829386618148e+01
3.902031844718703724e+01
3.840764073905935305e+01
3.860683053461141867e+01
3.914456675940849095e+01
3.920282241178951210e+01
3.911666530376275830e+01
3.930737492811153544e+01
3.935817878909402623e+01
3.928390176995044669e+01
3.957094957287765169e+01
3.944690388172345052e+01
3.948982662610823269e+01
3.942761611471170369e+01
3.965151919027556460e+01
3.972472210074464272e+01
3.977400887153557818e+01
3.945417979355907789e+01
3.931528187735627711e+01
3.915382655629787223e+01
3.897021860482493594e+01
3.957019924125983579e+01
3.966307388242776000e+01
3.973259412448079075e+01
3.977857851043901860e+01
3.980087888520910866e+01
3.979938133039095760e+01
3.876928884489117877e+01
3.855507195743369664e+01
3.831946948368127437e+01
3.884393366920853197e+01
3.904757447676379911e+01
3.856276746082304641e+01
3.851885673598405191e+01
3.845265592207066163e+01
3.851594576406264281e+01
3.842730820831553018e+01
3.865117614728168860e+01
3.922567651366890829e+01
3.937694264637329411e+01
3.963179322617387612e+01
3.958221703543171088e+01
3.962049088450450540e+01
3.956102994034350218e+01
3.954680611998535511e+01
3.950400450270930719e+01
3.966333689725409783e+01
3.970768103129148585e+01
3.973166175670434086e+01
3.970079804045001737e+01
3.975885686869590785e+01
3.975702270194773291e+01
3.977589949970716532e+01
3.944354237162286125e+01
3.941703318126664612e+01
3.948072351587475026e+01
3.930438628790261646e+01
3.934723465500616868e+01
3.927230315879993583e+01
3.914159469676062031e+01
3.910462393380841206e+01
3.919094027354532273e+01
3.895756702891518586e+01
3.891565136065567998e+01
3.901274401496871747e+01
3.955976699795055396e+01
3.953892370785163735e+01
3.959108780354718249e+01
3.965261340814554814e+01
3.963760593625549689e+01
3.967812148572430431e+01
3.972179317910839558e+01
3.971283541264522654e+01
3.974160532867061590e+01
3.976715250136265922e+01
3.978136427137648212e+01
3.976442149112203595e+01
3.978852850049953105e+01
3.979725395206356353e+01
3.979220851942476145e+01
3.978579101755399705e+01
3.978916369069217041e+01
3.979606454300841278e+01
3.872808465977016112e+01
3.880166303416256568e+01
3.869701486312420968e+01
3.853690156959908109e+01
3.849112176703835075e+01
3.860266545641400171e+01
3.834502479784408990e+01
3.839430526934611976e+01
3.827034048356791374e+01
3.877322731364241548e+01
3.875467234626097479e+01
3.886344823262641768e+01
3.901079073136746445e+01
3.907793065763365092e+01
3.898085668048570085e+01
3.853804807899048512e+01
3.866965760543070019e+01
3.919407346056794950e+01
3.916890430707886850e+01
3.925078817906984341e+01
3.935190065698982664e+01
3.932943401756881485e+01
3.939952350645370416e+01
3.959692178553113706e+01
3.948200215850024364e+01
3.952177775186316921e+01
3.946416833941735547e+01
3.966976005540895756e+01
3.973306461737338680e+01
3.977211872580161867e+01
3.950133949970447844e+01
3.937343849788933881e+01
3.922265543141565303e+01
3.904981910609511431e+01
3.884382851977309059e+01
3.960590572601535797e+01
3.968693493231026537e+01
3.974423595320534730e+01
3.977762001518102863e+01
3.978694881590449484e+01
3.863418345024170009e+01
3.844117618402531633e+01
3.889315624905984237e+01
3.910214818482155152e+01
3.864471451892431020e+01
3.868780451529863029e+01
3.860070494102313177e+01
3.927283073196819174e+01
3.941670439148371941e+01
3.965106806878308987e+01
3.964165013105916557e+01
3.960629893297750925e+01
3.958659076281600164e+01
3.957396749365982203e+01
3.953423507473336684e+01
3.967962761651909176e+01
3.971685911132103541e+01
3.971208629271280444e+01
3.973790577256676215e+01
3.975765442160218299e+01
3.975808684637352997e+01
3.977175539049020614e+01
3.949046548832370718e+01
3.952482252907380911e+01
3.946686036169620593e+01
3.936190430361406811e+01
3.940252230354109741e+01
3.933320784584870466e+01
3.918306693721295630e+01
3.924466023184363905e+01
3.916226084172733124e+01
3.903494624451136019e+01
3.899688073104424291e+01
3.908936770942272432e+01
3.887224343512810520e+01
3.891465001941043766e+01
3.880155789039476133e+01
3.959470899860475868e+01
3.962351670362806999e+01
3.957716090770399830e+01
3.967588480608238655e+01
3.969865510986421953e+01
3.966416464570069422e+01
3.973291371722889664e+01
3.972733651867659432e+01
3.974989326241853860e+01
3.976559448888887971e+01
3.977691215005226155e+01
3.976636996772896993e+01
3.977388692962095718e+01
3.977967671075591483e+01
3.978121886952459363e+01
3.849868294849795092e+01
3.861462444193378474e+01
3.851809733575834116e+01
3.842263233655715027e+01
3.887950074750119711e+01
3.894604142485302845e+01
3.882764300604049623e+01
3.905964573303383958e+01
3.903569134210709279e+01
3.912809821690390066e+01
3.872927091673476241e+01
3.924744819704444154e+01
3.922070686455903399e+01
3.929989864399602340e+01
3.939430347446543834e+01
3.943818992632175480e+01
3.937297257329152700e+01
3.961927230339000516e+01
3.951333836764887764e+01
3.955017843704643354e+01
3.949732852876801559e+01
3.968400605561922845e+01
3.973710971991759067e+01
3.976561525509600870e+01
3.954219533995984648e+01
3.942575754431052815e+01
3.927386522565982574e+01
3.911073800663439926e+01
3.895433855930144063e+01
3.865429809066074540e+01
3.876440540713188199e+01
3.869147639533414917e+01
3.963505204114756708e+01
3.970417153686087630e+01
3.974908298544486485e+01
3.976957704831534812e+01
3.857775401821012196e+01
3.878426423460074091e+01
3.897173740815382814e+01
3.915489211233311551e+01
3.885516358792672520e+01
3.877165425398684562e+01
3.932104710158981220e+01
3.945323592777692312e+01
3.966677000445101697e+01
3.965904038644166008e+01
3.962680897236177202e+01
3.960938207446646686e+01
3.959778668383414413e+01
3.956103025939318485e+01
3.969200147558100156e+01
3.972195449505182552e+01
3.971926156797425733e+01
3.973989990358079183e+01
3.975203541909495897e+01
3.975472417120660396e+01
3.976302351494480547e+01
3.953128801541680559e+01
3.956288702622789089e+01
3.951098006666947526e+01
3.939559347235435638e+01
3.944392033267960329e+01
3.937880510969397818e+01
3.927350326073904796e+01
3.922946488071396942e+01
3.931825048285574553e+01
3.900306322321362273e+01
3.909484581947353377e+01
3.901943670606151926e+01
3.893897757277644445e+01
3.880990783741810191e+01
3.884099447245855430e+01
3.873366241787650210e+01
3.962311426827144345e+01
3.964919265369102419e+01
3.960876662354710476e+01
3.969342244964565936e+01
3.971295911020237668e+01
3.968464553344114876e+01
3.973748239024322970e+01
3.973524209837862742e+01
3.975146353559584611e+01
3.975720712918524669e+01
3.976543052511849652e+01
3.976143535334916379e+01
3.886812346155771536e+01
3.895999838833240148e+01
3.916089586511330367e+01
3.920475311058161338e+01
3.911217355801807827e+01
3.929192154057278685e+01
3.934348109129265936e+01
3.926931799201843631e+01
3.942537225464867134e+01
3.941067122044974980e+01
3.947061389808022369e+01
3.963813093590977843e+01
3.955103009899451649e+01
3.958002501337990253e+01
3.953263671892776898e+01
3.969441407823930490e+01
3.973698622856012719e+01
3.975454376568561088e+01
3.957710113619084069e+01
3.946484528707383532e+01
3.933594840687776184e+01
3.913690899226102715e+01
3.920623857460756057e+01
3.915984827989569794e+01
3.907156818774716811e+01
3.890789118957084725e+01
3.965774103402515038e+01
3.971524782362664041e+01
3.974730811228654659e+01
3.901847002660177566e+01
3.893903751765989796e+01
3.903931410844251104e+01
3.909206143869058536e+01
3.922701896576899827e+01
3.936011412220204164e+01
3.949016562628684568e+01
3.968057785154955752e+01
3.964480211407393284e+01
3.967358641305241918e+01
3.963674469521926369e+01
3.962294357352499219e+01
3.959420758513859084e+01
3.970131277493115363e+01
3.972371192898474845e+01
3.973802548512063026e+01
3.972270224791508042e+01
3.974210077843957123e+01
3.974976020312581682e+01
3.974693521498316784e+01
3.955604887999256647e+01
3.954332451605587551e+01
3.958995069939867051e+01
3.947100651187050602e+01
3.943443182705565420e+01
3.950092666441816647e+01
3.925723810295145455e+01
3.932793085647300302e+01
3.926541812143514676e+01
3.919834069035832869e+01
3.896177762367913289e+01
3.905083963209888509e+01
3.898249169023605276e+01
3.888727449921713486e+01
3.963764921830412646e+01
3.966642366566262723e+01
3.963093835230498740e+01
3.970490178047273133e+01
3.969932080191394874e+01
3.972108340171797636e+01
3.973649900549248315e+01
3.973710522645168908e+01
3.974676142573362370e+01
3.917171685338587395e+01
3.909741084527354360e+01
3.916709987580537700e+01
3.923332041618601096e+01
3.931266680729223850e+01
3.930167229609694601e+01
3.937081032788398716e+01
3.951145441074276476e+01
3.953146958167768332e+01
3.947030764405251091e+01
3.965844016028982111e+01
3.959040437871168905e+01
3.961346668236228652e+01
3.957103217502567816e+01
3.970205940000104761e+01
3.973295462851315563e+01
3.973935158896398434e+01
3.959812075893943728e+01
3.951348717455295656e+01
3.936431599008481186e+01
3.937949999832648018e+01
3.941860832972378148e+01
3.931171880926005002e+01
3.910745755347330288e+01
3.918374539544382884e+01
3.912203603725016876e+01
3.903599267714214704e+01
3.967272384756958559e+01
3.972083246571962434e+01
3.924336870882890338e+01
3.943321003854226348e+01
3.937398909482859466e+01
3.942968281848538226e+01
3.947404924078535515e+01
3.955122696147720518e+01
3.969187827134050650e+01
3.968608638416134937e+01
3.966412293372669495e+01
3.965784019798174853e+01
3.962437828674533336e+01
3.964735307361097938e+01
3.970763528729953862e+01
3.972148177386685575e+01
3.973198435350983004e+01
3.972249840151721401e+01
3.972884368914078834e+01
3.973282682817966815e+01
3.973540073425140662e+01
3.956025826068781726e+01
3.960048664222033921e+01
3.955786377504101381e+01
3.947666204459908812e+01
3.947369373205290799e+01
3.951707001799584873e+01
3.942165881268593353e+01
3.924334291070167779e+01
3.930529664930392642e+01
3.925013979271182762e+01
3.917667303105484677e+01
3.967611332295066973e+01
3.965779350829469507e+01
3.968976361096000005e+01
3.971186427099776495e+01
3.970838194074857341e+01
3.972415698973973264e+01
3.953510084691580317e+01
3.948584035491978028e+01
3.952401510737401935e+01
3.956360923912811955e+01
3.967465624930282075e+01
3.961561716705973879e+01
3.960309314496409883e+01
3.963681203474870074e+01
3.970646866522063334e+01
3.972529983938332521e+01
3.972058516965595487e+01
3.962671702048589140e+01
3.959441744012013942e+01
3.963190866026571513e+01
3.951907107550024989e+01
3.936798305630027528e+01
3.942331298766747238e+01
3.936546985259314368e+01
3.930697469801160082e+01
3.969339081462523211e+01
3.965238033602776113e+01
3.957615448251995360e+01
3.969879520682123086e+01
3.969511945816124410e+01
3.967810131592968048e+01
3.967005280855696014e+01
3.964303071305524639e+01
3.966414913548127430e+01
3.970988599722485191e+01
3.971586221451536147e+01
3.972226267099056685e+01
3.971890650952921220e+01
3.970973057691261232e+01
3.971956256407116115e+01
3.971061596007399430e+01
3.956597918571306849e+01
3.959745673132868404e+01
3.956261610543718632e+01
3.947587056340318412e+01
3.951905300253945086e+01
3.947592269247056862e+01
3.942252729464201622e+01
3.968217986357800697e+01
3.967926996101951431e+01
3.969699907611992273e+01
3.965572305283413357e+01
3.968432963819641657e+01
3.970723780345019094e+01
3.971295748677245996e+01
3.969592218557568231e+01
3.952151461546183242e+01
3.963448960985274994e+01
3.963083679767578360e+01
3.960093700025323216e+01
3.965945835048911761e+01
3.969995358547713948e+01
3.968514127828196791e+01
3.969929663492898442e+01
3.970768461398954230e+01
3.970335189504085349e+01
3.970998213970617030e+01
3.970633243933006895e+01
3.968145698776589825e+01
3.969605832803718215e+01
3.968155502155175895e+01
3.965863150044582852e+01
3.970166241384048789e+01
3.969256840748210635e+01
