9.629838078801151724e+00
9.643546234352475821e+00
9.649868552055636428e+00
9.608960703379324286e+00
9.619410381952754108e+00
9.636730769774077388e+00
9.646767094827307432e+00
9.648842207019528772e+00
9.649429044984341175e+00
9.580628096807318528e+00
9.595155586356467481e+00
9.625839737637424065e+00
9.617440043341224154e+00
9.627777163003390370e+00
9.641430781775785164e+00
9.635670860439947916e+00
9.642482866765597294e+00
9.650444677291185158e+00
9.646975794608202648e+00
9.650216340443870777e+00
9.652746016475180824e+00
9.651276539318200065e+00
9.650859142058076046e+00
9.640568720287472360e+00
9.606302131837267666e+00
9.593974363454888632e+00
9.607372281548483883e+00
9.644813752062015411e+00
9.615859918364616732e+00
9.633638258260756260e+00
9.645935913515165439e+00
9.651619419717091475e+00
9.647956022613504601e+00
9.650345651449462991e+00
9.648357305282544871e+00
9.547577767513626412e+00
9.564286181483112159e+00
9.625241330982829524e+00
9.633229546626893125e+00
9.586254419039052621e+00
9.596490949108527957e+00
9.583341545406124595e+00
9.644306674022038450e+00
9.621677653103489547e+00
9.614170980730971650e+00
9.623730083242072908e+00
9.638938505568988901e+00
9.632417382193326105e+00
9.640141076267914499e+00
9.650273239268676306e+00
9.650359689593734913e+00
9.645847624438269818e+00
9.655553252274684084e+00
9.652997879827248440e+00
9.654152222497769387e+00
9.653761136101291385e+00
9.650838912825911109e+00
9.653224178063373628e+00
9.507469920302311195e+00
9.527556342331511274e+00
9.567121487646829792e+00
9.604260190299914512e+00
9.577380176895593067e+00
9.615224979169385122e+00
9.637191218603661014e+00
9.638783687564311364e+00
9.631423435976733671e+00
9.604353437642075164e+00
9.642447644907841564e+00
9.630292193334643258e+00
9.644556416125505294e+00
9.652904158260279033e+00
9.654619063602858375e+00
9.644493684587429172e+00
9.646178910520919914e+00
9.649127057569778287e+00
9.547101214745554287e+00
9.527746694817848194e+00
9.547101302564497516e+00
9.566604573057572836e+00
9.545488348427966230e+00
9.591182911980716597e+00
9.561684964401663933e+00
9.626485348110167095e+00
9.625706739545350388e+00
9.615689908496612759e+00
9.632080796306063064e+00
9.611352700775611879e+00
9.616590480356110859e+00
9.598788926192636239e+00
9.640726199604605640e+00
9.634794520234445159e+00
9.636877787134920936e+00
9.628234634023387528e+00
9.649522822669734268e+00
9.649876681623718255e+00
9.644227859422612070e+00
9.657435119187882222e+00
9.656488142797076790e+00
9.653834152250304612e+00
9.658508344000109602e+00
9.656102310902342722e+00
9.657040374687886342e+00
9.652139286798812279e+00
9.648211112867379313e+00
9.652992650216788206e+00
9.464002406716673477e+00
9.485958958703664123e+00
9.505599994356394689e+00
9.506717916872725382e+00
9.526472963246909842e+00
9.580544552357801891e+00
9.583269284674617694e+00
9.563993351204063131e+00
9.509734736963544321e+00
9.528006511279924595e+00
9.603445469306798543e+00
9.603721086187521294e+00
9.590803760251738197e+00
9.569292056940007285e+00
9.573455138071214066e+00
9.557749074991180649e+00
9.614992614718664399e+00
9.635510052051138530e+00
9.595880030058035359e+00
9.623127670950134771e+00
9.642151252464826072e+00
9.653438588142295274e+00
9.657966820978755251e+00
9.655323118736694354e+00
9.638891152170296905e+00
9.641723007740711893e+00
9.645488783160175217e+00
9.416534935256501981e+00
9.366737411204757890e+00
9.440357014476605357e+00
9.485206002122685831e+00
9.541932682242268982e+00
9.544339162392105891e+00
9.524083898835760564e+00
9.561247592593350220e+00
9.544110130669201553e+00
9.544710665972900188e+00
9.527229212527492663e+00
9.586809296621018106e+00
9.557031115390200782e+00
9.618943869747573316e+00
9.611287517648321455e+00
9.622664225068094268e+00
9.632708283195398735e+00
9.603997784285846606e+00
9.592286822722945416e+00
9.607623177824027749e+00
9.629215424864081996e+00
9.632002974646159288e+00
9.620261672504422990e+00
9.647521804317626959e+00
9.648511021015506728e+00
9.641133024743650637e+00
9.658513479182529338e+00
9.657945901759230622e+00
9.654012954671538083e+00
9.662447192837783305e+00
9.659936318743771011e+00
9.660448006002068766e+00
9.659279273775451813e+00
9.655682667020503374e+00
9.658888585269362892e+00
9.649142466447971245e+00
9.644027519565920414e+00
9.650621007314272859e+00
9.391815067170364628e+00
9.315505139320539030e+00
9.341555913968212721e+00
9.464009111543434827e+00
9.440576441829785281e+00
9.463755653745042906e+00
9.484913878048450542e+00
9.500800221109857446e+00
9.521367569208328163e+00
9.503296972372682561e+00
9.571900823917866674e+00
9.576128968386228735e+00
9.556973991223065568e+00
9.470682478367425716e+00
9.490632530352463903e+00
9.511950771350779377e+00
9.528319443966465130e+00
9.510851736349771102e+00
9.595958065572135709e+00
9.582905276159577213e+00
9.599563647925782206e+00
9.575014788165180590e+00
9.559709849666669257e+00
9.572031369434292003e+00
9.628910286638944882e+00
9.607320050228709718e+00
9.587888221662822730e+00
9.616544573716556243e+00
9.638329382308240767e+00
9.652996616526277052e+00
9.660446036010567283e+00
9.660832003761740339e+00
9.654171196067611760e+00
9.632033471289236815e+00
9.635489790090039364e+00
9.640577406502380597e+00
9.421960276644798071e+00
9.394799961312960690e+00
9.419113610777777978e+00
9.378414038720437773e+00
9.347405209043900598e+00
9.372338637364931557e+00
9.443116008011209317e+00
9.482606720714199966e+00
9.532462734379532066e+00
9.537096422976409471e+00
9.516734049618987612e+00
9.552145186690042422e+00
9.429254587786370934e+00
9.450427830326539436e+00
9.491713654754104112e+00
9.544272493673982893e+00
9.544081652115353975e+00
9.528200418264896498e+00
9.585727166619562922e+00
9.559500548033824430e+00
9.625499536028680581e+00
9.608158324873077305e+00
9.601964257517879631e+00
9.613554835581323843e+00
9.596324786867072021e+00
9.600098898946086479e+00
9.584118153199284507e+00
9.624028639840640054e+00
9.626573403131455819e+00
9.614014375827959924e+00
9.644813693192704207e+00
9.646132973226263729e+00
9.637005889754171051e+00
9.658566548191560130e+00
9.658503999495970049e+00
9.653035488178373313e+00
9.665327768949323328e+00
9.663853315592771054e+00
9.661909526631966116e+00
9.665135370086868960e+00
9.662176189080089017e+00
9.663776419095864156e+00
9.658020441071963447e+00
9.658628086192280193e+00
9.653555646862024275e+00
9.644052118499370607e+00
9.638045421285498904e+00
9.646569104611968370e+00
9.400363975032133723e+00
9.332716548732573614e+00
9.355683630999449107e+00
9.324222209721634513e+00
9.264518235194557860e+00
9.290457293576524833e+00
9.465525165813772901e+00
9.444049537222566570e+00
9.464529839734856509e+00
9.483037658475955922e+00
9.488806905758986332e+00
9.494780925391221871e+00
9.510561238477155399e+00
9.561593786751203083e+00
9.566680778724897749e+00
9.547031375576203516e+00
9.386416234639517242e+00
9.408171842915933780e+00
9.476381608063096706e+00
9.473498311995529164e+00
9.453092869757306005e+00
9.494542060924151983e+00
9.518985237514796083e+00
9.515287470403109182e+00
9.531788710633495754e+00
9.591619920435491053e+00
9.562061289398725350e+00
9.553119004766271516e+00
9.568465885400417648e+00
9.620091678593034601e+00
9.578905145119529507e+00
9.610126012109983407e+00
9.634377771445052474e+00
9.651648393317589836e+00
9.661903115748003756e+00
9.665185523984904492e+00
9.661529881022829613e+00
9.650984774780926756e+00
9.623214621587434792e+00
9.627652097977275503e+00
9.633612291165347230e+00
9.435152287709829722e+00
9.428256086858841201e+00
9.407036181134298403e+00
9.299120624539556346e+00
9.387466428351578074e+00
9.360352370399096955e+00
9.382777241936327783e+00
9.450425446417698438e+00
9.477120530509241192e+00
9.520429868499787673e+00
9.504593965151762802e+00
9.526374605389962724e+00
9.540945581226109695e+00
9.342393661574075026e+00
9.438283186405392655e+00
9.433855225208967354e+00
9.412547612458807222e+00
9.364724259146663954e+00
9.457671746726759920e+00
9.497886784002043115e+00
9.540533259043330716e+00
9.595803327651294623e+00
9.585408940535248945e+00
9.601937552632943351e+00
9.578881342241922781e+00
9.615695970378141055e+00
9.587701041518631229e+00
9.591948042131395624e+00
9.574642417679092077e+00
9.617890797873576147e+00
9.620901666288171228e+00
9.607102060305654945e+00
9.641189228696450897e+00
9.632599326022271313e+00
9.642952634211500396e+00
9.657604995324403419e+00
9.651196681944460565e+00
9.658040305248478674e+00
9.667126864816735221e+00
9.666186445268131422e+00
9.662830977724834014e+00
9.669778742795038795e+00
9.667419402948278062e+00
9.667533324111825976e+00
9.665593069017129224e+00
9.661772225537196945e+00
9.665339468222702735e+00
9.654613492600613966e+00
9.649299822844648489e+00
9.656286771913897837e+00
9.636897682488275052e+00
9.630059612153297977e+00
9.640438991961922000e+00
9.214575049868122036e+00
9.411185064956152146e+00
9.292078964594951529e+00
9.278403769892630493e+00
9.312742818767302921e+00
9.359653120838315132e+00
9.373600446445639278e+00
9.346108824606304211e+00
9.239876386861151758e+00
9.461964625329496670e+00
9.471909050300553190e+00
9.496198528000313388e+00
9.480439541377629453e+00
9.550644500701764628e+00
9.556048685822789324e+00
9.535528770876355864e+00
9.298704128904859090e+00
9.320793159248305315e+00
9.400518759673133218e+00
9.419688581761912261e+00
9.393360868256101170e+00
9.371671898041322279e+00
9.479699001412249970e+00
9.477958700761432098e+00
9.459039966721466186e+00
9.499263124537860037e+00
9.544217724800788005e+00
9.531592684293194395e+00
9.553083085310026590e+00
9.609479165411073609e+00
9.581543019748403722e+00
9.571770964610401222e+00
9.588625674353860262e+00
9.569102125025787942e+00
9.602730368725897137e+00
9.629478170449555563e+00
9.649338643443615027e+00
9.662308849702851532e+00
9.668395681395724139e+00
9.667627182391386853e+00
9.660041525832770759e+00
9.645689509430523501e+00
9.612513175628841111e+00
9.617860564698158754e+00
9.624633773624310606e+00
9.166252166754901509e+00
9.190705644397025864e+00
9.417975347565965549e+00
9.426522733834582723e+00
9.402667403347516384e+00
9.253753466673400041e+00
9.326111507682005808e+00
9.388734273981464540e+00
9.453572122561121560e+00
9.506762319151453866e+00
9.513523346591295393e+00
9.489395135204196308e+00
9.528624715742322948e+00
9.359726754562903039e+00
9.351089236109617175e+00
9.329262918441722618e+00
9.255272979222130658e+00
9.277033455732569323e+00
9.453977409108658136e+00
9.446195129459935558e+00
9.427342981386921394e+00
9.380436619105925189e+00
9.466949549769578809e+00
9.501222150772516528e+00
9.490402776405423069e+00
9.510025016340263093e+00
9.522644162256760580e+00
9.562788286205488930e+00
9.604125849136094573e+00
9.596948709863982074e+00
9.578309319609818573e+00
9.582932208237405547e+00
9.564465370961340085e+00
9.610863550908087305e+00
9.614311286413725455e+00
9.599269812110637901e+00
9.636641026170845947e+00
9.627251776613421796e+00
9.638855821394702872e+00
9.655628254571830382e+00
9.656563032566847227e+00
9.648391965210176835e+00
9.667819981059329493e+00
9.667424261746699443e+00
9.662692842583126662e+00
9.673226835649030519e+00
9.671457379239223329e+00
9.670153607239287297e+00
9.671871775257994130e+00
9.670797830085447799e+00
9.668689829733523311e+00
9.663789916873382069e+00
9.664659315078953483e+00
9.659161009710153678e+00
9.649028816333508729e+00
9.651783732321648657e+00
9.642923514868055435e+00
9.627647460436124405e+00
9.620040612601769681e+00
9.632229432007541448e+00
9.247618908367210011e+00
9.207167617038855667e+00
9.230958386114210157e+00
9.444958660922267768e+00
9.270144644177984006e+00
9.324323011585724075e+00
9.342071708671319641e+00
9.308043554675135667e+00
9.397233979433911699e+00
9.407579269767689212e+00
9.378346200678922884e+00
9.455888260244799781e+00
9.481237568469225607e+00
9.463879136222116628e+00
9.539008202148682614e+00
9.544745457700239299e+00
9.522873789397646505e+00
9.319771177538667573e+00
9.309107971863847197e+00
9.339925092798573303e+00
9.287446310541529471e+00
9.417021615430829939e+00
9.408596504059056898e+00
9.435809747528679736e+00
9.388557060755234218e+00
9.477564595796932778e+00
9.524538719194417524e+00
9.512829377204457870e+00
9.534319669518175999e+00
9.565337058509514989e+00
9.573384256971268158e+00
9.554735225065437376e+00
9.599716045153780186e+00
9.590589351677230923e+00
9.606065423067805753e+00
9.558571592451841070e+00
9.594506018028218008e+00
9.623676915677359389e+00
9.646063086277246512e+00
9.661654775109582260e+00
9.670454642717121629e+00
9.672479762627929745e+00
9.667759083186577840e+00
9.656333943973663736e+00
9.638257693346602650e+00
9.613594959278245256e+00
9.120859506821028972e+00
9.143762596926281461e+00
9.201542426925509943e+00
9.183858017359259662e+00
9.224632924749446516e+00
9.436900756758236142e+00
9.286127799908676650e+00
9.360771510240684989e+00
9.426488221284627045e+00
9.493005190391155423e+00
9.499793963116351492e+00
9.474436339130788198e+00
9.515911167226564160e+00
9.369410693950509739e+00
9.364477226662250686e+00
9.344434946458909153e+00
9.212942595090103381e+00
9.234073655402198710e+00
9.281632465608129934e+00
9.300660199370486936e+00
9.268299586406579138e+00
9.477494203219494651e+00
9.447302860062077201e+00
9.465728566449250536e+00
9.393102138345522434e+00
9.489313992638104267e+00
9.500909003375429762e+00
9.544834422496382587e+00
9.582432689820064908e+00
9.568109338834275945e+00
9.573128443133898102e+00
9.553540732954294512e+00
9.602958075468539079e+00
9.590615297342765189e+00
9.606837249785066035e+00
9.631137044999267260e+00
9.633821905610600922e+00
9.620980856575485518e+00
9.652622588968336359e+00
9.654064003710553621e+00
9.644610609905322818e+00
9.667403684924492424e+00
9.667555087773950007e+00
9.661492392347039271e+00
9.675482247376224976e+00
9.674301648667013254e+00
9.671624560766030498e+00
9.676872553666454380e+00
9.675019558486786408e+00
9.674322229636082682e+00
9.671601143979026816e+00
9.667647657948647222e+00
9.671702170872270798e+00
9.659706568397583126e+00
9.654320969445059575e+00
9.661709261847201802e+00
9.641239000267811221e+00
9.634396764665575930e+00
9.645089732753092449e+00
9.616259610221931098e+00
9.607940819632911911e+00
9.621903722090310751e+00
9.161318828823638682e+00
9.268337268208046709e+00
9.234961656609966596e+00
9.257846970789882945e+00
9.296113161018114468e+00
9.381122228987925027e+00
9.389047119889411874e+00
9.352776806611913685e+00
9.440088492230207962e+00
9.418648905158269358e+00
9.447889030764004659e+00
9.466444536019306355e+00
9.526627524085464316e+00
9.532729009586175195e+00
9.509798083491887155e+00
9.341697042987661348e+00
9.330605205683880854e+00
9.355477000913532848e+00
9.247095616859464684e+00
9.311465421724873792e+00
9.452807692569502152e+00
9.434941637888243804e+00
9.465058671009506597e+00
9.396354275515893306e+00
9.382833140395874238e+00
9.406576078817202813e+00
9.503014502860445134e+00
9.490199778168003419e+00
9.513708119136669694e+00
9.547065918846824317e+00
9.556139328469422267e+00
9.535751012105777136e+00
9.584843680380155106e+00
9.592223847719507646e+00
9.575041920750066993e+00
9.547266753042704224e+00
9.585439349188169089e+00
9.616959106428460302e+00
9.641795745496938963e+00
9.659931958861754708e+00
9.671363189538253025e+00
9.676097575885938440e+00
9.674155531520019835e+00
9.665569622595754140e+00
9.650384248452487768e+00
9.628655140692224279e+00
9.600450547243045918e+00
9.167680314173836109e+00
9.184689553379485005e+00
9.144148317807179183e+00
9.079034489560543264e+00
9.100065015267066570e+00
9.245996023676083198e+00
9.257105947278244429e+00
9.223668607144684728e+00
9.316375484147602748e+00
9.320172316595977335e+00
9.292392128927650319e+00
9.348642126188236645e+00
9.410473057328189839e+00
9.478562169227338075e+00
9.485684961065855347e+00
9.459307619594536476e+00
9.502483884013658511e+00
9.171964774906520290e+00
9.133184661368613178e+00
9.368847895222140565e+00
9.192497691948972260e+00
9.240404645511267390e+00
9.226519711141790481e+00
9.260981075248595928e+00
9.307399644472917899e+00
9.294388731040607254e+00
9.324486520496204633e+00
9.477765206772378548e+00
9.424497628338469823e+00
9.524921880550534681e+00
9.565845577395295507e+00
9.557052355317827264e+00
9.562492893917543313e+00
9.541815367435667383e+00
9.594136428219476542e+00
9.581098586633068237e+00
9.598466581870837899e+00
9.624652364529977078e+00
9.627820526880329410e+00
9.613780513687599338e+00
9.648569306432806414e+00
9.650527438534327374e+00
9.639827389396502966e+00
9.665868774665019814e+00
9.666572534772251757e+00
9.659218159099777878e+00
9.676544744799166153e+00
9.675953747708950559e+00
9.671944329629640791e+00
9.680603450545637756e+00
9.678681330785451564e+00
9.678009990905707127e+00
9.678063200425977897e+00
9.674777699204188508e+00
9.677431458631689409e+00
9.668954150755910248e+00
9.664277201700363307e+00
9.670237105877447448e+00
9.653317998274737022e+00
9.647225776768040717e+00
9.656467084632103237e+00
9.631207538193297779e+00
9.623680422003721091e+00
9.636172909761921090e+00
9.602686158033954200e+00
9.593710466130511705e+00
9.609416883042086965e+00
9.123310796555241353e+00
9.206755743162570838e+00
9.281087019681317329e+00
9.041193617434004182e+00
9.060185943077675219e+00
9.362943691614585617e+00
9.371911363565953224e+00
9.339635590701734102e+00
9.423972238809700031e+00
9.431921095025158408e+00
9.402528636232371895e+00
9.451146738457335772e+00
9.513443310756246163e+00
9.519939386942096959e+00
9.495977230007335734e+00
9.152673756893788592e+00
9.097010792649010469e+00
9.115043744482012045e+00
9.366994855299557443e+00
9.354231606645313946e+00
9.381613415263766242e+00
9.206086561987337546e+00
9.273745553431153255e+00
9.337006046703516304e+00
9.479435315674278328e+00
9.466060201646355310e+00
9.491149490023024882e+00
9.426105134822110543e+00
9.411177659775113113e+00
9.439368073839899509e+00
9.526713516818714922e+00
9.514804360691117679e+00
9.536821114424487433e+00
9.567827256092298782e+00
9.557389882313550800e+00
9.576273410904942551e+00
9.535132314964593903e+00
9.575486869097325382e+00
9.609293408318844598e+00
9.636514916221633698e+00
9.657126720696082245e+00
9.671116566450754348e+00
9.678484570425359479e+00
9.679243022233054106e+00
9.673416172297178761e+00
9.661039974445994716e+00
9.642161713203904583e+00
9.616839512823506908e+00
9.585141778723276218e+00
9.143190172146148598e+00
9.111276605154920105e+00
9.155506208379806665e+00
9.221627279292299306e+00
9.233724110329566415e+00
9.194568534578296592e+00
9.296010629142589465e+00
9.306076801533132326e+00
9.270957751911266698e+00
9.092447877219107966e+00
9.393324582010198043e+00
9.329330147197431700e+00
9.463364682928135707e+00
9.470858506336339744e+00
9.443641314081087756e+00
9.488279055318061594e+00
9.203747976543052545e+00
9.187965870882248254e+00
9.168470938975886497e+00
9.165797986150566956e+00
9.149616002275154258e+00
9.131283445251284547e+00
9.396414736152920000e+00
9.222102425948822457e+00
9.271982017518725527e+00
9.289589207186480735e+00
9.256076501840936999e+00
9.336280893982836560e+00
9.321732898749226948e+00
9.351544751530632027e+00
9.452620349115354870e+00
9.502941211429524415e+00
9.547146605279561271e+00
9.545084147818636566e+00
9.550973926713469453e+00
9.529232650353565148e+00
9.584354968021219889e+00
9.589158642388616371e+00
9.570673494469801312e+00
9.617154389353608224e+00
9.620822816970223457e+00
9.605615471101360825e+00
9.643444897229338508e+00
9.645932237679597065e+00
9.634018251998437421e+00
9.663200960588811839e+00
9.664464876529168080e+00
9.655853656154953057e+00
9.676409103502901843e+00
9.676410962308954922e+00
9.671105722541973648e+00
9.683067879163179015e+00
9.679770734352411310e+00
9.681772878529880444e+00
9.683187739369126135e+00
9.681857053407023628e+00
9.680564998640834418e+00
9.676790847424701525e+00
9.672813478554804334e+00
9.677384936536235216e+00
9.663910825119788939e+00
9.666386295958993458e+00
9.658555978403873254e+00
9.644592411016393640e+00
9.648904373885367036e+00
9.637841272472572385e+00
9.618891031417424742e+00
9.610728781165089885e+00
9.624993305503011243e+00
9.586872290303814381e+00
9.577288012598193845e+00
9.594717611778600386e+00
9.007741623444838197e+00
9.024458990428472660e+00
9.182408393368930888e+00
9.258667316975628836e+00
9.098277136213845040e+00
9.120997659095154475e+00
9.069720051057604593e+00
9.406883704308421912e+00
9.415313743172049499e+00
9.384884263172967422e+00
9.344075360108579531e+00
9.353386107570825558e+00
9.320007041401105141e+00
9.434988365393438770e+00
9.499391279467294780e+00
9.481345305554176761e+00
9.506314970160456568e+00
9.063269949896744393e+00
9.079943722259296024e+00
9.184916292453587872e+00
9.131494130682517252e+00
9.148728838408063169e+00
9.114276023739472876e+00
9.397261247737848322e+00
9.382045000292979609e+00
9.411594884395972471e+00
9.237770387429456775e+00
9.303910767645811930e+00
9.366579347205878037e+00
9.453710249049819936e+00
9.439835755253517036e+00
9.466491516442676613e+00
9.504192844286867725e+00
9.515378928032045991e+00
9.491746044748088806e+00
9.548611455634640421e+00
9.558151654999768709e+00
9.537597992467043539e+00
9.564599594400474913e+00
9.522109163394958387e+00
9.600641883225042861e+00
9.630192574845960252e+00
9.653220135778800781e+00
9.669705057541754911e+00
9.679639882910446858e+00
9.683029125654938341e+00
9.679889109311337947e+00
9.670247748094411122e+00
9.654144251101312690e+00
9.631628735978688738e+00
9.602761761251603190e+00
9.567613806315968361e+00
9.053038899267287221e+00
9.187890703994595398e+00
9.204745713796626205e+00
9.165392099125050152e+00
9.275060227958961789e+00
9.285398275491393960e+00
9.248301470940743840e+00
9.143210697142954757e+00
9.375333006076992604e+00
9.309398683146781650e+00
9.447337189399316770e+00
9.427075475934477922e+00
9.455239920004961718e+00
9.473225719675683720e+00
9.097269196359301091e+00
9.233625799199264961e+00
9.199718141591802123e+00
9.218792761703021199e+00
9.193383645825713657e+00
9.162357688539383815e+00
9.179666339564644062e+00
9.425326680465316187e+00
9.252825088933636977e+00
9.300870363900864746e+00
9.286292879709330705e+00
9.318495794686654676e+00
9.366186456742820354e+00
9.351136020262114101e+00
9.381634977537599340e+00
9.478803427791627101e+00
9.526264683938357791e+00
9.573565026821439616e+00
9.578867266279580406e+00
9.559288604040172999e+00
9.532145816465567023e+00
9.538515016409217395e+00
9.515731035057410026e+00
9.608604563185179970e+00
9.612793235548155124e+00
9.596444637783568155e+00
9.637220656942371733e+00
9.640252250464056871e+00
9.627152582785443613e+00
9.659381101486564702e+00
9.661215417571019870e+00
9.651377588128562834e+00
9.675065390028972701e+00
9.675665725624458702e+00
9.669096647110000831e+00
9.684264761145902511e+00
9.680298655635196425e+00
9.683598056199450355e+00
9.686982152248143407e+00
9.685019095149565160e+00
9.684984375153876002e+00
9.683232073569778109e+00
9.679947174665846532e+00
9.683166304281456860e+00
9.673040411519975734e+00
9.674868487137262107e+00
9.668412048440353956e+00
9.656444157268325057e+00
9.650454585954570064e+00
9.660126250995796582e+00
9.633491056891765325e+00
9.626126383314490553e+00
9.638985859931642253e+00
9.604239189163076063e+00
9.595489296678326951e+00
9.611504088341355612e+00
9.568756490549002791e+00
9.558614944899378685e+00
9.577747727939062372e+00
8.979280117854004928e+00
8.993355467240167656e+00
9.062368638721485681e+00
9.034989310758863468e+00
9.080277078127521051e+00
9.231428442824192615e+00
9.129001639779191990e+00
9.113520572442375567e+00
9.158184838513427906e+00
9.388993775132471242e+00
9.366496627952761500e+00
9.397818421371354702e+00
9.324440594853003361e+00
9.334129556200517541e+00
9.299710356738536632e+00
9.418015681583780108e+00
9.484402008633042058e+00
9.465829881029005577e+00
9.491788736343449884e+00
9.032341803829599058e+00
9.047655240282461264e+00
9.112253925775169350e+00
9.087823022286462660e+00
9.121706263785078761e+00
9.213639923532850773e+00
9.171890920642500333e+00
9.182758058525033462e+00
9.152039450892274886e+00
9.425739959950014679e+00
9.411418739052130888e+00
9.439638748516083311e+00
9.267126504456310698e+00
9.333347645549162408e+00
9.395791980997293180e+00
9.479416619565279589e+00
9.466486842375484656e+00
9.491725403586235288e+00
9.527120244581944064e+00
9.515584146172477276e+00
9.537793072572952724e+00
9.590960928611812264e+00
9.552723781377283174e+00
9.508133114031528166e+00
9.622795105041420882e+00
9.648188304884234512e+00
9.667114162084837758e+00
9.679558040464343094e+00
9.685517033208753901e+00
9.684999875507063649e+00
9.678026782687826568e+00
9.664629216569075254e+00
9.644849574903318512e+00
9.618740804399525501e+00
9.586365949983100876e+00
9.547797658827294143e+00
9.020586214914128931e+00
9.095482497324436366e+00
9.253790751083627697e+00
9.264255859818229411e+00
9.220862908623384868e+00
9.177099927619529751e+00
9.182317015378474778e+00
9.153000926247647939e+00
9.356555897437246472e+00
9.288924259649126824e+00
9.430399587104757231e+00
9.438751886731889584e+00
9.409654098975925862e+00
9.457249502036924937e+00
9.072262139050634389e+00
9.142327199781655978e+00
9.264214167891504204e+00
9.228783471715843234e+00
9.249017779134376838e+00
9.225246597577257290e+00
9.198676615379133281e+00
9.209441392122302616e+00
9.452416291357714329e+00
9.282540162252278293e+00
9.332769292426005947e+00
9.316724333141856107e+00
9.349380999145292748e+00
9.395425267956225568e+00
9.380715383881645053e+00
9.410491859867448738e+00
9.503117699744128899e+00
9.598959678667915441e+00
9.603690901799755153e+00
9.586222098880137210e+00
9.561713412346431795e+00
9.567541524319349122e+00
9.546887894820088150e+00
9.518174059450474900e+00
9.525055044293679885e+00
9.501244185971106759e+00
9.629863190849953014e+00
9.633456426920716353e+00
9.619194427396303482e+00
9.654385413813365346e+00
9.656802702486174894e+00
9.645763733848314203e+00
9.672499153991687137e+00
9.673705857401072805e+00
9.665900326406003273e+00
9.684188671794638381e+00
9.684153625236909591e+00
9.679586092526944796e+00
9.689449705619471942e+00
9.688145333048529650e+00
9.686814533331080668e+00
9.688289413213297507e+00
9.685691808668181579e+00
9.687590710684586881e+00
9.680726236923987926e+00
9.681931116724642905e+00
9.676815214667730203e+00
9.666789695546386341e+00
9.669863471375906627e+00
9.661548808683100731e+00
9.646520102976383626e+00
9.639936627974755368e+00
9.651426445666583476e+00
9.619968216494992674e+00
9.612033102250020278e+00
9.626669310452038886e+00
9.587194823501583585e+00
9.577902608488864544e+00
9.595651518178840433e+00
9.548270279729166532e+00
9.537618983477727852e+00
9.558442234301205431e+00
8.955915117990334906e+00
8.967384358049587334e+00
9.032026454079442601e+00
9.047144067764252284e+00
9.005564513969103402e+00
9.108809216248824114e+00
9.118784319955679507e+00
9.085520333027229611e+00
9.215289718272414277e+00
9.142730636278454170e+00
9.370214921779657757e+00
9.347281567511027234e+00
9.379478491470321089e+00
9.303934231345843742e+00
9.278812846757110933e+00
9.314051788905080898e+00
9.400144103506336890e+00
9.468402106468287727e+00
9.476289278447499242e+00
9.449354210797880071e+00
9.004496226709894913e+00
9.018306841521949835e+00
9.089034586791072456e+00
9.100512264242320626e+00
9.060833783500493510e+00
9.174939650383301171e+00
9.143705240490280772e+00
9.173304218995502524e+00
9.244846958656328439e+00
9.200270798579387233e+00
9.452293917968548342e+00
9.438931949085096917e+00
9.465771390059407153e+00
9.298391896845847882e+00
9.363909525645336629e+00
9.423684477053891229e+00
9.503274012980249097e+00
9.491265039919049684e+00
9.515119836064068082e+00
9.614284233431323656e+00
9.580202370399588219e+00
9.539801202856171614e+00
9.493135839825837863e+00
9.642002667294917728e+00
9.663324792832179710e+00
9.678229136231225382e+00
9.686705696639444696e+00
9.688755928354826352e+00
9.684392643607280249e+00
9.673639840911233634e+00
9.656532460207685631e+00
9.633116065847056930e+00
9.603446463070813621e+00
9.567589259037555749e+00
9.525619383365649284e+00
8.993710534829583381e+00
9.070393634052825504e+00
9.231852378741958631e+00
9.242667907573551389e+00
9.204423724557369013e+00
9.154689262622508039e+00
9.165751425929208551e+00
9.131635903710787261e+00
9.336898365936537658e+00
9.267698444756000242e+00
9.412468445766624114e+00
9.391291587969030630e+00
9.421312690665835987e+00
9.440272006466987165e+00
9.046802988622742348e+00
9.131914893411435585e+00
9.296673042451219615e+00
9.260966406122113526e+00
9.280545300970343803e+00
9.258189303493944422e+00
9.216520829858888320e+00
9.241832228205481670e+00
9.477620552328444248e+00
9.314725306161662388e+00
9.362659426232578852e+00
9.347615267584949095e+00
9.378947354552520821e+00
9.422727516471057996e+00
9.408983022126125917e+00
9.437422822557035573e+00
9.621334757824978823e+00
9.610103331764054957e+00
9.625509200433487678e+00
9.588172262260590273e+00
9.574897542682705875e+00
9.593470473021486811e+00
9.548742825532325895e+00
9.555126162308694049e+00
9.533411087292753550e+00
9.503101741377479428e+00
9.510528778262090199e+00
9.485701857027676098e+00
9.648185741794616632e+00
9.638981337069195021e+00
9.651200765477611299e+00
9.668691628837748908e+00
9.661495502852719852e+00
9.670514756866740669e+00
9.682829991955603788e+00
9.683432074197181549e+00
9.677621025791612652e+00
9.690589650202632299e+00
9.689944983795482969e+00
9.687344454689496231e+00
9.691970674568429089e+00
9.690057092251777249e+00
9.690663705139652251e+00
9.686984316163117725e+00
9.687587994116734436e+00
9.683783242959272286e+00
9.675652860022271540e+00
9.678137699355774615e+00
9.671149338813808782e+00
9.658009406721848933e+00
9.652192092352509079e+00
9.662344145899815828e+00
9.634097584431900785e+00
9.626958705788839055e+00
9.640249321173756769e+00
9.603971196041159786e+00
9.595506487526176187e+00
9.611905522409504243e+00
9.567693808120500520e+00
9.577374944466439999e+00
9.557902415142004671e+00
9.525338286217758466e+00
9.536729217396620939e+00
9.514222654794179945e+00
8.937275221847071904e+00
8.946383623145832686e+00
9.026536355936920941e+00
9.029071861879684135e+00
8.991285277284497113e+00
9.088462127435407822e+00
9.060461038346886653e+00
9.098611523512625254e+00
9.193052888671555678e+00
9.121457082548110051e+00
9.350458800842341489e+00
9.327142226124211177e+00
9.360206228993604327e+00
9.282480608987379256e+00
9.257106976032334344e+00
9.293067660914408279e+00
9.381287915574450409e+00
9.451314694217451517e+00
9.459741432174858744e+00
9.431838139273500232e+00
8.979926364534875916e+00
8.992136993930888167e+00
9.062638252024996177e+00
9.075785457072006679e+00
9.033845984321164480e+00
9.139506517989152812e+00
9.114368826799777779e+00
9.157105951462176208e+00
9.277544246568028896e+00
9.217197534324588659e+00
9.196017179365712835e+00
9.237699846870100373e+00
9.476986262616060586e+00
9.490048893060864188e+00
9.464551996795695032e+00
9.329572010821475914e+00
9.392505574107261168e+00
9.449681379611485355e+00
9.634630297539908739e+00
9.604617373946371828e+00
9.568313839662762277e+00
9.525769652605015736e+00
9.477045329621514469e+00
9.658313513431179942e+00
9.675639003467495058e+00
9.686589958504576714e+00
9.691160824809035290e+00
9.689357270776296716e+00
9.681196077599409477e+00
9.666704956733585874e+00
9.645922296420300412e+00
9.618896840720088548e+00
9.585687306920410933e+00
9.546361947757501909e+00
9.500998055077499060e+00
8.981806152359441242e+00
9.057670490994473411e+00
9.208576182022328638e+00
9.220059473947692652e+00
9.181553306423115401e+00
9.118034403279327904e+00
9.136322652358240148e+00
9.103142334784925183e+00
9.316280528480394452e+00
9.245319585991591538e+00
9.393457391737539908e+00
9.402837475729114658e+00
9.371900605336696444e+00
9.422211606315791244e+00
9.021497737894959457e+00
9.101111068975569651e+00
9.178216911764597086e+00
9.327108171097188816e+00
9.292661363361379046e+00
9.311997473751201682e+00
9.289070672456761102e+00
9.253029284506100183e+00
9.273744675840097429e+00
9.344894804810538247e+00
9.390613643914669240e+00
9.376534775949870948e+00
9.406579235642498205e+00
9.448163805404082183e+00
9.462490395064186544e+00
9.435349782839383082e+00
9.640749827832509666e+00
9.630995415381130798e+00
9.644379401114706596e+00
9.611593582947644876e+00
9.599834689627046558e+00
9.616370811025987564e+00
9.576190942847622622e+00
9.562416652421807939e+00
9.582082521020614863e+00
9.534592279989329455e+00
9.518794137995206128e+00
9.541562027806179458e+00
9.486858303855539631e+00
9.494867360312678528e+00
9.469030345865373732e+00
9.663619945678091128e+00
9.655856679780903562e+00
9.666071610672709369e+00
9.680175066583494470e+00
9.681421773311143397e+00
9.674387258694045144e+00
9.690397329042863106e+00
9.690415354266329828e+00
9.686567013452634711e+00
9.694279947194532454e+00
9.693048986881208862e+00
9.692386968262567848e+00
9.691827197749191214e+00
9.689330430274873507e+00
9.691849306234102457e+00
9.683054335775700849e+00
9.679278453941359217e+00
9.684967291306668002e+00
9.667987436439787530e+00
9.662922649395712327e+00
9.671765115854029204e+00
9.646663167295329799e+00
9.640303172214160554e+00
9.652277677464741856e+00
9.619128493844115724e+00
9.611470418163678531e+00
9.626550287566782771e+00
9.585440322306855165e+00
9.576484638757971624e+00
9.594638316292343205e+00
9.545665082822910819e+00
9.556606778702448679e+00
9.535415500344299744e+00
9.499878251418177655e+00
9.488341579627505240e+00
9.512529863559237242e+00
8.924024675587620692e+00
8.930379159587625182e+00
8.983405956169265849e+00
8.960439555260727218e+00
9.005022705397882632e+00
9.072394558091525951e+00
9.163189915283396658e+00
9.329615181381285538e+00
9.339902681060213041e+00
9.305985574911749936e+00
9.259880919753925355e+00
9.271038380845709526e+00
9.234162440567773800e+00
9.361349140098486288e+00
9.433059711440986206e+00
9.413198480760144093e+00
9.442066740736512642e+00
8.958818762118291090e+00
8.969350908700224778e+00
9.044529323500706042e+00
9.012517481003424535e+00
9.053495494417308720e+00
9.109658862605396479e+00
9.124678930348149919e+00
9.086579007202763236e+00
9.176033807033041612e+00
9.157644652743545777e+00
9.196435746747219753e+00
9.308216422034616855e+00
9.248469708723837002e+00
9.268785833703059751e+00
9.232704086724623949e+00
9.358770374661634861e+00
9.419201706469223723e+00
9.473845943617526189e+00
9.652052780607180082e+00
9.626034197490875854e+00
9.593747969070804515e+00
9.555239169246542374e+00
9.510563365624721044e+00
9.459786292386079154e+00
9.671769401614534800e+00
9.685160685149995174e+00
9.692214304262732227e+00
9.692929006993477259e+00
9.687314567704367718e+00
9.675391665506419159e+00
9.657191691046364213e+00
9.632756485068817653e+00
9.602138012199466388e+00
9.565397973773594131e+00
9.522607360802075149e+00
8.953758045233659146e+00
9.047453046280343969e+00
9.036799507604460047e+00
9.015411706023547467e+00
9.082483995861206694e+00
9.184370772137953054e+00
9.196297208585034966e+00
9.151188120879961474e+00
9.294547875606623322e+00
9.221897860460293472e+00
9.373276752506519927e+00
9.383238203931783872e+00
9.351381347570562497e+00
9.402983468819138935e+00
9.001951902655640936e+00
9.077520581060277038e+00
9.142823216485403748e+00
9.211931332747751000e+00
9.355619242641312283e+00
9.341473290604206170e+00
9.322363206475541730e+00
9.318056142854116430e+00
9.303681500712350783e+00
9.283160281531957381e+00
9.373133597159677421e+00
9.416706856245681934e+00
9.432347847144727737e+00
9.403556601200385501e+00
9.471801150498507127e+00
9.485758530325236748e+00
9.459884644696861855e+00
9.657257352074742229e+00
9.648954366113814629e+00
9.660351609570502873e+00
9.632041582353755516e+00
9.636304434326552482e+00
9.621767051770333978e+00
9.600594172021976291e+00
9.605997619772022489e+00
9.588340084462497970e+00
9.562960802070229249e+00
9.548721492459222304e+00
9.569473894297198413e+00
9.519197454863132180e+00
9.502969625028699241e+00
9.526786460316644778e+00
9.469370076552923621e+00
9.477998673962591880e+00
9.451152808622072854e+00
9.676206369145894826e+00
9.669864605893591758e+00
9.678107136123109910e+00
9.688864290536962187e+00
9.684471167062952190e+00
9.689549897200175010e+00
9.695217663185497159e+00
9.694669763008201713e+00
9.692758396632708440e+00
9.695263970963049260e+00
9.693467607684047138e+00
9.694721649678136544e+00
9.689011608257018793e+00
9.685955254023692618e+00
9.690367269394654315e+00
9.676479780847351719e+00
9.672155344647221042e+00
9.679712495440247366e+00
9.657698336184600052e+00
9.652101143237910463e+00
9.662785299732865596e+00
9.632707526119599351e+00
9.625836268522540706e+00
9.639624153836996001e+00
9.601557704243338875e+00
9.610277730309350730e+00
9.593414364120167903e+00
9.564308961004343246e+00
9.574804541538812330e+00
9.554898707490364629e+00
9.521030698770644563e+00
9.510361758339570315e+00
9.533272518601190626e+00
8.915714788980547922e+00
8.919529206910041808e+00
9.008226993665916282e+00
8.995562951501900883e+00
8.966236489056880643e+00
9.027711108269926399e+00
9.103182935068854675e+00
9.110380086604026317e+00
9.075280324959765110e+00
9.143538192178871427e+00
9.307598645844894492e+00
9.318469013234581766e+00
9.283669960821857359e+00
9.236123494567991088e+00
9.247854293243934265e+00
9.210172460741620881e+00
9.340239643248823498e+00
9.413554171217267452e+00
9.423183669132619400e+00
9.393348926895656703e+00
8.941289707617064764e+00
8.950108697372384015e+00
9.025167757567347238e+00
9.034828318609505970e+00
8.992271772111656958e+00
9.115729830703973136e+00
9.080321582769792954e+00
9.112691323413622868e+00
9.145951372824796977e+00
9.203562081600585643e+00
9.225931342678693525e+00
9.189615132706187239e+00
9.336972036241405704e+00
9.277853144722369549e+00
9.297974473806668527e+00
9.263028887584217941e+00
9.386076494581564233e+00
9.444068628132370691e+00
9.496242007950359110e+00
9.666598207848110746e+00
9.644511188742363572e+00
9.616173589033207847e+00
9.581625824419669257e+00
9.540918750794224579e+00
9.494113361380907889e+00
9.441280415995754183e+00
9.682404905372942849e+00
9.691912375644568201e+00
9.695112632328584112e+00
9.692008618455757230e+00
9.682614143687498398e+00
9.666953749512840588e+00
9.645062505554506060e+00
9.616985739299526159e+00
9.582778702023235340e+00
9.542506173542756542e+00
8.961738191592399261e+00
9.055509336089599515e+00
9.158960474117252559e+00
9.130990999834816435e+00
9.171504511059859865e+00
9.271648155726770923e+00
9.197314063020584740e+00
9.351834313497066731e+00
9.362423883313585549e+00
9.329644883587263848e+00
9.382499986093641553e+00
8.983481056732776082e+00
9.070555695678548247e+00
9.159498131494974160e+00
9.240486213139812222e+00
9.382283379048860894e+00
9.369062820985138984e+00
9.350193887107174362e+00
9.345215454734274729e+00
9.311435551867761617e+00
9.331755459113180606e+00
9.399518088515774750e+00
9.441011185767850478e+00
9.428754061377633278e+00
9.456322820002046825e+00
9.493705864931635929e+00
9.507290798923486719e+00
9.482654278372288914e+00
9.670902673081211987e+00
9.673468787526065427e+00
9.664029088843749449e+00
9.649573429546029146e+00
9.653326166989405266e+00
9.640755320108880255e+00
9.622021344048992120e+00
9.626937986050386087e+00
9.611253682058805481e+00
9.588287609200412120e+00
9.594342415939971502e+00
9.575567613960783930e+00
9.548423695198776429e+00
9.555588054588659119e+00
9.533750846272926793e+00
9.502491036998044649e+00
9.485867075516896563e+00
9.510733636350513720e+00
9.450560647902738864e+00
9.459847670400703734e+00
9.431989568323839279e+00
9.685978407068059681e+00
9.687338327094307644e+00
9.681042097786860978e+00
9.694780664236787970e+00
9.694918064188421170e+00
9.691772192944043240e+00
9.697300280223892344e+00
9.696202151255262081e+00
9.696208068494739152e+00
9.693538923477289515e+00
9.691195616444936434e+00
9.694349305184783105e+00
9.683509053406705647e+00
9.679914293178061513e+00
9.686206336046483401e+00
9.667233807694660896e+00
9.662384678817726780e+00
9.671800340475209978e+00
9.644746820926906494e+00
9.638643725259218087e+00
9.651163068548394008e+00
9.616091976358511317e+00
9.608738563310446068e+00
9.624336598177466229e+00
9.581323093256090218e+00
9.572726163728480842e+00
9.591373027332497969e+00
9.540503552647585650e+00
9.552334104316082986e+00
9.530672937419467416e+00
8.995881790159611313e+00
9.001769504123380727e+00
8.955975046902235448e+00
8.911738115206086164e+00
8.913534025132090477e+00
9.077130735142063145e+00
9.089945588193838688e+00
9.042691616167465085e+00
9.117774502943392534e+00
9.284303698109026115e+00
9.295810481549912296e+00
9.260136069853722063e+00
9.211060094160306022e+00
9.223442871345723049e+00
9.184925932074490262e+00
9.317860966214446705e+00
9.392712664701550196e+00
9.403008009375913190e+00
9.372200689149979169e+00
8.927598004476214655e+00
8.934551740349890636e+00
9.000455726634951859e+00
9.012860107048041414e+00
8.971224397441911691e+00
9.079827698013412274e+00
9.052657400889350114e+00
9.097641618954106946e+00
9.157779281828497986e+00
9.136724354092917721e+00
9.180566530184002261e+00
9.234374907252613340e+00
9.218842113723509257e+00
9.256012850829939964e+00
9.363891124591365411e+00
9.305429687868029376e+00
9.291514796758409744e+00
9.325350518176534820e+00
9.411564939471528390e+00
9.467175602716356053e+00
9.516932732797311445e+00
9.660099612287202930e+00
9.678305955640599478e+00
9.635653709349002227e+00
9.605004193997352502e+00
9.568197419921693481e+00
9.525289866929242066e+00
9.476347791646032803e+00
9.421446806379403682e+00
9.690247410419548402e+00
9.695909404855918012e+00
9.695288190672803452e+00
9.688390836949279716e+00
9.675235152857419862e+00
9.655849540341369774e+00
9.630272779108953074e+00
9.598553745887848265e+00
9.560751070635165050e+00
8.953781326712965338e+00
9.036251401702468655e+00
9.133963799024012786e+00
9.146295877617486525e+00
9.105485077777144554e+00
9.247460051341713339e+00
9.172267244111258933e+00
9.329035705282713309e+00
9.340301321141115665e+00
9.306591346515144636e+00
9.360671367297165091e+00
8.964432567079565928e+00
9.040305526638778844e+00
9.118661975746464421e+00
8.917957049185032403e+00
8.922912263004031175e+00
9.195855901614839567e+00
9.269674217630059943e+00
9.407179005667902771e+00
9.376226898571159651e+00
9.394844002558329521e+00
9.370634907125781510e+00
9.337940245407308382e+00
9.358045578252177421e+00
9.424123558163854497e+00
9.463598981040881597e+00
9.452199358441163213e+00
9.478573428505406184e+00
9.513943652787148153e+00
9.503724708095905527e+00
9.527150006066284149e+00
9.664239222248935945e+00
9.667483735029962943e+00
9.656853129674752623e+00
9.681723997484271038e+00
9.683766740930606076e+00
9.676261359577933874e+00
9.640534313292240753e+00
9.644963137740479198e+00
9.631222789737927670e+00
9.610646141009269172e+00
9.616238734040262415e+00
9.599409374802565509e+00
9.574621854834798995e+00
9.581354714484639601e+00
9.561462199899686709e+00
9.532518588718634334e+00
9.517440556382997130e+00
9.540365404110117353e+00
9.484403098129577714e+00
9.467413337398985718e+00
9.493334924603177072e+00
9.430351329887924905e+00
9.440336785729934732e+00
9.411458595328630494e+00
9.692962273754762492e+00
9.693788976865015172e+00
9.689418961226952121e+00
9.697938346156869116e+00
9.697537999811769893e+00
9.696308098326975156e+00
9.696647256761785627e+00
9.695012160604459694e+00
9.696921711199786742e+00
9.689094808112356461e+00
9.691263538434810698e+00
9.686220589783413715e+00
9.675297506494821675e+00
9.679348067568851022e+00
9.671183112844765617e+00
9.655282436017731840e+00
9.661200415687988041e+00
9.649930096561217141e+00
9.629087064267798368e+00
9.636856141512639695e+00
9.622502227519042606e+00
9.596758981694224033e+00
9.588950225326559718e+00
9.606360990895788987e+00
9.558355577165908556e+00
9.549334493037818561e+00
9.569770578129510596e+00
8.980149612834257056e+00
8.946365324758781767e+00
8.987927796303702976e+00
9.055116327881730598e+00
9.025507022577684779e+00
9.065918728356598066e+00
8.913087457622451026e+00
8.912072052163875213e+00
9.094284552325822446e+00
9.259669455059578169e+00
9.235280479600609382e+00
9.271843495352612763e+00
9.184860076983387245e+00
9.159315926128636320e+00
9.197811738148274685e+00
9.294135230694850591e+00
9.370447938127071552e+00
9.381453405411168234e+00
9.349662964684801736e+00
8.992899275587507901e+00
8.960661562708954975e+00
8.996806799932995702e+00
9.050230719831898085e+00
9.065072455410614793e+00
9.025674783597768425e+00
9.113564951975940076e+00
9.096590726622398648e+00
9.135551807047541217e+00
8.955991452747714021e+00
9.187721501487935427e+00
9.172601049883445157e+00
9.210954267214926716e+00
9.262299724135861112e+00
9.248204572228519993e+00
9.283773023438033789e+00
9.389054895667923617e+00
9.331305526420672791e+00
9.318241517963807397e+00
9.351004378804470107e+00
9.435311070177553106e+00
9.488591631361973810e+00
9.535980354987737329e+00
9.652244313035788892e+00
9.672843626656332461e+00
9.687208239862394876e+00
9.625441932083576901e+00
9.592478514241639331e+00
9.553406226798015766e+00
9.508287045169209861e+00
9.457192356499277253e+00
9.400202495549148551e+00
9.695317107537210433e+00
9.697159893761003957e+00
9.692737021803262465e+00
9.682059652507525982e+00
9.665149592765859055e+00
9.642039135285944695e+00
9.612770830832769065e+00
9.577397195395660034e+00
8.946849335814402338e+00
9.017542714284530803e+00
9.106196430057634572e+00
9.119901044298631021e+00
9.080553372412397906e+00
9.222035389453930421e+00
9.145250209286221121e+00
9.304785588789496131e+00
9.316775607888947874e+00
9.282142391487763433e+00
9.337406259362056815e+00
9.022013592471456178e+00
9.081833257817388372e+00
9.150367434972778824e+00
8.912506132867450859e+00
8.915466608519960090e+00
8.993209794919597044e+00
8.993246373640225499e+00
8.955990488287705276e+00
9.224786045426210279e+00
9.296584020932579406e+00
9.430384747536642465e+00
9.400544669206048809e+00
9.418895367443663957e+00
9.394399155689123759e+00
9.362765948097958812e+00
9.382637491488615922e+00
9.447025439053572171e+00
9.484541982461980325e+00
9.473964576950674399e+00
9.499168388223646176e+00
9.532579154086040063e+00
9.523161125935574844e+00
9.545397842347474793e+00
9.656187903318121712e+00
9.648305747333544957e+00
9.660125540345303463e+00
9.676081954252344630e+00
9.670107027090562468e+00
9.678817743045803113e+00
9.689752374473393104e+00
9.685685807075790521e+00
9.691274105192576371e+00
9.630102905811050107e+00
9.635227034947758895e+00
9.620316749837519055e+00
9.597869948973590581e+00
9.604162172495593452e+00
9.586185109228738455e+00
9.559542049725852308e+00
9.566981056331089306e+00
9.545965908824783241e+00
9.515181909511920111e+00
9.499723886431139519e+00
9.523743627587284877e+00
9.464861511790445547e+00
9.447533018030293661e+00
9.474519281878922783e+00
9.408661654009058850e+00
9.389476040067442852e+00
9.419386418977664377e+00
9.697176992994009481e+00
9.697475679318737107e+00
9.695017816045863768e+00
9.698344289347371472e+00
9.697414220706503940e+00
9.698089439672132883e+00
9.693253464536498498e+00
9.694897799571895902e+00
9.691092229485889220e+00
9.681914438926769506e+00
9.678522921297833648e+00
9.685450758867327536e+00
9.664347781487322209e+00
9.669766858435103529e+00
9.659730128917145109e+00
9.640584569272837356e+00
9.647875183692553591e+00
9.634748134710184431e+00
9.610666178846159369e+00
9.619815163077390707e+00
9.603621435879873047e+00
9.574644011344091155e+00
9.566404444597599976e+00
9.585636300221286987e+00
9.018595267466087861e+00
8.999397354679313565e+00
8.965904578411524994e+00
9.036820082077177574e+00
8.918331118327047946e+00
8.915508716116903543e+00
9.062222380897475560e+00
9.233504628112081392e+00
9.209089547374009754e+00
9.246443567944821140e+00
9.157003872459902993e+00
9.131498254199371445e+00
9.170770805602693088e+00
9.268920135328643894e+00
9.346671460994247838e+00
9.358431942068962783e+00
9.325643830784828836e+00
9.061956651737107293e+00
9.027784962240549049e+00
9.056325419143835376e+00
9.087970109819522690e+00
9.140348337372191878e+00
9.163866095905234488e+00
9.126728740957704034e+00
8.953474867624624522e+00
9.028226281771434714e+00
9.216323362914920381e+00
9.239214946864160893e+00
9.201879889177751792e+00
9.288572165647044798e+00
9.309852817180837903e+00
9.275302786293277535e+00
9.412545160137288036e+00
9.355569351866474648e+00
9.343312347116178529e+00
9.375024281431921125e+00
9.457390059347403621e+00
9.508384915188862863e+00
9.553445821363551360e+00
9.642999709612190884e+00
9.665994313585215991e+00
9.682780257692186865e+00
9.693330100569225394e+00
9.613834300502370311e+00
9.578546112229693321e+00
9.537193032769529566e+00
9.489842437722993296e+00
9.436570754028220875e+00
9.377462968175825253e+00
9.697626987769643492e+00
9.695664756468335810e+00
9.687447969586031604e+00
9.672991879412961680e+00
9.652322321888016532e+00
9.625475541872230423e+00
9.592497951143368340e+00
8.982592076273471449e+00
8.947994456359356974e+00
9.000708665291201171e+00
8.950549803191256260e+00
9.066559674877385788e+00
9.086579891291927780e+00
9.042710145668314325e+00
9.195003563152988946e+00
9.111902095391023693e+00
9.278988063752104054e+00
9.291750802520835961e+00
9.256154938780946750e+00
9.312612180821078667e+00
9.101116377184714779e+00
9.178011964802566425e+00
8.988268568383373847e+00
8.990962596040583676e+00
8.950744412094051583e+00
8.911463469018825023e+00
8.912224475529447076e+00
9.074807867505311876e+00
9.034273917711720614e+00
9.068531557555987277e+00
9.252217555088593670e+00
9.321858038371464872e+00
9.451978645706219595e+00
9.441295214651548307e+00
9.423228488417752402e+00
9.416592979865255231e+00
9.386000774608341146e+00
9.405615921736634633e+00
9.468298591809311660e+00
9.503910959802553293e+00
9.518175389345438830e+00
9.494120987512381760e+00
9.549675585406857792e+00
9.541027476727458989e+00
9.562094522215080161e+00
9.646717424558531206e+00
9.651364494789330450e+00
9.638352754010320211e+00
9.669029871899928352e+00
9.672470573085258039e+00
9.662553845990171197e+00
9.685137490894074830e+00
9.687361651157077702e+00
9.680556442430450659e+00
9.695011681119465763e+00
9.696012332852932403e+00
9.692329894892036890e+00
9.618239105216847662e+00
9.624079250689826281e+00
9.607994145861729507e+00
9.583643965425020284e+00
9.590660877824110031e+00
9.571529064724641600e+00
9.542990829245992401e+00
9.551165317457192216e+00
9.529018283647411991e+00
9.496347907168544822e+00
9.505658049083965722e+00
9.480531911140460011e+00
9.443792347033159729e+00
9.454213664781782711e+00
9.426148932702293592e+00
9.385409721526357885e+00
9.365956713250364274e+00
9.396915383755660045e+00
9.698634391120465992e+00
9.698407825445197972e+00
9.697854087638305032e+00
9.695998240570412818e+00
9.694544036494161077e+00
9.697119567257296069e+00
9.687106575608586567e+00
9.690127605938924304e+00
9.684427600402177205e+00
9.671973452549945449e+00
9.668075834893036458e+00
9.676890192274827385e+00
9.650623551650378218e+00
9.645516627594098225e+00
9.657429952798050721e+00
9.623092020981152572e+00
9.616788253543147036e+00
9.631780003667353540e+00
9.589424251547377764e+00
9.599983733948498354e+00
9.581939125128549506e+00
9.024914125102146301e+00
9.003030561688918354e+00
8.992762075759092255e+00
8.960970760981867400e+00
8.927825159143685241e+00
8.922977740495907639e+00
9.205810281486195734e+00
9.181309556256069371e+00
9.219515698788114832e+00
9.129050324280994388e+00
9.098031154551735611e+00
9.142818489539150661e+00
9.242169512997667979e+00
9.321293408509681910e+00
9.333854509898808161e+00
9.300050466521188497e+00
9.107716227465219916e+00
9.166676656860833106e+00
9.191418277104311585e+00
9.153363097716225028e+00
8.950414248260342376e+00
9.031892612340644888e+00
9.242545871848296457e+00
9.229291235365737478e+00
9.265476264755543312e+00
9.313285213534591378e+00
9.300797205070777451e+00
9.334348161571742963e+00
9.434443233205985990e+00
9.378312707123161118e+00
9.366817556812060630e+00
9.397498337751878594e+00
9.477876296573843007e+00
9.526622451060060115e+00
9.569388441935430478e+00
9.632330106421971294e+00
9.657731169376836178e+00
9.676945525624841338e+00
9.689939379000433561e+00
9.696689391080678178e+00
9.600786363365438447e+00
9.563153905187474990e+00
9.519496280550226786e+00
9.469886204215898218e+00
9.414405079327453407e+00
9.353142439854540413e+00
9.697182838599864851e+00
9.691417702585100713e+00
9.679402687786968329e+00
9.661157171439967328e+00
9.636711082002452855e+00
9.606104708497834821e+00
9.034947124253490003e+00
8.965596381318681196e+00
9.167139532997778062e+00
9.062461549753031420e+00
9.064547274506029595e+00
9.095518491811636963e+00
9.251541912088780961e+00
9.265129686237418838e+00
9.228579440082626206e+00
9.286195014577446116e+00
9.120718579137585991e+00
9.204384937434186398e+00
8.988344997801467784e+00
8.950269248686849366e+00
8.988515420271324885e+00
9.047040388491442542e+00
9.060917152666080554e+00
9.017939369182375486e+00
8.914992890779330992e+00
8.913493926091069497e+00
9.277699940830959946e+00
9.345594355288431743e+00
9.472037895506842275e+00
9.444359312755997493e+00
9.462121147431695078e+00
9.437300163323548929e+00
9.407732185057598784e+00
9.427065152464241038e+00
9.488016963132423598e+00
9.521775334155643478e+00
9.512738700313652984e+00
9.535660732460341293e+00
9.565294388464067765e+00
9.577298450886893022e+00
9.557386104078741340e+00
9.635793498526931344e+00
9.626956960636917415e+00
9.641167800146607902e+00
9.660542183766628099e+00
9.664701238442233944e+00
9.653573390878767313e+00
9.679100874164715762e+00
9.682036498406818126e+00
9.674011292080072266e+00
9.691434545376953480e+00
9.693141756058080816e+00
9.688233664894356778e+00
9.697518609358604991e+00
9.697995683789287114e+00
9.696213907551062050e+00
9.604900032534450460e+00
9.594209144461810723e+00
9.611478283942359369e+00
9.567916879299350086e+00
9.575684780865694634e+00
9.555386912627877649e+00
9.524908641296358169e+00
9.533849025605105609e+00
9.510556684173325337e+00
9.475949003106700630e+00
9.486041989430658461e+00
9.459793888824119534e+00
9.421120247497899669e+00
9.403182468267052840e+00
9.432343412694121909e+00
9.360512669130594432e+00
9.340814278914114865e+00
9.372841269374465156e+00
9.697339091671592470e+00
9.697936001064837441e+00
9.696587600227655201e+00
9.690892741437686198e+00
9.688917552964115387e+00
9.693394625377008467e+00
9.678187070876424158e+00
9.674996330212785267e+00
9.682595206858499282e+00
9.659240323873646616e+00
9.654845401942729666e+00
9.665553894512475708e+00
9.634081373429332018e+00
9.628496790461445798e+00
9.642297465641320287e+00
9.602749548131143342e+00
9.612863161060957395e+00
9.595992871072510866e+00
9.032953139712216029e+00
9.008002162407457547e+00
8.968208638237861408e+00
9.005395695587662175e+00
8.941379100957876247e+00
8.934566257659604105e+00
9.177413455023433642e+00
9.153138209050938556e+00
9.191454655631202897e+00
9.091803373593892346e+00
9.110576929574209615e+00
9.077223630953850986e+00
9.214231129530128683e+00
9.294223813743531792e+00
9.307631077621309146e+00
9.272787333737241511e+00
9.116245609634189506e+00
9.141353692789831342e+00
9.095483016140681443e+00
9.193908099351629559e+00
9.218134622034460435e+00
9.180155514554011020e+00
8.952286344897355974e+00
9.018128318510527208e+00
9.081579848787741938e+00
9.267661387692168518e+00
9.254966800942726834e+00
9.290395976845895021e+00
9.336537646487771624e+00
9.357353533249186839e+00
9.324782134159928404e+00
9.454829572947891947e+00
9.399625977799022536e+00
9.418513607525332176e+00
9.388848182606691850e+00
9.496843072438954536e+00
9.543369668144624285e+00
9.583865563354155626e+00
9.620196917899372480e+00
9.648024264768499947e+00
9.669682883939756834e+00
9.685132634584755706e+00
9.694343693928063388e+00
9.697296769299594388e+00
9.586251023299997343e+00
9.546246459313680433e+00
9.500252403366825860e+00
9.448346875580584836e+00
9.390616219009448429e+00
9.327154426971350887e+00
9.693983241949617025e+00
9.684405241922600993e+00
9.668575652164486556e+00
9.646518041529171583e+00
9.618266526675917305e+00
9.035436890921868525e+00
8.974945558333066842e+00
9.134688137073540659e+00
9.050284316440091459e+00
9.222360500397041250e+00
9.236816035216218523e+00
9.199777087046083324e+00
9.258062411887285847e+00
9.154836614456213439e+00
9.230554689506403676e+00
8.923491913486257587e+00
8.919553914524515292e+00
8.998273585127707364e+00
8.993573952787722092e+00
8.956970366522369886e+00
9.063574580860890961e+00
9.026205752172293373e+00
9.055525307773677923e+00
9.090063114576370396e+00
9.301890454599179847e+00
9.367886652053281082e+00
9.490638331319861010e+00
9.464016924068493708e+00
9.481449674719094389e+00
9.456603048691476943e+00
9.428046586660865813e+00
9.447068240114987248e+00
9.506253152784328364e+00
9.538202770574844891e+00
9.551688956731018365e+00
9.529886272969289251e+00
9.579494892327934608e+00
9.572297406041899492e+00
9.591065904727635427e+00
9.623379030934641420e+00
9.629499754390446142e+00
9.614078385075048416e+00
9.650590304050911783e+00
9.655482653746625843e+00
9.643134227834933014e+00
9.671622597876860183e+00
9.675280302281198175e+00
9.666027610400995229e+00
9.686434438195947294e+00
9.688854437901467165e+00
9.682715176863478490e+00
9.694994662942132635e+00
9.693163823532307433e+00
9.696177176476888704e+00
9.697282655860650635e+00
9.697231217433232686e+00
9.697350939179514739e+00
9.590040266902768451e+00
9.578913386020168730e+00
9.597379971753278838e+00
9.550635154125153292e+00
9.559181443196054673e+00
9.537702116985833811e+00
9.505234065956791767e+00
9.514971679048912279e+00
9.490516621514721862e+00
9.453916156167320395e+00
9.437437633776299961e+00
9.464827123186099200e+00
9.396768841627078928e+00
9.408832639741881110e+00
9.378554021025133025e+00
9.333887474240514237e+00
9.313962188967689571e+00
9.347081002340802414e+00
9.693288511861139156e+00
9.695264576486847474e+00
9.692009981525124829e+00
9.683013132759130670e+00
9.680517678524187986e+00
9.686903554989353182e+00
9.666468251823184588e+00
9.662769303813940169e+00
9.672277493227182887e+00
9.643676386110492160e+00
9.638790563227102481e+00
9.651406769290955978e+00
9.614670716055696786e+00
9.608617725972338874e+00
9.624322409422196856e+00
9.022736199544823421e+00
9.015415364641915730e+00
8.982439289506016777e+00
8.958788720135309802e+00
8.950086011071233472e+00
9.149837752868339891e+00
9.163442862928562249e+00
9.121024077285436960e+00
9.057579622954033738e+00
9.185813860359484551e+00
9.265368496671966270e+00
9.279672004749485836e+00
9.243771032246115738e+00
9.141415559821099990e+00
9.128653894355434062e+00
9.167575709263850570e+00
9.218570950713361967e+00
9.206090850959398608e+00
9.243041002965219022e+00
8.961488792950261129e+00
9.031434157502179261e+00
9.102460846739560907e+00
9.291385664188844373e+00
9.313891802753273552e+00
9.279388164878220380e+00
9.358427473359553161e+00
9.347356232797011444e+00
9.378962869845928196e+00
9.473783231884835843e+00
9.419598197812483420e+00
9.409493858836526670e+00
9.438155721429806633e+00
9.514362122543078115e+00
9.558690062427205092e+00
9.596932256455938060e+00
9.636840753902093937e+00
9.606558880527602540e+00
9.660968070940933572e+00
9.678894324942783456e+00
9.690583177113587965e+00
9.696008722687926351e+00
9.695155690663845860e+00
9.570178795871980171e+00
9.527766291471715832e+00
9.479396167981940735e+00
9.425151739714177523e+00
9.365124353303073690e+00
9.299412498251490078e+00
9.688019574530382982e+00
9.674606692544438502e+00
9.654934176260173473e+00
9.629029886492910251e+00
8.991133411842232803e+00
9.086116533910441717e+00
9.088888898090537793e+00
9.117731984698723480e+00
9.054566860476477075e+00
9.191584528047362923e+00
9.206800301519891150e+00
9.170557750443009581e+00
9.228215400023621839e+00
9.179748390000522562e+00
9.254763158913126730e+00
9.012610067116128221e+00
8.968361057869463693e+00
9.005689792034907271e+00
8.936929907147115770e+00
8.930469720456141403e+00
9.082107200667737246e+00
9.040484508268374242e+00
9.073090461832805431e+00
9.111955031365550184e+00
9.324707545056138969e+00
9.388828021275871905e+00
9.507854021136243006e+00
9.482279499157320046e+00
9.499355734635608783e+00
9.474582249059883665e+00
9.465706638573072595e+00
9.447028767775707436e+00
9.523078000415699407e+00
9.553258828173651906e+00
9.545630329991221075e+00
9.566322491812512041e+00
9.592333997168914550e+00
9.603450726627809075e+00
9.585819507768585268e+00
9.639142773205495729e+00
9.644784784610806128e+00
9.631202081379687030e+00
9.609434316972697232e+00
9.616321944226500662e+00
9.599674467942957534e+00
9.662679654698354881e+00
9.667071586296044572e+00
9.656579600389338935e+00
9.679996979235006904e+00
9.675757275150862924e+00
9.683137607007905601e+00
9.691056941989145912e+00
9.688695452766808103e+00
9.692948352908455689e+00
9.695832204023336232e+00
9.695364870638131904e+00
9.696479839846286808e+00
9.694306114305616617e+00
9.693718787182456609e+00
9.695746884448190883e+00
9.573612093315020388e+00
9.581737730539181541e+00
9.562056250347325204e+00
9.531743313760438596e+00
9.541096341301233963e+00
9.518416237011630088e+00
9.483904153413025284e+00
9.494471073267131800e+00
9.468832108634492428e+00
9.430179292084485354e+00
9.441943849471659433e+00
9.413389912120649683e+00
9.370661124124666230e+00
9.352183376297205086e+00
9.383604565333286018e+00
9.305450808881618130e+00
9.285311660590222615e+00
9.319551004640466374e+00
9.686472862683148222e+00
9.684662742253733470e+00
9.689833627463942278e+00
9.672337561737307965e+00
9.669320133619413227e+00
9.677628099474887335e+00
9.651916255751057605e+00
9.659144183694561292e+00
9.647710251724603836e+00
9.625235855379145278e+00
9.634406590403337134e+00
9.619863155967108170e+00
9.044368949886392173e+00
9.033640824321992113e+00
9.001985573002237118e+00
8.979784244965241413e+00
8.969361853050292765e+00
9.115999461027188389e+00
9.132813514694747781e+00
9.100888693713633515e+00
9.065410144900729605e+00
9.153510161455663763e+00
9.234682337133753194e+00
9.249891955003906929e+00
9.213050329713517783e+00
9.165896891621361675e+00
9.153494744664607552e+00
9.192137726104597562e+00
9.242752582190979282e+00
9.266988679668285656e+00
9.230516267659233165e+00
8.975336963305727167e+00
9.047890948640940678e+00
9.124026572574361893e+00
9.313822739333454948e+00
9.302471347507072608e+00
9.336064690757353901e+00
9.379051939693836104e+00
9.368616909190381037e+00
9.399268775678736532e+00
9.491381502806275350e+00
9.438316669710941298e+00
9.456508629038900438e+00
9.428842786462432457e+00
9.530503245652424127e+00
9.572644860876250661e+00
9.608641016994196704e+00
9.624145044918588354e+00
9.650773843655036544e+00
9.591372274808659171e+00
9.671205746965375383e+00
9.685397836606966848e+00
9.693317520856849612e+00
9.694942790063732829e+00
9.690262404393058304e+00
9.552518076408441416e+00
9.507654178851192128e+00
9.456861031462658218e+00
9.400227211251779735e+00
9.337849286775615099e+00
9.269841435132056162e+00
9.679276011449200467e+00
9.661994191851366764e+00
9.638438431160153641e+00
9.012522333413535591e+00
9.080230229450528157e+00
9.150808387979235903e+00
9.171318378030695939e+00
9.133431062946149481e+00
9.192821609667694460e+00
9.204065105637845079e+00
9.278065869750793837e+00
9.026673310495844760e+00
8.982030127766897465e+00
9.019835671601533988e+00
9.099925005254357657e+00
9.056582694765893393e+00
9.091265266029248338e+00
8.955583972191739406e+00
8.946404023743921741e+00
9.133157063862052283e+00
9.346251362386118089e+00
9.408510268032850732e+00
9.523756934717003020e+00
9.499223298521648928e+00
9.515912329552749682e+00
9.491316298810549057e+00
9.464761623131080270e+00
9.483059903158356008e+00
9.538560239907338811e+00
9.567006624818272797e+00
9.560035219814015051e+00
9.579621328511114697e+00
9.603865860067610782e+00
9.598007946219247799e+00
9.614504028557632864e+00
9.626165416523155827e+00
9.632574799478071270e+00
9.617740012300371788e+00
9.652246062839489937e+00
9.645638539836854264e+00
9.657385843536836489e+00
9.593917246140357236e+00
9.601593445742452104e+00
9.583700299078032003e+00
9.672104610814590941e+00
9.667339673723130744e+00
9.675975284200214688e+00
9.685696513309364875e+00
9.688301933664979160e+00
9.682797133062980066e+00
9.692987595420209601e+00
9.694335027027008778e+00
9.691974912891113902e+00
9.693954334435460396e+00
9.694054473411483741e+00
9.694847568570947871e+00
9.688584071270874176e+00
9.687451038326367225e+00
9.691400432695457923e+00
9.555565743583715133e+00
9.564502800822047845e+00
9.543585119851025311e+00
9.511184251867389250e+00
9.521373163881014179e+00
9.497469251950194646e+00
9.460854690708284664e+00
9.472283608469721727e+00
9.445436009577830916e+00
9.404666701913912519e+00
9.417321270799439148e+00
9.387576387801843225e+00
9.342722166850998988e+00
9.356582786843111066e+00
9.323989467770392281e+00
9.275113018804265863e+00
9.254791452064919710e+00
9.290172395306353081e+00
9.676875151268570008e+00
9.674526455096327027e+00
9.681629762165149700e+00
9.658836991784635728e+00
9.655293463175448565e+00
9.665542813071775541e+00
9.634490074437803031e+00
9.629775771609555335e+00
9.643157841494558014e+00
9.065791987655758888e+00
9.023019392227775270e+00
9.055081158576140155e+00
9.004267724989288624e+00
8.992132817737347850e+00
9.091062504512747111e+00
9.108565993158689977e+00
9.207740269832285662e+00
9.221032287569089547e+00
9.179467894246643667e+00
9.186416836710757039e+00
9.214525632877617056e+00
9.175935912675400985e+00
9.265692513683228881e+00
9.289702295725218661e+00
9.254081481906609952e+00
8.991473760694168149e+00
9.063899490382873125e+00
9.143150022983407510e+00
9.335081789258891760e+00
9.324324386904400797e+00
9.357014114845439323e+00
9.398503679058990201e+00
9.388659096993698938e+00
9.418361882711201005e+00
9.507699588329920459e+00
9.455866705733395605e+00
9.446981248048416546e+00
9.473654181233722937e+00
9.545333967351801618e+00
9.585292693102234196e+00
9.619041469279144607e+00
9.609898982090429698e+00
9.639070110524020407e+00
9.662045117684497697e+00
9.574591148621724557e+00
9.678774414004063686e+00
9.689218614299553778e+00
9.693348850648781934e+00
9.691147018389736800e+00
9.682605952525605630e+00
9.533215414194069481e+00
9.485849451501696450e+00
9.432579043858396517e+00
9.373499959106837309e+00
9.308713025224140125e+00
9.241163029407703178e+00
9.667729532164242912e+00
9.646532710633099583e+00
9.035334235281744952e+00
9.084315395985267827e+00
9.074957090358783063e+00
9.117781041811809928e+00
9.147984645887090593e+00
9.149253741808825779e+00
9.177617093096410272e+00
9.225829990073226128e+00
9.300201282439891415e+00
9.027864487420067974e+00
9.027061717243764605e+00
8.991230317299486074e+00
9.116810026270334433e+00
9.072017546147792544e+00
9.108562872133044053e+00
8.979013883959938269e+00
8.967453714701798972e+00
9.151850546286695476e+00
9.366617821599122706e+00
9.427022953060859578e+00
9.538416554691883320e+00
9.514922301038607699e+00
9.531190174964399020e+00
9.506881138703187517e+00
9.481325770777218054e+00
9.499205269018975883e+00
9.552766141144008571e+00
9.579506475638464025e+00
9.573162667073329857e+00
9.591642683052983287e+00
9.614141575905559733e+00
9.624273894479648206e+00
9.608915353694392536e+00
9.611621506980984719e+00
9.602708601456322768e+00
9.618817230537226592e+00
9.640292980273253320e+00
9.633172917769188714e+00
9.646195647023736441e+00
9.662736661178822573e+00
9.667348341776316190e+00
9.657439041095008392e+00
9.576783518655572536e+00
9.585271035151736285e+00
9.566108846643041730e+00
9.678901132284416065e+00
9.682227319116869069e+00
9.675453956550999379e+00
9.688745238662097137e+00
9.690794904570715573e+00
9.687174795018394846e+00
9.692238427011792723e+00
9.693024054548939006e+00
9.692569175443384921e+00
9.689361017156862488e+00
9.688898598014867858e+00
9.691615480737949540e+00
9.680104403796971013e+00
9.684303064634736558e+00
9.678413407927262568e+00
9.535849665561261901e+00
9.545624502970674996e+00
9.523445670539789631e+00
9.488899391721451693e+00
9.499954052486780043e+00
9.474799775825061943e+00
9.436020357641003997e+00
9.448344499053906276e+00
9.420259839953297742e+00
9.377303381198508703e+00
9.390886973862292209e+00
9.359922734229508379e+00
9.313475390563970890e+00
9.294207401618514552e+00
9.327989584914876176e+00
9.246467995088751834e+00
9.227015927633244630e+00
9.260662588000641904e+00
9.664471184947199589e+00
9.670632386518260404e+00
9.661574499327073795e+00
9.642475214410676898e+00
9.650615071629172093e+00
9.638399051733363976e+00
9.032027962074645089e+00
9.018293300817305180e+00
9.044443209908324732e+00
9.116100645969728689e+00
9.179569203963461987e+00
9.193518842920070711e+00
9.163647925034645425e+00
9.213911481058556063e+00
9.200063691756820816e+00
9.239746065012340637e+00
9.287571101350836855e+00
9.311277385961231445e+00
9.276499925840461458e+00
9.003132646325607169e+00
9.072282663191607810e+00
9.165495913950966411e+00
9.355258053209222879e+00
9.376837300465419744e+00
9.345047138785147922e+00
9.416875699670580246e+00
9.436330999483056203e+00
9.407575819948620577e+00
9.522810162907026310e+00
9.472330743800133845e+00
9.489671537256391787e+00
9.463993165943707098e+00
9.558919166818681035e+00
9.596689252164726014e+00
9.628180069591147472e+00
9.594062035603741379e+00
9.625824070118158104e+00
9.651387663094515901e+00
9.670696434079689041e+00
9.556167561073509731e+00
9.683704068303713441e+00
9.690374687933493547e+00
9.690683157749797161e+00
9.684615322157311468e+00
9.672168170593826275e+00
9.512215734637520015e+00
9.462290140580774889e+00
9.406480831872078952e+00
9.345192938391402748e+00
9.279763718715161147e+00
9.212800390085892133e+00
9.653349928243482481e+00
9.058417155643850194e+00
9.112147888943056273e+00
9.129999383761349563e+00
9.098074275400263033e+00
9.145647215307754152e+00
9.250558380029113792e+00
9.321238870626780582e+00
9.075830085222641230e+00
9.027825446144060351e+00
9.051765156873461393e+00
9.096206030410622034e+00
9.007655602085369750e+00
8.993372324597505241e+00
9.162681618581800080e+00
9.139819061847004988e+00
9.188195151857417642e+00
9.385905704595796095e+00
9.444453587770338387e+00
9.551899447049269298e+00
9.529447734299331785e+00
9.545257290998046429e+00
9.521349614749411217e+00
9.496798794208300976e+00
9.514217130761489116e+00
9.565759118747880763e+00
9.590815528314928784e+00
9.585071409891799732e+00
9.602440657752641329e+00
9.623208862053443724e+00
9.618591140572169351e+00
9.632805084870200929e+00
9.595471949962918856e+00
9.603474147079428036e+00
9.586066150595257795e+00
9.626788831223064946e+00
9.633470769897362729e+00
9.619148579266974863e+00
9.651869416709416782e+00
9.657234571173033189e+00
9.646029093612375149e+00
9.670655262234632232e+00
9.674710604968995042e+00
9.666647811030781412e+00
9.557986899964031835e+00
9.546851218417783613e+00
9.567309422567920052e+00
9.683098058809692432e+00
9.685854128032641341e+00
9.680954847221759252e+00
9.689160031632026104e+00
9.690630969008347861e+00
9.688910717275971862e+00
9.688814272615317691e+00
9.689017830606609039e+00
9.690486671493960813e+00
9.682045005456673792e+00
9.681002523326867504e+00
9.685664964045013647e+00
9.668847777707004099e+00
9.674439050249263872e+00
9.666584125870333111e+00
9.514410832684742303e+00
9.525050524999652879e+00
9.501582104097220594e+00
9.464829044137788472e+00
9.476779888201415147e+00
9.450345327107067206e+00
9.409333600246423401e+00
9.422587343376433111e+00
9.393232266734777625e+00
9.348009517506497446e+00
9.362562772075296635e+00
9.330646060723054802e+00
9.281350772844142227e+00
9.297322269903364855e+00
9.263796493029076373e+00
9.211880976242428076e+00
9.229084257695799209e+00
9.195581099061701735e+00
9.649229575925010849e+00
9.645773068944862416e+00
9.656813708510945560e+00
9.062923464157281117e+00
9.047626868139996503e+00
9.072162847593352453e+00
9.141349868535963097e+00
9.160391220600995865e+00
9.126584511832902535e+00
9.236428858086744853e+00
9.261937254104166684e+00
9.225014189274762799e+00
9.308522043275578639e+00
9.331853127195438802e+00
9.297920898285871871e+00
9.058465805583161057e+00
9.066871344790140341e+00
9.018661159989109777e+00
9.119250261970686111e+00
9.032965427410923454e+00
9.199319803056233980e+00
9.374452432480648412e+00
9.364737981058709693e+00
9.395630508937173886e+00
9.434256815785756700e+00
9.425457950393347772e+00
9.453261615560768050e+00
9.536782906666433135e+00
9.487787769655362524e+00
9.479959265126245427e+00
9.504636656696574093e+00
9.571320681752792936e+00
9.606886957276993044e+00
9.636099811852350427e+00
9.576591520038306271e+00
9.611000366540976003e+00
9.639205717442273169e+00
9.661144250537164524e+00
9.676762556105344970e+00
9.536051866656785947e+00
9.686017563756486481e+00
9.688876908625376316e+00
9.685319230647687405e+00
9.675334403580372111e+00
9.658923688911436045e+00
9.489462712546444578e+00
9.436912745130245028e+00
9.378491548994791316e+00
9.314489827454567106e+00
9.246406540948068908e+00
9.176393804437761759e+00
9.087712968929004376e+00
9.102129362451430339e+00
9.272286222599287697e+00
9.341329706724405213e+00
9.118363063198442475e+00
9.097250393575457394e+00
9.088482241594906696e+00
9.140637936758064797e+00
9.097062470749397889e+00
9.052219869249384487e+00
9.077504523213793419e+00
9.041173764569480298e+00
9.024394688791623764e+00
9.179629221855920562e+00
9.208034630075170313e+00
9.170963238017701968e+00
9.404208983144361156e+00
9.460885842137649604e+00
9.564268887624267634e+00
9.542867631058907563e+00
9.558178589957870841e+00
9.534791206555938814e+00
9.511254963745249924e+00
9.528166626874524425e+00
9.577599357211195041e+00
9.600987419993089134e+00
9.595816845338354995e+00
9.612065908722568608e+00
9.631111745066144536e+00
9.627081180767092405e+00
9.640138742348996814e+00
9.577675470951467318e+00
9.567768900239126850e+00
9.586505339550104310e+00
9.611699442147488170e+00
9.619178316474661372e+00
9.603528885560310258e+00
9.639476204466996379e+00
9.645608760196260789e+00
9.633080699904631672e+00
9.660940102748439173e+00
9.665734605996791018e+00
9.656357430299298272e+00
9.676035471480707528e+00
9.679503853421868698e+00
9.673301997598510837e+00
9.537479383231522334e+00
9.525876872275228280e+00
9.547661468120324457e+00
9.684717093707028823e+00
9.686874997505510620e+00
9.683867615882382651e+00
9.686950593145734700e+00
9.687817390905289372e+00
9.688018187326562725e+00
9.682712764850261777e+00
9.685728634038893503e+00
9.682311542323219555e+00
9.671991835750104016e+00
9.670349343278985543e+00
9.676985161824086745e+00
9.654787645173961153e+00
9.651934215826210917e+00
9.661785446678512912e+00
9.491195321662386775e+00
9.477937462211556863e+00
9.502727362929030974e+00
9.438912314594336550e+00
9.451791196572646214e+00
9.424041437322676629e+00
9.380737489378438099e+00
9.394950779791898299e+00
9.364285682518614706e+00
9.316722163449179916e+00
9.332276823746294525e+00
9.298939877778911622e+00
9.247028428112779253e+00
9.264106998130433368e+00
9.229332422889935827e+00
9.173507251466654466e+00
9.192621690092448006e+00
9.157260412872503252e+00
9.097008066866386855e+00
9.079984568620186991e+00
9.119153046106985627e+00
9.257988674530182038e+00
9.283241893557395485e+00
9.247089320779226185e+00
9.328818219895627095e+00
9.318559183505618293e+00
9.351609997434847443e+00
9.107554081087473108e+00
9.149154684904546642e+00
9.068954676190342568e+00
9.218673497297981356e+00
9.392765663578586555e+00
9.383497165737507473e+00
9.413484821447235973e+00
9.450731933800835094e+00
9.442392148317681588e+00
9.469236028711378594e+00
9.549684150279325934e+00
9.502313714736702721e+00
9.494956996447557529e+00
9.518622144369578209e+00
9.582596947235167306e+00
9.615934623323596497e+00
9.642839932994586860e+00
9.557442783250239771e+00
9.594561249298712013e+00
9.625468832391675278e+00
9.650095101362962779e+00
9.668379359990888489e+00
9.680271133693612029e+00
9.514193129119103531e+00
9.685730597233989769e+00
9.684728936748387085e+00
9.677248646056238357e+00
9.663283747595439621e+00
9.464900069899101709e+00
9.409659618860448660e+00
9.348551534836065713e+00
9.281692943733215628e+00
9.210060475804414892e+00
9.135046259826241410e+00
9.293291175607556909e+00
9.360652607277303972e+00
9.138260620734584450e+00
9.126256292211348153e+00
9.111507882498715460e+00
9.083444273909647038e+00
9.079236534448273943e+00
9.060034612889873884e+00
9.209013873639650072e+00
9.233479532786310173e+00
9.194426079001015495e+00
9.421615430108705169e+00
9.476400544752367594e+00
9.575584498512373699e+00
9.555246511561323430e+00
9.570015511270289821e+00
9.547271583233317926e+00
9.524765036007444508e+00
9.541121325902247818e+00
9.588343455543757443e+00
9.610071922801809663e+00
9.605450680491683713e+00
9.620565310604291653e+00
9.637890239741167875e+00
9.634427494437121098e+00
9.646312094425823602e+00
9.558188821533491364e+00
9.567868527335413376e+00
9.547771194321610366e+00
9.594988195833098032e+00
9.586274886540257612e+00
9.603282868122091642e+00
9.625527486687166956e+00
9.618561996105706058e+00
9.632442781373731222e+00
9.649733628378289296e+00
9.644558454733257236e+00
9.655278889468196013e+00
9.667543365749285300e+00
9.664199777874008745e+00
9.671731715547597474e+00
9.678903791189227945e+00
9.677431653070387441e+00
9.681752186725642417e+00
9.515216863756073451e+00
9.503136664476800277e+00
9.526280890758048514e+00
9.683772791022299486e+00
9.685302050632534687e+00
9.684210390163865867e+00
9.682119435856321843e+00
9.682354236920710733e+00
9.684503310907100371e+00
9.673924320956604817e+00
9.672893158933531410e+00
9.678289086537093411e+00
9.659179818300687614e+00
9.656914930044935730e+00
9.665557995575216665e+00
9.466183248966736130e+00
9.452470413570152274e+00
9.478616750327109486e+00
9.411329379634057801e+00
9.395953351945529164e+00
9.425046170049647287e+00
9.350117520095055923e+00
9.365353514682581704e+00
9.333328675591015866e+00
9.283347103883503593e+00
9.299955368761546382e+00
9.265095319098758608e+00
9.211121861972538127e+00
9.228989950300586997e+00
9.192201878500727119e+00
9.133540681812835516e+00
9.153400822367645517e+00
9.115077059342780785e+00
9.280973645053807175e+00
9.269435424585440231e+00
9.304895529147048094e+00
9.347728216660309286e+00
9.338160803014380562e+00
9.370239738168736565e+00
9.152724073146112360e+00
9.102321067739001847e+00
9.167577086961928856e+00
9.244956564981086089e+00
9.410283225862151824e+00
9.401420180794815451e+00
9.430489703583123884e+00
9.466384040738976324e+00
9.458462576159320179e+00
9.484333445359274251e+00
9.561576500314533433e+00
9.515980376048908340e+00
9.531696677966694509e+00
9.509060228524806035e+00
9.592802635560943258e+00
9.623877121150250957e+00
9.648435614431230434e+00
9.536571873182964509e+00
9.576466765586495455e+00
9.610143902153891915e+00
9.637523175397818775e+00
9.658536381983532593e+00
9.673125401615571661e+00
9.681242689813940316e+00
9.490557861753263325e+00
9.682851695651155666e+00
9.677927229231599426e+00
9.666455757942570060e+00
9.438605847272945937e+00
9.380572231606327804e+00
9.316560633201678598e+00
9.247056612851258350e+00
9.172088043844485838e+00
9.314252911891557574e+00
9.378890946695285891e+00
9.163134132679752852e+00
9.120991410608812799e+00
9.144530033063075436e+00
9.121332390972895610e+00
9.100021774629365012e+00
9.185888138205889675e+00
9.238214603796583546e+00
9.259588460669865739e+00
9.223733613635353379e+00
9.438214896664876008e+00
9.491074860329931084e+00
9.585901822469743649e+00
9.580825634389061207e+00
9.566644952690484871e+00
9.558852087375363737e+00
9.553144729311343397e+00
9.537395487617660095e+00
9.598044042045570379e+00
9.618114566054000392e+00
9.627981609481727432e+00
9.614020566247321042e+00
9.643580023849912308e+00
9.651358153774825865e+00
9.640667924802681199e+00
9.536966974088654680e+00
9.547519612431766944e+00
9.526028556223151256e+00
9.576616182346308292e+00
9.585746649900288574e+00
9.567345522230356281e+00
9.609990968492073904e+00
9.602438515696380961e+00
9.617705691585268113e+00
9.637010637947808434e+00
9.643319818549141331e+00
9.631223502279313564e+00
9.657604100064940411e+00
9.662521816638799166e+00
9.653628340365258964e+00
9.671710468178989828e+00
9.675254779563456253e+00
9.669590929564153114e+00
9.679279611621238288e+00
9.681472573056819186e+00
9.679059722626002227e+00
9.491133543036820441e+00
9.503113007287918634e+00
9.478587166665789709e+00
9.680272543525699547e+00
9.681140234355456897e+00
9.681994143084743598e+00
9.674661867256707737e+00
9.674234361445932961e+00
9.678364996827186317e+00
9.662432126616458561e+00
9.660743418959585327e+00
9.668154828661501554e+00
9.439196602362711630e+00
9.452629303748267375e+00
9.425172642920218280e+00
9.382870876916250324e+00
9.397021092662802388e+00
9.366428020971012458e+00
9.318109968913955043e+00
9.300639364960856525e+00
9.334048638870049430e+00
9.247544073286492861e+00
9.229228506965959866e+00
9.265386198412343788e+00
9.172252000177012476e+00
9.191593165711639202e+00
9.152770355321646178e+00
9.301289759332190599e+00
9.291080769829646258e+00
9.324541924257802705e+00
9.366336332110909879e+00
9.388297750363463479e+00
9.356922322814710924e+00
9.141806863859466503e+00
9.200657104060613989e+00
9.269761324835382510e+00
9.427097251247824161e+00
9.446731165592435531e+00
9.418592695165514783e+00
9.481291292851260266e+00
9.498628430997907657e+00
9.473749807559489255e+00
9.572518363068745373e+00
9.528854886933256552e+00
9.522338360446541472e+00
9.543924471365629714e+00
9.601988256655866749e+00
9.630755027300024196e+00
9.652917682663751719e+00
9.556674951568815857e+00
9.513923710661494226e+00
9.593195306417205970e+00
9.623399689186808104e+00
9.647212166684118628e+00
9.664566683119177881e+00
9.675407697681489338e+00
9.679690609817949820e+00
9.465035718190739189e+00
9.677382201302666687e+00
9.668461022683706219e+00
9.410868580266225081e+00
9.350365019550944012e+00
9.282678508842678866e+00
9.209689206785569127e+00
9.333743381594722166e+00
9.396598895782622307e+00
9.203417343293285313e+00
9.182959567985186311e+00
9.162102106122903322e+00
9.167000947740634231e+00
9.143811155659209433e+00
9.220497474546354155e+00
9.264023229259061409e+00
9.282784665325459983e+00
9.251456605854158965e+00
9.454090406708846928e+00
9.504980885959064096e+00
9.595271874690446623e+00
9.577119110282680481e+00
9.590662242935254156e+00
9.569589123266766251e+00
9.549208140086859586e+00
9.564295743539803496e+00
9.606749366182510741e+00
9.625156262855973921e+00
9.621569722029597926e+00
9.634353075431940638e+00
9.648212116352070211e+00
9.655305418676729090e+00
9.645835813916795232e+00
9.556542547373279461e+00
9.566529737949217349e+00
9.546697940591824860e+00
9.513961040821122594e+00
9.525412579502020805e+00
9.502484775926152594e+00
9.592831816040396475e+00
9.601363842332984788e+00
9.584673324292841912e+00
9.622742772283872981e+00
9.629830602501259662e+00
9.616322252038566276e+00
9.646196490182109784e+00
9.651854723369019950e+00
9.641564482693123495e+00
9.663123584479519579e+00
9.667371158062765701e+00
9.660329844038129110e+00
9.673465607593406901e+00
9.676325588256258214e+00
9.672558611959237496e+00
9.677175210257450644e+00
9.678202041136190203e+00
9.678674842791741284e+00
9.465188333422430489e+00
9.478104773720012588e+00
9.452112091408526595e+00
9.674216561432460892e+00
9.677222675469099755e+00
9.674387298781844891e+00
9.664565964298768463e+00
9.669594935533837088e+00
9.663443385925107876e+00
9.412320721569113147e+00
9.397527355939518046e+00
9.425684398296670707e+00
9.352435650853214710e+00
9.335207160954206884e+00
9.367593326026296907e+00
9.287580579816614446e+00
9.267527360621068411e+00
9.302753216245703172e+00
9.212957848424425222e+00
9.230173951672915322e+00
9.192548273210503496e+00
9.319255027438760663e+00
9.342744500038021371e+00
9.310130143952415338e+00
9.384308850946043279e+00
9.405687865897608191e+00
9.375220888134911945e+00
9.184618715114721610e+00
9.233879047009068586e+00
9.291723427847376371e+00
9.443304248070246487e+00
9.435107921266268960e+00
9.462288279696968729e+00
9.495527376044423207e+00
9.512190689748583949e+00
9.488328298352129764e+00
9.582563455359514037e+00
9.541000557840520813e+00
9.534856639412316426e+00
9.555364550425299086e+00
9.610199748444385293e+00
9.636604279757710501e+00
9.656312310808623067e+00
9.574585173621139589e+00
9.535142323083547922e+00
9.489457728458555508e+00
9.607692946726482219e+00
9.634381929686892221e+00
9.654577573549879332e+00
9.668216090435416632e+00
9.675244479388437568e+00
9.675621130151109028e+00
9.438600977443469375e+00
9.669316247872425052e+00
9.382267822515084177e+00
9.319864255084381099e+00
9.250159782805775777e+00
9.351607485844537493e+00
9.413685223246639922e+00
9.257270584418682446e+00
9.212177564313503098e+00
9.230081438661761339e+00
9.214994319288354774e+00
9.190752985672888897e+00
9.260664419914620638e+00
9.288528110683245131e+00
9.469315355579690063e+00
9.518186035891812224e+00
9.603740832473564026e+00
9.599573908318822291e+00
9.586720223808063324e+00
9.579534386125352796e+00
9.574628278565244344e+00
9.560259059723353658e+00
9.614502925654509369e+00
9.631232945588017458e+00
9.639713151626880361e+00
9.628136564264051955e+00
9.651812543345320350e+00
9.658177576604074943e+00
9.649959679228203413e+00
9.574012780291065283e+00
9.583380702116823358e+00
9.565227306398663032e+00
9.534736095618919549e+00
9.524288465035745332e+00
9.545591353989758332e+00
9.489120927797941363e+00
9.477098642512959970e+00
9.501505529555851481e+00
9.606898246902920491e+00
9.614781310664598735e+00
9.599821773227082744e+00
9.633296037407136581e+00
9.639707363252089323e+00
9.627981634152398271e+00
9.653126135310881040e+00
9.658085823379247259e+00
9.649629140012100592e+00
9.666320989796924223e+00
9.664695388413655053e+00
9.669853469565513393e+00
9.672825961519402327e+00
9.673123516984325931e+00
9.674958868366703157e+00
9.672595729475872872e+00
9.673361661074881823e+00
9.674867319967209056e+00
9.437532844623545358e+00
9.451279179862861923e+00
9.424810967451350052e+00
9.665597819086384490e+00
9.665033761010056068e+00
9.669892579733311067e+00
9.381884824421335978e+00
9.397088770153050774e+00
9.367090583036139506e+00
9.322244861038889496e+00
9.337304584390620832e+00
9.304872700703642252e+00
9.255293634186966045e+00
9.271364594517416791e+00
9.234123072771994956e+00
9.335598733476139444e+00
9.360028478127720319e+00
9.327344028849394064e+00
9.400152825314529892e+00
9.392079137377402631e+00
9.421708120529878272e+00
9.235900462926139198e+00
9.296677182604209833e+00
9.458964506848749565e+00
9.477237573096562784e+00
9.451051631105242379e+00
9.509002323273319845e+00
9.525010301048220995e+00
9.502188694389397838e+00
9.591760579244102303e+00
9.552474320851768397e+00
9.566071649364502605e+00
9.546674306841294921e+00
9.617478130201842390e+00
9.641455817401482165e+00
9.658640726152754041e+00
9.590367555701664770e+00
9.554273964136291042e+00
9.511835172317077536e+00
9.463193819999840883e+00
9.620017777999425590e+00
9.643137118369862648e+00
9.659654229180446805e+00
9.669507640636084034e+00
9.672646899159683898e+00
9.669033300480618820e+00
9.409567233804134290e+00
9.352021107611115269e+00
9.288688165704295230e+00
9.367774431028381699e+00
9.429434691314780181e+00
9.281813647548471380e+00
9.269610198772280540e+00
9.248540121109014578e+00
9.265630132429329535e+00
9.239775912361633203e+00
9.309086864634032565e+00
9.483885985527535922e+00
9.530677403177124418e+00
9.611349429422695323e+00
9.595494415084637296e+00
9.607604074576395092e+00
9.588737942142689263e+00
9.584191279897780191e+00
9.570602851673385203e+00
9.621343010780629257e+00
9.636375239674347171e+00
9.644090134014501103e+00
9.633754332433687395e+00
9.654402053313512866e+00
9.653062871873299144e+00
9.659993210276999420e+00
9.589447333319625955e+00
9.581687476779316981e+00
9.598138467943876151e+00
9.553554177241029066e+00
9.563706898026389069e+00
9.544091672345833999e+00
9.511023058429845634e+00
9.500050487182726044e+00
9.522867586613621427e+00
9.462452605327431598e+00
9.449972833992164922e+00
9.475804766796139589e+00
9.618873242701285520e+00
9.612849738217052575e+00
9.626052644897058030e+00
9.641698406418655054e+00
9.637466530101434614e+00
9.647379073462944987e+00
9.657832308177585645e+00
9.655455078921734824e+00
9.662044201214168737e+00
9.667218292538816371e+00
9.669988379646065724e+00
9.666750482426420987e+00
9.669801759039772904e+00
9.671162259084564283e+00
9.671299310385551351e+00
9.665539092171265168e+00
9.665528439503829006e+00
9.669057071761354649e+00
9.401919908186103569e+00
9.419984426926188092e+00
9.391893795759676422e+00
9.349686440328564885e+00
9.336097600853424439e+00
9.366137216056859671e+00
9.298714442347113973e+00
9.310365291116854181e+00
9.277058530552764637e+00
9.344493728168275837e+00
9.339959331688215016e+00
9.372681694809111619e+00
9.416901661884025998e+00
9.437973082889147491e+00
9.408465122324830787e+00
9.273378685198713001e+00
9.313652433987499535e+00
9.473136710821728812e+00
9.465935524288191516e+00
9.491076036584015441e+00
9.522241798678782843e+00
9.515568231156906975e+00
9.537375789071992571e+00
9.600153101214564444e+00
9.563354646922979541e+00
9.576096655738124852e+00
9.557843549942210970e+00
9.623859016733870675e+00
9.645335331251377653e+00
9.659918966096066484e+00
9.604087011616156744e+00
9.571375389241049803e+00
9.532233625966345159e+00
9.486814038203212007e+00
9.432465792434715723e+00
9.630219904622050464e+00
9.649702655316440669e+00
9.662469508425660436e+00
9.668457482618956433e+00
9.667618967903635507e+00
9.376323223581291444e+00
9.324238697895523842e+00
9.381028460029630978e+00
9.444911287520731946e+00
9.305157872139627528e+00
9.316327633897843796e+00
9.290630807182305162e+00
9.497639199642765817e+00
9.542722627337726138e+00
9.618133733564448562e+00
9.614790511164752473e+00
9.603483157776187440e+00
9.597245120950459452e+00
9.593023213351068890e+00
9.580269958585665435e+00
9.627302681783849181e+00
9.640605454543196728e+00
9.638450686743839313e+00
9.647506919607781839e+00
9.655993230520801163e+00
9.655163353765171763e+00
9.660765408295819867e+00
9.602949572473649553e+00
9.610849361403849045e+00
9.596153097597660775e+00
9.570309113067962059e+00
9.579858856782220045e+00
9.561950627255633606e+00
9.524266920445210616e+00
9.539217121952454193e+00
9.517648230840116241e+00
9.484762951964295752e+00
9.473782567304148472e+00
9.498257666625704587e+00
9.442716739581527463e+00
9.452495656894445375e+00
9.422707101983874622e+00
9.628721971962056259e+00
9.635189376598994215e+00
9.623770582109097305e+00
9.647952351888122280e+00
9.652858570843964259e+00
9.644795234195010281e+00
9.660337514477527421e+00
9.659071368942393931e+00
9.663754815966386857e+00
9.665828865288222715e+00
9.667788744517638477e+00
9.666513699652780289e+00
9.664395753278887113e+00
9.664936206153784681e+00
9.667092581903828474e+00
9.342534459074274267e+00
9.372538276793690670e+00
9.346194500532183369e+00
9.320805266914410581e+00
9.375497710081738489e+00
9.396451878723159012e+00
9.360438774449526989e+00
9.430404657002537050e+00
9.423834770215307799e+00
9.452150056195003813e+00
9.330082263728987968e+00
9.488868269423818447e+00
9.481001125314788780e+00
9.505596311838434787e+00
9.535142204716883896e+00
9.549229971864301447e+00
9.528647485690401098e+00
9.607777880810111526e+00
9.573360837478773533e+00
9.585352822415618590e+00
9.568280553350163586e+00
9.629371975965568708e+00
9.648262579747855838e+00
9.660156991502848456e+00
9.615743663353562454e+00
9.586548161401676538e+00
9.547722631847053165e+00
9.505068114721614947e+00
9.463921213443374114e+00
9.386188308688041104e+00
9.414730607737190837e+00
9.394179098360089242e+00
9.638284842301375832e+00
9.654091815862194892e+00
9.663044428564125710e+00
9.665074272882423045e+00
9.364713625531518204e+00
9.346172395018145451e+00
9.403601645894919869e+00
9.460049776894777551e+00
9.366463516558082958e+00
9.341440636365112127e+00
9.512021122514612514e+00
9.554080692328286162e+00
9.624163225165279556e+00
9.621168693041139974e+00
9.610715420968045208e+00
9.605212465513231379e+00
9.601158103368460317e+00
9.589198478450306595e+00
9.632412820076535098e+00
9.643932824324714659e+00
9.642241663430381138e+00
9.649981036298941106e+00
9.656592690551594416e+00
9.656271633652538711e+00
9.660501053746436639e+00
9.614404317390963683e+00
9.621563728764206402e+00
9.608695901710893494e+00
9.580782005488838848e+00
9.592162369116341125e+00
9.575586642872039533e+00
9.549166487946971316e+00
9.537112390464912437e+00
9.559964657386347042e+00
9.478720144796371372e+00
9.502013361123768931e+00
9.481910054330782600e+00
9.461099653874246229e+00
9.429384844287753253e+00
9.435982321095663039e+00
9.408218107266845820e+00
9.636438174720744598e+00
9.642143232578247236e+00
9.632546481980361008e+00
9.652237873285429259e+00
9.656242426708091742e+00
9.650080298616947161e+00
9.660653637103242986e+00
9.660497808842952949e+00
9.663234104198066277e+00
9.662158802756763976e+00
9.663259365595049388e+00
9.663994735821921367e+00
9.371271465800550260e+00
9.399274144510220808e+00
9.461026188446776786e+00
9.475113433162825061e+00
9.446303200488014085e+00
9.502115878126392801e+00
9.518676007397017358e+00
9.495372512233196005e+00
9.544657431779857149e+00
9.540151679055689726e+00
9.559384551645106143e+00
9.614662241262541542e+00
9.585895727560430402e+00
9.595481895451202448e+00
9.579802143338653764e+00
9.634054462888260062e+00
9.650265806801773039e+00
9.659359919697084962e+00
9.625435645558001241e+00
9.598026733193878002e+00
9.565453811584534449e+00
9.514877574341650046e+00
9.532347241795131154e+00
9.519589467915507086e+00
9.497311062241147184e+00
9.454412190557425433e+00
9.644220271256735089e+00
9.656394006886220183e+00
9.661402943150891431e+00
9.416078256861750262e+00
9.391936879032716234e+00
9.423363648339925902e+00
9.439299671885761356e+00
9.481714665052081159e+00
9.523755623525074654e+00
9.565885422394279303e+00
9.629988167247800490e+00
9.617532178505165064e+00
9.627035338926663854e+00
9.615252185672389373e+00
9.610174067627786698e+00
9.600673570269171009e+00
9.636948696099763012e+00
9.646562485353973315e+00
9.651614299946608355e+00
9.645232336478210655e+00
9.656178346312431771e+00
9.659194113492374001e+00
9.656364039387463905e+00
9.621461033817650943e+00
9.617855951260175118e+00
9.629115069222665468e+00
9.600670218730298799e+00
9.591117592624053501e+00
9.607538064931794963e+00
9.546868420066221717e+00
9.564281811927957122e+00
9.548088780285917565e+00
9.531316834800987792e+00
9.470684992771301935e+00
9.493230119390135613e+00
9.474780612056402873e+00
9.450452744459200360e+00
9.640492883830585669e+00
9.646595723109120613e+00
9.638586094192998388e+00
9.654443697305577388e+00
9.653354652153099735e+00
9.657531629861852096e+00
9.658968583928785989e+00
9.659835782657340886e+00
9.660556232068206128e+00
9.463434409166699979e+00
9.440447369171904413e+00
9.462503028752077938e+00
9.483208593961910182e+00
9.507920387287128960e+00
9.504795257046167123e+00
9.526789672420951760e+00
9.572844237400465417e+00
9.579432049721294362e+00
9.559257218647504217e+00
9.622514553966917461e+00
9.599552117982206312e+00
9.607344250957723375e+00
9.592822575143163277e+00
9.638251894953175025e+00
9.651396656300315513e+00
9.657605347075305602e+00
9.631357852149260879e+00
9.611136249014382571e+00
9.574902849570728236e+00
9.577773707406874948e+00
9.588095812374703542e+00
9.561236696632491316e+00
9.509750874671627940e+00
9.528739267530866641e+00
9.512334205708814494e+00
9.490686714377265076e+00
9.647828971335448145e+00
9.656749790726875560e+00
9.485966481932734951e+00
9.546777538110484684e+00
9.527585266323173485e+00
9.545858040745319073e+00
9.560285315003563156e+00
9.586274280099992495e+00
9.635575964215041367e+00
9.632719823927621050e+00
9.625342003588498230e+00
9.623784850106684274e+00
9.611729795898760642e+00
9.619507573093363462e+00
9.641001198562694441e+00
9.648355432382121677e+00
9.652327005847038066e+00
9.647462601374350299e+00
9.655080475143218877e+00
9.657074534952563738e+00
9.655641044810222340e+00
9.623386734528581954e+00
9.632344705468010915e+00
9.622385468301448697e+00
9.603293974322644644e+00
9.601996891126145073e+00
9.612629144232533562e+00
9.589522207263891929e+00
9.545480743940290225e+00
9.560650874190198323e+00
9.546191837847755934e+00
9.528063066891753863e+00
9.648696935076939596e+00
9.644873122093427398e+00
9.651389926777239836e+00
9.654898373672271106e+00
9.654661914953271307e+00
9.656951447556316737e+00
9.580755518589413100e+00
9.564233958972753413e+00
9.577011896072439967e+00
9.590381995114036329e+00
9.629578156457952787e+00
9.608914749972095493e+00
9.604246399096103559e+00
9.616324733844349382e+00
9.641918264657196147e+00
9.651800352393069105e+00
9.655089810169144471e+00
9.638611767583785905e+00
9.631311318195411530e+00
9.639438769610366720e+00
9.613601788242799984e+00
9.577460173202442917e+00
9.590712616523191514e+00
9.576052347116332797e+00
9.561945455403687788e+00
9.651660989571100302e+00
9.643924675063392016e+00
9.595027781995916882e+00
9.640231683752533698e+00
9.637813708614292096e+00
9.631920432654943909e+00
9.629734899251733538e+00
9.619334119084934187e+00
9.626792535849409305e+00
9.644198084131542004e+00
9.649920383310059080e+00
9.652486692438674964e+00
9.649233946482288715e+00
9.653016024610144186e+00
9.654163516828086600e+00
9.653913296922249643e+00
9.625577198574545079e+00
9.632416995669890625e+00
9.624384541750913513e+00
9.604263280953876603e+00
9.614153020052270904e+00
9.603738762564191234e+00
9.591149362598489603e+00
9.649476943251942274e+00
9.649157467218204332e+00
9.652224588414513917e+00
9.644448963314875556e+00
9.634904005397064708e+00
9.645059745043663924e+00
9.651567562622650698e+00
9.651297648058461576e+00
9.615181809101528643e+00
9.640443288199687544e+00
9.639566388091399318e+00
9.633269625977536776e+00
9.645289123225932570e+00
9.643623591354247182e+00
9.636685094589617862e+00
9.641872583807790775e+00
9.646684903005604994e+00
9.649849689961058630e+00
9.650015134594740474e+00
9.651387964697013544e+00
9.648792197624954881e+00
9.651066398598041829e+00
9.649089876126483389e+00
9.644852639885307610e+00
9.646742888297012541e+00
9.649418790185997352e+00
