6.030250932177616541e-02
6.123244423339056774e-02
6.211299358757343264e-02
5.932691193963124388e-02
5.981523470340901344e-02
6.076802771264506325e-02
6.167327758999506526e-02
6.294083133515868123e-02
6.252746003583531387e-02
5.830974951573372755e-02
5.881880913378965958e-02
5.929909629667415305e-02
5.931288909080662669e-02
5.980082396067459838e-02
6.020569492213052182e-02
6.025393562000271042e-02
6.071917570876043946e-02
6.108196647581037170e-02
6.115700363015438845e-02
6.159768117512248037e-02
6.196160452213104325e-02
6.203708840202575708e-02
6.245147595830122245e-02
6.371303645961345907e-02
5.852687479458287823e-02
5.841834938502921126e-02
5.892682125055372783e-02
6.332745109198807676e-02
5.891330896612162471e-02
5.975285763625511753e-02
6.064431486099676472e-02
6.152232264243148036e-02
6.281058585386066484e-02
6.238663971914812367e-02
6.287550694699836629e-02
5.725546483865482511e-02
5.778302383681151178e-02
6.442708958564254129e-02
6.407053214060438873e-02
5.735239043470917453e-02
5.793992003353100328e-02
5.783072064422637576e-02
6.326210510652305330e-02
5.834450620684188127e-02
5.843552876642069127e-02
5.882180237778701637e-02
5.919689942672521493e-02
5.924785104623748327e-02
5.970136031769993079e-02
6.009017142019321134e-02
6.058619510877388814e-02
6.014777037388420455e-02
6.096463138302196660e-02
6.102310669162781809e-02
6.146329479496567133e-02
6.184665462759658672e-02
6.232885904104189245e-02
6.190393478628388596e-02
5.616880652512994815e-02
5.671247767700590692e-02
5.730386170779313421e-02
6.508086398071055712e-02
6.567259568936680003e-02
6.475438013417433858e-02
6.360668400998836791e-02
6.365972369611573589e-02
6.401726304536439760e-02
5.784903079420682798e-02
6.320912643415557697e-02
5.877107699598022733e-02
5.964397301673250024e-02
6.052788457374848330e-02
6.140616007748747607e-02
6.278984533655419809e-02
6.280006666511246671e-02
6.231887225848366935e-02
5.628510255332894174e-02
5.622694853092980588e-02
5.677002268237232169e-02
5.681920036628468340e-02
6.620087310986673412e-02
6.537705963795087394e-02
6.593698474094110418e-02
6.384385557346894391e-02
6.413525849567426607e-02
6.446320708833171154e-02
6.372526562010084883e-02
5.720473159093392851e-02
5.777474623754972477e-02
5.727836073235535036e-02
6.319841904602387095e-02
5.814379989600766685e-02
5.867042687140887336e-02
5.824399670935954954e-02
5.904619619331186176e-02
5.956827390237524888e-02
5.912138299829432925e-02
5.994022582764579887e-02
6.045257973360621678e-02
6.001500414879106654e-02
6.086336630470254305e-02
6.135517728345101646e-02
6.091381322254185021e-02
6.181030417692702505e-02
6.230028562158604344e-02
6.182830507394659197e-02
5.505477997080761299e-02
5.561205011800296472e-02
5.523085241489206210e-02
5.569958722352778141e-02
5.575828994306450404e-02
5.624085911474063781e-02
5.679647704882569842e-02
5.626286044816367071e-02
6.666458747163518661e-02
6.643289399452037558e-02
6.459423958911125752e-02
6.483736196125243489e-02
6.513416427649539042e-02
6.530560158114535885e-02
6.548880441481580439e-02
6.575373178731945545e-02
6.421954115650486961e-02
6.331763987109266523e-02
5.672317737578373015e-02
5.767468849069188469e-02
5.859541017085510145e-02
5.949365249999841870e-02
6.040230640503137238e-02
6.133740674937104148e-02
6.271885528174145352e-02
6.275414900636092086e-02
6.226514775161764298e-02
5.391859628185945857e-02
5.276561482435334488e-02
5.448685150593315235e-02
5.514285730083261228e-02
5.526800985612834172e-02
5.577636744393028173e-02
5.524939407803363539e-02
5.575477794743509408e-02
6.562732894003904527e-02
6.591389891114118882e-02
6.614671563777839436e-02
6.495036901339951152e-02
6.546651103429809715e-02
6.359932993620671937e-02
6.409716483817153032e-02
6.372127618986843378e-02
6.328169812545997308e-02
5.611955369393620968e-02
5.618007870532157333e-02
5.666212038099463499e-02
5.707005825089161294e-02
5.760699271252221754e-02
5.713725273558117879e-02
5.797714239951531900e-02
5.851175503449466964e-02
5.806030965031036550e-02
5.890621213141916668e-02
5.942332984966677140e-02
5.897603347883902808e-02
5.982380880437203341e-02
5.988183530288732764e-02
6.034375382937109261e-02
6.075429404340879080e-02
6.128252693589325562e-02
6.080863874170534117e-02
6.167084714604828544e-02
6.219512055741344136e-02
6.174035880024080630e-02
5.334217209200289161e-02
5.160128541518817918e-02
5.218342083377919272e-02
5.423065868141296875e-02
5.407472714060172075e-02
5.464249606943091808e-02
5.473095417720692801e-02
5.432721371295762269e-02
5.479785663684855895e-02
5.477885223990117125e-02
5.517170752300337710e-02
5.570619417885064317e-02
5.521975195695653232e-02
6.706290067231322760e-02
6.686382124723869169e-02
6.601571850406624808e-02
6.582161067193743886e-02
6.634004584205485666e-02
6.431928756725226182e-02
6.481308833244282808e-02
6.445652022351280874e-02
6.453324424167557194e-02
6.508103143942382818e-02
6.491935412636934410e-02
6.315967196377032800e-02
6.395973034416613245e-02
5.564594095309192967e-02
5.659516038146147204e-02
5.752397910131027553e-02
5.844209995987151296e-02
5.936546241541112989e-02
6.028955224566904386e-02
6.121309658282607369e-02
6.258261614925189620e-02
6.265050023216313380e-02
6.212729129538454437e-02
5.315878080270328154e-02
5.296232446632757884e-02
5.353844537342239418e-02
5.207131319567152167e-02
5.183643927370078230e-02
5.241822181749156845e-02
5.369480598441586650e-02
5.427894362116553184e-02
5.423148494802031150e-02
5.474960663166396346e-02
5.427927196779772784e-02
5.470186867104813444e-02
6.739521134943539382e-02
6.722905054470260100e-02
6.654015477720713612e-02
6.511184443741122041e-02
6.536947652013977428e-02
6.556437201184145414e-02
6.442620516153600707e-02
6.482282514379686389e-02
6.309127927029589689e-02
6.349100045852197616e-02
6.390534147515157526e-02
6.354493235977504151e-02
5.504374869903824741e-02
5.558159662851978183e-02
5.510761828243398996e-02
5.598488927029266621e-02
5.652746454348418076e-02
5.605209237425982927e-02
5.691509066993334642e-02
5.744616314151358705e-02
5.699241889762587249e-02
5.784664858059285902e-02
5.837652439685168948e-02
5.791174148606598182e-02
5.877507733675559759e-02
5.929958235094585917e-02
5.884047575551493159e-02
5.970009341317505241e-02
6.022738588906050017e-02
5.976177052644858489e-02
6.062149976201327423e-02
6.068769843948453035e-02
6.114641306920749059e-02
6.153877903748325440e-02
6.206098670085256896e-02
6.160459998060651560e-02
5.261505921275393127e-02
5.096038287969072156e-02
5.151578158067351976e-02
5.128060222392248624e-02
5.043109621120332731e-02
5.101606655886605640e-02
5.355278510445923151e-02
5.335588626596528272e-02
5.389156129819302338e-02
5.394011878150090089e-02
5.331018027631581613e-02
5.381854140191200814e-02
5.377104218616531733e-02
5.410455708954462622e-02
5.463803933962983056e-02
5.416792558117234507e-02
6.766111480891646990e-02
6.752808236419099996e-02
6.637668520823836182e-02
6.671977515210875120e-02
6.688680615242387217e-02
6.619625049329780353e-02
6.524514715478024751e-02
6.563043294647333270e-02
6.517837320389525957e-02
6.401292458612764524e-02
6.424594914019556013e-02
6.467919890682045925e-02
6.438927672434306693e-02
6.303740168046713388e-02
5.457441490194529787e-02
5.551461931196447624e-02
5.645032596124907598e-02
5.738124283552859667e-02
5.831127191426686146e-02
5.923802941990748833e-02
6.016127527442157591e-02
6.108065159524156407e-02
6.245190811574983375e-02
6.251703583722058311e-02
6.199588903294548509e-02
5.244592190719591512e-02
5.280209213692889370e-02
5.225873494784867568e-02
5.069587432871936611e-02
5.149668227815545896e-02
5.122864223980651277e-02
5.178383839269559696e-02
5.299929540070648371e-02
5.343139055887939637e-02
5.316777151886522418e-02
5.323889394047582463e-02
5.369948565527696976e-02
5.363638330017474198e-02
6.786037206089051699e-02
6.666968965993892715e-02
6.703251851667052508e-02
6.716625391843709936e-02
6.776059787438173942e-02
6.652315835192908200e-02
6.581182937486347584e-02
6.474632690352175035e-02
6.336054331683232954e-02
6.394739124113442419e-02
6.342553150104442150e-02
6.380383397933485357e-02
6.297179283250460557e-02
5.397838717249884427e-02
5.451099408747055175e-02
5.404137805061796918e-02
5.491666114046744179e-02
5.545074559301395312e-02
5.498009695964693050e-02
5.585347610390477280e-02
5.591905859820121838e-02
5.638430242950857874e-02
5.678644538182513885e-02
5.685063175776893657e-02
5.731661281793818535e-02
5.771737352184109354e-02
5.824633894451347604e-02
5.778186044936443888e-02
5.864527855636893910e-02
5.917284761579489488e-02
5.871001302697476110e-02
5.956988110193648517e-02
6.009590091349303193e-02
5.963480807513635990e-02
6.049090666816984985e-02
6.101510203587545006e-02
6.055601001724406768e-02
6.140808576377391331e-02
6.193030541423273638e-02
6.147322516035896856e-02
4.926051434446502425e-02
5.197137061426765348e-02
4.985670743392422305e-02
5.014368003913537847e-02
5.040837398600390290e-02
5.050651306984526440e-02
5.100145333217798865e-02
5.073328958491137713e-02
4.984559163855179637e-02
5.287825445791970169e-02
5.222583270997582100e-02
5.269698656105500228e-02
5.276784219909944063e-02
5.303825396522580254e-02
5.357128641291569043e-02
5.310293221038545064e-02
6.799287822670717352e-02
6.792642753223013252e-02
6.684345760042351148e-02
6.675643358181913845e-02
6.725247575746454154e-02
6.735282624779773131e-02
6.582431159055687764e-02
6.610047421010915858e-02
6.624758791184437445e-02
6.553500570803919012e-02
6.412516118182594316e-02
6.468570003271126301e-02
6.418531093723034431e-02
6.290680356165338771e-02
6.322985148366555563e-02
6.373829304200429036e-02
6.329496321196838304e-02
5.350853417943283313e-02
5.444777519670151306e-02
5.538535674827105293e-02
5.632028496909476101e-02
5.725226965514324667e-02
5.818172147528308941e-02
5.910800988906533826e-02
6.003085795077858083e-02
6.094999366442525879e-02
6.232115386441842986e-02
6.238631006698909520e-02
6.186515002067671104e-02
4.809494241277760540e-02
4.867743458970483217e-02
5.128790981314876318e-02
5.186664543765514418e-02
5.139222700843801978e-02
4.955874606260612242e-02
5.018173410304813120e-02
5.089732662195241286e-02
5.233576877154325069e-02
5.209656327023761552e-02
5.263200819963747418e-02
5.216113043192296961e-02
5.256758429651440384e-02
6.704692573292585223e-02
6.745390896795791513e-02
6.752071365507593403e-02
6.805864105575193390e-02
6.802552508406610465e-02
6.586044224251011436e-02
6.626528664770452159e-02
6.635276058100206265e-02
6.694508354549801032e-02
6.584222336053277558e-02
6.498238116521216912e-02
6.540368823322248448e-02
6.511345713488075893e-02
6.455434163944327730e-02
6.367808953937914573e-02
6.284120667092278623e-02
6.277606501197695310e-02
5.291372399707648666e-02
5.344595469928201809e-02
5.297591018256214007e-02
5.385296167027499997e-02
5.438475609862942345e-02
5.391558244659976074e-02
5.479054331960866303e-02
5.485349689788165950e-02
5.532200038311763102e-02
5.572582815638374432e-02
5.625617437044384828e-02
5.578953276668832673e-02
5.665887617167784246e-02
5.718820967551523082e-02
5.672252809060315121e-02
5.758928692863547055e-02
5.811741527019086834e-02
5.765318379387677356e-02
5.851678042340530822e-02
5.858086933706488364e-02
5.904351141060027591e-02
5.944108105935532599e-02
5.950530729614202791e-02
5.996622301165366320e-02
6.036191775478659538e-02
6.042622495019106532e-02
6.088527973850431374e-02
6.127902399114207310e-02
6.180041603120796367e-02
6.134335435352596122e-02
4.874392355556879386e-02
4.841953677801390243e-02
4.900203056787757333e-02
5.175700986363571815e-02
4.930010348482318644e-02
4.924021137455213137e-02
4.987305265158709089e-02
4.954820659640080116e-02
5.020229290014117940e-02
5.074486991975054456e-02
5.035429349517045461e-02
5.115238562162185976e-02
5.162461318276737043e-02
5.168890823208820151e-02
5.197301026321126532e-02
5.250548629558221547e-02
5.203472081742210181e-02
6.716182538456443030e-02
6.757769355493342678e-02
6.710420436610495254e-02
6.761096963763278678e-02
6.594401790625992188e-02
6.639400594320796212e-02
6.590199651430188321e-02
6.649645027051974411e-02
6.542203629814534460e-02
6.400379274216190517e-02
6.449352040994764390e-02
6.406424148928448192e-02
6.309927411727343782e-02
6.316433581499301952e-02
6.361263830587332579e-02
6.219213783652693950e-02
6.271137112409702619e-02
6.225643234053600955e-02
5.244353293557471596e-02
5.338354588222627567e-02
5.432199234333524168e-02
5.525846187233324214e-02
5.619266411879895312e-02
5.712442878086401721e-02
5.805341564013745403e-02
5.897934688067136416e-02
5.990194915227760319e-02
6.082095365195613890e-02
6.173609615303644882e-02
4.693967277645551966e-02
4.751694293715021805e-02
4.764486446760302085e-02
4.786975918343262110e-02
4.819413646827744313e-02
5.122009191112944504e-02
4.899219519362594394e-02
4.972135946442435978e-02
5.067744478350903053e-02
5.103112004154888165e-02
5.156365157158864648e-02
5.109169946508048538e-02
5.150219330997048151e-02
6.644003179094522260e-02
6.674358795809866296e-02
6.680138184705484983e-02
6.805776484844525132e-02
6.805794699265423076e-02
6.721240339029876942e-02
6.718692850678924244e-02
6.763595225678958878e-02
6.489559723798560276e-02
6.542068442088880276e-02
6.537844138325842047e-02
6.619219444725302215e-02
6.493875507325044816e-02
6.445029395597755284e-02
6.355211201643190533e-02
6.264625121146179254e-02
5.184997669609706789e-02
5.238172211891782559e-02
5.191142960815953167e-02
5.278981480103858703e-02
5.285169304517507716e-02
5.332130526838996243e-02
5.372826074013373199e-02
5.425936484374657004e-02
5.379052208720948997e-02
5.466502339370982178e-02
5.519543499264194242e-02
5.472768120520937057e-02
5.559981505792432888e-02
5.612940167461552554e-02
5.566270639254119329e-02
5.653235164876141416e-02
5.706092264477464343e-02
5.659548549727974609e-02
5.746235287016579485e-02
5.752567827797215594e-02
5.798971770910934381e-02
5.838954235557729938e-02
5.891551084604307320e-02
5.845300661343701826e-02
5.931364778485003625e-02
5.983803031225528452e-02
5.937719660936857657e-02
6.023440096831033513e-02
6.075700871426586991e-02
6.029797869173472019e-02
6.115153789493964903e-02
6.167218304023112940e-02
6.121508765539552394e-02
4.729231722343686661e-02
4.822207172336023112e-02
4.793352972144514917e-02
4.848284021156368251e-02
4.873104372571435833e-02
4.914502422798779080e-02
4.967337648839309505e-02
4.919259396117831723e-02
5.008691041883850392e-02
5.014456149076164382e-02
5.061941432191919416e-02
5.055910671760024261e-02
5.090904072463177388e-02
5.144085261396332681e-02
5.097002864546671536e-02
6.638440917385990403e-02
6.677344564054624176e-02
6.641204675955440784e-02
6.763573204189531063e-02
6.679899657487915754e-02
6.477878903676781430e-02
6.536216477258777191e-02
6.483695938925439217e-02
6.562604343464771561e-02
6.603343455242212390e-02
6.578476405384520165e-02
6.387867386210352438e-02
6.438762318351745617e-02
6.394100525518554845e-02
6.297350104179327834e-02
6.303617054262322661e-02
6.348909004676640822e-02
6.206451004454632825e-02
6.212811820656438666e-02
6.258228547067987146e-02
5.137962737742696878e-02
5.232005139607905780e-02
5.325923001836260079e-02
5.419687050206050544e-02
5.513268340756304758e-02
5.606638281752667624e-02
5.699768652362655064e-02
5.792631617778399439e-02
5.885199742393666666e-02
5.977445999882310956e-02
6.069343779821688434e-02
6.160852426553460603e-02
4.656908232449937651e-02
4.710662234103715762e-02
4.675427319477884480e-02
4.579984749448691439e-02
4.636933632754543233e-02
4.729413626719668889e-02
4.775785010352476961e-02
4.746940112161380371e-02
4.818903501231211473e-02
4.871424791666699450e-02
4.820555966969536366e-02
4.866703235527876370e-02
4.961601757052041400e-02
4.996730412423972673e-02
5.049899514737692108e-02
5.002706748145934607e-02
5.043825375187740989e-02
6.799043590326156461e-02
6.785692419870544001e-02
6.600569564855884863e-02
6.802383949747931036e-02
6.716908587455716617e-02
6.761391274275881103e-02
6.719047492812860178e-02
6.633290084337294112e-02
6.677309711923475055e-02
6.635843602635764504e-02
6.432932547765093934e-02
6.520297381234929635e-02
6.342665140479658570e-02
6.251953765823504983e-02
5.078736527104672771e-02
5.131851508687756969e-02
5.084815379690320325e-02
5.172744288315047484e-02
5.178864875404669971e-02
5.225851794114388937e-02
5.266650390258391379e-02
5.319731695440105268e-02
5.272808617142177995e-02
5.360425875060645384e-02
5.413462174383382869e-02
5.366617417587854488e-02
5.454042074603573931e-02
5.507014508093868027e-02
5.460262393421658894e-02
5.547470631885453862e-02
5.600360310181550644e-02
5.553714987605711667e-02
5.640683519366136017e-02
5.693471548342831506e-02
5.646946988762079761e-02
5.733653054707466695e-02
5.786320559286410592e-02
5.739930547374297309e-02
5.826351913987679737e-02
5.878880061216004704e-02
5.832638189516453631e-02
5.918753142280265556e-02
5.971123163386681670e-02
5.925042827922996636e-02
6.010830161319574705e-02
6.063023372458106047e-02
6.017117769961996543e-02
6.102556774277991675e-02
6.154540143157260362e-02
6.108836722420693532e-02
4.618447978654142971e-02
4.693164354971107732e-02
4.774157343468855147e-02
4.468042990782668950e-02
4.523966739663182191e-02
4.808263074842724499e-02
4.861352435299231417e-02
4.813581860557181874e-02
4.902506669607249734e-02
4.955572727662488353e-02
4.908501656459083456e-02
4.949622909763491674e-02
4.984656330652744577e-02
5.037760169164723356e-02
4.990689596795346017e-02
6.792343023188586459e-02
6.765758817529184121e-02
6.775703295152707417e-02
6.552387321427625977e-02
6.595455388211743375e-02
6.557473903585839259e-02
6.758036324462177169e-02
6.675158256793632672e-02
6.592891070442465085e-02
6.375377955834816979e-02
6.426679427919532173e-02
6.381600718672840455e-02
6.465448638300207163e-02
6.514079148949362963e-02
6.471640799998393256e-02
6.284855911666581418e-02
6.336407717104711179e-02
6.291082169346957909e-02
6.193907167915107398e-02
6.245669772949881404e-02
6.200159369791040376e-02
5.031703641508930569e-02
5.125751289511121939e-02
5.219711858553130468e-02
5.313556254603360451e-02
5.407255661858857698e-02
5.500781565243809124e-02
5.594105770368319047e-02
5.687200420488092850e-02
5.780038010973861939e-02
5.872591401251924664e-02
5.964833823947824493e-02
6.056738891085231696e-02
6.148280597369483458e-02
4.555107223505338448e-02
4.567542173951234796e-02
4.605969649899748636e-02
4.621991873608104207e-02
4.675664410553286021e-02
4.639441030950128969e-02
4.714419872561665531e-02
4.766628699144047354e-02
4.721914901141645998e-02
4.511572441414429119e-02
4.855385448914362190e-02
4.761338177202323330e-02
4.890533162863355821e-02
4.943607371568418951e-02
4.896517243211719744e-02
4.937598262007633632e-02
6.707473473502098549e-02
6.753315285711317117e-02
6.746635916020385371e-02
6.696170649450675083e-02
6.740988180844707800e-02
6.731004524432887548e-02
6.508975194156695065e-02
6.712169145591065367e-02
6.624299362352979725e-02
6.628772097952614906e-02
6.670659130317951879e-02
6.541319155334809898e-02
6.587354616991172862e-02
6.546832362837412544e-02
6.420471246329101378e-02
6.330171823427571676e-02
6.239433321286735196e-02
4.972611248056035826e-02
5.025655495193104977e-02
4.978630315756660957e-02
5.066607054286033363e-02
5.119661758090358200e-02
5.072667194911656408e-02
5.160538340650139277e-02
5.213584982099674081e-02
5.166635562639985274e-02
5.254376328760553688e-02
5.307396296056431095e-02
5.260506424255487895e-02
5.348092479964501600e-02
5.401067093352947962e-02
5.354251038044689770e-02
5.441658516992479988e-02
5.494569053432324379e-02
5.447840937881919671e-02
5.535046443338257488e-02
5.541247953537519616e-02
5.587874160782675681e-02
5.628228560257707291e-02
5.634444228314093583e-02
5.680954721319042555e-02
5.721177481442467350e-02
5.773783376356391578e-02
5.727402234232838868e-02
5.813866145353625142e-02
5.820094784782248870e-02
5.866333114104457097e-02
5.906267825122075293e-02
5.912495045111472447e-02
5.958577278515600484e-02
5.998356135929996946e-02
6.050489575421773986e-02
6.004576539512215816e-02
6.090105039912977608e-02
6.142044076041498768e-02
6.096313156230394326e-02
4.358616660572350865e-02
4.413279165351987471e-02
4.588551409538751957e-02
4.668200151123770569e-02
4.445510363940454596e-02
4.500267359242400567e-02
4.456774409514924901e-02
4.796396698158749555e-02
4.849422948841321246e-02
4.802328263318536572e-02
4.702276784947198585e-02
4.755236932999191285e-02
4.708347578261075361e-02
4.843464723859670223e-02
4.878579916229142110e-02
4.884554147831893928e-02
4.931595305381426125e-02
6.739288029500827004e-02
6.752505085745018343e-02
6.701800661833630379e-02
6.678113816181208140e-02
6.687124111250430936e-02
6.721993072383848633e-02
6.453198061407459940e-02
6.502847819356542824e-02
6.459301427344815716e-02
6.665943696281556585e-02
6.582863028523804061e-02
6.497316114119869312e-02
6.363060178927462673e-02
6.414307009343289678e-02
6.369198116171211066e-02
6.272482224397903094e-02
6.278649141158099134e-02
6.323977805463611157e-02
6.181488848812854986e-02
6.187679149850441179e-02
6.233215218228383564e-02
5.019615403768089290e-02
4.925598197471438983e-02
5.113582561946748706e-02
5.207470782546991944e-02
5.301251404206318296e-02
5.394896016390156313e-02
5.488376479932109003e-02
5.581664945227161889e-02
5.674733868056870689e-02
5.767556023101608892e-02
5.860104515073068926e-02
5.952352787357537839e-02
6.044274628150717033e-02
6.135844174193005873e-02
4.402051226430905850e-02
4.507601285600327384e-02
4.564751851048608200e-02
4.531340398945961356e-02
4.608203438951243708e-02
4.661274403497101676e-02
4.615097416453343981e-02
4.476559921176917478e-02
4.749332794794729889e-02
4.655232407039287812e-02
4.784542242866717671e-02
4.790468114136388345e-02
4.837510515012832107e-02
4.831560035608803427e-02
6.708728738435849881e-02
6.615232503976904710e-02
6.655754825955025045e-02
6.661407502692827387e-02
6.605993855681711879e-02
6.642095192449914975e-02
6.651134386551101063e-02
6.408185659765047726e-02
6.619743801003215300e-02
6.530877713247791594e-02
6.577640766892819957e-02
6.536076161662930650e-02
6.441118586261393442e-02
6.491275260233797528e-02
6.447137491039783841e-02
6.317824679416912670e-02
6.227035912285683317e-02
4.960592489359115509e-02
5.013583003193250454e-02
4.966598762625704100e-02
4.866644404078208225e-02
4.919606592806958362e-02
4.872610118798385848e-02
5.054512801981876635e-02
5.107513314676292993e-02
5.060555720842467575e-02
5.148376766162588575e-02
5.201368847424889946e-02
5.154452214762947349e-02
5.242155997385080507e-02
5.295121136900792641e-02
5.248259669355017504e-02
5.335822324192215221e-02
5.388741955615541229e-02
5.341949736017254785e-02
5.429347808044664853e-02
5.435494313296061059e-02
5.482203332797572215e-02
5.522704761224107167e-02
5.575477571896745449e-02
5.528865565485491240e-02
5.615865762661453181e-02
5.668537265872606451e-02
5.622035939009648736e-02
5.708803671766136956e-02
5.714978176646677566e-02
5.761355310312677586e-02
5.801491640130693878e-02
5.853904914281758687e-02
5.807665329514832137e-02
5.893903121065627998e-02
5.946159608831522170e-02
5.900070766754763468e-02
5.986011876981470192e-02
6.038093253197616278e-02
5.992168182880176081e-02
6.077791984656685104e-02
6.129680038781263468e-02
6.083931602842946457e-02
4.252157618286273727e-02
4.305334281610011249e-02
4.348799531479174280e-02
4.353709792260920114e-02
4.397117788209330136e-02
4.557892115478864858e-02
4.409784335631275476e-02
4.427640025792406453e-02
4.458665919305340730e-02
4.690527573865458516e-02
4.696401807028183911e-02
4.743430636300229042e-02
4.596565384790868292e-02
4.649385337089315118e-02
4.602384964752297136e-02
4.737530186839329638e-02
4.772697289686345101e-02
4.778618746972956854e-02
4.825612954882618072e-02
6.706336639059234939e-02
6.722799174432883551e-02
6.635624269351114712e-02
6.687539596558916832e-02
6.656863430314152730e-02
6.610592226253206305e-02
6.581528125932864515e-02
6.593752982739155277e-02
6.629888695188361492e-02
6.350905955159627525e-02
6.402106164996480830e-02
6.356963139660047613e-02
6.573109610429429817e-02
6.486056347710429659e-02
6.396067451019710193e-02
6.260264151856551051e-02
6.311711469778463757e-02
6.266354221965793336e-02
6.169217838485858973e-02
6.220894491076388311e-02
6.175335384967355762e-02
5.007557902992610527e-02
4.913620120523667228e-02
4.819668917759150489e-02
5.101453602447645480e-02
5.195278735898323230e-02
5.289005022750688928e-02
5.382604405640763895e-02
5.476049069326859031e-02
5.569311457558118184e-02
5.662364287906216515e-02
5.755180564539683769e-02
5.847733588849293035e-02
5.939996967904734998e-02
6.031944620767697163e-02
6.123550782739851928e-02
4.300451325456670221e-02
4.379286921041999903e-02
4.502685343741965468e-02
4.555404375338125561e-02
4.505147603960511782e-02
4.407136382336099972e-02
4.457325663553785705e-02
4.408462981495053779e-02
4.643538066178014290e-02
4.549613216030600621e-02
4.678780032351315815e-02
4.731631126690322847e-02
4.684653757237743077e-02
4.725733112781105305e-02
6.671016165525117669e-02
6.608595512278851725e-02
6.518366339873653270e-02
6.562237879768535731e-02
6.566857375773332839e-02
6.507387319577259688e-02
6.544499132317353751e-02
6.556752527772004291e-02
6.305637167947827915e-02
6.524601177396220641e-02
6.429201447787338819e-02
6.480100050100727482e-02
6.435140286320463476e-02
6.338907025064705048e-02
6.390068460909692494e-02
6.344887605183632817e-02
6.214790007680189715e-02
4.948596873167453170e-02
5.001539678824028917e-02
4.954592002827863662e-02
4.854723572255512792e-02
4.907638372291601991e-02
4.860682359828977228e-02
4.760858881075625409e-02
4.813727528149821383e-02
4.766777468206609414e-02
5.042450431447247777e-02
5.095402981206473975e-02
5.048477855407345477e-02
5.136256039279433333e-02
5.189199980575955745e-02
5.142311532041089067e-02
5.229985654966372299e-02
5.282902567476393391e-02
5.236064825961470742e-02
5.323611422957218176e-02
5.376482841845949684e-02
5.329709730029177916e-02
5.417105692227013741e-02
5.469913131204326429e-02
5.423218455815000116e-02
5.510441032960370494e-02
5.563166006951917458e-02
5.516563450858721906e-02
5.603590251508347442e-02
5.609717414030803567e-02
5.656214298802894613e-02
5.696526403597077653e-02
5.702653309020957323e-02
5.749031107283205516e-02
5.789222805635404340e-02
5.841589814196715413e-02
5.795344375812869209e-02
5.881653044169986300e-02
5.933864091090018666e-02
5.887764140149179259e-02
5.973790983489187661e-02
6.025827905728735334e-02
5.979886421000159269e-02
6.065610771385113870e-02
6.117455526638411467e-02
6.071685336062904170e-02
4.149091986688804856e-02
4.200570949844412844e-02
4.224125560398183515e-02
4.286390047371161499e-02
4.238138847020526956e-02
4.322563239580809458e-02
4.366140954844227595e-02
4.335678574799676360e-02
4.454893760168941730e-02
4.364831982941329291e-02
4.584921635368205406e-02
4.590744384850275334e-02
4.637690284141846725e-02
4.491151194748841530e-02
4.496919984067521830e-02
4.543819718350346204e-02
4.631841653365282446e-02
4.667031274118699918e-02
4.719835757603060150e-02
4.672906002307251200e-02
6.666974612555910673e-02
6.686648588681858019e-02
6.595684546341308574e-02
6.615648514651027712e-02
6.651106286489223696e-02
6.516348245344066870e-02
6.576092219698287389e-02
6.548956341329821573e-02
6.512857825265692957e-02
6.511852708402141032e-02
6.248193923231503549e-02
6.299600778670297330e-02
6.254211052800134896e-02
6.473839813917965647e-02
6.384108106845531871e-02
6.293601274669632928e-02
6.157086843095647966e-02
6.208721525737648239e-02
6.163135305354878329e-02
4.995527882854809004e-02
4.901660917234169912e-02
4.807788368498238513e-02
4.713938652993599626e-02
5.089360982492587004e-02
5.183132088790174535e-02
5.276813250717822534e-02
5.370376712789273060e-02
5.463794932601525461e-02
5.557040596660739462e-02
5.650086634470567748e-02
5.742906230795515737e-02
5.835472836044686834e-02
5.927760174799220211e-02
6.019742252491350198e-02
6.111393360259530227e-02
4.186592385005485917e-02
4.273313623345463552e-02
4.397894514568317231e-02
4.450247422245830892e-02
4.402518420042005748e-02
4.306365336987769826e-02
4.356707620996853880e-02
4.314464877318889557e-02
4.538023592046829674e-02
4.444506573931998605e-02
4.573269323671337594e-02
4.579096744011732639e-02
4.625991791748807619e-02
4.620140297090144510e-02
6.631363284471589181e-02
6.556057394973253960e-02
6.417437766213517081e-02
6.462468242140619046e-02
6.467963249104065337e-02
6.405818603901329567e-02
6.461168112767531890e-02
6.456666221011590767e-02
6.202688077921904297e-02
6.423300988398281119e-02
6.327055004470870381e-02
6.378185320899024124e-02
6.332963183182625799e-02
6.236263629236590833e-02
6.287637646283514292e-02
6.242211786986739952e-02
4.936620764812162110e-02
4.942606621623773372e-02
4.989522037675471478e-02
4.842813891926159992e-02
4.848767572821745947e-02
4.895687290969617800e-02
4.749023564565100358e-02
4.801850983730632239e-02
4.754941066376334319e-02
4.655277894305977909e-02
4.708041350167756905e-02
4.661155389331870375e-02
5.030416171151916305e-02
5.036430036688472472e-02
5.083327111437042911e-02
5.124172223584121111e-02
5.130209776645781178e-02
5.177074545066393668e-02
5.217861172008186194e-02
5.270736532928244761e-02
5.223917951867976250e-02
5.311455426135465452e-02
5.364285451448959352e-02
5.317526845723741236e-02
5.404927571970553901e-02
5.457693875740987632e-02
5.411008931973780578e-02
5.498250387319355420e-02
5.504336890834569951e-02
5.550934594876644895e-02
5.591396856573795787e-02
5.597483623818427789e-02
5.643980625924881894e-02
5.684340183126058293e-02
5.736805225854074708e-02
5.690422266515159089e-02
5.777053800691062807e-02
5.829381901962880919e-02
5.783126199878190626e-02
5.869511382885785056e-02
5.921684420512337427e-02
5.875569059715780862e-02
5.961686851228873568e-02
5.967724744471499670e-02
6.013686813642195317e-02
6.053554381526985578e-02
6.059567421281213118e-02
6.105363384560644896e-02
4.049819310068125677e-02
4.099402128646188748e-02
4.144331076329559049e-02
4.184195172734124502e-02
4.146717868317710554e-02
4.233857613082926685e-02
4.228996096391923060e-02
4.278174019888319329e-02
4.352110968365262289e-02
4.270097613715208990e-02
4.479612704406845530e-02
4.485384075170767426e-02
4.532229978304419538e-02
4.386123065269806331e-02
4.392011622165203910e-02
4.438595721528471733e-02
4.526427431819662894e-02
4.561605068127461138e-02
4.614286723002055529e-02
4.567438915476761119e-02
6.621287470005372822e-02
6.644130794580943578e-02
6.556798822073164890e-02
6.576236609765530317e-02
6.611980511721483877e-02
6.484497371906135232e-02
6.540179559585694580e-02
6.500408919249257844e-02
6.411610673973515417e-02
6.394334994767905678e-02
6.455436441897324795e-02
6.400060384867725660e-02
6.145088408589583634e-02
6.151071530274788285e-02
6.196688710915141535e-02
6.372299002901722631e-02
6.281708855324262541e-02
6.190722443714641310e-02
4.983521643896956371e-02
4.889717009545981041e-02
4.795914900891655452e-02
4.702143382430922641e-02
4.608430606202920665e-02
5.077300851678969579e-02
5.171026811759300845e-02
5.264671851703300876e-02
5.358208467302663647e-02
5.451609338578066594e-02
5.544847344932615080e-02
5.637895578756498688e-02
5.730727357299953556e-02
5.823316233126214769e-02
5.915636002901754342e-02
6.007660714591765705e-02
6.099364673019019162e-02
4.097042536763065984e-02
4.189063295046812491e-02
4.292664079399536453e-02
4.345233314112334488e-02
4.299517756673672947e-02
4.192843869032918808e-02
4.249547914774623458e-02
4.213342458040179178e-02
4.432850737569596355e-02
4.339372774958063367e-02
4.468033330190218644e-02
4.520615512303995109e-02
4.473825595907719721e-02
4.514804790660475325e-02
6.589067410838587990e-02
6.520681770705630265e-02
6.439469654854951264e-02
6.315341440722845034e-02
6.360631446689629653e-02
6.366448075203259838e-02
6.303757871927455347e-02
6.349096726530364942e-02
6.354848021606594732e-02
6.321181449385156192e-02
6.224465275520946889e-02
6.275813883885783540e-02
6.230348465859637114e-02
6.133214975460554719e-02
6.139136546080044970e-02
6.184788312944639738e-02
4.924660124049059368e-02
4.930638774726980172e-02
4.977526176088247628e-02
4.830911410433061381e-02
4.836862010273384332e-02
4.883749557367211835e-02
4.737187445201272717e-02
4.743105861090958497e-02
4.789979611864711440e-02
4.643516025206391451e-02
4.649398275411269904e-02
4.696244246316560317e-02
4.549924999557164451e-02
4.602571443119252148e-02
4.555767265426037549e-02
5.018405870418082143e-02
5.024408296695798137e-02
5.071281664063177069e-02
5.112121026820282826e-02
5.164988332255384534e-02
5.118142827311062543e-02
5.205778085950160672e-02
5.258618629122237265e-02
5.211814744085802725e-02
5.299349673808297773e-02
5.352145157838739120e-02
5.305396571100807340e-02
5.392808563177640263e-02
5.445540690833342717e-02
5.398860993952223075e-02
5.486127690098909632e-02
5.538778185456584569e-02
5.492180875711880073e-02
5.579280168049497585e-02
5.631830797317659287e-02
5.585329271379740196e-02
5.672239300234729192e-02
5.724671892131506096e-02
5.678279440207935347e-02
5.764978590834030775e-02
5.817275056170761321e-02
5.771004856958329016e-02
5.857471755010318359e-02
5.909614105306918580e-02
5.863479221672510816e-02
5.949692727477746274e-02
5.955676467933077728e-02
6.001663092520347076e-02
6.041615669668261301e-02
6.093396313876794229e-02
6.047570769615361053e-02
3.954710720068542462e-02
4.002212977463240340e-02
4.038957178214828969e-02
4.044390468465811767e-02
4.091588442101063566e-02
4.168591576904855101e-02
4.242727920143834347e-02
4.374590956204669340e-02
4.427061687396136730e-02
4.380360379785929598e-02
4.281306225959118084e-02
4.333670185941275454e-02
4.286989277787555536e-02
4.421294199052454299e-02
4.456442255310685829e-02
4.462240891041186625e-02
4.508989241114006591e-02
6.569378575197694359e-02
6.595339978436666473e-02
6.509042105037583792e-02
6.565260437280119599e-02
6.532924885430642370e-02
6.462448603625356447e-02
6.473465664596375624e-02
6.509687795584316594e-02
6.381170389010630550e-02
6.432902683575156266e-02
6.387738741051821045e-02
6.309533939636945143e-02
6.292295884232920744e-02
6.298012207041596422e-02
6.343376505572341506e-02
6.269951689726029065e-02
6.178885330729957936e-02
6.087457371181910493e-02
4.971535094228755197e-02
4.877784404623070752e-02
4.784044594771313247e-02
4.690343423376723553e-02
4.596708715965574371e-02
4.503168343242035243e-02
5.065268992053807706e-02
5.158958530844742763e-02
5.252576267841885943e-02
5.346094900469432198e-02
5.439487281322730877e-02
5.532726433501043012e-02
5.625785563848269277e-02
5.718638074726172665e-02
5.811257574645617430e-02
5.903617887558427341e-02
5.995693060728692070e-02
3.996799596048959680e-02
4.093276303111617609e-02
4.118789848242843804e-02
4.066108368561472536e-02
4.143020858360612485e-02
4.188207466374473109e-02
4.240387077363268892e-02
4.190533494662457281e-02
4.327927113055857894e-02
4.234731811755552272e-02
4.363095694997513180e-02
4.415525715238672461e-02
4.368847235981844490e-02
4.409750202723866641e-02
6.539227541786359066e-02
6.485754133505045038e-02
6.421853285907185016e-02
6.336780760875143637e-02
6.212790837339771111e-02
6.264121254467856781e-02
6.258321537788666400e-02
6.201232313977882160e-02
6.252551527469690784e-02
6.246810195160650697e-02
6.218613073021612286e-02
6.121458933605404551e-02
6.127322761128062290e-02
6.173012530472972437e-02
6.029787418803604637e-02
6.035688192946686570e-02
6.081546927370173189e-02
4.912710576121090411e-02
4.918684247709543406e-02
4.965547833519558946e-02
4.819011811191200451e-02
4.871820995216370048e-02
4.824961530694414635e-02
4.725346242676703445e-02
4.778109298170480496e-02
4.731267757926362755e-02
4.631741391158376853e-02
4.637630582147089786e-02
4.684440362789631107e-02
4.538224818943662614e-02
4.544077703214460112e-02
4.590841870759906213e-02
4.444824102414218076e-02
4.497341536709741072e-02
4.450636847143500663e-02
5.006415057750594755e-02
5.012408317367493538e-02
5.059262259392338645e-02
5.100097856376402394e-02
5.106106234593613125e-02
5.152936816731273212e-02
5.193731656947860736e-02
5.246544158320173151e-02
5.199750594379923957e-02
5.287289252656614258e-02
5.340057064399892500e-02
5.293314112496396578e-02
5.380743551680082504e-02
5.433448454319397131e-02
5.386769635568746523e-02
5.474067600160088115e-02
5.526691405151577113e-02
5.480090160776415753e-02
5.567234592562884249e-02
5.619759163058704599e-02
5.573248848093350499e-02
5.660217884379994263e-02
5.712625155304210806e-02
5.666219032756688451e-02
5.752991004004147368e-02
5.758974236802015534e-02
5.805263001232242176e-02
5.845527663183584105e-02
5.851488179270929180e-02
5.897646521814057380e-02
5.937801766357491545e-02
5.989749747934658419e-02
5.943734785138693466e-02
3.864108905905795643e-02
3.909360809232905604e-02
3.988378183440273450e-02
4.013654195036249483e-02
3.971549602758650543e-02
4.040770315394662249e-02
4.095322775444117103e-02
4.144035835887188712e-02
4.094305109725187436e-02
4.141736532482082067e-02
4.269913213882828990e-02
4.322208952030199419e-02
4.275614383913611122e-02
4.176922679261185073e-02
4.229067027869878176e-02
4.182570410458690685e-02
4.316482195972091290e-02
4.351566812704791426e-02
4.403967091360293240e-02
4.357335745254306558e-02
6.511371703956293777e-02
6.540389457397501050e-02
6.457392529939534609e-02
6.483224879458629464e-02
6.513478018976201489e-02
6.388695638077582228e-02
6.448970025528349970e-02
6.425601837043658227e-02
6.384917138669594927e-02
6.283484075323494955e-02
6.287876177833948144e-02
6.332383608243505324e-02
6.206997588684908668e-02
6.189781782330244786e-02
6.195494044075475215e-02
6.241096539846454488e-02
6.167168924240799821e-02
6.075664043910179724e-02
5.983832262248652695e-02
4.959563814239169310e-02
4.865858760343984984e-02
4.772173155259235022e-02
4.678534501411942687e-02
4.584970342592977616e-02
4.491508250544948289e-02
4.398175801468635210e-02
5.053260875031367200e-02
5.146922583232810960e-02
5.240521675905231158e-02
5.334031001834457081e-02
5.427423536402252446e-02
5.520672398260121488e-02
5.613750860866452419e-02
5.706632364780200167e-02
5.799290528830554348e-02
5.891699160016065223e-02
3.926165449848556532e-02
4.041805451705007129e-02
4.084151910368284677e-02
4.089743304264611273e-02
4.136127987905796610e-02
4.223392206604818788e-02
4.130508078451472498e-02
4.258480499219888249e-02
4.310746261992563777e-02
4.264202114546576661e-02
4.305000558096123281e-02
6.484392785693375572e-02
6.423065400685888660e-02
6.336156232709115599e-02
6.236680849254660347e-02
6.109812676922760089e-02
6.161353548848950284e-02
6.155565423312539530e-02
6.098268658971663092e-02
6.144067096498948000e-02
6.149803594651237493e-02
6.115622560488596926e-02
6.018062395651007507e-02
6.069807804322303185e-02
6.023912459214340182e-02
5.926007084529408969e-02
5.931892824506408701e-02
5.977939730892307263e-02
4.900767446403189731e-02
4.953582439035696117e-02
4.906738508865264581e-02
4.807110466943837618e-02
4.859897105612401291e-02
4.813061655197590355e-02
4.713495337450394895e-02
4.766235576648601702e-02
4.719422300048359276e-02
4.619949360575235225e-02
4.672625245659049048e-02
4.625847849069206208e-02
4.526499853656100469e-02
4.579093533764365398e-02
4.532365736230870024e-02
4.433174126505336904e-02
4.439003398918668630e-02
4.485667878976432738e-02
4.339999464982258887e-02
4.392375714128044645e-02
4.345788260085237109e-02
4.994438993538980603e-02
5.047264233446157461e-02
5.000425486100632672e-02
5.088097876598952907e-02
5.140915212864884121e-02
5.094095277284250989e-02
5.181716926807344165e-02
5.234508186855071910e-02
5.187720646639025490e-02
5.275269051854731411e-02
5.328016060675266896e-02
5.281274450738759202e-02
5.368727249282125025e-02
5.421411853501891670e-02
5.374729648542996702e-02
5.462064626087817509e-02
5.514668713448911408e-02
5.468059322661122934e-02
5.555254409623602840e-02
5.607759929404576571e-02
5.561236689952574891e-02
5.648269960870788697e-02
5.700658943644293375e-02
5.654235114488674607e-02
5.741084786640995863e-02
5.793339363193870939e-02
5.747028119565793236e-02
5.833672550797438378e-02
5.839589398519247354e-02
5.885774970143058116e-02
3.884697458343171900e-02
3.936476189039740670e-02
3.874412001781995379e-02
3.778326863069811359e-02
3.821172427109638392e-02
3.991310759218463095e-02
4.043260378453683579e-02
3.989853629381994587e-02
4.037698020255350850e-02
4.165592667943336658e-02
4.217706750121702486e-02
4.171263636251288515e-02
4.072930761498239766e-02
4.124876210840609098e-02
4.078547932149951399e-02
4.212010050479279150e-02
4.247003115701580150e-02
4.299244449528012019e-02
4.252747712388256496e-02
6.447413442044057363e-02
6.479414199003032115e-02
6.413646205671384715e-02
6.435523458916980744e-02
6.462577196423609227e-02
6.351373135650097146e-02
6.404459224140243712e-02
6.370029610360480876e-02
6.269703512954563629e-02
6.329287474738447272e-02
6.276581434385464231e-02
6.178431451694240545e-02
6.231019756611790028e-02
6.184094574246142006e-02
6.104028360738419229e-02
6.086819450187128805e-02
6.138354992590279446e-02
6.092532666923326096e-02
6.063977274359824005e-02
5.972071263720090534e-02
5.879873103231803011e-02
4.853935429266013207e-02
4.947603100280740379e-02
4.760295962469029279e-02
4.666711994488308840e-02
4.573210837490199188e-02
4.479819807248060226e-02
4.386566203815111392e-02
4.293477295647555453e-02
5.041271716414291032e-02
5.134914075389686999e-02
5.228503044724630566e-02
5.322011575175653042e-02
5.415412717243629770e-02
5.508679636430821591e-02
5.601785625334096408e-02
5.694704116389397858e-02
5.787408693588450698e-02
3.831450869863470970e-02
3.937948850502576842e-02
3.981581663206560512e-02
4.032813064755216836e-02
3.986453716271230741e-02
4.119231755992885935e-02
4.027223357979930335e-02
4.154212264425511530e-02
4.206301453843831750e-02
4.159909096394404787e-02
4.200580301131747601e-02
6.430527746601531758e-02
6.382527881783071899e-02
6.310575220788446071e-02
6.377674857838137867e-02
6.412572684870890272e-02
6.224111585200069879e-02
6.132666337168503345e-02
6.006433406354213383e-02
6.052389695302980849e-02
6.058171545634176425e-02
5.994893352647114038e-02
6.040894045710230170e-02
6.046630830202619905e-02
6.012236347824607280e-02
5.914301817128292393e-02
5.966225993461939797e-02
5.920143704922735395e-02
5.821899858175556136e-02
5.873992730113018756e-02
5.827776314239677125e-02
4.795202495569915457e-02
4.847973112248957217e-02
4.801157622048055074e-02
4.888825834573170409e-02
4.941625174757738326e-02
4.894796763639232967e-02
4.701629840542895927e-02
4.754353691210808780e-02
4.707564726195902910e-02
4.608135004279471231e-02
4.660794122549413721e-02
4.614045288841508996e-02
4.514745106833735477e-02
4.567321619836434143e-02
4.520626522825905991e-02
4.421487238315045809e-02
4.427335622387758990e-02
4.473963388827544713e-02
4.328388444055589201e-02
4.334199747560723431e-02
4.380746608909638629e-02
4.235475708637750913e-02
4.287698416864921258e-02
4.241246008569306974e-02
4.982472727261091222e-02
5.035282695229752886e-02
4.988454950719047737e-02
5.076116065150510642e-02
5.128918532470704006e-02
5.082105019259643142e-02
5.169728772054005272e-02
5.222505599624601563e-02
5.175719852890069833e-02
5.263283820774958266e-02
5.269272397959988419e-02
5.316016879250560351e-02
5.356754251396237537e-02
5.362735679347187256e-02
5.409425442308563037e-02
5.450113182981639048e-02
5.456082816083752257e-02
5.502704459495617872e-02
5.543333828363025684e-02
5.549287034170417160e-02
5.595827215313709663e-02
5.636389507443349128e-02
5.688767120857425585e-02
5.642321679840028859e-02
5.729253660073756887e-02
5.781497725897653817e-02
5.735160232071760678e-02
3.808444619048907687e-02
3.793387975178327820e-02
3.846536175182319051e-02
3.890335177832617009e-02
3.887523629429924521e-02
3.940766377052348779e-02
3.697648088840766595e-02
3.737946837561991614e-02
3.935921033891253557e-02
4.061683448992122608e-02
4.067314412317202948e-02
4.113588777130132434e-02
3.969531599872239136e-02
3.975564044393920665e-02
4.021177717990949418e-02
4.107917097419442470e-02
4.142775939607216268e-02
4.194845891038156277e-02
4.148501446908448714e-02
6.347290910726079149e-02
6.397420251434655925e-02
6.380492751913827143e-02
6.326481408848107224e-02
6.338924734599672706e-02
6.370114524211883955e-02
6.254203691289299261e-02
6.302847072879028123e-02
6.261944246050110685e-02
6.362478313909286642e-02
6.167173761939948734e-02
6.218498693006020012e-02
6.172791497670235966e-02
6.075457792715083238e-02
6.127000222930938794e-02
6.081128128069509392e-02
6.000652705720487673e-02
5.983435287339704950e-02
6.035178470384396088e-02
5.989154503288252052e-02
5.960403038727747627e-02
5.868133007931536360e-02
5.775605652794235656e-02
4.748408134316744328e-02
4.842009523622874123e-02
4.935648030366966005e-02
4.654870996994549259e-02
4.561425241098241573e-02
4.468097973735613015e-02
4.374916264647564501e-02
4.281907130789856797e-02
4.189097520175429079e-02
5.029296533180961648e-02
5.122927937785388963e-02
5.216515190587232842e-02
5.310031296181524918e-02
5.403449332353608275e-02
5.496742463331419359e-02
5.589883953837741781e-02
5.682847182187523993e-02
3.752970937867348283e-02
3.849356790512796500e-02
3.878603192635656643e-02
3.930034776956683323e-02
3.884476141016729445e-02
4.015573461873102323e-02
3.924030557190728158e-02
4.050315951569272155e-02
4.102216032907584492e-02
4.056007718519981375e-02
4.096514295901908242e-02
6.336881583138716245e-02
6.290372527528102775e-02
6.210728395122450118e-02
6.302353365746654612e-02
6.340049048002839582e-02
6.269695718235404613e-02
6.308529044738965530e-02
6.323759467101672249e-02
6.121355726567234007e-02
6.029483224939941044e-02
5.902679173931390383e-02
5.948820646025641812e-02
5.954601544796161300e-02
5.891132495561106353e-02
5.937317285473579093e-02
5.943059507231759908e-02
5.908480591814188609e-02
5.810203078929877807e-02
5.862293117422934935e-02
5.816042386347388543e-02
5.717491377088389920e-02
5.769731687368285372e-02
5.723364304299471961e-02
4.689744634361754649e-02
4.695690026009021606e-02
4.742458643996636664e-02
4.783282806456808783e-02
4.789244437771397744e-02
4.836044021691077860e-02
4.876880657228931104e-02
4.882854013034179652e-02
4.929671025779311377e-02
4.596293146876257590e-02
4.648941963218354567e-02
4.602217842143645210e-02
4.502955316704420480e-02
4.555521035384779704e-02
4.508854926690300524e-02
4.409758063018037050e-02
4.462222882229874288e-02
4.415628278552320013e-02
4.316728233227335593e-02
4.322564838515561420e-02
4.369074474437015937e-02
4.223892593874672974e-02
4.229691476736233829e-02
4.276102719639854333e-02
4.131277815651060448e-02
4.137034977118216050e-02
4.183334446918008515e-02
4.970511159012679786e-02
5.023312585682692538e-02
4.976491678854940565e-02
5.064147270395051581e-02
5.116941640040689743e-02
5.070130366365400293e-02
5.157761961445538057e-02
5.163743028602219703e-02
5.210531157710633632e-02
5.251328225570043445e-02
5.304054152875974787e-02
5.257302654752687293e-02
5.344819093644075786e-02
5.350782286337504856e-02
5.397483698000807295e-02
5.438207649556571488e-02
5.444155030805541973e-02
5.490792939031799436e-02
5.531467044468353633e-02
5.537394076029727302e-02
5.583955109214530643e-02
5.624570511027938979e-02
5.676943542674267595e-02
5.630472704040684340e-02
3.787507606704512003e-02
3.797978284533306409e-02
3.742540490372225220e-02
3.838859310107471667e-02
3.622326703562457617e-02
3.659952431067083761e-02
3.833015801129675826e-02
3.958149446534878213e-02
3.963849099720506697e-02
4.009863961783211028e-02
3.866460748088647315e-02
3.872540612800243892e-02
3.917939408005081253e-02
4.004197733337532678e-02
4.038910456892338269e-02
4.090796390372781338e-02
4.044622021162870562e-02
6.252012246556395980e-02
6.299707330002865535e-02
6.289280164935641404e-02
6.253098738934413647e-02
6.153648191594001532e-02
6.160401692266635754e-02
6.203984325665723443e-02
6.286019682827245769e-02
6.260844822335150106e-02
6.063783235140475514e-02
6.069611019320644146e-02
6.115535709369297745e-02
5.972052472480073732e-02
5.977734890530000261e-02
6.023807467127987453e-02
5.896896753363675692e-02
5.879655309865984558e-02
5.931593172378035739e-02
5.885385616718240287e-02
5.856472228868227908e-02
5.763875032752591165e-02
5.671055435183747218e-02
4.643006365859179280e-02
4.736504570126278540e-02
4.830075959827266618e-02
4.923693516253378061e-02
4.549608338246259598e-02
4.456337435105423017e-02
4.363220541576001005e-02
4.270284466441612997e-02
4.177555930071254892e-02
4.085061548667281994e-02
5.017330202953375340e-02
5.110958982349766977e-02
5.204552834290324809e-02
5.298084769049541537e-02
5.391527842175522500e-02
5.484855169399387165e-02
5.578039940880978598e-02
3.702605196205275423e-02
3.700137994085529736e-02
3.745011255873162415e-02
3.662425496865020363e-02
3.763232103285306385e-02
3.820839954322643311e-02
3.775375793489661042e-02
3.912266933946492720e-02
3.814792292708136384e-02
3.946816953654248838e-02
3.998515176806267946e-02
3.952492657780966312e-02
3.992827821302276370e-02
6.202882715806851133e-02
6.108753243438606179e-02
6.198943777907776898e-02
6.234348555670881503e-02
6.250712178074251113e-02
6.221674676649015939e-02
6.262054496215037347e-02
6.153284950796248515e-02
6.211567951355264489e-02
6.202704859059719050e-02
6.017953349766825416e-02
5.925886354726402072e-02
5.798575816388069210e-02
5.850669539963407328e-02
5.844884241144109732e-02
5.787011839997498880e-02
5.833362696549027754e-02
5.839115554125585972e-02
5.804381156259647012e-02
5.705791778563036598e-02
5.711634126001775141e-02
5.758034916325185937e-02
5.612807024592073729e-02
5.665182113569495331e-02
5.618682199934002530e-02
4.584418427147583103e-02
4.637063530181724513e-02
4.590360233577865656e-02
4.677834435724368550e-02
4.730545250082711373e-02
4.683792991977590858e-02
4.771346177542698519e-02
4.824104683219982564e-02
4.777316938880496466e-02
4.864926721799443798e-02
4.917714847896875047e-02
4.870905111892216699e-02
4.491125017589082252e-02
4.543686461728137227e-02
4.497045577043207176e-02
4.397980997079523058e-02
4.450440928303731752e-02
4.403875871215490873e-02
4.305013064740246392e-02
4.357353741094509986e-02
4.310877883747817052e-02
4.212247816263929578e-02
4.264451623488572235e-02
4.218078290313981987e-02
4.119711721423408718e-02
4.171761195238438136e-02
4.125503655892460292e-02
4.027431125447909765e-02
4.033180427204968721e-02
4.079308965639325685e-02
4.958549089708206431e-02
5.011348731482952179e-02
4.964530513827439262e-02
5.052186265821832084e-02
5.104979308724596349e-02
5.058166122335459175e-02
5.145811217317885350e-02
5.151784912129836469e-02
5.198579557353653902e-02
5.239396907155743910e-02
5.292122471769190872e-02
5.245359867465707038e-02
5.332916309553881878e-02
5.385581078584809889e-02
5.338863996916670684e-02
5.426342425369958672e-02
5.478928451483647960e-02
5.432270348808974914e-02
5.519648297229330647e-02
5.525552025888007951e-02
5.572137725925106061e-02
3.732905714092781685e-02
3.662800825456444254e-02
3.682696890431983588e-02
3.642565450066424793e-02
3.552587974842587315e-02
3.587428888376301833e-02
3.855037044832788223e-02
3.860758858509581032e-02
3.906537523060214095e-02
3.763603570161050405e-02
3.763430864748549404e-02
3.814971946335683067e-02
3.900887822793139975e-02
3.935432231860609698e-02
3.987121316595343412e-02
3.941134919198659159e-02
6.153453641727484741e-02
6.052509647497033435e-02
6.058137663593996664e-02
6.103134632025281059e-02
6.210301612248973063e-02
6.176113720200129831e-02
5.960738436772904797e-02
6.012313935102420875e-02
5.966387256740812023e-02
5.868241387726026714e-02
5.920196058209636208e-02
5.873940824455845672e-02
5.792786303314084034e-02
5.775505141544961391e-02
5.827624921170049266e-02
5.781251701131493587e-02
5.752210558729325962e-02
5.659322825502612064e-02
5.566247735831770377e-02
4.537754718852957808e-02
4.631112782264108080e-02
4.724580020663107782e-02
4.818129533955316235e-02
4.911734365502868488e-02
4.444532660093775123e-02
4.351473352267867106e-02
4.258603444424524653e-02
4.165949470858194836e-02
4.073537840560664119e-02
3.981394829325926588e-02
5.005367516316056031e-02
5.099001960365445035e-02
5.192610660811913803e-02
5.286166584332158830e-02
5.379642716556375104e-02
5.473012077332035236e-02
3.712953973528138746e-02
3.607612689605173284e-02
3.809277349307420985e-02
3.683854491581611823e-02
3.723507320420885169e-02
3.723692484370764305e-02
3.843741091651851211e-02
3.895224491791915433e-02
3.849399977509559978e-02
3.889546566003680012e-02
6.102942836398351362e-02
6.006658663712648172e-02
6.120810095826527408e-02
6.171298269060993685e-02
6.159912768877967570e-02
6.111868823186055594e-02
6.132582806516588547e-02
6.155448314333688414e-02
6.135892642587607165e-02
6.178828941586055751e-02
5.914521505003606655e-02
5.821901479702328713e-02
5.694148850049620542e-02
5.740606111434247427e-02
5.746401208701788083e-02
5.682556778134560671e-02
5.729055783295633475e-02
5.734824544060283108e-02
5.699963603328669914e-02
5.601093223934924814e-02
5.653476843490794906e-02
5.606944274812031975e-02
5.507871926545845204e-02
5.513755166220347254e-02
5.560369263591100758e-02
4.479248580710260691e-02
4.485192919555897745e-02
4.531812405698559809e-02
4.572505349616711595e-02
4.625153436012701541e-02
4.578467027666565520e-02
4.665893858467581867e-02
4.718608207314601427e-02
4.671868282271168099e-02
4.759387297663876526e-02
4.812149846965366878e-02
4.765369851583679123e-02
4.852958764885396958e-02
4.905751411889460595e-02
4.858944825034595960e-02
4.386150259605010177e-02
4.392072701097105708e-02
4.438611905507836713e-02
4.293236977124480214e-02
4.345578628031406682e-02
4.299133011617045641e-02
4.200535195736555816e-02
4.252739156039412466e-02
4.206400374714225343e-02
4.108071241584321243e-02
4.160119952208343047e-02
4.113901183050564653e-02
4.015871286286590292e-02
4.021661689967334641e-02
4.067747338750262592e-02
3.923961329688047811e-02
3.929707992348797224e-02
3.975647489424357500e-02
4.946581282949099462e-02
4.952566230692721783e-02
4.999385903203759640e-02
5.040227812995470846e-02
5.093026282489354628e-02
5.046207047493198733e-02
5.133871270091758948e-02
5.186645486209741363e-02
5.139840222652819479e-02
5.227484538590371904e-02
5.280216441165545144e-02
5.233438685899274162e-02
5.321040487810855396e-02
5.373712080061911894e-02
5.326975365022262876e-02
5.414511988019835020e-02
5.420423201525376156e-02
5.467105357097944845e-02
3.673332939234418698e-02
3.593857562350585150e-02
3.573222280954164304e-02
3.628302514443391275e-02
3.488629687408760505e-02
3.520587291582920331e-02
3.752838343040530017e-02
3.758232080193552732e-02
3.803879361507316037e-02
3.650639780262363021e-02
3.707043605102410683e-02
3.667248362604230011e-02
3.798246615710079016e-02
3.832367214041886017e-02
3.883846427982173138e-02
3.838066032234171282e-02
6.037340342968393336e-02
6.044918058006140682e-02
6.095387166323241318e-02
5.948300334149252827e-02
5.954512239863037765e-02
6.000460392087275663e-02
6.128343159098933318e-02
6.116332877257775469e-02
6.074629046955497269e-02
5.856884798326663505e-02
5.908861960273758401e-02
5.862556290378270751e-02
5.764049990294028286e-02
5.769771473510315607e-02
5.816191663063981221e-02
5.688346815327007672e-02
5.671010006244324442e-02
5.676778070083134814e-02
5.723299141610094926e-02
5.647643437069314876e-02
5.554501599824578778e-02
5.461207599192831330e-02
4.432677947162248083e-02
4.525858824112470591e-02
4.619184808731013892e-02
4.712629140624915308e-02
4.806164962097976556e-02
4.899765331594711781e-02
4.339668828804703338e-02
4.246857997182807570e-02
4.154271848007243251e-02
4.061936631455054236e-02
3.969878434415616969e-02
3.878123178931759674e-02
4.993403239232192814e-02
5.087051621202245966e-02
5.180683375260871498e-02
5.274271376257521488e-02
5.367788491976013820e-02
3.638802488226541842e-02
3.541164940164649028e-02
3.701678460322124081e-02
3.622238069810315014e-02
3.741114592871396666e-02
3.792370014423952079e-02
3.746988440102644313e-02
3.786696617927037128e-02
5.992851886279908918e-02
5.902622496282170644e-02
6.045290726830076372e-02
6.090640932958932274e-02
6.033475829368387111e-02
6.077187050069846747e-02
6.084736113950272446e-02
6.029164787063297920e-02
6.075027606816078146e-02
6.070555230218423887e-02
6.033246273089660355e-02
5.810494762885106551e-02
5.717553934023317935e-02
5.589423464285282056e-02
5.636011544084763847e-02
5.641821904463099890e-02
5.577792336513753835e-02
5.624421667055877483e-02
5.630211686876978455e-02
5.595253187132945977e-02
5.496132429779138073e-02
5.501997908566725465e-02
5.548644060519843102e-02
5.402710950233306775e-02
5.455318134000880503e-02
5.408608126994491477e-02
4.374259950049156492e-02
4.426730050916686393e-02
4.380212920378765556e-02
4.467320288076179202e-02
4.519893262386395771e-02
4.473291273717599353e-02
4.560548350737723272e-02
4.613206207753738075e-02
4.566532687745662733e-02
4.653917465787900387e-02
4.706642143664487021e-02
4.659910478232752451e-02
4.747400830183782366e-02
4.753397844791645843e-02
4.800174214906911124e-02
4.840971523769257295e-02
4.893775470220233098e-02
4.846967882202824623e-02
4.281393862446757070e-02
4.287324180353579289e-02
4.333743192464126204e-02
4.188748404158773586e-02
4.240959174015695998e-02
4.194651468798279992e-02
4.096349777713460816e-02
4.148404329988748807e-02
4.102221044706217540e-02
4.004224049874002822e-02
4.010059022129064399e-02
4.056104858551136394e-02
3.912397066767761555e-02
3.964086770002765714e-02
3.918191319115696403e-02
3.820894462845792622e-02
3.826643669387837232e-02
3.872375882728638224e-02
4.934602523024173015e-02
4.940593596191987513e-02
4.987418875799989187e-02
5.028266715774300233e-02
5.081077330492216049e-02
5.034247917349520679e-02
5.121936916513242927e-02
5.174723681171294887e-02
5.127903716564181924e-02
5.215585882376714416e-02
5.268330738605158520e-02
5.221533820660329700e-02
5.309186329560831863e-02
5.361871293690557289e-02
5.315111028418956912e-02
3.537467996078411808e-02
3.565649059366268747e-02
3.513042381371563744e-02
3.430622937695232411e-02
3.459612002995825913e-02
3.652884202808747566e-02
3.702802315912543524e-02
3.651776255622832951e-02
3.593966976162672744e-02
3.696954032198979112e-02
3.729741720407117600e-02
3.780997860201849858e-02
3.735441640766281463e-02
5.936134656869822279e-02
5.986790757687072279e-02
5.942210972516403372e-02
5.845579959120145164e-02
5.896990515053579518e-02
5.851226252014980062e-02
6.039374757132668498e-02
6.031312146504210631e-02
5.982685771314915496e-02
5.752640986447112026e-02
5.758340048437582404e-02
5.804810115522884145e-02
5.659503289919268904e-02
5.711819515200541875e-02
5.665251960162225736e-02
5.583603402952791450e-02
5.566194722836678710e-02
5.618640855216251728e-02
5.571989651881719546e-02
5.542795962486020411e-02
5.449436293384597729e-02
5.355959828747840906e-02
4.420767490290258145e-02
4.327800970158052901e-02
4.513915016537817931e-02
4.607216948397103995e-02
4.700646546628323846e-02
4.794176947935088751e-02
4.887781178687789635e-02
4.235041909860277204e-02
4.142516601355140937e-02
4.050251180451691635e-02
3.958271604569935792e-02
3.866603614821759877e-02
3.775272770613979229e-02
4.981432169160299184e-02
5.075102768553910876e-02
5.168765760654335517e-02
5.262393880037966737e-02
3.483961167494020045e-02
3.576357382099436960e-02
3.613467247620451295e-02
3.614583508138131951e-02
3.556909343665550643e-02
3.636605816472893854e-02
3.688796436674764839e-02
3.644757304301272233e-02
3.683122153589756670e-02
5.890885787699556148e-02
5.799137059732751426e-02
5.942399005933780148e-02
5.993890853236683719e-02
5.987983357170090920e-02
5.950182283506687264e-02
5.997788370425794630e-02
5.932527867559617835e-02
5.983045451698123379e-02
5.980896301289827938e-02
5.934324156541077866e-02
5.706095245469503668e-02
5.612868628283395472e-02
5.484424518293017081e-02
5.531125478317807515e-02
5.536956651756346631e-02
5.472743173544793172e-02
5.525301825233971953e-02
5.519485082593413028e-02
5.490274850247756078e-02
5.390934116695385997e-02
5.443561435046989638e-02
5.396819826840251050e-02
5.297348705491902732e-02
5.303265765907195367e-02
5.350053463081162752e-02
4.362304107279617316e-02
4.414789526699026967e-02
4.368290591111247817e-02
4.269477536385678923e-02
4.321841393587071145e-02
4.275445236745919336e-02
4.455334383104195967e-02
4.507923373551483287e-02
4.461334895103709342e-02
4.548541850636256961e-02
4.554551634946334138e-02
4.601216338967890201e-02
4.641899826419001313e-02
4.647914138651828425e-02
4.694641677142880748e-02
4.735381468401264615e-02
4.741395589647134229e-02
4.788172504340657692e-02
4.828959789385486173e-02
4.881781812531880982e-02
4.834969040311886540e-02
4.176881002464073733e-02
4.229105405424565811e-02
4.182825181904309408e-02
4.084540622853992387e-02
4.136607812410347113e-02
4.090456581130982178e-02
3.992482362582711747e-02
4.044374700230541492e-02
3.998365445130352275e-02
3.900732018973688403e-02
3.952432002608537165e-02
3.906577590662305144e-02
3.809314743524581937e-02
3.815118405893110770e-02
3.860805219270971311e-02
3.718256893459449819e-02
3.724013806278785033e-02
3.769520347914247227e-02
4.922607670985598705e-02
4.975442483765905172e-02
4.928607425803788883e-02
5.016297878579770164e-02
5.069127305346464440e-02
5.022283578860962938e-02
5.110003077125629262e-02
5.115970245340935307e-02
5.162808985764431868e-02
5.203695847817094849e-02
5.209640100506202770e-02
5.256460171272610282e-02
3.489058526012672745e-02
3.513258136790239905e-02
3.459825672476796177e-02
3.378713965896378013e-02
3.404661490047821565e-02
3.552213934126257494e-02
3.602484466135005836e-02
3.564291401149578820e-02
3.532654479311988366e-02
3.594365210632207569e-02
3.627582444689340935e-02
3.678602124879587487e-02
3.632108624604729608e-02
5.834321639709458274e-02
5.885278771136468606e-02
5.839945308705456195e-02
5.741273096123806347e-02
5.746952206244135275e-02
5.793474983129136280e-02
5.946282135879715769e-02
5.937455384905768879e-02
5.883459253021205287e-02
5.648031754549894673e-02
5.700380528848430356e-02
5.653763418222620268e-02
5.554625851882750986e-02
5.607104403402443649e-02
5.560406982499265655e-02
5.478580830695552184e-02
5.461083702625665892e-02
5.466910987279522544e-02
5.513674677395229845e-02
5.437692921339604829e-02
5.344151567979250894e-02
5.250528989094136595e-02
4.315863706766268765e-02
4.408795433824622134e-02
4.223148873879612603e-02
4.501917631146829663e-02
4.595203698976636081e-02
4.688626873007666757e-02
4.782160236932219560e-02
4.875776736150656820e-02
4.130677160968000694e-02
4.038474610232939410e-02
3.946567103728541165e-02
3.854980116070909346e-02
3.763739403716943183e-02
3.672870121337921262e-02
4.969449192233861556e-02
5.063150318315493698e-02
5.156852735337627558e-02
3.433793595057114956e-02
3.520612690766269232e-02
3.518107115342408719e-02
3.577267474163182276e-02
3.535171118793655615e-02
3.572764360495049585e-02
5.787823294448672662e-02
5.694674781076394104e-02
5.851577825568126529e-02
5.900916361793812764e-02
5.897032065495876746e-02
5.838436907969016959e-02
5.890458736343455459e-02
5.885527392054627771e-02
5.850909512301079307e-02
5.900599332557541349e-02
5.836371370292185723e-02
5.601347607365259745e-02
5.507870046677643822e-02
5.379176540488619235e-02
5.425972503791363227e-02
5.431830144316478204e-02
5.367433579014038031e-02
5.414270376513825173e-02
5.420119433132734865e-02
5.385053222921410560e-02
5.285522712574045046e-02
5.338253540989471024e-02
5.291434554250368932e-02
5.191809548010267034e-02
5.244599733045766238e-02
5.197752529536551341e-02
4.257481782087847721e-02
4.309867144035630510e-02
4.263489973123330001e-02
4.350276770111512203e-02
4.356299745026964015e-02
4.402784475714931894e-02
4.164926493548166964e-02
4.217171511046451798e-02
4.170915038889553422e-02
4.443285126427099635e-02
4.449318028609181713e-02
4.495897081412136842e-02
4.536480308745907686e-02
4.589178345657216052e-02
4.542518301898369748e-02
4.629835574142467797e-02
4.682601473270873310e-02
4.635873857621435057e-02
4.723323993421060796e-02
4.776139503311548767e-02
4.729357816180149859e-02
4.816918463666518269e-02
4.869765322368647259e-02
4.822943138622732412e-02
4.072637009020086546e-02
4.124723797320675733e-02
4.078601047815919034e-02
3.980639199334985723e-02
4.032549999038279043e-02
3.986573912587765972e-02
3.888958575807020118e-02
3.940675856053236364e-02
3.894859282468730172e-02
3.797619510798655451e-02
3.849126453476531262e-02
3.803481914245313011e-02
3.706651490764997087e-02
3.757929116537031544e-02
3.712469725037260276e-02
3.616075068184990138e-02
3.621844964366324748e-02
3.667107298225746187e-02
4.910591722553116212e-02
4.963451679232636082e-02
4.916602640748243824e-02
5.004316363744328033e-02
5.057171200541592249e-02
5.010309008252872981e-02
5.098064853442314109e-02
5.150896407422911327e-02
5.104034812881597799e-02
3.444622888989450765e-02
3.411643624812655401e-02
3.466839071517678617e-02
3.333026852704014387e-02
3.355870676741359165e-02
3.498336339100993619e-02
3.481333195662194430e-02
3.529013154884850373e-02
3.578240557393719268e-02
3.523576160734528256e-02
5.735096929560332124e-02
5.738179290953284578e-02
5.784754761009087282e-02
5.636590937970992199e-02
5.642307769882366764e-02
5.688977470604663494e-02
5.851236824418301619e-02
5.844999185501023597e-02
5.786800221585757659e-02
5.543081352728854161e-02
5.595597708742544585e-02
5.548850816910316092e-02
5.449441793255887373e-02
5.502070668196024777e-02
5.455260810566464613e-02
5.373303513526582476e-02
5.355700949254776910e-02
5.408424815502992089e-02
5.361566228986600069e-02
5.332358788166399743e-02
5.238671811929017375e-02
5.144939410075830000e-02
4.211172535319793880e-02
4.303850952720488648e-02
4.396755930655964206e-02
4.118746897333192686e-02
4.489861031187565577e-02
4.583139610339004993e-02
4.676564830512826287e-02
4.770109673955654633e-02
4.863746956193776283e-02
4.026600027283431388e-02
3.934757616802987690e-02
3.843244607298473142e-02
3.752087933038672496e-02
3.661312608150327913e-02
3.572493330081126517e-02
4.957449340894793527e-02
5.051189355850989327e-02
3.388728285175610783e-02
3.396061568618006371e-02
3.420340310151556013e-02
3.456974593410774843e-02
3.448055915023473528e-02
3.483058276250040886e-02
3.488486741735032787e-02
5.685868245381461850e-02
5.589854193228609158e-02
5.785618045373300961e-02
5.818620695451941910e-02
5.818275041104557094e-02
5.734220925243865147e-02
5.792947818032149337e-02
5.786381588030806850e-02
5.747843897497604410e-02
5.799430495842490541e-02
5.734651304378870357e-02
5.496276032718085819e-02
5.402582245440178815e-02
5.273703730321191441e-02
5.320576861287442533e-02
5.326466745677868597e-02
5.261887476412624443e-02
5.308801508232655064e-02
5.314688616701242901e-02
5.279612624693316020e-02
5.179922356424456614e-02
5.232744661161269767e-02
5.185866343995438471e-02
5.086117584802699737e-02
5.092092632536488611e-02
5.138981174423724180e-02
4.152878406338467165e-02
4.158914548627245383e-02
4.205151148443807274e-02
4.245400415162345342e-02
4.251452181797416713e-02
4.297814372669399308e-02
4.338172023953401624e-02
4.390709072748658764e-02
4.344234437146587274e-02
4.060632126706952005e-02
4.112745632783187943e-02
4.066647649003866938e-02
4.431166853801191824e-02
4.483808785428176902e-02
4.437234965315185742e-02
4.524358283601254832e-02
4.577086825926954261e-02
4.530427190456782355e-02
4.617719464513599797e-02
4.670516302389660090e-02
4.623784322671254526e-02
4.711223331567211681e-02
4.764070128004442573e-02
4.717279370963017165e-02
4.804842617074363276e-02
4.810885156194739248e-02
4.857721034904990270e-02
3.968687388141959455e-02
4.020623786151848733e-02
3.974677318974618317e-02
3.877069587525094896e-02
3.928811244268685249e-02
3.883029007549629319e-02
3.785803764002011046e-02
3.837333283923435173e-02
3.791727415628896175e-02
3.694909460680063928e-02
3.746211858850582305e-02
3.700797050221255741e-02
3.604823503338574348e-02
3.610466984231117810e-02
3.655680898967395009e-02
3.516651311211330816e-02
3.522849079791173788e-02
3.566305663382648289e-02
4.898549865292844974e-02
4.904574325542705726e-02
4.951441589241774299e-02
4.992317448555988468e-02
4.998319368230481896e-02
5.045204207561704290e-02
3.293664833780753781e-02
3.313352854427405181e-02
3.364519838057327544e-02
3.422043293484518245e-02
3.434128765655745930e-02
3.481514865925421781e-02
3.441103717602830847e-02
5.625176880696688975e-02
5.680187813128587809e-02
5.630880779040543793e-02
5.531557308409440488e-02
5.537317004823709421e-02
5.584116582757907288e-02
5.766738073415976495e-02
5.759916555409673455e-02
5.679726286071490327e-02
5.437813568113916696e-02
5.443626199062703841e-02
5.490485675543404359e-02
5.343974782033585752e-02
5.349837286509023793e-02
5.396742202842844810e-02
5.267795518927525372e-02
5.250070061426249934e-02
5.255979144309225193e-02
5.302915069909164281e-02
5.226817728550323811e-02
5.133021144775320316e-02
5.039215192951442684e-02
4.106719173094906805e-02
4.199106569461850957e-02
4.291756661598180450e-02
4.384643194493465651e-02
4.014620443731506394e-02
4.477739666993557632e-02
4.571019342775487632e-02
4.664455263385446776e-02
4.758020260752433145e-02
4.851686971232619522e-02
3.922835986121546437e-02
3.831391018483219779e-02
3.740307826577415201e-02
3.649815009423212908e-02
3.560684485504215374e-02
3.475340577829592881e-02
4.945427851013150383e-02
3.344781224440230433e-02
3.363474946239609215e-02
3.405713824271159457e-02
3.379777856492301169e-02
3.398764963795098543e-02
5.578384435262143809e-02
5.484699147152411608e-02
5.701914424553011090e-02
5.724872250224037618e-02
5.743793804323985702e-02
5.718072425528685637e-02
5.641384812459057652e-02
5.694667224113655196e-02
5.611337164769485131e-02
5.672840109286185484e-02
5.618255324034134718e-02
5.390904240751193122e-02
5.297028853263870130e-02
5.168029962901378449e-02
5.214962446286368347e-02
5.220890492355467066e-02
5.156128428918206608e-02
5.203102054792618086e-02
5.209033118305982785e-02
5.173977068579691668e-02
5.074156904710964977e-02
5.127058792350711047e-02
5.080139183722071766e-02
4.980296681869479658e-02
5.033221772627768237e-02
4.986310064822137289e-02
4.048519215597517346e-02
4.100666704484431935e-02
4.054589592800506709e-02
4.140730320691873856e-02
4.193038016890063280e-02
4.146817258495819059e-02
4.233227336863024104e-02
4.285677074500867517e-02
4.239325714159887515e-02
4.325984067020192253e-02
4.378557586587511485e-02
4.332088802219245111e-02
3.956619957737569221e-02
3.962668585716325187e-02
4.008589172555552388e-02
4.418974033070757756e-02
4.471653000692799723e-02
4.425080099941294115e-02
4.512170489208539026e-02
4.564936516545944206e-02
4.518272929798185233e-02
4.605546431828005244e-02
4.658381096862170001e-02
4.611640371626433976e-02
4.699074611290876557e-02
4.751959479974762757e-02
4.705155274284166661e-02
4.792727545523201016e-02
4.798790269126420455e-02
4.845644194006599320e-02
3.865057883453312804e-02
3.916830997339875581e-02
3.871079598719410347e-02
3.773857405740056042e-02
3.825417085009116119e-02
3.779847352989963716e-02
3.683040820956073186e-02
3.734371101597596526e-02
3.688992764232924132e-02
3.592606828999174440e-02
3.643702147465921470e-02
3.598733197311455856e-02
3.502792336987464034e-02
3.553746748700775671e-02
3.509739025311905958e-02
3.415280889103662620e-02
3.465900427288869101e-02
3.424720120379873278e-02
4.886477535401694688e-02
4.939407572669452656e-02
4.892517784997685304e-02
3.260713458458431441e-02
3.277202288061315666e-02
3.328535326212873208e-02
3.336776184665282002e-02
3.385385755082739173e-02
3.350138640674815704e-02
5.520050308029795377e-02
5.525801878583389004e-02
5.572657320478141552e-02
5.426155233771644965e-02
5.431983325667495005e-02
5.478895860915146410e-02
5.647088426834915437e-02
5.674517803835976704e-02
5.697498310475707789e-02
5.656642714300548491e-02
5.644234597467516490e-02
5.565710368982588335e-02
5.332251676791693179e-02
5.385067956906728487e-02
5.338113044287670639e-02
5.238248042215114947e-02
5.291142451259567975e-02
5.244159828009114371e-02
5.162080572096044984e-02
5.144214241948247973e-02
5.197168840143893270e-02
5.150173122288306121e-02
5.121093604663342486e-02
5.027223424318959938e-02
4.933380218593905187e-02
4.002528996738453915e-02
4.094587400907939018e-02
4.186944719812536048e-02
4.279574886156963659e-02
4.372451561463485542e-02
3.910795143671222385e-02
4.465548132657284203e-02
4.558837723674335346e-02
4.652293206303809159e-02
4.745887212873841493e-02
4.839592150749890548e-02
3.819410715804101575e-02
3.728399065342447721e-02
3.637770663272951038e-02
3.547643568574102707e-02
3.458979812601617465e-02
3.375980900480587965e-02
3.312011941255350173e-02
3.298699370038634532e-02
5.473115786471690475e-02
5.379212771725964959e-02
5.600045458414321109e-02
5.651020847970821687e-02
5.623568188777983839e-02
5.605690436751352423e-02
5.556275060810269423e-02
5.598841660833372980e-02
5.601713382788924001e-02
5.531958465859410784e-02
5.586722378731004413e-02
5.508005082145333436e-02
5.514026059384167372e-02
5.559715964083419143e-02
5.285255476897009197e-02
5.191233080001591421e-02
5.062178796538930464e-02
5.109152815784120255e-02
5.115125099952399362e-02
5.050179648457787940e-02
5.097195219667097904e-02
5.103176324239447337e-02
5.068170267959738740e-02
4.968249940153105643e-02
5.021219652897735558e-02
4.974276803724064083e-02
4.874370474023317218e-02
4.927345276698733706e-02
4.880428600781543114e-02
3.944429540036657744e-02
3.950540536205617709e-02
3.996439095006489028e-02
4.036291578901057137e-02
4.088480455353198789e-02
4.042420143705577340e-02
4.128475925287403842e-02
4.180825912924541338e-02
4.134616795790180960e-02
4.220956589791093061e-02
4.273449371662163543e-02
4.227104535140156771e-02
4.313707261166686846e-02
4.366324433930975774e-02
4.319857113260257286e-02
3.852915469645430691e-02
3.859003466710925895e-02
3.904727633013451576e-02
4.406701320966130431e-02
4.459424414530025610e-02
4.412847987738725136e-02
4.499911851466138063e-02
4.552722349652547906e-02
4.506050332828299282e-02
4.593311645723080483e-02
4.599437049403995448e-02
4.646191007839212128e-02
4.686873219760830794e-02
4.739802902915601218e-02
4.692980776910139762e-02
4.780568826878911493e-02
4.833530308882157817e-02
4.786653907280074421e-02
3.761774846376158415e-02
3.767833876165582047e-02
3.813371479746439224e-02
3.671029195538937778e-02
3.722393603705236725e-02
3.677053671121849332e-02
3.580713712695190315e-02
3.631822769465273965e-02
3.586679798238456840e-02
3.490805239007110233e-02
3.541646699716468477e-02
3.496818823536158166e-02
3.401137724927284084e-02
3.451900187099577605e-02
3.408228243560870729e-02
3.314376096481704004e-02
3.364758079997910711e-02
3.325593716878273709e-02
3.234242620476896618e-02
3.247496363655997392e-02
3.285429653175983566e-02
5.414585197892698987e-02
5.420369422691705130e-02
5.467358643803248847e-02
5.320286130796710727e-02
5.373257469642262613e-02
5.326269124207322347e-02
5.578170915720517820e-02
5.554047876337534634e-02
5.544119738994859187e-02
5.461306350557685457e-02
5.226418475157275367e-02
5.279367587741905926e-02
5.232334370177847693e-02
5.132284368930162960e-02
5.185294421949348392e-02
5.138251439743803106e-02
5.056182064208693261e-02
5.038156307483841051e-02
5.091209134705541872e-02
5.044171183366435995e-02
5.015209983453048498e-02
4.921302255968803413e-02
4.827458157713072906e-02
3.898627410901677609e-02
3.990318656361795113e-02
4.082345079521203929e-02
4.174680854905479799e-02
4.267299831609712435e-02
4.360175543927261727e-02
3.807296913209706063e-02
4.453281222646027215e-02
4.546589804039568444e-02
4.640073940987620577e-02
4.733706016229728697e-02
3.716350660995882543e-02
3.625817033815019463e-02
3.535701972147663880e-02
3.445910636945836991e-02
3.357696610941426213e-02
3.274255966722656314e-02
5.367444201840154694e-02
5.273357206720858531e-02
5.532134129946478934e-02
5.451617270066277249e-02
5.503988951192732154e-02
5.491794006498646602e-02
5.420016699646026254e-02
5.476034780826756487e-02
5.387154107100654288e-02
5.400874543305085596e-02
5.447633090105444276e-02
5.179352537123233652e-02
5.085217727092812556e-02
4.956173482852314210e-02
5.003171197811492193e-02
5.009193972006060341e-02
4.944064006940376843e-02
4.991103843115926586e-02
4.997141274813431816e-02
4.962215646021223697e-02
4.862224782942275308e-02
4.915250692698150403e-02
4.868302687440164561e-02
4.768362376891624455e-02
4.821375210216715529e-02
4.774471810511417280e-02
3.840634869708437621e-02
3.892493730311882144e-02
3.846792869557599803e-02
3.932109385345402414e-02
3.938286104701172602e-02
3.984166831722982943e-02
4.023942722518826509e-02
4.030132699382896200e-02
4.076180484170445484e-02
4.116109106425527853e-02
4.122306941081066434e-02
4.168508802643493966e-02
4.208582417632490691e-02
4.214782780937536416e-02
4.261125568710421446e-02
4.301336190435303686e-02
4.307533836253644999e-02
4.354004237078766548e-02
3.749560263355079109e-02
3.755686270364650553e-02
3.801194572354264778e-02
4.394343618742818647e-02
4.447117942538144492e-02
4.400533400720566674e-02
4.487577564349456982e-02
4.540439509160220516e-02
4.493754452495817009e-02
4.581010567337209100e-02
4.633941461645085108e-02
4.587169664404926878e-02
4.674614858950219831e-02
4.727596038960794889e-02
4.680751416436938067e-02
3.658957264680949562e-02
3.665012910031180404e-02
3.710318003691989719e-02
3.569195573454079368e-02
3.574975217984281001e-02
3.620060075879114742e-02
3.478854878077600188e-02
3.529726437390488802e-02
3.484851517050254616e-02
3.389825618180256767e-02
3.440252998302575221e-02
3.395503614623349847e-02
3.301137958872473604e-02
3.351071144649740707e-02
3.307779298377171162e-02
3.214309003145561505e-02
3.264269186533003825e-02
3.224298129068767227e-02
5.307346044368953936e-02
5.361003926576968920e-02
5.313816881940446740e-02
5.214578977754030092e-02
5.267466502693736452e-02
5.220500101434046719e-02
5.479830703068114955e-02
5.435823922064060565e-02
5.419381757343288281e-02
5.347252111849750550e-02
5.120336307921454638e-02
5.173407143686388487e-02
5.126312750860147205e-02
5.026106132500898077e-02
5.079220696643568789e-02
5.032134721818014300e-02
4.950123063161388642e-02
4.931918700479001605e-02
4.937995991042243293e-02
4.985058581220302293e-02
4.909190147337098159e-02
4.815281004398935111e-02
4.721472483108575535e-02
3.795047976807008200e-02
3.886325677084059849e-02
3.977982803514214932e-02
4.069985907801104696e-02
4.162309042594651565e-02
4.254925914772745427e-02
4.347809887581290805e-02
3.704206136231403407e-02
4.440933987721400883e-02
4.534270914672583475e-02
4.627793052330914786e-02
3.614021242438638509e-02
3.523965702646425502e-02
3.434278894696336099e-02
3.345417227879944611e-02
3.257658314974805347e-02
5.260966961368548217e-02
5.167457981382211213e-02
5.351077200035757320e-02
5.385544334968621338e-02
5.401380040628063484e-02
5.306034193808416288e-02
5.363067865227130748e-02
5.369124929506460808e-02
5.277407901704813525e-02
5.292383999674975248e-02
5.332319776834825581e-02
5.073217770876663896e-02
4.979005196605297556e-02
4.850036979548694172e-02
4.903120211393602323e-02
4.897040503536127104e-02
4.837804050933940808e-02
4.890950677202964003e-02
4.884850415900297144e-02
4.856136347741729642e-02
4.756104504471712902e-02
4.762240084287423791e-02
4.809175105664911798e-02
4.662295601123895433e-02
4.668463073089670901e-02
4.715334884404376314e-02
3.737160777111780963e-02
3.788856142101723612e-02
3.743380185387454318e-02
3.828209041121351935e-02
3.880122394259940405e-02
3.834440541139701175e-02
3.919652738923370960e-02
3.925898532196320234e-02
3.971765759586656785e-02
4.011466350891328830e-02
4.063760587844340855e-02
4.017720858184145594e-02
4.103623972265854625e-02
4.156080863679846582e-02
4.109881684745362446e-02
4.196099316221600650e-02
4.248700207443279614e-02
4.202354814433929830e-02
4.288865715386846328e-02
4.341591878930967791e-02
4.295113686602848591e-02
3.646533083562186750e-02
3.698000101409881085e-02
3.652765880326556969e-02
4.381896127887764669e-02
4.434728784549919756e-02
4.388131383343934350e-02
4.475163145555263039e-02
4.528083486670131386e-02
4.481380637716844695e-02
4.568639004919748670e-02
4.621628215635716769e-02
4.574833844410499534e-02
3.556334257270224453e-02
3.607594191988337806e-02
3.562786636696351622e-02
3.470086646415847242e-02
3.519588484682426716e-02
3.474493151678728631e-02
3.379491857079668787e-02
3.384681886706342180e-02
3.429114590413495645e-02
3.290443175052570196e-02
3.295813456760856436e-02
3.340069328408372396e-02
3.200957859398327610e-02
3.250976265818542738e-02
3.207658391856232222e-02
5.201134737686294307e-02
5.254275682138007803e-02
5.207858925652467802e-02
5.108368139210480580e-02
5.114354840693095122e-02
5.161504845114081585e-02
5.328569914324251394e-02
5.314240996162859776e-02
5.239271682154657966e-02
5.014027044451759701e-02
5.020070313479294000e-02
5.067208724273878501e-02
4.919735294399192604e-02
4.925831882839550036e-02
4.972943438694257118e-02
4.843926327226018985e-02
4.825523506902448106e-02
4.878739441584814540e-02
4.831669867782022870e-02
4.803057107526625263e-02
4.709182807571349327e-02
4.615446483961308660e-02
3.782633898669424122e-02
3.691792800592713641e-02
3.873883046258033008e-02
3.965514915612851354e-02
4.057503794755019239e-02
4.149823587692622745e-02
4.242447816764350482e-02
4.335349626481053986e-02
3.601376446084293692e-02
4.428501790626063889e-02
4.521876721810685895e-02
3.513154893637412263e-02
3.424724231851226236e-02
3.334901118702137540e-02
3.245629351103623134e-02
5.154751602601175681e-02
5.061193359331766367e-02
5.238130419748843886e-02
5.294640645701303300e-02
5.272076235304570813e-02
5.190507229215478302e-02
5.248307213336136229e-02
5.257780208825141993e-02
5.179270945269385390e-02
5.190207567591526711e-02
5.228367167065180870e-02
4.966873088865716296e-02
4.872617509113474910e-02
4.743791966203483867e-02
4.790783342577886739e-02
4.796926634593955130e-02
4.731422019993621747e-02
4.778457097169885870e-02
4.784626921942002065e-02
4.749955254594703108e-02
4.649911943632043659e-02
4.703015844744577040e-02
4.656112024874277389e-02
4.556193168796281168e-02
4.562425591882161846e-02
4.609247413435010182e-02
3.724615938287777900e-02
3.776372489797474169e-02
3.730908939157663584e-02
3.634032981455814770e-02
3.685551976821684061e-02
3.640304713529153580e-02
3.815631064627953567e-02
3.867606789017304092e-02
3.821939493786070258e-02
3.907053113283869006e-02
3.959229488500013577e-02
3.913371190876637623e-02
3.998856423930551018e-02
4.051214802031312401e-02
4.005178445536797249e-02
4.091014916076580327e-02
4.143536542384632787e-02
4.097335270719495992e-02
4.183502089658686779e-02
4.236168122137236314e-02
4.189815278796655412e-02
4.276291028260370553e-02
4.282591683884422878e-02
4.329082558443035633e-02
3.543907040253417573e-02
3.595170240304517567e-02
3.550143371962160427e-02
4.369354404655428209e-02
4.375637307636371515e-02
4.422252479733560643e-02
4.462664491181291687e-02
4.468924588547281557e-02
4.515650136623593908e-02
3.458274935973332243e-02
3.464204782504668595e-02
3.507255272013359154e-02
3.372537582065505274e-02
3.376038504989548744e-02
3.421257245479907005e-02
3.286961561573253920e-02
3.288727550844492559e-02
3.333173861697107110e-02
3.194224946183882308e-02
3.242271696948096499e-02
3.197617498406751108e-02
5.097022649641475694e-02
5.102697933115136336e-02
5.149110892967244391e-02
5.002086872867959194e-02
5.008060777187164220e-02
5.055256127841833980e-02
5.214334869723212529e-02
5.208696550902532779e-02
5.138149415563207645e-02
4.907512099326777344e-02
4.960793973923507266e-02
4.913628755585523061e-02
4.813193433254416009e-02
4.819364760494312255e-02
4.866484415158255777e-02
4.737614322034795766e-02
4.718992476991858837e-02
4.772273631109973796e-02
4.725214814804495900e-02
4.696833620123103820e-02
4.603030593130184867e-02
4.509403281959288579e-02
3.770071048123735391e-02
3.679268876199758703e-02
3.588911348270541757e-02
3.861292817433460700e-02
3.952908731386646501e-02
4.044892919619826055e-02
4.137219091669851190e-02
4.229860538639139411e-02
4.322790137903956276e-02
3.501034743676681438e-02
4.415980360707619928e-02
3.415346740045019369e-02
3.329686986583963587e-02
3.240515410824202497e-02
5.049550299521689267e-02
4.954790627379077744e-02
5.111605887730968217e-02
5.151044614139640987e-02
5.174900825575959318e-02
5.073950081151343272e-02
5.132258093404794969e-02
5.145459173630043820e-02
5.104308838211132210e-02
4.860339994453979212e-02
4.766076323945189763e-02
4.637460862935192246e-02
4.690635788967145725e-02
4.684422041601427750e-02
4.624939867921952497e-02
4.678192103045531597e-02
4.671945736410442612e-02
4.643695001992981242e-02
4.543669725603576015e-02
4.549941338570738514e-02
4.596795639457714605e-02
4.450077930679167265e-02
4.456382411013785211e-02
4.503135731271620812e-02
3.711902873186032070e-02
3.763728703276445625e-02
3.718280870013881273e-02
3.621438417168808960e-02
3.627758272504730264e-02
3.672984020795906634e-02
3.531774514751084837e-02
3.537864174422805652e-02
3.582855876497922920e-02
3.802894245827041081e-02
3.854940325116244793e-02
3.809282914165344758e-02
3.894304309839771716e-02
3.946551900547145414e-02
3.900697731066064128e-02
3.986107218282673725e-02
4.038537463522629684e-02
3.992499573094971527e-02
4.078276670214243949e-02
4.084662255122719493e-02
4.130870608834623370e-02
4.170785904151737278e-02
4.177159152475202336e-02
4.223524494092464193e-02
4.263607706042600587e-02
4.316471844444064176e-02
4.269963205954614704e-02
3.442076689275288398e-02
3.492939243086202322e-02
3.450200530539864613e-02
4.356714415287973874e-02
4.409684961543644532e-02
4.363046928082148224e-02
3.360441199121303596e-02
3.409303360156141355e-02
3.366514269174868818e-02
3.280687088291581871e-02
3.326561149310309357e-02
3.283848749112074777e-02
3.194137296675191029e-02
3.240493551423841156e-02
3.194206732527955783e-02
4.997105530932725859e-02
4.999597636668855899e-02
5.047091932984843626e-02
4.897694211647897478e-02
4.949916664477939376e-02
4.902607547191976944e-02
5.092790965156256816e-02
5.054353841218953841e-02
4.800812514571620171e-02
4.807009388209036033e-02
4.854184130196319280e-02
4.706579486379170590e-02
4.712793720219185523e-02
4.759904018387643015e-02
4.631209240483516454e-02
4.612347051087345440e-02
4.618652534644965973e-02
4.665682743521334941e-02
4.590542204850223823e-02
4.496847096491171647e-02
4.403365849011674216e-02
3.757344625010998473e-02
3.666613658164435269e-02
3.576546809696348750e-02
3.486862310479803273e-02
3.848548546642436424e-02
3.940158292221259545e-02
4.032147789639665275e-02
4.124490506497005549e-02
4.217159454855599204e-02
4.310127196527464843e-02
3.401203453564392853e-02
3.320508671628501912e-02
3.237343316024941797e-02
4.947391544956029896e-02
4.849238946580438497e-02
5.014755021541011937e-02
5.063203719304798511e-02
5.044342717039181773e-02
4.956891802411963338e-02
5.015442245215544215e-02
5.005925059219568096e-02
4.753678588652383852e-02
4.659441697659112702e-02
4.531065851791953036e-02
4.577978665163502658e-02
4.584269972636110385e-02
4.518379285173936000e-02
4.571668039222880064e-02
4.565337893960120380e-02
4.537377999388880062e-02
4.437400236465706416e-02
4.443750649415364323e-02
4.490536992629040602e-02
4.343972587775632443e-02
4.397022611076075588e-02
4.350356435138479083e-02
3.698999017296626668e-02
3.705473261936056972e-02
3.750910148488652285e-02
3.608490840041533865e-02
3.660155417605118200e-02
3.614988225634195584e-02
3.518453629004173605e-02
3.525139161760550838e-02
3.569899528232847036e-02
3.431896100894763629e-02
3.437010059310396243e-02
3.481785381753329384e-02
3.789992219595524070e-02
3.796464265388543174e-02
3.842116719113924939e-02
3.881400476792346704e-02
3.887872120645276264e-02
3.933727208571959760e-02
3.973213380167017056e-02
3.979678695492393226e-02
4.025723263235107818e-02
4.065404358759629883e-02
4.118078210198609229e-02
4.071857559635655432e-02
4.157946341286457292e-02
4.210764904854319424e-02
4.164381802727185750e-02
4.250811765772668366e-02
4.303755730882306840e-02
4.257224043137133873e-02
3.327055999348366155e-02
3.384491647808213904e-02
3.343778121346698690e-02
3.274071669656764688e-02
3.277398447124330039e-02
3.317207404638820856e-02
3.200713681235821395e-02
3.240664469521473134e-02
3.197448970184700590e-02
4.896825771129105498e-02
4.946996510982636791e-02
4.897261022987883794e-02
4.792115271305828067e-02
4.796469038846663813e-02
4.844928081474942499e-02
4.985842238960320333e-02
4.955794597779959038e-02
4.694415056215887200e-02
4.747633913552100349e-02
4.700505120824461508e-02
4.599681142311552035e-02
4.653145003520019196e-02
4.606023287802687299e-02
4.524733025003539744e-02
4.505608402888673647e-02
4.512004462049044179e-02
4.558988063501247245e-02
4.484205143227500828e-02
4.390654858961703932e-02
4.297357027977690563e-02
3.744440150336972306e-02
3.653686327752619922e-02
3.563410403120183256e-02
3.475114123379466347e-02
3.379383210683505750e-02
3.835644121563399483e-02
3.927257995102429594e-02
4.019263292656453934e-02
4.111633187643055215e-02
4.204340367652095733e-02
3.300542810130677879e-02
3.237342736906587137e-02
4.844451231413047371e-02
4.743246371640845449e-02
4.926840225798163886e-02
4.839872843004507791e-02
4.898394924468812278e-02
4.647024826480021520e-02
4.552618427628689346e-02
4.424628902384331736e-02
4.477851257824202319e-02
4.471475041218095359e-02
4.411761758556605878e-02
4.465076300929864128e-02
4.458654860420751403e-02
4.431026429941118533e-02
4.331125608230265017e-02
4.384262159651668156e-02
4.337562379220898101e-02
4.237899700435403261e-02
4.290930680348910287e-02
4.244370443880712135e-02
3.685850752941685626e-02
3.737886789080380190e-02
3.692448016089217716e-02
3.595439431267801605e-02
3.647179593759382332e-02
3.601989573097404140e-02
3.487554286881631993e-02
3.547953688261046290e-02
3.503029738566464102e-02
3.429710180534096403e-02
3.430819920202145268e-02
3.474038041511405550e-02
3.342883382000201575e-02
3.387357757410495301e-02
3.334989262108215002e-02
3.776352310795912104e-02
3.828846369503512148e-02
3.783194261171981404e-02
3.867848480789456977e-02
3.920505938298720489e-02
3.874645070363651883e-02
3.960169976303673511e-02
3.966710664949084364e-02
4.012767298670488758e-02
4.052393549813280288e-02
4.105154923447216359e-02
4.058916523898356554e-02
4.144979453876836140e-02
4.197885391849141834e-02
4.151479040096206496e-02
3.213964107353257937e-02
3.270401807668199545e-02
3.244010890871074082e-02
3.207358715669019616e-02
4.789171536599294565e-02
4.790645407538523387e-02
4.843014505997545599e-02
4.680393978837305707e-02
4.736281490503656266e-02
4.687413928371065436e-02
4.868373313656911006e-02
4.586941624506361143e-02
4.640694078456200633e-02
4.593320599225271528e-02
4.488090776606854654e-02
4.496862671039660725e-02
4.543899753294097094e-02
4.418207406633094247e-02
4.394601407962778900e-02
4.403196290238130250e-02
4.450114427928850147e-02
4.377844482277214871e-02
4.284476223868546874e-02
4.191399553070243589e-02
3.731045034309235509e-02
3.640584903553837487e-02
3.541406693478336976e-02
3.458605213656273242e-02
3.386234947330791362e-02
3.233889958864575448e-02
3.288284784271069267e-02
3.280449002727208602e-02
3.822046538859798226e-02
3.913958373586032269e-02
4.006234747200421858e-02
4.098642947795557573e-02
3.223941585753921368e-02
4.814508487962729233e-02
4.734770631260497298e-02
4.633640440501645558e-02
4.723439978620002505e-02
4.781659541727525942e-02
4.537488030346153306e-02
4.441315266874493184e-02
4.318171796950434627e-02
4.371401516732879855e-02
4.364932788075496367e-02
4.304179782503141788e-02
4.357974176294348440e-02
4.349356001559784995e-02
4.324662255858692517e-02
4.224867036667588616e-02
4.277992801199202721e-02
4.231398411319844954e-02
4.131881630511700931e-02
4.184882401650456135e-02
4.138447080912906195e-02
3.672687082935127689e-02
3.724487301019220598e-02
3.679292759254140788e-02
3.563758672112721931e-02
3.624748660485654222e-02
3.579628894710149695e-02
3.501415570480127110e-02
3.494496506973571864e-02
3.548386989050780760e-02
3.368235052734364771e-02
3.427791566316523708e-02
3.398970485569244304e-02
3.355565361069168251e-02
3.260480318550228185e-02
3.301666046397103149e-02
3.247193190122000389e-02
3.760749486197931951e-02
3.814269784955946763e-02
3.768574378021199295e-02
3.855106321263631480e-02
3.907615342142468223e-02
3.861498170408470682e-02
3.946972527156342864e-02
3.953590766390156774e-02
3.999665123970852498e-02
4.039240304236736689e-02
4.092096809926493162e-02
4.045834956530494630e-02
4.756326396705115589e-02
4.701900635479693003e-02
4.569940224433741843e-02
4.578449259107569141e-02
4.625171016054750034e-02
4.481451218959800475e-02
4.484778952413565750e-02
4.534211654101395067e-02
4.366130562098548967e-02
4.427130639344118573e-02
4.380389175267854207e-02
4.311190082470890000e-02
4.281800247261186715e-02
4.293006624015704986e-02
4.338200721831544232e-02
4.271481707488277574e-02
4.178332975723433179e-02
4.085516023166597260e-02
3.716662678191305635e-02
3.618136189414283832e-02
3.532554613747636990e-02
3.405116924837104514e-02
3.453198778107240824e-02
3.446328960225835542e-02
3.386670825178392241e-02
3.314261912664365900e-02
3.807869516406933025e-02
3.900987541805119724e-02
3.993057965085354544e-02
4.608141817843588312e-02
4.665784280315694865e-02
4.644296805375838083e-02
4.589029511910371756e-02
4.525677317056769899e-02
4.423756710322029884e-02
4.323926239887242173e-02
4.211965157520015240e-02
4.258032835493474194e-02
4.265065124680227082e-02
4.191245097769386030e-02
4.247704988541341209e-02
4.236481791245162720e-02
4.218430437203084249e-02
4.120438977435214589e-02
4.126175780800360460e-02
4.172645951365509809e-02
4.026812835988539258e-02
4.033044673519439044e-02
4.079336606282651934e-02
3.648608467005935024e-02
3.660672398796284421e-02
3.704636384175282598e-02
3.583021701741263831e-02
3.573397377566328581e-02
3.627827923892159440e-02
3.444672259470849679e-02
3.504124535208144597e-02
3.473051261029771325e-02
3.424885297692573799e-02
3.293711310748365095e-02
3.349317932117309299e-02
3.330970024659797579e-02
3.277096354380327342e-02
3.730031907197288443e-02
3.792533537059859100e-02
3.745422853751134012e-02
3.843371767530742722e-02
3.849259267160549947e-02
3.895151221173309697e-02
3.936578492569199617e-02
3.941793615913174315e-02
3.987893764378529216e-02
4.494523463232590749e-02
4.551316312047465340e-02
4.532248468185910012e-02
4.487985192313733579e-02
4.383120913450679057e-02
4.432307107275499508e-02
4.374622881357722454e-02
4.250169201483390558e-02
4.265998710327596061e-02
4.308125012289666655e-02
4.201621855478748085e-02
4.173074804481945177e-02
4.182174417812459244e-02
4.227427595633725943e-02
4.166160729653853312e-02
4.073579594074318994e-02
3.981647088182565380e-02
3.689267736353386146e-02
3.615779776561198200e-02
3.483591223790553915e-02
3.523679851941945856e-02
3.533241744831567416e-02
3.464122557581016809e-02
3.333542669294486949e-02
3.389019457054355533e-02
3.369334778862001500e-02
3.313619294629646661e-02
3.786622874715466630e-02
3.889920600323105299e-02
4.438796485736785230e-02
4.274455066843976109e-02
4.328753718692271435e-02
4.320313328964166949e-02
4.262306027346777354e-02
4.211593044051873541e-02
4.100243997573006782e-02
4.156095352746805305e-02
4.145702308336732950e-02
4.079168577780852706e-02
4.126076363927255047e-02
4.135195599049008158e-02
4.110359449383491764e-02
4.014311116652436590e-02
4.020578660012288919e-02
4.067364285334242741e-02
3.924707432757626457e-02
3.930661369266305605e-02
3.975744587689873655e-02
3.604512183578675172e-02
3.667200622682904865e-02
3.626583958483018538e-02
3.540970883721802909e-02
3.562015919765797178e-02
3.594738073303338499e-02
3.512252833152585546e-02
3.379913985343902666e-02
3.431681481239972492e-02
3.412308432170522987e-02
3.356712033604219991e-02
3.759258792901397361e-02
3.744642074209611482e-02
3.801304571877475030e-02
3.837777132133778774e-02
3.840589970204773967e-02
3.887157723184449937e-02
4.169026476737627135e-02
4.221699076911610699e-02
4.209600110064320305e-02
4.171058409949229134e-02
4.089723174959157548e-02
4.067310232102487599e-02
4.120187344864987417e-02
4.073253660261329928e-02
4.057236131963534720e-02
3.969460277278755861e-02
3.881191183956272245e-02
3.662909414215010512e-02
3.633680810067183020e-02
3.696494912294066154e-02
3.572706116844052288e-02
3.432741959977017587e-02
3.486781178894793332e-02
3.458189050825392213e-02
3.406302936985270563e-02
3.798475525377850714e-02
3.711041039121317636e-02
4.118120537576798468e-02
3.990143920689367962e-02
4.045179964457721461e-02
4.034611410748538407e-02
3.969750446634757318e-02
4.018478029217519704e-02
4.024450326558635244e-02
4.002246906695876988e-02
3.900988055318731912e-02
3.912868576912412882e-02
3.957626783334027704e-02
3.817256135162067771e-02
3.870953530599942349e-02
3.827537322590639224e-02
3.557292469197834844e-02
3.610051132605189561e-02
3.580931346421768746e-02
3.491915170294049298e-02
3.548149532280615165e-02
3.516461914539446842e-02
3.462295430127124846e-02
3.739408450800168343e-02
3.749353451564688827e-02
3.788572360932609268e-02
3.701108891422792702e-02
3.979966839900866277e-02
3.945516177706685779e-02
3.859072202747487051e-02
3.778288249822776140e-02
3.524563316147784342e-02
3.628697682661325558e-02
3.645830465937646009e-02
3.592948300469912121e-02
3.683999225027213137e-02
3.876756985503423264e-02
3.923198739715302169e-02
3.933431228669833496e-02
3.888894860248341689e-02
3.788702003749549324e-02
3.844816808752181403e-02
3.803004582177512555e-02
3.705918163136028010e-02
3.761551280371203121e-02
3.722684089387309769e-02
3.667256431256874644e-02
3.832673743214378564e-02
3.747255523595872939e-02
