6.180510728195854481e-02
6.252578809965320117e-02
6.319173857504972736e-02
6.103268763087443816e-02
6.141956089467194568e-02
6.216612980114186865e-02
6.285944393657677542e-02
6.380038432141742211e-02
6.349672164414663089e-02
6.021192723732168156e-02
6.062293089479144775e-02
6.083312854724968327e-02
6.093333753216311627e-02
6.131915544747362085e-02
6.154041847255132397e-02
6.167311418723481209e-02
6.203318764532559509e-02
6.221349178733089069e-02
6.236991141917753306e-02
6.270275282304474396e-02
6.287906490168362894e-02
6.303562301615350805e-02
6.333989348118965190e-02
6.434956755670848128e-02
6.023812027671104213e-02
6.022562333199008022e-02
6.063539949635639303e-02
6.407559782544118565e-02
6.053609535043221607e-02
6.118735533706323032e-02
6.187753993118175200e-02
6.254689887027349571e-02
6.351086412267928361e-02
6.319556780425714115e-02
6.365579880717064931e-02
5.934661006355138740e-02
5.977983206103221203e-02
6.483753544136960922e-02
6.459411878619915337e-02
5.919880317453279223e-02
5.971870622656908628e-02
5.970540239607118743e-02
6.393040290293176831e-02
5.990757171135061010e-02
6.007316472649613937e-02
6.037037050298187796e-02
6.056768084271117736e-02
6.070073692346376198e-02
6.105410586596297928e-02
6.126306561621151781e-02
6.173836989575744172e-02
6.140202019573368780e-02
6.192368580687607205e-02
6.206885333606519672e-02
6.240149809379572088e-02
6.259508860992463175e-02
6.305313211279925389e-02
6.273728375078908848e-02
5.844087392801241426e-02
5.889423436524099387e-02
5.927378347991100332e-02
6.526292359701162116e-02
6.562473730866738575e-02
6.505072829512531518e-02
6.411450091318705857e-02
6.423212179579410042e-02
6.447626335733058767e-02
5.955434658034606393e-02
6.381315838351968306e-02
6.023813190243286486e-02
6.091589914583788595e-02
6.159395859161937575e-02
6.225994267976677626e-02
6.331946480369021746e-02
6.341534624165295897e-02
6.295787528026657032e-02
5.835647074322473232e-02
5.839948589318991884e-02
5.885150943441580518e-02
5.877838761657962902e-02
6.592232822325384822e-02
6.544425258858904693e-02
6.577387367819834130e-02
6.415620448161728218e-02
6.449689959436290254e-02
6.471009590247725485e-02
6.413560805525926611e-02
5.884913487134134369e-02
5.937843081221672037e-02
5.902458450571294868e-02
6.371709228129342206e-02
5.956273595516320407e-02
6.006526322527509093e-02
5.973541364230180312e-02
6.025577558273008394e-02
6.075949160549119071e-02
6.041200485898717831e-02
6.093987314164217572e-02
6.143188457351848181e-02
6.110173750516987440e-02
6.164405890256975662e-02
6.211969138872763807e-02
6.178410944199622806e-02
6.237060905121822457e-02
6.284518157255895854e-02
6.248307001196961447e-02
5.749917811755157065e-02
5.797043195852458891e-02
5.749366914028911091e-02
5.796721910889664209e-02
5.792558687121766164e-02
5.810340616476165898e-02
5.865106058614994594e-02
5.823070336243717920e-02
6.615536107284027134e-02
6.603909527674242663e-02
6.467631899739638424e-02
6.496963558825970264e-02
6.515099300922901071e-02
6.510878151155928550e-02
6.536675862974607176e-02
6.551584914379597613e-02
6.441677189876419962e-02
6.373848184290951957e-02
5.847690019744887502e-02
5.920658505851705833e-02
5.990979978672559408e-02
6.059835650140250191e-02
6.129252960911776849e-02
6.200790021933439561e-02
6.306482813927291597e-02
6.319230592748516229e-02
6.271824183069622805e-02
5.652623458820675573e-02
5.552695846172480548e-02
5.701301294044209406e-02
5.749714515775209561e-02
5.734750862558575524e-02
5.785192800536846647e-02
5.742124872857454210e-02
5.772610348457004464e-02
6.523518485880459850e-02
6.557874898377008543e-02
6.569572035358282880e-02
6.489310026757927341e-02
6.517213579495494125e-02
6.372857429246159278e-02
6.420268147750864129e-02
6.394247553332579881e-02
6.361074469905078632e-02
5.780724261828925487e-02
5.795578375463959764e-02
5.832817997768866697e-02
5.854312422626551521e-02
5.905296974023849926e-02
5.869650551351874440e-02
5.923056300594605611e-02
5.974322979722278271e-02
5.939694507821158265e-02
5.994175668444029492e-02
6.044089502548551790e-02
6.009904045047072957e-02
6.064126948905626535e-02
6.079082034844945220e-02
6.114277770306931342e-02
6.135190219632023767e-02
6.186140623317212123e-02
6.149818220792389184e-02
6.204996458183253960e-02
6.255757261389668922e-02
6.221043387186134255e-02
5.602679813050504692e-02
5.450640769357369131e-02
5.501677802682594653e-02
5.666076458759516932e-02
5.659420730248191506e-02
5.707993207520285078e-02
5.707758046663771040e-02
5.659649918456641920e-02
5.697249110337452432e-02
5.704501888659058856e-02
5.707090811350051113e-02
5.758711128006737540e-02
5.720977205488625428e-02
6.632378980471569097e-02
6.623973457184754998e-02
6.541148595571659452e-02
6.532349393308768681e-02
6.578343429691654864e-02
6.425285000587127593e-02
6.468121460710138382e-02
6.446460204882097089e-02
6.425664246435432159e-02
6.474635622878902041e-02
6.468276023196746494e-02
6.339720961111304509e-02
6.399107941206512440e-02
5.743962077154433910e-02
5.817573019992304528e-02
5.888739902770646212e-02
5.958669256602168451e-02
6.029203249618636518e-02
6.099710448257172901e-02
6.170143450447289346e-02
6.274300649422739906e-02
6.290402693169802606e-02
6.239697781417127831e-02
5.573496245028243534e-02
5.563175017258911031e-02
5.613060530516667673e-02
5.478664959578537913e-02
5.464736298328243258e-02
5.515687428923935626e-02
5.619805081186734358e-02
5.662918437908824598e-02
5.634210934074894428e-02
5.684473418703608200e-02
5.646980427793463903e-02
5.670707526301890788e-02
6.642782992424568766e-02
6.637587816305196009e-02
6.586813048152410921e-02
6.462993409018465141e-02
6.493255629857472289e-02
6.502106032732714314e-02
6.425488627231619454e-02
6.444354558998122151e-02
6.323598611991530782e-02
6.343354067176359967e-02
6.384332747360593752e-02
6.358113023588682355e-02
5.677208782615840443e-02
5.728963575046686768e-02
5.692193609370990726e-02
5.749715272415593242e-02
5.802013990810475641e-02
5.765259454532602190e-02
5.820878354895754614e-02
5.871970827824021799e-02
5.837630607980247993e-02
5.892106524481924290e-02
5.943147644927404549e-02
5.907610802923381893e-02
5.962939254828710650e-02
6.013542489779111905e-02
5.978582241577506257e-02
6.033383717096056642e-02
6.084299558477604397e-02
6.048775773210489370e-02
6.103447299611544641e-02
6.119334492925670999e-02
6.154237311921036818e-02
6.173137662624786359e-02
6.223737439314303704e-02
6.189078533827369749e-02
5.526091703381356968e-02
5.380812733704057327e-02
5.429742000946913977e-02
5.415740508073527831e-02
5.346969271332253221e-02
5.398803929586782485e-02
5.596470079221859545e-02
5.585036879625547568e-02
5.631271604493340993e-02
5.628086094191197403e-02
5.561712933773980960e-02
5.610671931600902385e-02
5.598011231253634951e-02
5.604754922530840594e-02
5.655917046887271732e-02
5.619531728302808171e-02
6.646793220133899449e-02
6.644786127259441622e-02
6.555784270944320369e-02
6.594085016224192353e-02
6.599332801642968094e-02
6.548476777765627199e-02
6.456215671265740086e-02
6.498687093954576277e-02
6.459606900830139331e-02
6.384565923971322055e-02
6.378272867991603701e-02
6.420651531086891961e-02
6.401965096331467542e-02
6.308875563875485093e-02
5.641034044682378262e-02
5.713513227145300410e-02
5.785347767816957643e-02
5.856542299175224869e-02
5.927571870987973640e-02
5.998209553574918723e-02
6.068462660878583270e-02
6.138338624772355506e-02
6.242462477472339455e-02
6.258388789473426361e-02
6.207845267869982475e-02
5.496278211718338969e-02
5.534897522949479287e-02
5.487556392061287980e-02
5.363975152216966802e-02
5.417288531029344767e-02
5.399108126246066758e-02
5.447981443490005488e-02
5.546371190721043065e-02
5.579117958246503084e-02
5.532044454737798655e-02
5.546926390030505749e-02
5.583118710548998220e-02
5.568450943719313595e-02
6.644475776208209894e-02
6.563418855900410298e-02
6.603107043816505706e-02
6.605153632434974942e-02
6.645624160276887571e-02
6.559604120578750586e-02
6.506052717026329646e-02
6.417294392691107185e-02
6.311429539176179049e-02
6.368577403824771110e-02
6.327394912298299479e-02
6.344893245553816230e-02
6.292929356763546367e-02
5.574925765895055729e-02
5.626062727180045769e-02
5.589884835486943343e-02
5.646993166286321669e-02
5.698352662948859282e-02
5.662140568979617122e-02
5.718758345220210232e-02
5.734271753788190706e-02
5.769819890654664940e-02
5.789993047491652500e-02
5.805465738795779346e-02
5.841054320684967854e-02
5.860937552845845583e-02
5.911945911112400504e-02
5.876547425433566174e-02
5.931520367465142884e-02
5.982462483217006882e-02
5.947250633415279708e-02
6.001748289601680636e-02
6.052611137810618575e-02
6.017582344388925503e-02
6.071628315363630790e-02
6.122399162404689593e-02
6.087549741278105303e-02
6.141167577106983189e-02
6.191833986953190067e-02
6.157160255202741295e-02
5.242193728934293334e-02
5.456809778867729305e-02
5.281392936007925365e-02
5.314210881665203112e-02
5.331092792782891887e-02
5.326404064102730623e-02
5.371835722763059623e-02
5.353637640418477950e-02
5.294570781240821172e-02
5.529060046533456479e-02
5.458765030086928233e-02
5.495457675679898957e-02
5.510227257398791351e-02
5.502472745113491659e-02
5.553606231294570816e-02
5.517306546534590794e-02
6.635915309426983211e-02
6.640177497069177370e-02
6.559244977866857118e-02
6.561324145588144641e-02
6.603030366016934827e-02
6.601909836266792175e-02
6.493323415497875839e-02
6.524554789338368743e-02
6.528404808074021737e-02
6.474789319432606993e-02
6.346931903459743229e-02
6.401605833647378008e-02
6.362597765499547475e-02
6.276990229859563675e-02
6.279252592177153591e-02
6.328786188691953862e-02
6.295340325574366735e-02
5.538747769097544099e-02
5.611007336958966085e-02
5.682922886859261696e-02
5.754422147521503356e-02
5.825510919502301793e-02
5.896273744890661445e-02
5.966678249960628150e-02
6.036731338800484931e-02
6.106440086161143976e-02
6.210373270258937040e-02
6.226421281018741649e-02
6.175811662733059898e-02
5.136819720654019900e-02
5.189487501837877076e-02
5.385170088305611669e-02
5.440706444997347319e-02
5.401264013480711057e-02
5.261889231502221015e-02
5.303974436809573423e-02
5.355843103844622893e-02
5.477578531917207116e-02
5.429629245643163155e-02
5.480826233027476929e-02
5.444249550229320750e-02
5.466100074087901911e-02
6.558682593799608496e-02
6.601593022710534886e-02
6.597340977847383769e-02
6.621212970267006948e-02
6.628539212542354508e-02
6.479081198961059163e-02
6.521263308388185187e-02
6.519207847900618247e-02
6.558953625723469572e-02
6.486195635010953697e-02
6.410970378494756927e-02
6.452166795465266724e-02
6.433582077387138554e-02
6.378986741356164336e-02
6.313131124796188265e-02
6.260923087321659808e-02
6.244853275359189826e-02
5.472686258588994879e-02
5.523799681628212277e-02
5.487624616878643974e-02
5.544757767231422996e-02
5.595872124347680415e-02
5.559881974875206107e-02
5.616490623859890507e-02
5.631777268237399270e-02
5.667624111323866370e-02
5.687851070763599859e-02
5.738924649383009280e-02
5.703335360177599900e-02
5.758883732273705619e-02
5.809916163539233930e-02
5.774464337401682273e-02
5.829581565846467944e-02
5.880559387126731152e-02
5.845280908303859824e-02
5.899950798360303200e-02
5.915752411958456747e-02
5.950860826093757466e-02
5.969997865712951823e-02
5.985885464365339748e-02
6.020827190867637790e-02
6.039729350449569989e-02
6.055686855464054857e-02
6.090465333492574296e-02
6.109151916191136317e-02
6.159782178612351750e-02
6.125163481546805344e-02
5.181591892809252892e-02
5.159295126209813287e-02
5.211930321549677891e-02
5.422018079631972520e-02
5.231480435637689969e-02
5.209506197666652350e-02
5.267932173193934364e-02
5.245490467660333250e-02
5.282541277273031244e-02
5.333839001175867678e-02
5.304524301939324282e-02
5.356357866425007219e-02
5.393043693849777775e-02
5.407547737359115481e-02
5.400258302910351804e-02
5.451356199129556157e-02
5.414993865798308631e-02
6.549660328937631504e-02
6.592805242433899537e-02
6.554153741496029917e-02
6.585472244129844666e-02
6.464156690157840668e-02
6.511715368413915905e-02
6.471603335345102459e-02
6.511472955577191080e-02
6.445061759212528107e-02
6.315452536455576360e-02
6.363236379914093133e-02
6.331183676322303666e-02
6.246919837190042374e-02
6.263081561482647386e-02
6.296950383335822576e-02
6.178272243266871855e-02
6.228784659211913238e-02
6.194322280589130425e-02
5.436517110557750887e-02
5.508766273217221426e-02
5.580667820282036312e-02
5.652213805408529135e-02
5.723409627712272574e-02
5.794274112342284039e-02
5.864806852604079190e-02
5.935014187490305487e-02
6.004902634267857142e-02
6.074478824108384828e-02
6.143749437295887433e-02
5.031339841836050125e-02
5.084053575696428212e-02
5.082850040338177111e-02
5.109873963500577432e-02
5.132205375534752700e-02
5.370817447383758464e-02
5.195653979196730721e-02
5.246097765348381459e-02
5.319502597013870543e-02
5.327469606080405262e-02
5.378537107408792872e-02
5.341969454553902041e-02
5.363909288166086864e-02
6.493172727855292536e-02
6.525932613044801989e-02
6.521438726151299048e-02
6.600484459261912740e-02
6.610817817881499414e-02
6.535405208894651263e-02
6.542510950917862500e-02
6.578331185353704369e-02
6.382807627667043404e-02
6.423529502368764688e-02
6.430968460555894217e-02
6.478669281401033819e-02
6.396877202181770750e-02
6.349164474667784441e-02
6.281221927903156421e-02
6.212632473448195108e-02
5.370504281730892338e-02
5.421587218280322917e-02
5.385426959507682437e-02
5.442556229420580927e-02
5.457662004432684705e-02
5.493651875020869046e-02
5.514285197973949060e-02
5.565385708136787180e-02
5.529557405490283239e-02
5.585695900243209389e-02
5.636774193259650595e-02
5.601124422322360102e-02
5.656793435244091006e-02
5.707842180804173493e-02
5.672348711065403060e-02
5.727583234021581260e-02
5.778588860657465909e-02
5.743255315360031033e-02
5.798071001497420718e-02
5.813843561446679215e-02
5.849020192662424122e-02
5.868262658524722730e-02
5.919142349405865505e-02
5.884119523185070422e-02
5.938164281855042720e-02
5.988961654989536504e-02
5.954089456699464267e-02
6.007782042721560717e-02
6.058484521762979441e-02
6.023759738183799561e-02
6.077122144653065300e-02
6.127717386794467869e-02
6.093136800352400018e-02
5.057167046587370679e-02
5.123060441350130167e-02
5.103014732511828438e-02
5.152344010300034804e-02
5.166294706501108752e-02
5.180795502964945926e-02
5.231650409117247907e-02
5.195245553317891923e-02
5.254277916370422158e-02
5.268472930742455068e-02
5.305302572435915964e-02
5.290920168227222775e-02
5.298125081676920145e-02
5.349180712523389503e-02
5.312847983995524354e-02
6.470850443469690350e-02
6.510272526005253524e-02
6.481994593496619161e-02
6.567971962897943550e-02
6.503154709778807829e-02
6.351827783926114468e-02
6.408034675899791643e-02
6.367301457740245918e-02
6.414233721132657495e-02
6.453725233315749099e-02
6.439173651377200214e-02
6.283537722218876520e-02
6.333200175935677079e-02
6.299482542486753434e-02
6.214947940588065600e-02
6.230925347028445915e-02
6.265225526839153514e-02
6.146161197381802554e-02
6.162212281129283986e-02
6.196563249001234980e-02
5.334355830716490388e-02
5.406570899756835136e-02
5.478460795038889858e-02
5.550030016030570862e-02
5.621283475128531493e-02
5.692226444749397957e-02
5.762864499938519236e-02
5.833203461000838891e-02
5.903249334329525866e-02
5.973008251670833962e-02
6.042486408180405139e-02
6.111675202599307910e-02
4.982950456849138260e-02
5.032874235225941184e-02
5.007204599849364446e-02
4.926229967820285743e-02
4.978753563603677962e-02
5.035527346216193273e-02
5.079275710400993349e-02
5.059246820582386645e-02
5.105314279960924961e-02
5.157393510589506486e-02
5.114245663966508759e-02
5.143097789438728223e-02
5.217582188853572833e-02
5.225414842737435145e-02
5.276428321283276740e-02
5.239902735399726980e-02
5.261811551867816988e-02
6.573857714321207357e-02
6.541471908884761988e-02
6.442562791422834501e-02
6.587135296474072588e-02
6.509945796694760478e-02
6.555239034802899656e-02
6.522640466643815638e-02
6.446408222065280746e-02
6.490929269857376172e-02
6.458603321462974556e-02
6.317714087313490434e-02
6.383056966220876371e-02
6.249274923636469886e-02
6.180587354850237275e-02
5.268393380420396954e-02
5.319439114204955327e-02
5.283305378489551452e-02
5.340402574673704800e-02
5.355494674773004365e-02
5.391472554436570891e-02
5.412117490622800342e-02
5.463197365268938899e-02
5.427373267584071487e-02
5.483542367061085276e-02
5.534618015956468268e-02
5.498945414224935130e-02
5.554681826524582311e-02
5.605739360913493396e-02
5.570215783000988241e-02
5.625540823252547784e-02
5.676566586553590671e-02
5.641189401294288697e-02
5.696124588496569857e-02
5.747105154992033366e-02
5.711871600399866244e-02
5.766438574393870087e-02
5.817360746904148838e-02
5.782267958961995885e-02
5.836488396481386010e-02
5.887339202850620096e-02
5.852384245024639525e-02
5.906279774988854731e-02
5.957046463280104426e-02
5.922226356663212038e-02
5.975818475316799216e-02
6.026488507722372462e-02
5.991800261485936280e-02
6.045110248364628930e-02
6.095656501892309648e-02
6.061111935784003341e-02
4.954667691294405152e-02
5.009307972896454714e-02
5.070467893624801270e-02
4.821944118953546549e-02
4.874052424279606832e-02
5.078988828502688235e-02
5.129872485343651284e-02
5.092214282255040636e-02
5.152370308414877531e-02
5.203307354000177160e-02
5.166643712963363277e-02
5.188934541048516313e-02
5.196086102160298731e-02
5.247093011444918520e-02
5.210801581849983100e-02
6.557625205962132331e-02
6.503475039320935625e-02
6.522431322771427009e-02
6.385119825116841730e-02
6.428007008498302921e-02
6.399653859620646479e-02
6.541925704899816119e-02
6.478199752735501471e-02
6.415785540567095491e-02
6.251560054217863982e-02
6.301722114014578213e-02
6.267532201808329040e-02
6.319919300789225702e-02
6.367105483146862088e-02
6.335852792593583971e-02
6.182975588322731086e-02
6.233282454546028306e-02
6.198949172261988827e-02
6.114160771187999305e-02
6.164577665595668415e-02
6.130152527629036813e-02
5.232277215911631391e-02
5.304435005335760706e-02
5.376296556504300134e-02
5.447865897661530871e-02
5.519147465819732035e-02
5.590146056061393032e-02
5.660866768052498499e-02
5.731314950594949137e-02
5.801496144794162507e-02
5.871416025934995953e-02
5.941080344294388804e-02
6.010494865464598852e-02
6.079665310691594743e-02
4.886162603922467734e-02
4.906292948398155440e-02
4.934530314520860217e-02
4.933454699723673065e-02
4.984464780467975920e-02
4.958283333128403469e-02
5.005512048121080193e-02
5.055391258678710448e-02
5.020586764021722770e-02
4.854148292737530540e-02
5.115721825176059584e-02
5.042292087525108990e-02
5.123477413787574236e-02
5.174430696951081571e-02
5.137979993562836328e-02
5.159819616837606204e-02
6.481999233271379390e-02
6.527956831094806900e-02
6.511752218343992704e-02
6.452245575403227351e-02
6.496886996653437885e-02
6.477867089833719283e-02
6.352544293642808926e-02
6.495939673512297896e-02
6.418085567029922778e-02
6.432215289055583096e-02
6.464044272367949762e-02
6.355383985658871748e-02
6.400922375331759284e-02
6.370225432923024012e-02
6.285767514425599778e-02
6.217296284547642327e-02
6.148597298107093267e-02
5.166366677517041095e-02
5.217368696509772780e-02
5.181272947633136505e-02
5.238310396156125454e-02
5.289347964010297776e-02
5.253393555942650200e-02
5.309988521040411719e-02
5.361047300221766926e-02
5.325232380741939248e-02
5.381404868636794486e-02
5.432470726430004004e-02
5.396793234074750284e-02
5.452563635551912341e-02
5.503622645924902135e-02
5.468080334421372701e-02
5.523469348869239348e-02
5.574507793184276666e-02
5.539098257182498847e-02
5.594126814115534668e-02
5.609851882572980397e-02
5.645131180588083136e-02
5.664541061338292105e-02
5.680346341378549047e-02
5.715498043392777672e-02
5.734717289778341193e-02
5.785613783344608491e-02
5.750586959226876987e-02
5.804660811421322175e-02
5.820579199596500469e-02
5.855483911147277981e-02
5.874376993747675718e-02
5.890328605822894859e-02
5.925113988119840025e-02
5.943871202112091523e-02
5.994509567566572161e-02
5.959840742543768416e-02
6.013148742225438853e-02
6.063676136340412359e-02
6.029121137082999599e-02
4.718911122679750325e-02
4.770391721282494363e-02
4.909876138654555022e-02
4.969529585705482339e-02
4.786244813525247777e-02
4.836175210214682663e-02
4.804168953061078995e-02
5.050564510970795284e-02
5.101449147342785456e-02
5.064837875006750201e-02
4.977345142214593954e-02
5.028145916089769851e-02
4.991493889648361548e-02
5.087059137488425531e-02
5.094153975747750529e-02
5.108867196875163663e-02
5.145105906598859691e-02
6.460023333776186705e-02
6.481705824033172358e-02
6.467084878273507420e-02
6.417262471884287167e-02
6.434716537062228070e-02
6.460397776287116200e-02
6.288193079106592365e-02
6.336686246582184934e-02
6.304031299673293343e-02
6.450063050886777061e-02
6.386754039195181865e-02
6.321811730045227840e-02
6.219732326238616021e-02
6.269854451766043724e-02
6.235625369601165147e-02
6.151074401887612897e-02
6.167008274784586269e-02
6.201343511818439153e-02
6.082214803251958374e-02
6.098175221425823633e-02
6.132619057117384698e-02
5.202371953485625256e-02
5.130294138581114466e-02
5.274182423775676531e-02
5.345729158044094237e-02
5.417016168873937942e-02
5.488047824474506092e-02
5.558828797785099474e-02
5.629364013425591784e-02
5.699658593032128073e-02
5.769717799332232250e-02
5.839546979246908187e-02
5.909151506397793824e-02
5.978536723477461540e-02
6.047707885002989725e-02
4.752631850376255046e-02
4.826558148877451576e-02
4.879974967727061796e-02
4.856421922494705973e-02
4.903817686802531411e-02
4.954640780029721109e-02
4.918709561961313176e-02
4.806495328190391048e-02
5.013993249565563970e-02
4.940619989497768705e-02
5.021669371994012809e-02
5.036173440504374682e-02
5.072556478133875141e-02
5.057945819770599122e-02
6.438639078813292171e-02
6.389557262291414852e-02
6.420919227365809445e-02
6.435805218813854534e-02
6.361075404301136382e-02
6.389181666383182689e-02
6.406684801589043743e-02
6.253987075266477513e-02
6.403784623847603996e-02
6.325111711502062750e-02
6.371625271903845478e-02
6.340213640110384241e-02
6.256682799959510655e-02
6.306063092454092245e-02
6.272408811165236520e-02
6.185428280505827353e-02
6.116670100746807864e-02
5.136292907314225775e-02
5.187291500930293897e-02
5.151371817554779853e-02
5.064436925035099152e-02
5.115388896555823212e-02
5.079342349590939415e-02
5.207911921351823098e-02
5.258942834323149240e-02
5.223148358689272408e-02
5.279297411484412672e-02
5.330346520934709648e-02
5.294675390742718812e-02
5.350453198195759263e-02
5.401506563141533768e-02
5.365956732912278981e-02
5.421383430582833035e-02
5.472427292929971793e-02
5.436996558606607688e-02
5.492092536471005620e-02
5.507799345655672862e-02
5.543113320980094794e-02
5.562585170588007361e-02
5.613569483825225220e-02
5.578369824372823860e-02
5.632866161214861861e-02
5.683800789537235554e-02
5.648712923927641516e-02
5.702940455694096439e-02
5.718833717429965685e-02
5.753812362286716414e-02
5.772813065132710586e-02
5.823609386104440511e-02
5.788737366046625005e-02
5.842489008658577343e-02
5.893197048228850099e-02
5.858429062502458484e-02
5.911973257638857698e-02
5.962580482477315702e-02
5.927913974384430712e-02
5.981270680253900074e-02
6.031764713081780305e-02
5.997197187699229715e-02
4.617533864667301702e-02
4.668187350242811173e-02
4.696834631745747113e-02
4.707932767175867367e-02
4.741513450812229885e-02
4.865248776623442434e-02
4.742477426660065415e-02
4.764390443587025736e-02
4.784512300641326210e-02
4.948910457268199115e-02
4.963189348228065623e-02
4.999717810783652766e-02
4.875875365716741960e-02
4.926587851296122117e-02
4.889913155466409783e-02
4.985324328558816270e-02
4.992340951062546051e-02
5.007056982641672205e-02
5.043231820955195593e-02
6.411279805885258809e-02
6.435608414488529216e-02
6.361421888499112220e-02
6.410767977248162108e-02
6.389313186842050796e-02
6.375275260603587013e-02
6.324479069832007749e-02
6.342755957920707954e-02
6.370907071125575527e-02
6.188087978283162566e-02
6.238169620633465112e-02
6.203885104803615741e-02
6.357352404122409983e-02
6.290917807856506727e-02
6.222406343378653060e-02
6.119323675230389087e-02
6.169554780421777906e-02
6.135178120646974514e-02
6.050385986731388749e-02
6.100754599299222647e-02
6.066283651038358038e-02
5.172131825071765721e-02
5.100394732211519649e-02
5.028419104121746586e-02
5.243633621991931892e-02
5.314903761158951828e-02
5.385946233460618682e-02
5.456765333723841149e-02
5.527365609806122321e-02
5.597751809958277647e-02
5.667928828861002605e-02
5.737901652686609733e-02
5.807675303530235311e-02
5.877254783595856069e-02
5.946645019547282945e-02
6.015850807381639687e-02
4.657203084889310202e-02
4.719690223046348748e-02
4.802562799071873750e-02
4.853165103154949422e-02
4.814660287345146755e-02
4.727138187339025022e-02
4.776828337964077187e-02
4.734856110486394126e-02
4.912427523740882374e-02
4.839253807807990942e-02
4.920002424254059370e-02
4.970817540193477047e-02
4.934513230550512802e-02
4.956202143546367678e-02
6.386342912997849952e-02
6.342943891565487602e-02
6.293254309991899720e-02
6.327182770166346615e-02
6.341434915442473175e-02
6.263297948443109775e-02
6.293906149983191645e-02
6.312217604444582408e-02
6.153727243514673512e-02
6.309144846538938811e-02
6.225422936691189790e-02
6.275299094928274424e-02
6.241019385475388148e-02
6.156661172526016468e-02
6.206701552918102854e-02
6.172345213118855117e-02
6.084876758059211410e-02
5.105900985005091403e-02
5.156897424372897110e-02
5.121134456156820058e-02
5.034362990937074622e-02
5.085316207173358471e-02
5.049442278301988218e-02
4.962616553786970003e-02
5.013512299373502901e-02
4.977525925604586732e-02
5.177233657096162039e-02
5.228259227678289101e-02
5.192605532200873092e-02
5.248364500403976396e-02
5.299405267891478533e-02
5.263858975843330873e-02
5.319297334513499453e-02
5.370339523341572524e-02
5.334898607630127881e-02
5.390036257336338482e-02
5.441066250948346783e-02
5.405728551433829771e-02
5.460585595102981221e-02
5.511589935341511953e-02
5.476353184496695475e-02
5.530949850780324945e-02
5.581915236425630950e-02
5.546777085722432582e-02
5.601133651292194982e-02
5.617004982608762853e-02
5.652046935773469283e-02
5.671141693915989629e-02
5.687041697193791906e-02
5.721989882206051509e-02
5.740978692184044163e-02
5.791748936900707745e-02
5.756892091353468799e-02
5.810649321652647942e-02
5.861328918408281741e-02
5.826561011814871544e-02
5.880158165902098916e-02
5.930734547954703145e-02
5.896053235272394333e-02
5.949509663077404836e-02
5.999970395335220419e-02
5.965373413953074799e-02
4.518186958408274001e-02
4.567827777468829592e-02
4.577309900604572407e-02
4.637026565721694832e-02
4.597488541246208538e-02
4.658887590652869420e-02
4.700661754233780021e-02
4.677916129450022942e-02
4.764883297101337595e-02
4.693030087059952421e-02
4.847419283576992477e-02
4.861709128368524313e-02
4.898143824756095999e-02
4.774590005501045537e-02
4.788643279431741007e-02
4.825208983121423434e-02
4.883741534775258575e-02
4.890658967663838452e-02
4.941482842232232386e-02
4.905382763726764961e-02
6.357413418796303839e-02
6.384304989140872355e-02
6.307783490273910498e-02
6.334569139965957885e-02
6.359584588920566550e-02
6.252118520555687009e-02
6.306828829122394786e-02
6.288295043643114812e-02
6.278234703165851138e-02
6.257664041183824688e-02
6.087757326283387005e-02
6.137949946079422625e-02
6.103515301850705871e-02
6.259354996353909406e-02
6.191059617946147869e-02
6.122227206934417049e-02
6.018708053186468815e-02
6.069040825539458867e-02
6.034526021884866614e-02
5.141592772369654035e-02
5.070157853760142580e-02
4.998516003367520222e-02
4.926664302496039372e-02
5.212824071898939510e-02
5.283855414607085965e-02
5.354690765380096251e-02
5.425334342646269403e-02
5.495790567533374860e-02
5.566064011642535281e-02
5.636159343813119948e-02
5.706081276227221305e-02
5.775834510199526206e-02
5.845423682019146999e-02
5.914853309185950231e-02
5.984127737313814366e-02
4.547774385735568053e-02
4.618106999851449845e-02
4.701862556214335409e-02
4.752186602599994814e-02
4.714571299152277295e-02
4.630282604081466247e-02
4.678683929506584349e-02
4.644635930920539002e-02
4.811035480406489900e-02
4.738257207653022440e-02
4.818487981750968485e-02
4.833010636032739754e-02
4.869225435515658895e-02
4.854600267951876547e-02
6.332582637044494034e-02
6.279938424388467610e-02
6.194448678422104226e-02
6.228887275499972453e-02
6.243883486969687563e-02
6.163796003982564137e-02
6.207985521159649356e-02
6.213579794511089188e-02
6.053251087845865769e-02
6.209897869236688517e-02
6.125486789502129770e-02
6.175484929064566780e-02
6.141040214736095959e-02
6.056409939800620063e-02
6.106563388406774373e-02
6.072054069613314065e-02
5.075226969995923904e-02
5.090596988688783631e-02
5.126222353755127692e-02
5.003968715750500840e-02
5.019203617723258515e-02
5.054924212893796565e-02
4.932533248524288011e-02
4.983434818648228848e-02
4.947617455723912760e-02
4.860917724448197280e-02
4.911751194348906724e-02
4.875835727211370180e-02
5.146311223605790769e-02
5.161800735878895735e-02
5.197332588118319663e-02
5.217225016924579434e-02
5.232818376505253555e-02
5.268258590046836359e-02
5.287972164340697806e-02
5.339004309811280768e-02
5.303653727889839908e-02
5.358556710202048295e-02
5.409573926880265754e-02
5.374310861376898479e-02
5.428982877972464427e-02
5.479971798740424643e-02
5.444794051899178033e-02
5.499255018815085716e-02
5.515107726472564392e-02
5.550202408829064959e-02
5.569377559500605229e-02
5.585256411755323835e-02
5.620270313715835381e-02
5.639354949671951389e-02
5.690180089714316075e-02
5.655244680873303814e-02
5.709191608999324152e-02
5.759936279369654022e-02
5.725077099945325571e-02
5.778891874451341781e-02
5.829543338115358853e-02
5.794758174603257400e-02
5.848459948046315360e-02
5.864292296868580529e-02
5.899005581436922441e-02
5.917899845356187211e-02
5.933683692669591142e-02
5.968327132795809425e-02
4.421217821439329954e-02
4.469674109198479989e-02
4.497293320339355860e-02
4.537290106482533975e-02
4.507833038766872330e-02
4.573444235512282713e-02
4.575430168464295066e-02
4.616143962093061104e-02
4.666103699142543082e-02
4.601883928703433269e-02
4.746111508216941527e-02
4.760412741688789529e-02
4.796743015971068752e-02
4.673557317358409402e-02
4.687776748801667642e-02
4.724048735831729018e-02
4.782326725988997329e-02
4.789119707483333738e-02
4.839870774732632497e-02
4.803856088145838643e-02
6.298598704028611495e-02
6.327967297693919135e-02
6.255137472137459187e-02
6.281422984364057327e-02
6.306327877486592182e-02
6.202905003689710567e-02
6.255393459298980163e-02
6.227461101748305722e-02
6.179079871454622175e-02
6.133501789745163940e-02
6.192860077700903382e-02
6.148601736468012335e-02
5.987215345032913250e-02
6.002936370223470319e-02
6.037511872536420465e-02
6.159981942756637824e-02
6.090962896750044819e-02
6.021827546897416672e-02
5.110790629410434660e-02
5.039619798532539441e-02
4.968273317516656157e-02
4.896748152874230708e-02
4.825041659594511007e-02
5.181789192179533932e-02
5.252619170155727740e-02
5.323284498873953607e-02
5.393789318582009606e-02
5.464137923065690017e-02
5.534334707851927548e-02
5.604384117751321642e-02
5.674290594025972051e-02
5.744058521561211383e-02
5.813692176339458478e-02
5.883195673535553810e-02
5.952572916492794575e-02
4.459277227732821175e-02
4.535361982453738061e-02
4.600679738472676639e-02
4.651243409267774576e-02
4.615551900605228269e-02
4.523817457958365096e-02
4.577012734453446419e-02
4.548661617749717029e-02
4.709861516681925625e-02
4.637145668090036921e-02
4.717137211958326998e-02
4.767791447211681272e-02
4.731681495994697478e-02
4.753151622120433545e-02
6.276843265556006357e-02
6.229012293097938024e-02
6.168210842917110082e-02
6.094600427612553023e-02
6.129209104761031146e-02
6.144555156594851825e-02
6.064038405154215799e-02
6.098777653966767215e-02
6.113948389859093918e-02
6.110005347563027961e-02
6.025316768613244583e-02
6.075430180120136581e-02
6.040829342665883506e-02
5.955942819842245661e-02
5.971549345646300078e-02
6.006202517850142003e-02
5.044306790490734466e-02
5.059795407874381062e-02
5.095302070014939844e-02
4.973290459466159219e-02
4.988662818022775863e-02
5.024249130061419349e-02
4.902127872399367203e-02
4.917368524899787957e-02
4.953036075030388397e-02
4.830816050429442843e-02
4.845909616741149450e-02
4.881659815038887074e-02
4.759352378106807002e-02
4.810117626053228568e-02
4.774283567367818698e-02
5.115180169456091941e-02
5.130769552971056746e-02
5.166198311279762007e-02
5.185914174737344534e-02
5.236941544446453711e-02
5.201588812949446694e-02
5.256512616062614801e-02
5.307535690782566595e-02
5.272257000055164539e-02
5.326979482769310381e-02
5.377984850971985475e-02
5.342778131224903970e-02
5.397318895606375427e-02
5.448293255339952540e-02
5.413156378548904246e-02
5.467535054476201084e-02
5.518465211708013102e-02
5.483396017431611813e-02
5.537632187753294827e-02
5.588505053714182269e-02
5.553501375197720386e-02
5.607614500319640927e-02
5.658417088435106768e-02
5.623476778737568349e-02
5.677486121914947226e-02
5.728205544221215417e-02
5.693326502256326749e-02
5.747251055966310501e-02
5.797874519009545147e-02
5.763054715321591637e-02
5.816913129110837244e-02
5.832665431495620556e-02
5.867427929360334582e-02
5.886475941734348183e-02
5.936869460517384123e-02
5.902162457847168198e-02
4.326947668678293724e-02
4.374060122734437644e-02
4.399578253741878719e-02
4.410442335875053993e-02
4.448398616539310513e-02
4.510653448392462628e-02
4.562291101354296052e-02
4.644968737757945026e-02
4.695516418029709732e-02
4.659325067239224183e-02
4.572613301653020296e-02
4.623059064152437725e-02
4.586713545981842971e-02
4.681076293356555007e-02
4.687734645867828315e-02
4.702488278711375314e-02
4.738407190793809259e-02
6.235015558502160493e-02
6.266772532436350185e-02
6.196348978228032739e-02
6.247527427315098525e-02
6.225715755397024515e-02
6.167815946613440514e-02
6.185329042304427150e-02
6.211512785119541191e-02
6.102689233808203384e-02
6.152833598917220592e-02
6.118047784255425947e-02
6.079276569054610502e-02
6.033837776951919002e-02
6.048890569560041314e-02
6.083701579962998152e-02
6.059969732531118869e-02
5.990641234022745648e-02
5.921221174385411790e-02
5.079761128633281109e-02
5.008816704868259556e-02
4.937727639578279315e-02
4.866490785797229768e-02
4.795103341124443141e-02
4.723562888114987701e-02
5.150564357847127461e-02
5.221230092572291814e-02
5.291762238533152113e-02
5.362164857089093961e-02
5.432442114976623881e-02
5.502598232792432764e-02
5.572637433629887282e-02
5.642563891231635459e-02
5.712381678541133406e-02
5.782094716842395288e-02
5.851706725753149513e-02
4.363249796622163668e-02
4.439830522113568517e-02
4.468581920298309029e-02
4.419728765119427388e-02
4.481817181777398434e-02
4.500070448067414880e-02
4.550346393887774038e-02
4.512038687427735034e-02
4.608814428181130102e-02
4.536365296061351665e-02
4.615961089282843294e-02
4.666526639639946572e-02
4.630522117858902609e-02
4.651867435217918456e-02
6.215643909721671467e-02
6.182056798053330721e-02
6.135263840885979425e-02
6.068269357953815640e-02
5.994513735100481799e-02
6.044586088012871006e-02
6.029283828745519297e-02
5.964037435738300114e-02
6.014067577587865754e-02
5.998942004006142109e-02
6.009876708468628315e-02
5.924926052963502832e-02
5.940400214326713862e-02
5.975148181951193960e-02
5.855273231179788929e-02
5.870844705834366017e-02
5.905632503234990033e-02
5.013176265753422484e-02
5.028765586449164549e-02
5.064172263854680583e-02
4.942364413052254685e-02
4.993327024976361439e-02
4.957856153763744861e-02
4.871437039720210443e-02
4.922352562291307243e-02
4.886815858052035583e-02
4.800391027459716825e-02
4.815641650493287379e-02
4.851245670295304541e-02
4.729223585994249413e-02
4.744330827968570863e-02
4.780003469971431940e-02
4.657932286825514079e-02
4.708623444787871787e-02
4.672881071174463802e-02
5.083875981395823140e-02
5.099547500081923201e-02
5.134891754212357606e-02
5.154467182126812319e-02
5.170205495066619583e-02
5.205489206285011938e-02
5.224953668373773924e-02
5.275968509270534401e-02
5.240743376557868705e-02
5.295339377282846927e-02
5.346333686481462288e-02
5.311165107792068657e-02
5.365628324978718305e-02
5.416588840377050545e-02
5.381474757116978813e-02
5.435824561894141843e-02
5.486738104915767078e-02
5.451676449517841444e-02
5.505932120228694548e-02
5.556785593330459960e-02
5.521774314999246952e-02
5.575954963089146260e-02
5.626735346899926909e-02
5.591772437168049392e-02
5.645896934288782698e-02
5.661674802303268833e-02
5.696591284287960688e-02
5.715761708693169879e-02
5.731485248938628790e-02
5.766357151501289718e-02
5.785552743565539058e-02
5.836036472855130747e-02
5.801207418290982992e-02
4.235672227703345116e-02
4.281294243876267169e-02
4.341734813689777928e-02
4.370682247386298985e-02
4.334424849201689439e-02
4.390745868347926267e-02
4.427340387746098865e-02
4.475556905449830369e-02
4.433642999705739857e-02
4.463728856847627019e-02
4.544030422245513151e-02
4.594474584439525722e-02
4.558383948692949772e-02
4.471941868479659826e-02
4.522250147653310293e-02
4.486073168656035115e-02
4.580015453047842078e-02
4.586515102384561282e-02
4.637103481480778916e-02
4.601290483834961226e-02
6.166849648380011428e-02
6.200903329150767723e-02
6.133749788766050537e-02
6.165019381418532923e-02
6.184434616833670018e-02
6.088984572981722548e-02
6.142721999590115139e-02
6.128401927100952246e-02
6.095770440789151368e-02
6.006362065561902941e-02
6.020047445850978951e-02
6.054553682291861222e-02
5.979232425699437109e-02
5.933925136608939749e-02
5.948933427745760338e-02
5.983911820018766176e-02
5.959727891852052706e-02
5.890107931727960044e-02
5.820421616021057704e-02
5.048539916953864726e-02
4.977784571952599546e-02
4.906915366430130571e-02
4.835929043770496177e-02
4.764822644256658246e-02
4.693593553351334963e-02
4.622239538188452346e-02
5.119184910184684800e-02
5.189723268998614608e-02
5.260158868379843228e-02
5.330495691252613161e-02
5.400737777237447218e-02
5.470889174001306726e-02
5.540953885519164790e-02
5.610935821505173837e-02
5.680838747448006126e-02
5.750666235420172356e-02
4.288677653737529155e-02
4.384556474947739341e-02
4.399695212009026996e-02
4.413589747094891907e-02
4.449853009093057699e-02
4.508005906341258640e-02
4.435838290486088936e-02
4.514970447225560846e-02
4.565441910200435799e-02
4.529557630030724841e-02
4.550758787795392002e-02
6.150254190891937811e-02
6.111323495212773321e-02
6.047681433694460096e-02
5.970146223757796106e-02
5.894201240074126852e-02
5.944384930333904832e-02
5.929123909659709396e-02
5.863805199304344962e-02
5.898866324642154657e-02
5.913949476805347577e-02
5.909524861414768016e-02
5.824327560245370905e-02
5.874651978369041516e-02
5.839765999023777132e-02
5.754414339691153735e-02
5.769953548144093891e-02
5.804866632102605173e-02
4.981871095918261744e-02
5.032868535543467969e-02
4.997543283167969058e-02
4.911226603245118227e-02
4.962193827409721453e-02
4.926819732934839546e-02
4.840497142319643425e-02
4.891420578526094187e-02
4.855995957486639036e-02
4.769679465322358702e-02
4.820545478763922642e-02
4.785068773664417907e-02
4.698770605484115653e-02
4.749565491078733270e-02
4.714035302830744262e-02
4.627767913835004882e-02
4.642893006144367674e-02
4.678477901224777774e-02
4.556669103875174431e-02
4.607280356940721827e-02
4.571639726476870585e-02
5.052434090614973949e-02
5.103448243520315036e-02
5.068170035187419264e-02
5.122919246798153525e-02
5.173936675651491512e-02
5.138703629835266601e-02
5.193330360702350101e-02
5.244337693008368356e-02
5.209147865429627350e-02
5.263671312757150361e-02
5.314655238293886086e-02
5.279506650688106650e-02
5.333946017565474595e-02
5.384893288527273919e-02
5.349783950836810298e-02
5.404158377529166835e-02
5.455055805613996667e-02
5.419983742080302508e-02
5.474312230841142657e-02
5.525146684939581665e-02
5.490109959321023969e-02
5.544411301967788058e-02
5.595169705536619242e-02
5.560166445964095233e-02
5.614459152693029864e-02
5.665128480804428046e-02
5.630156904332694889e-02
5.684459134083814230e-02
5.700084846817414508e-02
5.735026410187655382e-02
4.237451541285645884e-02
4.289571436117650682e-02
4.236650979684547513e-02
4.147664793609839168e-02
4.191660459994574206e-02
4.326714012402665260e-02
4.376995266305930277e-02
4.334310753550770640e-02
4.363222160957152401e-02
4.443297210344690495e-02
4.493637537163639589e-02
4.457681565859192979e-02
4.371494782791542771e-02
4.421689675949576348e-02
4.385661871551288504e-02
4.479149949713610857e-02
4.485472291646156601e-02
4.535970907525924134e-02
4.500273729089777908e-02
6.094293390307176095e-02
6.130548574415455726e-02
6.078993705158350358e-02
6.106338294166128305e-02
6.122959973419265373e-02
6.036535187968255362e-02
6.085186627900323469e-02
6.062707459292521195e-02
5.974672501207179548e-02
6.031876943992866419e-02
5.990460410654140783e-02
5.904214784154080548e-02
5.955321350890727117e-02
5.919017309800290311e-02
5.878959793770755643e-02
5.833775368957305058e-02
5.883879179861509906e-02
5.848742139966209980e-02
5.859269203320827818e-02
5.789376035370084883e-02
5.719442150474018938e-02
4.946559257140669547e-02
5.017162553827628907e-02
4.875872701422240274e-02
4.805099521817872421e-02
4.734236605440348550e-02
4.663281139062916414e-02
4.592230649876298532e-02
4.521083047884662948e-02
5.087686162325533862e-02
5.158133816590430853e-02
5.228509361154994040e-02
5.298816699786745854e-02
5.369059747252981352e-02
5.439242380088874645e-02
5.509368385796951928e-02
5.579441413573054537e-02
5.649464925775378454e-02
4.192540877188387360e-02
4.282070767865184258e-02
4.300137317727638353e-02
4.349886688308198662e-02
4.313498442596686022e-02
4.407412161073279155e-02
4.335830317648348836e-02
4.414176030144626589e-02
4.464548041632669662e-02
4.428793734910171226e-02
4.449836663215403498e-02
6.086590961427221919e-02
6.057733835527218808e-02
6.005595181703327068e-02
6.017546987037331041e-02
6.055904406327547451e-02
5.939441312230548525e-02
5.868992818993156585e-02
5.793675345687729350e-02
5.828741600331060341e-02
5.843964198731146226e-02
5.763353575502904586e-02
5.798562330115671071e-02
5.813606073753518899e-02
5.808962468825019237e-02
5.723533983041157597e-02
5.773954369736336578e-02
5.738939627598885207e-02
5.653379096978326107e-02
5.703917958259505094e-02
5.668889041605810336e-02
4.879912898648979674e-02
4.930885328554192315e-02
4.895589502378433489e-02
4.950426883561943187e-02
5.001426408832833348e-02
4.966164148493079633e-02
4.809344365605669469e-02
4.860276236568496916e-02
4.824945111094450928e-02
4.738717910814960882e-02
4.789595716445311374e-02
4.754227663929092712e-02
4.668030390661699613e-02
4.718840577904297173e-02
4.683434105702333899e-02
4.597278937870506038e-02
4.612561678315584696e-02
4.648007909250368580e-02
4.526461006585049546e-02
4.541607965644072625e-02
4.577095118257952511e-02
4.455574413011838264e-02
4.506099974797773966e-02
4.470570933908148137e-02
5.020889880015273754e-02
5.071903081404828539e-02
5.036672564393252643e-02
5.091305589686006411e-02
5.142319089640470797e-02
5.107118430607027193e-02
5.161677799224455992e-02
5.212678261505852839e-02
5.177505538505130372e-02
5.232010333102524169e-02
5.247837740425193020e-02
5.282984461005506976e-02
5.302307007266432448e-02
5.318118901479774313e-02
5.353241541850709689e-02
5.372571577380397256e-02
5.388352850483210665e-02
5.423453295605789454e-02
5.442807689969618445e-02
5.458543329511891806e-02
5.493623402527978566e-02
5.513018833788730505e-02
5.563755382799899507e-02
5.528693944822046791e-02
5.583208292238171777e-02
5.633852548745239830e-02
5.598808118572284193e-02
4.161928223991304826e-02
4.154847245198707573e-02
4.199674015444324754e-02
4.227500048075314570e-02
4.232536190959064470e-02
4.277078742966514135e-02
4.063179830999264636e-02
4.105422322652604178e-02
4.263826454503977237e-02
4.342794756133162154e-02
4.357206740994826188e-02
4.393018460008862869e-02
4.271375352054209568e-02
4.285820307922347250e-02
4.321405431727132207e-02
4.378497942170390955e-02
4.384617374025517184e-02
4.435020650138511017e-02
4.399448968268329652e-02
6.005820570575860773e-02
6.050093311222528442e-02
6.042394665227766165e-02
6.000591800654364594e-02
6.018532900491148363e-02
6.039821451601982971e-02
5.943048445754658266e-02
5.989824239631030833e-02
5.958807391870022535e-02
6.011621450230202751e-02
5.874944990205942935e-02
5.924840641237493627e-02
5.889522370835893056e-02
5.804149813514940248e-02
5.854212050144871199e-02
5.818909650464242078e-02
5.778470817572922691e-02
5.733399809620003118e-02
5.783615109029113105e-02
5.748328319021411836e-02
5.758606218665407450e-02
5.688458370859762053e-02
5.618295847094429557e-02
4.844635665474419234e-02
4.915176489822539740e-02
4.985664525692042742e-02
4.774038580088061506e-02
4.703381969298985055e-02
4.632662822117613460e-02
4.561878426673731529e-02
4.491026413106636445e-02
4.420104793211949296e-02
5.056103409801526727e-02
5.126496892456049170e-02
5.196848785409131227e-02
5.267162915076108870e-02
5.337443073443342428e-02
5.407692967723302935e-02
5.477916171572858733e-02
5.548116076949875797e-02
4.112511675825580165e-02
4.194719243973862866e-02
4.200362353355814593e-02
4.250218061286260840e-02
4.213991787777884163e-02
4.307097441182901332e-02
4.235879638048720142e-02
4.313588544393238966e-02
4.363855752986391806e-02
4.328248537538421925e-02
4.349111998447534322e-02
6.003164954335543646e-02
5.971821902640744167e-02
5.908994635585040206e-02
5.936819913823026401e-02
5.977175386767832888e-02
5.923630166931864033e-02
5.964724351476139580e-02
5.970624518448385681e-02
5.839541727363567469e-02
5.768769197458100545e-02
5.692948258920445259e-02
5.728148946466980057e-02
5.743336193318977767e-02
5.662694273892348445e-02
5.698041546017340586e-02
5.713049156622580088e-02
5.708201981838047917e-02
5.622557829162091320e-02
5.673067950997410375e-02
5.637933831226109999e-02
5.552180281089704600e-02
5.602799341290196772e-02
5.567664166143804216e-02
4.778014684054000122e-02
4.793699398083458435e-02
4.828955464769868478e-02
4.848459007900902951e-02
4.864201249903982865e-02
4.899437190878032367e-02
4.918879129685620882e-02
4.934663733343502834e-02
4.969881332572939625e-02
4.707542648043544498e-02
4.758432624843899478e-02
4.723154736118002905e-02
4.637039583674498755e-02
4.687865331594258389e-02
4.652564034209266675e-02
4.566502406749706894e-02
4.617250476405811155e-02
4.581924316757617077e-02
4.495928309604272505e-02
4.511232907176562779e-02
4.546585226958848452e-02
4.425314807180338872e-02
4.440487471271036685e-02
4.475867072779172312e-02
4.354659779022065219e-02
4.369686057551600694e-02
4.405093866526980928e-02
4.989278698167518011e-02
5.040291559539685634e-02
5.005090452529788181e-02
5.059661449582550374e-02
5.110671627665616668e-02
5.075485126326732821e-02
5.130031163863316840e-02
5.145851537918456203e-02
5.181025333605112498e-02
5.200391614266865192e-02
5.251356466448683924e-02
5.216193486038462473e-02
5.270746517208908105e-02
5.286514736705915513e-02
5.321668756790984972e-02
5.341099483625572075e-02
5.356818973019718266e-02
5.391965828011470452e-02
5.411453970516519330e-02
5.427109746493053583e-02
5.462251147757758718e-02
5.481813233587255058e-02
5.532527980501400489e-02
5.497390429049824750e-02
4.129753751699707237e-02
4.145880821177685971e-02
4.096510965942984361e-02
4.178589973882887443e-02
3.982453146633272573e-02
4.022824386424162652e-02
4.165074287323849295e-02
4.242501118674361221e-02
4.256999487248951802e-02
4.292619102684675642e-02
4.171438676151222741e-02
4.185963815269937160e-02
4.221376027488898258e-02
4.278053911249644903e-02
4.283961505276889098e-02
4.334263861300952786e-02
4.298827133873697748e-02
5.924706617178140261e-02
5.965286429571720062e-02
5.962660123984032251e-02
5.933823606410309343e-02
5.844455526834317627e-02
5.859641330824540834e-02
5.893781708733039637e-02
5.930152093528121005e-02
5.924099367065215754e-02
5.774684718644162301e-02
5.789360003228960494e-02
5.824845870898713585e-02
5.703852179781068732e-02
5.718572819263731399e-02
5.754029407116775796e-02
5.677777456654596600e-02
5.632809656401249060e-02
5.683130860369671467e-02
5.647703419596006302e-02
5.657751298924149769e-02
5.587367585104356660e-02
5.516995606890819082e-02
4.742782341763974313e-02
4.813240093935789582e-02
4.883671868517538983e-02
4.954081250958911747e-02
4.672295192970596367e-02
4.601775441636664354e-02
4.531220136312271579e-02
4.460626625346267998e-02
4.389992600957746266e-02
4.319316138258503385e-02
5.024471939865574749e-02
5.094847699485022252e-02
5.165212312588857851e-02
5.235569530166248736e-02
5.305923021983084686e-02
5.376276327996759585e-02
5.446632810412595227e-02
4.050073736535924479e-02
4.056708631445268137e-02
4.089886475919765618e-02
4.016249604077250929e-02
4.090111778086406857e-02
4.145192191880288368e-02
4.109997569788660654e-02
4.206978700082472655e-02
4.130780431646893097e-02
4.213218706984294543e-02
4.263375749659283759e-02
4.227916588258707337e-02
4.248595733505227540e-02
5.884590360996647812e-02
5.809561975207432755e-02
5.847938761610984443e-02
5.885778527735752164e-02
5.892406345401296486e-02
5.852334851096309409e-02
5.894577482754131265e-02
5.823949007173045284e-02
5.873822197118978850e-02
5.874344739587777225e-02
5.739259536669728823e-02
5.668321891117318601e-02
5.592032032060500341e-02
5.642513038341331194e-02
5.627357832623942901e-02
5.561838878587614665e-02
5.597315366732345115e-02
5.612290366579245765e-02
5.607255681999503971e-02
5.521411464225738780e-02
5.536761183195509917e-02
5.572005153468598954e-02
5.450830539285538012e-02
5.501523488398990525e-02
5.466291754580262369e-02
4.676189707167961729e-02
4.727092213078454980e-02
4.691886146725044587e-02
4.746543868396570914e-02
4.797494009668877568e-02
4.762294690330377833e-02
4.816900504891798857e-02
4.867884958722008132e-02
4.832690615972164150e-02
4.887263257332311039e-02
4.938268699492570635e-02
4.903077498888013669e-02
4.605834522492330968e-02
4.656676069923516847e-02
4.621461577888565098e-02
4.535475009534566809e-02
4.586242274956853909e-02
4.551017789526431989e-02
4.465108100488673210e-02
4.515787757304746963e-02
4.480551844180147986e-02
4.394731010882595851e-02
4.445309725862704037e-02
4.410061107423524779e-02
4.324341273941949282e-02
4.374805709481009719e-02
4.339543286061323113e-02
4.253936794982920294e-02
4.268996473338409342e-02
4.304273605145188253e-02
4.957635858761752501e-02
5.008648961102527691e-02
4.973459029847614177e-02
5.028022087347422397e-02
5.079029517056882215e-02
5.043838965931533858e-02
5.098425717875730567e-02
5.114221084380737165e-02
5.149414135836438006e-02
5.168850471437506228e-02
5.219806530686404294e-02
5.184609132245750901e-02
5.239299966526272945e-02
5.290210310875653049e-02
5.255006776843738903e-02
5.309777670744908473e-02
5.360628933350329584e-02
5.325417557283599473e-02
5.380286853383371704e-02
5.395844836516575788e-02
5.431065655372108864e-02
4.070139376331098624e-02
4.002113097913262418e-02
4.026115800189072891e-02
3.992353896327812540e-02
3.905706529314081910e-02
3.944095522616256760e-02
4.142408538882035723e-02
4.156984529747019541e-02
4.192424739605431910e-02
4.070964323994414463e-02
4.080614420554765781e-02
4.121170119720265340e-02
4.177819168340417277e-02
4.183515884216847114e-02
4.233711712410199307e-02
4.198419185356264821e-02
5.834116255012956193e-02
5.745934440852431407e-02
5.760246961423218931e-02
5.795224616860411571e-02
5.850059791433949441e-02
5.835868127916393061e-02
5.674749377435164832e-02
5.724746038577673002e-02
5.689242732672040309e-02
5.603332555098980428e-02
5.653619450255575885e-02
5.618017759445281811e-02
5.576891530925367352e-02
5.532016013928867104e-02
5.582437578906977033e-02
5.546878787019510204e-02
5.556716656876364152e-02
5.486116188629969193e-02
5.415554205435970520e-02
4.641012454382901359e-02
4.711366701063127854e-02
4.781721652803230110e-02
4.852080885316060327e-02
4.922448091571957757e-02
4.570655505103961985e-02
4.500292661183372817e-02
4.429920990957676719e-02
4.359537863502831873e-02
4.289140993059859658e-02
4.218728482706329830e-02
4.992827033337251391e-02
5.063221493265939593e-02
5.133635225449936779e-02
5.204071905772106321e-02
5.274535083270443653e-02
5.345028132243242330e-02
4.046080227606854013e-02
3.953868338967603951e-02
4.106688995122274866e-02
4.006785013158322556e-02
4.048444759946503296e-02
4.038869741963003329e-02
4.113077291009262226e-02
4.163118771689323927e-02
4.127799159967245057e-02
4.148298858806405420e-02
5.784923352497333554e-02
5.710329605986664420e-02
5.766481792675076656e-02
5.809427539246281996e-02
5.807212271171774409e-02
5.772708796371234241e-02
5.798296300918840546e-02
5.810342741041393116e-02
5.764327957757942739e-02
5.808339480563501356e-02
5.639028397135888854e-02
5.567661792661891818e-02
5.490938606463846572e-02
5.526380025303004317e-02
5.541506725007745021e-02
5.460798894755004851e-02
5.496395100688093033e-02
5.511341242364309334e-02
5.506135724292672562e-02
5.420107155757835499e-02
5.470778288094187147e-02
5.435434142340007935e-02
5.349342432416390181e-02
5.364784536367674800e-02
5.400102997998094956e-02
4.574451231425037678e-02
4.590162917314449115e-02
4.625308826907222753e-02
4.644694864387852173e-02
4.695610261452108636e-02
4.660457798263552276e-02
4.714967501973315461e-02
4.765927456762713427e-02
4.730766664118042641e-02
4.785272822411894278e-02
4.836264066917268789e-02
4.801093103114025679e-02
4.855614597493967260e-02
4.906623838868628268e-02
4.871440821296679075e-02
4.504233074576942386e-02
4.519878604890580076e-02
4.555019644778515037e-02
4.434037059632265493e-02
4.484739400662101499e-02
4.449601660336414272e-02
4.363860093543855956e-02
4.414465019083068514e-02
4.379329145319647149e-02
4.293699373085931026e-02
4.344193710953457577e-02
4.309058425355691280e-02
4.223552422774528442e-02
4.238787215980230338e-02
4.273923009688616881e-02
4.153417129455549972e-02
4.168513616463769000e-02
4.203650815641300775e-02
4.925996649055030402e-02
4.941813595950917543e-02
4.977010567095839499e-02
4.996422797641027896e-02
5.047428043712571394e-02
5.012215226309148924e-02
5.066896813169617653e-02
5.117880008670373099e-02
5.082649484619718161e-02
5.137422365645165356e-02
5.188370100694876530e-02
5.153120066338569977e-02
5.208002976541865892e-02
5.258901808860499266e-02
5.223630541360572976e-02
5.278641971188428872e-02
5.294184306055071954e-02
5.329478425101324968e-02
4.004494460624587887e-02
3.926875716701982988e-02
3.916349129238879540e-02
3.964503652459040045e-02
3.833150208123449476e-02
3.869451286995107681e-02
4.042702963215533823e-02
4.056892327803648945e-02
4.092525161659760213e-02
3.961624044112802695e-02
4.016252028846079708e-02
3.984240698243155659e-02
4.077891250719539035e-02
4.083291800842729635e-02
4.133375441780118981e-02
4.098236157417637499e-02
5.714377875569823934e-02
5.730091639060309189e-02
5.769208367234070906e-02
5.645149633141130496e-02
5.659887485541108265e-02
5.695572919327797357e-02
5.765326680099303741e-02
5.769539427181834268e-02
5.743532800498152291e-02
5.574301638241361406e-02
5.624553607756632712e-02
5.588758883653760501e-02
5.502601555589998333e-02
5.517255331562310322e-02
5.552992814435554758e-02
5.475824765075919254e-02
5.431029939859435829e-02
5.445865704204085056e-02
5.481546339898238362e-02
5.455514400944859454e-02
5.384716599841718465e-02
5.313984337364442007e-02
4.539339182670374534e-02
4.609569647526964159e-02
4.679827331417304309e-02
4.750115843752150679e-02
4.820438915678861014e-02
4.890800350199812213e-02
4.469132499575251272e-02
4.398946378862374218e-02
4.328777866840601701e-02
4.258624318819664162e-02
4.188483435386294862e-02
4.118353309110872607e-02
4.961203974712132675e-02
5.031653590630831563e-02
5.102152924037637455e-02
5.172705576691074419e-02
5.243314977872216148e-02
3.966801176269092039e-02
3.879969916488036630e-02
4.002156531062109335e-02
3.944299215096484790e-02
4.013175185916423304e-02
4.063095646658246990e-02
4.027993089204680993e-02
4.048232467666224021e-02
5.679747850762693895e-02
5.609709578016859599e-02
5.673052304354127967e-02
5.718705843204075628e-02
5.678514119581287711e-02
5.722513026824686821e-02
5.721429993840788236e-02
5.691007217626620207e-02
5.728747168542001889e-02
5.731876163765239895e-02
5.702632489802796772e-02
5.538435497556928877e-02
5.466799741706691168e-02
5.389679858323336709e-02
5.425227219077462248e-02
5.440329156270802546e-02
5.359585795742701636e-02
5.395292017108693772e-02
5.410213267317033614e-02
5.404854182021570641e-02
5.318657118896126523e-02
5.333965098073647354e-02
5.369399590409052597e-02
5.247728480685171643e-02
5.298550404818274523e-02
5.263155182779192393e-02
4.472812576119068045e-02
4.523618591905781416e-02
4.488542913641491855e-02
4.542925441241666557e-02
4.593799362846869710e-02
4.558703929413144423e-02
4.613093657126056402e-02
4.664022337211103097e-02
4.628905346839089219e-02
4.683320977512158562e-02
4.734291225713282286e-02
4.699150806708297934e-02
4.753611258520505645e-02
4.769444075930625443e-02
4.804609836918351251e-02
4.823968408818624792e-02
4.874982030595672450e-02
4.839788994529751337e-02
4.402751454779939982e-02
4.418418829343917498e-02
4.453476461768740569e-02
4.332738677568618441e-02
4.383369610457225202e-02
4.348328430665528849e-02
4.262771081120941830e-02
4.313294914521154100e-02
4.278268734896233799e-02
4.192845826778954926e-02
4.208237085666135385e-02
4.243249557577490061e-02
4.122960381434756516e-02
4.173231039637920192e-02
4.138231160694520044e-02
4.053112571685673488e-02
4.068249028324245897e-02
4.103237221395250600e-02
4.894396339418225633e-02
4.910189428779547505e-02
4.945411666978750953e-02
4.964898913642899064e-02
5.015902557108919274e-02
4.980649220511864511e-02
5.035479897401135690e-02
5.086458413359383479e-02
5.051172137575342391e-02
5.106142910140150371e-02
5.157082800634137792e-02
5.121761824660698431e-02
5.176891376734619327e-02
5.227779088535464830e-02
5.192421754926471872e-02
3.861377819737214084e-02
3.894149679675504988e-02
3.847312679980877809e-02
3.764984356759667333e-02
3.799096570356529784e-02
3.944217576107629519e-02
3.993430990112187273e-02
3.952986114213451890e-02
3.911454189678023607e-02
3.978691872773810340e-02
3.983300680401919563e-02
4.033266401967396109e-02
3.998289207844615833e-02
5.616187526300872590e-02
5.665312064613110127e-02
5.630601021880094620e-02
5.545756088058909072e-02
5.595481145536984613e-02
5.559965722208486116e-02
5.675697489735020973e-02
5.684685450787040767e-02
5.653590133039786136e-02
5.473634095115326864e-02
5.488059518841394840e-02
5.523994709444278450e-02
5.401669777934912237e-02
5.452160100992663183e-02
5.416296364972365135e-02
5.374588835313604679e-02
5.329862492866119933e-02
5.380468195526477704e-02
5.344675438715373872e-02
5.354156580921830971e-02
5.283181190750629863e-02
5.212298662181751030e-02
4.507862320535295508e-02
4.437775766247410714e-02
4.578002400129065758e-02
4.648199691485922075e-02
4.718458005726051258e-02
4.788781231490409768e-02
4.859173284883320371e-02
4.367739227986621592e-02
4.297749418438949476e-02
4.227803330996476178e-02
4.157898274369680597e-02
4.088031889995637214e-02
4.018202228576032986e-02
4.929638059315174375e-02
5.000179375582786134e-02
5.070800932442860037e-02
5.141506257993942036e-02
3.813133982057003574e-02
3.883025428782801297e-02
3.922321420194496699e-02
3.913613942246539634e-02
3.872232778322203667e-02
3.910857639421838616e-02
3.961983590583660619e-02
3.927587988304848815e-02
3.947071534568089013e-02
5.580951979253639256e-02
5.509675364953785237e-02
5.588269934345922729e-02
5.630656506876827172e-02
5.633412569209123727e-02
5.578782062275214337e-02
5.625939719955947577e-02
5.595860296148327112e-02
5.637183502977794608e-02
5.643458203654238420e-02
5.605951985109570990e-02
5.437632257057255225e-02
5.365746570016684258e-02
5.288267645643574683e-02
5.323911083639219777e-02
5.338992193308581685e-02
5.258211070832519152e-02
5.308917916729763431e-02
5.294017393868723220e-02
5.303423093191353410e-02
5.217073563266539510e-02
5.267881266873745971e-02
5.232366416721911245e-02
5.146001210502278850e-02
5.161416353267662266e-02
5.196878226249684873e-02
4.441249138426660303e-02
4.492074800643346133e-02
4.457046514463416237e-02
4.371287155771554772e-02
4.422034869396671702e-02
4.387039419541549634e-02
4.511292589180963819e-02
4.562183171911986940e-02
4.527120197516638217e-02
4.581421383086111548e-02
4.597264209264542711e-02
4.632363792452125900e-02
4.651639502605726950e-02
4.667482417447878229e-02
4.702620576258389334e-02
4.721950986985817833e-02
4.737778769475814444e-02
4.772957491865097157e-02
4.792359881924529441e-02
4.843378512107794631e-02
4.808157242336823234e-02
4.301402923283018098e-02
4.352059720686458216e-02
4.317095354507452520e-02
4.231592908691830107e-02
4.282145893306291834e-02
4.247210972193322248e-02
4.161853872594803438e-02
4.212290190435024478e-02
4.177383234321635497e-02
4.092182908279007325e-02
4.142489743718784367e-02
4.107609421862448013e-02
4.022577076108735383e-02
4.037886978999643411e-02
4.072741820613285518e-02
3.953035074195397625e-02
3.968214400015929871e-02
4.003044688297573150e-02
4.862870188820001688e-02
4.913887563759956195e-02
4.878621792114271050e-02
4.933485814357127519e-02
4.984488477492830111e-02
4.949176303755994932e-02
5.004210520714714311e-02
5.019824541305879101e-02
5.055184938486801532e-02
5.075047876753063791e-02
5.090570098964772305e-02
5.125980438001167400e-02
3.801554653862534994e-02
3.831498856609710790e-02
3.783310915727357976e-02
3.701401161433941905e-02
3.733227396568576661e-02
3.846263973006119885e-02
3.895206822883733738e-02
3.864677462580246026e-02
3.842259612468044983e-02
3.878559071295539090e-02
3.883554191905322361e-02
3.933396117445524254e-02
3.897254279965078200e-02
5.517735623143708162e-02
5.566990351387678809e-02
5.531677709758507644e-02
5.445152689405774460e-02
5.459330173960425664e-02
5.495482395009108900e-02
5.583432977299492700e-02
5.591984289980189010e-02
5.556780182095866910e-02
5.372756870261981288e-02
5.423221060472618177e-02
5.387154996990543149e-02
5.300547852788151798e-02
5.351131916943308031e-02
5.315151705975756230e-02
5.273195416756596560e-02
5.228524781547243955e-02
5.243319290969512825e-02
5.279214223122630917e-02
5.252655234868805478e-02
5.181522333834351346e-02
5.110509851108128304e-02
4.406258201897334664e-02
4.476260443036307601e-02
4.336335547122442680e-02
4.546346073205782823e-02
4.616519027435399269e-02
4.686783322911561994e-02
4.757143008458065286e-02
4.827602113954862495e-02
4.266488847562961706e-02
4.196714711526129682e-02
4.127010060286123716e-02
4.057371964983112755e-02
3.987798300167277876e-02
3.918287024291387810e-02
4.898164599714574519e-02
4.968834306338473089e-02
5.039614905373080572e-02
3.751426244720325320e-02
3.823923205889822458e-02
3.795588961241298798e-02
3.853176554201759307e-02
3.820977871556375388e-02
3.839546071289940549e-02
5.481420763659285156e-02
5.408931408553931119e-02
5.498639570372888807e-02
5.538693728277350320e-02
5.543475298490265629e-02
5.503628503259382770e-02
5.545937541274054139e-02
5.549767471529429286e-02
5.481812972445194998e-02
5.530325784470201123e-02
5.510599183922856859e-02
5.336629054496840052e-02
5.264513151307317895e-02
5.186713856089304048e-02
5.222443311602562033e-02
5.237507702913167529e-02
5.156686274123226804e-02
5.192582566399764343e-02
5.207466706095102704e-02
5.201854507883515305e-02
5.115368740815646326e-02
5.166235542239012296e-02
5.130650488864312020e-02
5.044173202199066924e-02
5.095099009652998695e-02
5.059580742732745773e-02
4.339679628050582133e-02
4.390450175150678591e-02
4.355499098025972238e-02
4.409578045278261804e-02
4.425424860729226806e-02
4.460423638306643818e-02
4.269888529163645002e-02
4.320571140614697797e-02
4.285665845821363951e-02
4.479587820195078673e-02
4.495447011985764796e-02
4.530495482282693304e-02
4.549713104386557405e-02
4.600669768918869834e-02
4.565569564642107253e-02
4.619958110542886354e-02
4.670950618840324226e-02
4.635796615912503998e-02
4.690327063079285236e-02
4.741342161629971685e-02
4.706132297369048506e-02
4.760824146131819451e-02
4.811848484478518234e-02
4.776580723768701631e-02
4.200200866627611107e-02
4.250782739525086479e-02
4.215921397691631267e-02
4.130612965489108279e-02
4.181081372835912524e-02
4.146262297273244080e-02
4.061121305586405661e-02
4.111463664982322602e-02
4.076685331997391415e-02
3.991721901751597162e-02
4.041926173387309917e-02
4.007187040458205091e-02
3.922415628281549632e-02
3.972467871563414854e-02
3.937767208235653377e-02
3.853196572000470305e-02
3.868421482060641764e-02
3.903085151981793011e-02
4.831453452260723452e-02
4.882473581359177833e-02
4.847145942022351023e-02
4.902218931687371550e-02
4.953221302780674157e-02
4.917831880599089767e-02
4.973124342504753326e-02
5.024095306518450155e-02
4.988642299726132878e-02
3.745378738579175498e-02
3.723418194622005878e-02
3.773497545925978691e-02
3.642586476178529681e-02
3.672032545121855368e-02
3.795775143702926485e-02
3.770506093441521739e-02
3.785105711820518221e-02
3.834302831921757027e-02
3.790401636785344780e-02
5.421290155798673405e-02
5.433146833387458158e-02
5.469538121230162198e-02
5.344330087854669981e-02
5.358480272461945554e-02
5.394768213512073085e-02
5.490135769672155330e-02
5.501045583133572225e-02
5.462435978057312430e-02
5.271680157807629580e-02
5.322242809467365304e-02
5.286055729683959009e-02
5.199246496991261762e-02
5.249918930024653763e-02
5.213832268607224152e-02
5.171656231748698873e-02
5.127028014722091048e-02
5.177795575138805645e-02
5.141808643918151928e-02
5.151022436968732271e-02
5.079752449819460031e-02
5.008630634707043894e-02
4.304770911814501805e-02
4.374615174669466838e-02
4.444568758038427297e-02
4.235032002524850847e-02
4.514635763768147514e-02
4.584820380439866283e-02
4.655126833072891629e-02
4.725559332392949285e-02
4.796122023139977320e-02
4.165394662190356062e-02
4.095855287248511417e-02
4.026410118897961327e-02
3.957057595864976740e-02
3.887795184625461586e-02
3.819137394996157536e-02
4.866818932996148234e-02
4.937653922267308537e-02
3.693928654330146805e-02
3.684699348887929271e-02
3.715068615022699972e-02
3.740083412628759235e-02
3.718655649111025224e-02
3.757125187439035174e-02
3.751861753501329472e-02
5.382780440238236347e-02
5.307978047344503320e-02
5.431496361284291613e-02
5.465072666788372419e-02
5.456626967494367791e-02
5.401143162642541018e-02
5.449886270255421827e-02
5.452412063809592563e-02
5.382465966393459866e-02
5.432172165715296042e-02
5.411117645359070361e-02
5.235436351799803434e-02
5.163110452194227817e-02
5.085030455849966213e-02
5.120835667410287423e-02
5.135887605840491060e-02
5.055023074671791128e-02
5.090998977827648070e-02
5.105871240658104576e-02
5.100160536583174531e-02
5.013554994454704622e-02
5.064474707810378423e-02
5.028829777503935478e-02
4.942257138353285673e-02
4.957661129443724501e-02
4.993225380413425507e-02
4.238230758682046129e-02
4.254075385058826708e-02
4.288939241410660158e-02
4.307963943178734489e-02
4.323833132665845513e-02
4.358757563463924040e-02
4.377834235110939637e-02
4.428700153403170720e-02
4.393713062815122333e-02
4.168630438554681017e-02
4.219241050869953352e-02
4.184435758204178846e-02
4.447845997173226901e-02
4.498771263318214475e-02
4.463719375926086114e-02
4.518003658598888916e-02
4.568975208928623133e-02
4.533856361937964319e-02
4.588311666104967490e-02
4.639316320393032517e-02
4.604128350211821735e-02
4.658774431060997562e-02
4.709798889918893894e-02
4.674539658420768379e-02
4.729396277126191039e-02
4.745094540361446955e-02
4.780427119961868504e-02
4.099158860038692315e-02
4.149658994033381121e-02
4.114910354114861835e-02
4.029811993143516541e-02
4.080189222632975982e-02
4.045495398709449131e-02
3.960585996809721371e-02
4.010828059975780208e-02
3.976186980191540737e-02
3.891472923255768351e-02
3.941569540375228914e-02
3.906981557116669806e-02
3.822625339873361033e-02
3.837953370653716251e-02
3.872491004383787905e-02
3.754518283793424616e-02
3.769854443294512469e-02
3.803828938357360634e-02
4.800181388267573540e-02
4.815797134308503341e-02
4.851205071884111958e-02
4.871133757736362258e-02
4.886651412113551807e-02
4.922136615579969510e-02
3.588720091376010335e-02
3.615694935416699507e-02
3.663663365734745603e-02
3.701691770741217385e-02
3.690268623666408815e-02
3.737660427685634418e-02
3.704492181266570705e-02
5.316428763160553628e-02
5.368891424161204018e-02
5.330311279595910390e-02
5.243298069628272995e-02
5.257425981406725624e-02
5.293839647243580443e-02
5.406920072299085250e-02
5.416229065904516748e-02
5.358735226262501677e-02
5.170414271575766996e-02
5.184772236066892415e-02
5.221070211900802338e-02
5.097776562156717400e-02
5.112349084617955758e-02
5.148531918111127342e-02
5.069983099326036413e-02
5.025383553088438177e-02
5.040155013774553355e-02
5.076223529726030942e-02
5.049270346300795825e-02
4.977884056175527899e-02
4.906673851032051364e-02
4.203414250395509644e-02
4.273080483058733919e-02
4.342881683005565818e-02
4.412822159627850099e-02
4.133878795676525220e-02
4.482906315470656239e-02
4.553138595117899728e-02
4.623523434209793337e-02
4.694065206803294671e-02
4.764768173156344599e-02
4.064470036208916309e-02
3.995184030382949864e-02
3.926014875950545324e-02
3.857034651657859775e-02
3.788556750530992778e-02
3.722379308107643531e-02
4.835636428181330770e-02
3.636664448699999247e-02
3.637615954746608454e-02
3.678107975644780842e-02
3.661194406752414643e-02
3.663938283731753287e-02
5.279832523196126282e-02
5.206825349474853565e-02
5.357861941547441970e-02
5.370050090938761900e-02
5.394692797274450863e-02
5.379454583845044019e-02
5.281088814102177786e-02
5.331812629552252353e-02
5.287779959561374199e-02
5.344502777770167301e-02
5.302040015081561919e-02
5.134064733259254693e-02
5.061549582943276199e-02
4.983229539311226364e-02
5.019100037261306491e-02
5.034143926134675151e-02
4.953233307229042842e-02
4.989278230337745174e-02
5.004143265978280852e-02
4.998353399326012358e-02
4.911644807221870329e-02
4.962611170397269317e-02
4.926916866809126494e-02
4.840265852438263572e-02
4.891270090465338338e-02
4.855670423337845459e-02
4.136916613496395556e-02
4.187555960232659802e-02
4.152789289544242535e-02
4.206464418663185406e-02
4.257198968978137543e-02
4.222359006734439923e-02
4.276174782748980163e-02
4.326991851118849181e-02
4.292076399301435891e-02
4.346052316795501191e-02
4.396939088627051934e-02
4.361945893548545977e-02
4.067526906861718139e-02
4.083362957074824356e-02
4.118058477817507224e-02
4.416101706977081792e-02
4.467045234086379490e-02
4.431972013313193598e-02
4.486327664874955462e-02
4.537314861326519067e-02
4.502159328555974116e-02
4.556734873254085494e-02
4.607752511921787975e-02
4.572512403718229784e-02
4.627327932051961829e-02
4.678362642032081464e-02
4.643035744297947104e-02
4.698111304932896248e-02
4.713733743941195958e-02
4.749149569719557373e-02
3.998290762276736354e-02
4.048702196360064870e-02
4.014075727160088675e-02
3.929203348195939999e-02
3.979482688668004031e-02
3.944923264595991824e-02
3.860258594597962278e-02
3.910395000945592753e-02
3.875898562615457538e-02
3.791431154085456862e-02
3.841422474717914870e-02
3.807064386651479171e-02
3.722767898725961450e-02
3.772664584509535790e-02
3.738679820652707902e-02
3.655134412535424038e-02
3.704792319873632944e-02
3.672736688300529823e-02
4.769089266772915531e-02
4.820117423211390389e-02
4.784610632187194512e-02
3.539976570356315883e-02
3.564391494246444553e-02
3.613177046654057062e-02
3.595744882913345236e-02
3.642971554445346288e-02
3.616715733568189040e-02
5.215440655564239358e-02
5.229301317122890536e-02
5.265961603908329847e-02
5.142044336454696524e-02
5.156166458414188775e-02
5.192695552445032725e-02
5.298109759608546354e-02
5.327972066165061193e-02
5.340280993886789562e-02
5.322775604737016442e-02
5.289549614874860389e-02
5.251581951378664348e-02
5.068969693324579251e-02
5.119713656644796218e-02
5.083315183724206043e-02
4.996149089987968889e-02
5.046981820794423090e-02
5.010713356386958112e-02
4.968187985439803667e-02
4.923602960671859957e-02
4.974509542968105769e-02
4.938370101349465885e-02
4.947411256260491469e-02
4.875929816024679453e-02
4.804652494004208602e-02
4.102202275339372067e-02
4.171670482510269479e-02
4.241298998441457579e-02
4.311092365500551749e-02
4.381055239038336019e-02
4.032889871793690628e-02
4.451192324709041942e-02
4.521508326456771809e-02
4.592007892355705334e-02
4.662695560836498804e-02
4.733575707660113430e-02
3.963728581137931917e-02
3.894712945439802315e-02
3.825827238186515350e-02
3.757082068949445242e-02
3.688933418144123288e-02
3.625428864279751917e-02
3.588751572250132443e-02
3.567857128295955776e-02
5.178707690318076068e-02
5.105472505164870139e-02
5.264907613283726501e-02
5.311412050677939006e-02
5.281474709709993443e-02
5.276299260762552096e-02
5.215194280437235319e-02
5.248089132980059829e-02
5.256673766011672050e-02
5.178055801808102709e-02
5.229608287513039244e-02
5.187116544334940960e-02
5.201200821245805656e-02
5.237473190050558752e-02
5.032524964883899193e-02
4.959841850976234173e-02
4.881323379033210286e-02
4.917248479444477627e-02
4.932288841018286213e-02
4.851329022789335060e-02
4.887432135966859881e-02
4.902294718628959214e-02
4.896445475285383236e-02
4.809650851644553526e-02
4.860657501608763031e-02
4.824924511119248888e-02
4.738212377516447249e-02
4.789246066996317303e-02
4.753621714407098992e-02
4.035751510030331779e-02
4.051654982949205036e-02
4.086314527153385445e-02
4.105093855672604236e-02
4.155762109772785651e-02
4.121016717698673670e-02
4.174623866692513119e-02
4.225384849611103777e-02
4.190551292305116221e-02
4.244346444014592684e-02
4.295187497938435239e-02
4.260263386509443445e-02
4.314266571617273588e-02
4.365174884857097454e-02
4.330157797078182380e-02
3.966592064398647560e-02
3.982461438219540156e-02
4.017037493282109989e-02
4.384389268290782293e-02
4.435351870344952235e-02
4.400239375923008928e-02
4.454719531844713448e-02
4.505723289272039328e-02
4.470512977337494365e-02
4.525262283462097579e-02
4.540983403062150842e-02
4.576293896597570521e-02
4.596022312546878263e-02
4.647068313100964632e-02
4.611655347702178775e-02
4.667004222458402685e-02
4.718050972024129958e-02
4.682533344866822433e-02
3.897611066784850697e-02
3.913431443196906806e-02
3.947926518299224585e-02
3.828801257321800405e-02
3.878975558318516204e-02
3.844558334219135010e-02
3.760167519843832240e-02
3.810184034728573976e-02
3.775831891261496182e-02
3.691679538057007076e-02
3.741524081870888779e-02
3.707259796891008985e-02
3.623082988192025816e-02
3.672891565977313283e-02
3.639145066361498815e-02
3.556661160289135981e-02
3.605860869435151272e-02
3.576240213603791573e-02
3.496524866438510681e-02
3.518294049366667287e-02
3.546092619142379720e-02
5.114241946728698834e-02
5.128075186504076760e-02
5.164867009558198052e-02
5.040511848618445950e-02
5.091301263665713728e-02
5.054678782910396878e-02
5.240032869243047703e-02
5.226010377044693067e-02
5.196553073554437130e-02
5.150635979722530816e-02
4.967357135687631292e-02
5.018183731349935145e-02
4.981695450220452459e-02
4.894375362100419902e-02
4.945279794168885162e-02
4.908936508475988253e-02
4.866283053279675530e-02
4.821698055364218027e-02
4.872665299451246074e-02
4.836465842586894909e-02
4.845457644226082439e-02
4.773902587178424639e-02
4.702579761738680253e-02
4.001149215060618297e-02
4.070399528533950179e-02
4.139835103068972150e-02
4.209460778671786363e-02
4.279281504724012641e-02
4.349302289579935754e-02
3.932079547238782197e-02
4.419528148510050436e-02
4.489964047942314462e-02
4.560614850016568578e-02
4.631485257825711938e-02
3.863184660032635553e-02
3.794463370112809153e-02
3.725902941321888179e-02
3.657360761292832718e-02
3.589853313382920103e-02
3.526580776174021575e-02
5.077337708351155332e-02
5.003896647835150147e-02
5.201065904604509904e-02
5.116383510369417603e-02
5.165818870299777876e-02
5.147164554054266261e-02
5.073769936483308457e-02
5.125947629374314612e-02
5.072396636750663157e-02
5.093251536832534010e-02
5.129792732658820797e-02
4.930828049989293554e-02
4.857998810224339187e-02
4.779324475806083494e-02
4.815293274633156151e-02
4.830334730904332213e-02
4.749322539407299648e-02
4.785472767401650895e-02
4.800337776736089690e-02
4.794449352479502463e-02
4.707586039086807117e-02
4.758626487229785512e-02
4.722865683955326105e-02
4.636109994709312204e-02
4.687166461063271838e-02
4.651528320893600493e-02
3.934750092315558029e-02
3.985229418480349534e-02
3.950686853656765196e-02
4.003866934113608361e-02
4.019820765456218192e-02
4.054461513126032812e-02
4.073196180270093059e-02
4.089152281599574279e-02
4.123893692531796495e-02
4.142743045194915291e-02
4.158686390900835639e-02
4.193531009851550473e-02
4.212512850430235462e-02
4.228428203677060682e-02
4.263378613042102111e-02
4.282510963322741504e-02
4.298382894876945359e-02
4.333441690098583515e-02
3.865854667915250009e-02
3.881752827202835515e-02
3.916199545407598320e-02
4.352742739664677146e-02
4.403725412506496323e-02
4.368555651267831685e-02
4.423213466453975590e-02
4.474234878817322236e-02
4.438951614915943866e-02
4.493928304802681517e-02
4.544975058554128616e-02
4.509575826827583178e-02
4.564892233646154068e-02
4.615950736969241103e-02
4.580433171226339084e-02
3.797217840489963692e-02
3.813033647427257339e-02
3.847388293002559218e-02
3.729144860395910283e-02
3.744684387508245144e-02
3.778944902919580129e-02
3.660360129268669382e-02
3.710232999530278103e-02
3.676052059276704864e-02
3.592581094822833859e-02
3.642097410765498394e-02
3.607867800019375071e-02
3.524705611927474169e-02
3.573859588557540962e-02
3.540722186840811886e-02
3.458527981894331943e-02
3.507556448791497583e-02
3.477568569854378594e-02
5.012021955898370018e-02
5.063157304346278115e-02
5.026203305277830019e-02
4.939045399471157088e-02
4.989800181838990878e-02
4.953138873952606103e-02
5.151661653790961387e-02
5.095020224958831528e-02
5.094309473298537505e-02
5.042159642643916084e-02
4.865587583044268111e-02
4.916491285424003793e-02
4.879924172297809420e-02
4.792466950952106036e-02
4.843437258292809799e-02
4.807030237541261991e-02
4.764280713651957572e-02
4.719680961355974397e-02
4.734454459953333499e-02
4.770702763534905716e-02
4.743422221283002255e-02
4.671815471062472358e-02
4.600469104535148679e-02
3.900276784193966451e-02
3.969282287828312245e-02
4.038504688440290591e-02
4.107942084100878882e-02
4.177599749917822181e-02
4.247483037529847794e-02
4.317597315699698429e-02
3.831511288843621188e-02
4.387947912986341764e-02
4.458540060540218397e-02
4.529378835351412225e-02
3.763157212818286218e-02
3.694728185160044143e-02
3.626447500598355828e-02
3.558620316312610665e-02
3.491595906017491008e-02
4.975494958092183811e-02
4.902274209457263554e-02
5.023941888338205597e-02
5.048782709502555588e-02
5.070186293697499791e-02
4.968660088569704092e-02
5.021246435361605837e-02
5.048108060869502256e-02
4.969267059187506413e-02
4.990589474728220065e-02
5.020859474332808187e-02
4.828985269987870477e-02
4.756032313805151623e-02
4.677245608759435236e-02
4.728294229491455253e-02
4.713246976423966089e-02
4.647226493307158451e-02
4.698284911065214037e-02
4.683412509862231593e-02
4.692377877476706927e-02
4.605463568838870370e-02
4.620753626786899826e-02
4.656531176478417855e-02
4.533972281141263744e-02
4.549403836996421258e-02
4.585044695840224255e-02
3.833927302870355353e-02
3.884315423364454595e-02
3.849906753575166318e-02
3.902798666490195356e-02
3.953312020934472010e-02
3.918785979427805849e-02
3.971906743545799978e-02
3.987894218258979800e-02
4.022533232081561272e-02
4.041257110896098736e-02
4.091984448145558062e-02
4.057229749733102381e-02
4.110855463265816051e-02
4.161671172654882178e-02
4.126798027271531139e-02
4.180707556375436174e-02
4.231598962220543825e-02
4.196604588624277404e-02
4.250819146013169042e-02
4.301773367445931029e-02
4.266654994703975717e-02
3.765287251641821070e-02
3.815545240465760546e-02
3.781272432145495882e-02
4.321195928930899460e-02
4.372199874761949906e-02
4.336954771314308760e-02
4.391843483672588921e-02
4.442883848303626898e-02
4.407509350973610324e-02
4.462767211923548971e-02
4.513830472485318157e-02
4.478324015067677855e-02
3.696859840421973242e-02
3.747010683613937604e-02
3.713026285182432357e-02
3.631757667278165402e-02
3.680422952231167388e-02
3.646086952812200438e-02
3.562796312565175844e-02
3.577720383453861924e-02
3.611546874733498336e-02
3.495172159996438876e-02
3.509972827499795167e-02
3.543842131626018244e-02
3.426142173304754651e-02
3.475386471462881682e-02
3.442374689904167950e-02
4.910351675985705211e-02
4.961209946546733113e-02
4.924636526635047667e-02
4.837276923264628714e-02
4.851370271560865449e-02
4.888181510471085317e-02
4.996249218217976157e-02
4.996544952810911405e-02
4.939770513351932762e-02
4.763672350976203701e-02
4.778012794504069016e-02
4.814647458174535488e-02
4.690435776516663907e-02
4.705006566691626035e-02
4.741465952204498152e-02
4.662193675574032720e-02
4.617564160996059930e-02
4.668634232186016919e-02
4.632348514183520088e-02
4.641317981849717861e-02
4.569681861245619009e-02
4.498334272220339686e-02
3.868333742552358678e-02
3.799578696841044573e-02
3.937322775744705322e-02
4.006551292213525461e-02
4.076024935099280266e-02
4.145749437087661859e-02
4.215730561378879665e-02
4.285974041646426619e-02
3.731045576409907499e-02
4.356485522911315855e-02
4.427270502554541548e-02
3.664283861492323435e-02
3.597249465875494018e-02
3.528958398279157666e-02
3.460629746744061513e-02
4.873772170630449874e-02
4.800428477679201389e-02
4.920143590817703527e-02
4.972069516811812584e-02
4.944323475485525726e-02
4.863180316301697614e-02
4.915946447328388424e-02
4.944665185550891490e-02
4.877329038682849671e-02
4.893799709658069180e-02
4.923318205342062243e-02
4.727008246718159001e-02
4.653954568111038498e-02
4.575099885190729576e-02
4.611122461821565849e-02
4.626180273800348242e-02
4.545053889572123196e-02
4.581264112346292161e-02
4.596148935986864997e-02
4.590244204842298947e-02
4.503296976594980960e-02
4.554384930838330930e-02
4.518601897236283055e-02
4.431813157033986234e-02
4.447262179768892570e-02
4.482894514177444834e-02
3.801904418908401417e-02
3.852328818620687212e-02
3.817927515223829005e-02
3.733298469843620432e-02
3.783587673535142998e-02
3.749308613544438673e-02
3.870770937203358436e-02
3.921318664493905759e-02
3.886792299887940200e-02
3.939903992039382741e-02
3.990562979203644139e-02
3.955908649504015495e-02
4.009309689675144561e-02
4.060067658823798137e-02
4.025282403908015533e-02
4.078994212601796954e-02
4.129838667715792638e-02
4.094919500654161520e-02
4.148963757636367489e-02
4.199881977114735404e-02
4.164825915200141143e-02
4.219224474202710323e-02
4.235007599576941922e-02
4.270203504819589796e-02
3.664947319708316414e-02
3.715089648295346464e-02
3.680923360515729603e-02
4.289782403295256535e-02
4.305470422218277138e-02
4.340809054980839660e-02
4.360643417056878773e-02
4.376220108357845029e-02
4.411704258624367381e-02
3.600260838091483284e-02
3.616033326210550680e-02
3.648533437229307952e-02
3.535955718447524043e-02
3.549403384868576178e-02
3.583826991935286366e-02
3.471105226003520089e-02
3.483171265797303101e-02
3.516922789271698102e-02
3.399515477682467368e-02
3.447311328388362461e-02
3.412864620367682400e-02
4.810263608107159111e-02
4.823704923540778761e-02
4.860328313662673483e-02
4.735502897809201056e-02
4.749526059639996856e-02
4.786408817397272419e-02
4.891619521378292451e-02
4.898690035244178398e-02
4.843773606000793819e-02
4.661623144498675680e-02
4.712663752800230754e-02
4.675973129553700341e-02
4.588294157500274334e-02
4.602877897513725503e-02
4.639377990399896901e-02
4.560034996505794164e-02
4.515360546976679434e-02
4.566472386271898387e-02
4.530160955250752547e-02
4.539158252834811502e-02
4.467515491234877456e-02
4.396189360423823078e-02
3.836304743335694489e-02
3.767569245612886059e-02
3.699091404946851236e-02
3.905303773921753319e-02
3.974572380802321447e-02
4.044116716049067639e-02
4.113942977063502621e-02
4.184057344618669072e-02
4.254465921546645574e-02
3.632576139711430480e-02
4.325174672065541098e-02
3.568081197047059949e-02
3.503503501671552389e-02
3.435277397201604715e-02
4.772834482736084544e-02
4.698512922816247550e-02
4.806914162411112662e-02
4.834940487409351839e-02
4.863547256368497274e-02
4.757806384121936877e-02
4.810512523572126053e-02
4.842120322959127948e-02
4.808503142164560762e-02
4.624909001529662472e-02
4.551778180858000178e-02
4.472900789566434249e-02
4.524006153654414053e-02
4.508932981056170547e-02
4.442818151176473884e-02
4.493943059555644687e-02
4.479040738410562661e-02
4.488061845903850572e-02
4.401100182032265801e-02
4.416424416392986801e-02
4.452201472111837893e-02
4.329646930962786217e-02
4.345117634457374561e-02
4.380730024819302210e-02
3.769804533549157843e-02
3.820265562592026209e-02
3.785862096586189995e-02
3.701294948373676924e-02
3.717308390679396196e-02
3.751574986579502696e-02
3.633450483713143025e-02
3.649214416699320118e-02
3.683347423499153811e-02
3.838699432716398408e-02
3.889282146662496192e-02
3.854738653819090449e-02
3.907891204102049293e-02
3.958583544316913311e-02
3.923896847189334985e-02
3.977386492696644016e-02
4.028176165072754056e-02
3.993343052129059989e-02
4.047191977510962435e-02
4.063083697677626061e-02
4.098066441678444027e-02
4.117314301680621152e-02
4.133125203701031730e-02
4.168260765382623967e-02
4.187760013109668999e-02
4.238765425171167611e-02
4.203473917922475461e-02
3.565187846751673856e-02
3.615038260083269089e-02
3.582743780442061710e-02
4.258535501267879386e-02
4.309586545953083409e-02
4.274136055299788267e-02
3.504708829819017796e-02
3.552454636428501594e-02
3.520355094153876374e-02
3.445350557865383551e-02
3.490625375037015310e-02
3.458253654371611086e-02
3.378786972420635970e-02
3.424916398282486230e-02
3.389182096117764748e-02
4.714218547965418060e-02
4.724791564566258734e-02
4.762259132076045176e-02
4.635103547139097363e-02
4.685320050180513674e-02
4.648298298368186421e-02
4.782305036012446386e-02
4.760510383710624127e-02
4.559452106217740108e-02
4.573817407110204736e-02
4.610552101451860507e-02
4.486056830696279890e-02
4.500657598465902798e-02
4.537186906689125859e-02
4.457818131582193255e-02
4.413083467232010310e-02
4.427905171651530525e-02
4.464230342430269838e-02
4.436956741948218375e-02
4.365330480900908583e-02
4.294048855347627064e-02
3.804215293105221024e-02
3.735513908538626998e-02
3.667337917739014325e-02
3.599284784223700379e-02
3.873257801865101491e-02
3.942600497796482084e-02
4.012250050180931477e-02
4.082213128888834835e-02
4.152496336713754066e-02
4.223106150532618397e-02
3.534920849085117223e-02
3.475004198935815330e-02
3.412037360104187150e-02
4.674609615260257728e-02
4.597220268331879411e-02
4.716113957917030669e-02
4.761531614044849786e-02
4.736893972458239982e-02
4.653030533708601979e-02
4.705429139108703585e-02
4.715101403401485841e-02
4.522701455591288111e-02
4.449516736781465587e-02
4.370662231968407835e-02
4.406692206297909559e-02
4.421785560285868694e-02
4.340533167739123177e-02
4.391680931858772674e-02
4.376756014036136538e-02
4.385844716626507989e-02
4.298887493727097941e-02
4.314235493959960727e-02
4.349994908750443035e-02
4.227488344672992310e-02
4.278565747481634374e-02
4.242984899031936041e-02
3.737644428080455494e-02
3.753728153403971396e-02
3.788150309533149657e-02
3.669021159387603204e-02
3.719388630897205866e-02
3.685165851964707778e-02
3.600701455411833146e-02
3.617087946343207350e-02
3.650971404049105362e-02
3.536109086299205062e-02
3.550662891569684315e-02
3.584751359406233850e-02
3.806616110720296292e-02
3.822657280780452499e-02
3.857234713812048715e-02
3.875900388866141549e-02
3.891891077445772118e-02
3.926627226177549501e-02
3.945519640265796046e-02
3.961444040798456356e-02
3.996342375765332688e-02
4.015481045618154304e-02
4.066387068650045844e-02
4.031323103110579648e-02
4.085791698776813918e-02
4.136768121457731762e-02
4.101535131522874439e-02
4.156458551766784026e-02
4.207492198999214505e-02
4.172086875170881448e-02
3.453125810609038865e-02
3.509114969418893754e-02
3.478938193823935543e-02
3.421976960636739784e-02
3.433680220926819959e-02
3.463315522764050247e-02
3.364084698121609651e-02
3.404698524949013178e-02
3.371460707882251162e-02
4.615612125570093399e-02
4.664930765424239734e-02
4.625267344598948949e-02
4.534080556142819352e-02
4.546701380637208773e-02
4.584607808435326587e-02
4.684559543490891820e-02
4.665841540085722411e-02
4.457195370592329647e-02
4.508336678429376160e-02
4.471568602644512835e-02
4.383731151066214138e-02
4.434903677843778785e-02
4.398357365818398451e-02
4.355556982566775176e-02
4.310746808917843148e-02
4.325595043203760842e-02
4.361921700863211765e-02
4.334727564377118675e-02
4.263141361456353196e-02
4.191927677446258271e-02
3.772089741218787734e-02
3.703293209914924888e-02
3.634822571810488595e-02
3.568369518532261281e-02
3.494566124531858775e-02
3.841216834909591538e-02
3.910667699097053474e-02
3.980457135128637886e-02
4.050592284518030745e-02
4.121080180339559140e-02
3.437543764330146245e-02
3.393005625459932090e-02
4.574766185194654999e-02
4.495579286049242868e-02
4.634202686360019974e-02
4.549359511775209058e-02
4.601196171267571411e-02
4.420402796679060581e-02
4.347182249256177633e-02
4.268398593972786564e-02
4.319532634078131206e-02
4.304414281718980245e-02
4.238213366638270141e-02
4.289376698597160281e-02
4.274424071729528152e-02
4.283607163405104418e-02
4.196673616789362710e-02
4.247779741916574148e-02
4.212049854356282597e-02
4.125352609528141340e-02
4.176416653272140012e-02
4.140879123271659634e-02
3.705409834016094167e-02
3.755991895488830501e-02
3.721526945704722172e-02
3.636801153577233492e-02
3.687199060452117649e-02
3.652915096214750384e-02
3.553162339972688183e-02
3.611051767212146435e-02
3.576940671267116872e-02
3.516854372123954381e-02
3.526488923936398762e-02
3.558752700036963562e-02
3.445323690335037881e-02
3.490697493041837463e-02
3.449235674898565307e-02
3.774004461490777784e-02
3.824933914827464282e-02
3.790306012507254491e-02
3.843492371302637683e-02
3.894490357489144294e-02
3.859687846811160616e-02
3.913740811992785784e-02
3.929617267728593988e-02
3.964598279904568701e-02
3.983893319981951509e-02
4.034832761658273259e-02
3.999669810456334823e-02
4.054428136359129742e-02
4.105436540335025142e-02
4.070088045643617536e-02
3.355524105016195746e-02
3.404265632009276926e-02
3.388747424715640028e-02
3.359822401878220788e-02
4.516780908881673495e-02
4.525376504805786460e-02
4.566208250230543997e-02
4.425956093389256385e-02
4.480034448430288141e-02
4.441504504309018442e-02
4.582451280108909564e-02
4.354795664946214950e-02
4.406006471241107059e-02
4.369209140486813442e-02
4.276730973779039463e-02
4.293689536928581296e-02
4.330239791002838540e-02
4.253265948443442357e-02
4.203919451679621194e-02
4.221020675000747291e-02
4.257338576850922679e-02
4.232485269029852976e-02
4.160963096719746263e-02
4.089841221777272551e-02
3.739663016433933396e-02
3.671062090635707209e-02
3.594922711005001797e-02
3.534988141279504781e-02
3.481053386850392617e-02
3.353206688884569076e-02
3.399208243860388223e-02
3.403152051913695131e-02
3.808702972302957512e-02
3.878569998235745220e-02
3.948769752814657724e-02
4.019112481065854198e-02
3.354375791758665987e-02
4.532996408963916452e-02
4.471331112413184927e-02
4.390297268918876006e-02
4.447303808569648409e-02
4.498322268778796179e-02
4.315703070067715419e-02
4.240266387433534040e-02
4.166124754798988805e-02
4.217262001487396411e-02
4.202113862155147650e-02
4.134892611920943511e-02
4.186554624216728970e-02
4.169344620435314758e-02
4.181363989724645042e-02
4.094473044153752045e-02
4.145570567575031923e-02
4.109882357459407332e-02
4.023255408116996334e-02
4.074298185003231987e-02
4.038815932846384626e-02
3.673359407084887673e-02
3.723661664342803324e-02
3.689380594431890259e-02
3.587594773339290721e-02
3.646468395035932369e-02
3.612200832472320378e-02
3.546994868096146891e-02
3.550075517389587182e-02
3.591873971764709267e-02
3.449279384942967319e-02
3.501161020047523914e-02
3.483063411847676233e-02
3.447300628783208504e-02
3.357216961138763389e-02
3.401259126296513058e-02
3.355213852359009707e-02
3.739719042008853023e-02
3.791587204564814823e-02
3.756854022099176404e-02
3.812110196724619732e-02
3.862910749053453940e-02
3.827788722368340169e-02
3.882081228204204565e-02
3.897894190823265187e-02
3.932975451569080405e-02
3.952460321146830657e-02
4.003435383596496561e-02
3.968155532691639009e-02
4.482038321522264362e-02
4.436521610117227787e-02
4.325821799310835408e-02
4.340273950506248757e-02
4.375890536570000572e-02
4.253419080705157784e-02
4.265018074220782579e-02
4.304116751368720906e-02
4.157929862493111445e-02
4.217339868067501024e-02
4.180868191251375238e-02
4.150469200069754894e-02
4.097526489805622396e-02
4.116174841119544375e-02
4.150723476817722024e-02
4.130244572836983680e-02
4.058810793665542510e-02
3.987805373807481318e-02
3.706492439672362527e-02
3.630414685950987541e-02
3.567264918917530808e-02
3.464294530275289358e-02
3.505604373723360256e-02
3.508720194900048772e-02
3.456776007839715281e-02
3.403193253599816337e-02
3.775863554685993106e-02
3.847045243931886127e-02
3.917219282362875699e-02
4.347376631125752372e-02
4.397320228261132613e-02
4.386653786028820584e-02
4.336539095963089230e-02
4.289583812949915309e-02
4.205620415012700092e-02
4.127638482417211874e-02
4.064707051036243329e-02
4.099737385823011560e-02
4.115413565766567333e-02
4.028901756728128780e-02
4.081892815638469424e-02
4.063145357645888550e-02
4.079558010639408594e-02
3.994358061764017448e-02
4.008777799151479193e-02
4.044410538572527913e-02
3.921972706427553218e-02
3.937190961931379130e-02
3.972606395506520643e-02
3.632930956837102793e-02
3.653140901388646916e-02
3.686298784595124639e-02
3.586153070733071740e-02
3.586860192702610167e-02
3.629739405838867949e-02
3.482499763974016005e-02
3.534992679010766359e-02
3.514746047641089527e-02
3.473380639436584455e-02
3.367620945996535609e-02
3.415901567118500431e-02
3.408444089365969543e-02
3.362412150477879502e-02
3.690681482983539097e-02
3.751372135016559778e-02
3.715190874789142672e-02
3.782243417697862820e-02
3.797160685007749947e-02
3.832148451475137635e-02
3.853636581648132997e-02
3.867838199108889624e-02
3.903037869615023220e-02
4.250082342339930874e-02
4.298698668397885753e-02
4.287956634032036307e-02
4.251690774272569306e-02
4.155912684252806300e-02
4.204673319521486791e-02
4.156848900366642841e-02
4.056483506226253588e-02
4.076989211942479152e-02
4.107181368353243073e-02
4.046774761569495171e-02
3.996896179915600950e-02
4.012870404170262861e-02
4.047204941239580800e-02
4.029476680696262442e-02
3.958110203282824702e-02
3.887748593574424233e-02
3.661752374882366184e-02
3.609509323865726926e-02
3.499963799632482830e-02
3.543773488587394910e-02
3.543018105908351395e-02
3.491211289448745148e-02
3.384463832077555523e-02
3.433429647916676902e-02
3.424375386848316216e-02
3.376026544176852912e-02
3.736398452615892485e-02
3.817884604327274889e-02
4.202956842456313097e-02
4.065339315283721111e-02
4.110576600485386228e-02
4.111638384411475666e-02
4.060868098282104793e-02
4.026642358388661525e-02
3.958666764093409646e-02
4.011680826090852081e-02
3.993725067884659058e-02
3.923661284508210556e-02
3.960214568421874248e-02
3.976274272271851373e-02
3.976486059750249102e-02
3.892767801234495867e-02
3.907344184650054369e-02
3.943555327455031817e-02
3.824430553290599638e-02
3.839010436930308939e-02
3.873191202652937620e-02
3.576466492520317259e-02
3.633529614231486432e-02
3.604696036247567736e-02
3.532729348351092841e-02
3.559440610161651586e-02
3.582798751386399860e-02
3.516306484127649373e-02
3.407767149507510279e-02
3.453822647126068845e-02
3.445132235463416875e-02
3.396090496417245030e-02
3.699312184110025575e-02
3.694966769559161757e-02
3.740769169313175324e-02
3.759473532894141296e-02
3.770839449581361857e-02
3.806541969995131530e-02
3.978807576495604209e-02
4.022016493860089414e-02
4.017646221980934046e-02
3.987818609155101973e-02
3.941139559703129430e-02
3.896731441420802494e-02
3.946809890279526917e-02
3.910163170848707931e-02
3.925663819988367553e-02
3.858540793906358596e-02
3.791893048273759642e-02
3.613105413536493032e-02
3.594743104905624015e-02
3.651889313506791190e-02
3.554560855824277776e-02
3.437526255973814143e-02
3.485080976841524458e-02
3.468744930965884238e-02
3.422612611742963801e-02
3.729351074141101091e-02
3.656181242191094971e-02
3.937706797139196857e-02
3.854566821767455714e-02
3.906607447253913901e-02
3.889055931028432417e-02
3.819489322263131675e-02
3.858043919355970408e-02
3.871568288620150927e-02
3.873646588769665000e-02
3.786150356360407782e-02
3.805272133844359028e-02
3.839444228247859692e-02
3.723932757724255499e-02
3.774163547425073845e-02
3.741687251558795113e-02
3.516246567706366594e-02
3.564644830246940094e-02
3.546352454760126616e-02
3.473707695031802434e-02
3.525047439912582653e-02
3.503217112110949133e-02
3.455574659241014701e-02
3.664965777729848467e-02
3.682127501962706440e-02
3.712205715419814728e-02
3.638970157334586036e-02
3.837001603260383614e-02
3.820297668722136275e-02
3.754980165266909309e-02
3.694402325576472829e-02
3.494927078815989602e-02
3.565043243783933696e-02
3.589066163191479558e-02
3.540588130176716697e-02
3.614969584442939698e-02
3.747421232180436074e-02
3.783387054692882723e-02
3.800980835831599403e-02
3.766764596275656157e-02
3.680826133598420757e-02
3.733469595425722987e-02
3.702362534657087367e-02
3.619961443976377202e-02
3.671923872028564489e-02
3.642455997932996653e-02
3.592440275706746539e-02
3.714055633751146140e-02
3.650327860707267003e-02
